#Type:X;CI:2;ww:0;ca:0;co:1;fr:0;Type:X;CI:2;PI:0;PT:EP;U0:0;U1:0;Type:X;CI:2;PI:1;PT:EP;U0:0;U1:0;
#time  Pp  gt  gs  cn  cm  cb  Nc  Pc  cp  Tc  Nm  pr  ps  pt  px  pd  Pm  Om  fs  ft  Oc  Em  Gp  Ec  Ge  ot  os  Total_cycles_diff  Successful_get_diff  Total_get_diff  succ_put_diff  total_put_diff  get_hit  
1439608857  0  0  0  0  0  0  0  0  0  1440308  0  0  0  0  0  0  0  0  0  21  0  0  0  0  0  46  0  1440308  0  0  0  0  
1439608867  0  0  0  0  0  0  0  0  0  1442044  0  0  0  0  0  0  0  0  0  21  0  0  0  0  0  46  0  1736  0  0  0  0  0 
1439608877  0  184  183  13  5  6958538  198  2938  2929  240905128  232  0  3388  3393  5  0  3388  350  0  99  209  3388  0  2938  183  6337  107  239463084  183  184  3388  3393  99.4565217391  
1439608887  0  185  184  13  5  6957862  198  2937  2928  244525042  232  0  3388  3393  5  0  3388  350  0  99  208  3388  0  2937  184  8714  107  3619914  1  1  0  0  99.4594594595  
1439608897  0  185  184  13  5  6957862  198  2937  2928  246549506  232  0  3388  3393  5  0  3388  350  0  99  208  3388  0  2937  184  9836  107  2024464  0  0  0  0  99.4594594595  
1439608907  0  541  329  13  5  6584363  190  2792  2786  261980054  232  0  3388  3393  5  0  3388  350  0  99  203  3388  0  2792  329  10709  107  15430548  145  356  0  0  60.8133086876  
1439608917  0  541  329  13  5  6584363  190  2792  2786  261980054  232  0  3388  3393  5  0  3388  350  0  99  203  3388  0  2792  329  10709  107  0  0  0  0  0  60.8133086876  
1439608927  0  541  329  13  5  6584363  190  2792  2786  261980054  232  0  3388  3393  5  0  3388  350  0  99  203  3388  0  2792  329  10709  107  0  0  0  0  0  60.8133086876  
1439608937  0  541  329  37  19  7616803  220  3206  3176  341973023  232  0  3802  3821  19  0  3388  350  0  789  229  3388  0  3206  329  10709  107  79992969  0  0  414  428  60.8133086876  
1439608947  0  541  329  37  19  6899014  185  2887  2857  357696016  232  0  3802  3821  19  0  3388  350  0  15654  182  3388  0  2887  329  10809  154  15722993  0  0  0  0  60.8133086876  
1439608957  0  541  329  37  19  6097469  157  2533  2503  374239744  232  0  3805  3824  19  0  3388  350  0  30613  139  3388  0  2533  329  10902  199  16543728  0  0  3  3  60.8133086876  
1439608967  0  541  329  37  19  4547356  113  1881  1851  404973919  232  0  3831  3850  19  0  3388  350  0  55232  77  3388  0  1881  329  11086  272  30734175  0  0  26  26  60.8133086876  
1439608977  0  541  329  39  20  6313806  112  2600  2568  506166915  232  0  4568  4588  20  0  3388  350  0  72342  78  3388  0  2600  329  11846  276  101192996  0  0  737  738  60.8133086876  
1439608987  0  619  333  42  20  6347315  108  2602  2567  538447942  232  0  4604  4624  20  0  3388  350  0  91475  65  3388  0  2602  333  12836  288  32281027  4  78  36  36  53.7964458805  
1439608997  0  636  333  42  20  6312514  106  2583  2548  553751492  232  0  4604  4624  20  0  3388  350  0  116284  58  3388  0  2583  333  13523  295  15303550  0  17  0  0  52.358490566  
1439609007  0  636  333  42  20  6325873  110  2594  2559  585353535  232  0  4615  4635  20  0  3388  350  0  150631  59  3388  0  2594  333  14957  295  31602043  0  0  11  11  52.358490566  
1439609017  0  912  492  42  20  5906068  112  2442  2407  606880696  232  0  4622  4642  20  0  3388  350  0  184782  60  3388  0  2442  492  16186  295  21527161  159  276  7  7  53.9473684211  
1439609027  0  2622  538  42  20  5813527  113  2425  2390  619187444  232  0  4651  4671  20  0  3388  350  0  211958  56  3388  0  2425  538  17603  295  12306748  46  1710  29  29  20.5186880244  
1439609037  0  11733  538  42  20  5826722  131  2750  2715  649444215  232  0  4978  4998  20  0  3388  350  0  220530  71  3388  0  2750  538  18056  297  30256771  0  9111  327  327  4.58535753857  
1439609047  0  21211  540  42  20  5882926  209  4048  4013  706641378  232  0  6278  6298  20  0  4048  350  0  228875  148  4048  0  4048  540  18469  297  57197163  2  9478  1300  1300  2.54584885201  
1439609057  0  31262  541  42  20  5947063  309  5621  5586  772394940  309  0  7852  7872  20  0  5621  350  0  236896  240  5621  0  5621  541  18862  297  65753562  1  10051  1574  1574  1.73053547438  
1439609067  0  38392  541  42  20  6007780  367  6590  6555  816933970  367  0  8821  8841  20  0  6590  350  0  243386  294  6590  0  6590  541  18862  297  44539030  0  7130  969  969  1.40914773911  
1439609077  0  48453  541  42  20  6138574  450  8133  8098  883470467  450  0  10364  10384  20  0  8133  372  0  251630  372  8133  0  8133  541  19239  297  66536497  0  10061  1543  1543  1.11654593111  
1439609087  0  56357  541  42  20  6208132  526  9376  9341  937133324  526  0  11607  11627  20  0  9376  445  0  257836  445  9376  0  9376  541  19609  297  53662857  0  7904  1243  1243  0.959951736253  
1439609097  0  73703  541  42  22  7157070  1110  21578  21543  1280366043  1110  0  23809  23831  22  0  21578  976  0  262971  976  21578  0  21578  541  19978  297  343232719  0  17346  12202  12204  0.734027108802  
1439609107  0  93417  541  42  22  7981169  1977  41475  41440  1859433638  1977  0  43706  43728  22  0  41475  1784  0  263072  1784  41475  0  41475  541  20635  297  579067595  0  19714  19897  19897  0.579123714099  
1439609117  0  102066  543  42  22  8337071  2345  50038  50003  2082681510  2345  0  52271  52293  22  0  50038  2107  0  263109  2107  50038  0  50038  543  20901  297  223247872  2  8649  8565  8565  0.532008700253  
1439609127  0  113315  543  42  22  8812789  2834  61536  61501  2395315646  2834  0  63769  63791  22  0  61536  2563  0  263163  2563  61536  0  61536  543  21163  297  312634136  0  11249  11498  11498  0.479195163924  
1439609137  0  133495  611  42  22  9654999  3705  81736  81701  2962918187  3705  0  84037  84059  22  0  81736  3366  0  263283  3366  81736  0  81736  611  21687  297  567602541  68  20180  20268  20268  0.457695044758  
1439609147  0  139341  628  42  22  9649237  3733  82598  82563  3128700124  3795  0  89661  89683  22  0  83720  3449  0  263311  3382  83720  0  82598  628  21910  497  165781937  17  5846  5624  5624  0.450692904457  
1439609157  0  143623  679  42  22  9707916  3943  87196  87161  3250633048  3943  0  94310  94332  22  0  87196  3574  0  263336  3574  87196  0  87196  679  21910  497  121932924  51  4282  4649  4649  0.472765504132  
1439609167  0  160488  703  42  22  10121877  4387  98504  98469  3724172131  4387  0  111122  111144  22  0  98504  3971  0  263421  3971  98504  0  98504  703  22357  742  473539083  24  16865  16812  16812  0.438038981108  
1439609177  0  166962  703  42  22  10175211  4437  99923  99888  3931387610  4460  0  117782  117804  22  0  99923  4040  0  263462  4012  99923  0  99923  703  22584  955  207215479  0  6474  6660  6660  0.421053892502  
1439609187  0  172158  703  42  22  9866710  4103  92540  92505  4072898433  4589  0  122806  122828  22  0  103555  4142  0  263478  3712  103555  0  92540  703  23104  1444  141510823  0  5196  5024  5024  0.408345821861  
1439609197  0  180295  703  42  22  9988702  4253  95150  95115  4310955130  4589  0  131002  131024  22  0  103555  4142  0  263520  3854  103555  0  95150  703  23319  1648  238056697  0  8137  8196  8196  0.389916525694  
1439609207  0  193556  733  42  22  10212955  4534  100960  100925  4705198023  4632  0  144519  144541  22  0  103555  4188  0  263600  4119  103555  0  100960  733  23629  1941  394242893  30  13261  13517  13517  0.378701771064  
1439609217  0  210985  733  42  22  10340166  4481  100446  100411  5231758153  4681  0  161632  161654  22  0  104700  4245  0  263695  4050  104700  0  100446  733  24406  2686  526560130  0  17429  17113  17113  0.347418062895  
1439609227  0  222506  733  42  22  10578570  4715  106229  106194  5580549219  4715  0  173487  173509  22  0  106229  4267  0  263746  4267  106229  0  106229  733  24669  2934  348791066  0  11521  11855  11855  0.32942931876  
1439609237  0  246532  736  42  22  10496120  4636  103587  103552  6313301618  4838  0  197424  197446  22  0  109115  4370  0  263907  4191  109115  0  103587  736  25738  3954  732752399  3  24026  23937  23937  0.298541365827  
1439609247  0  271781  769  42  22  10798877  4927  110814  110779  7090158983  5000  0  222804  222826  22  0  112243  4514  0  264071  4453  112243  0  110814  769  26522  4694  776857365  33  25249  25380  25380  0.28294840331  
1439609257  0  286469  774  42  22  10734603  4847  108597  108562  7559181459  5182  0  237645  237667  22  0  116153  4709  0  264133  4400  116153  0  108597  774  27212  5348  469022476  5  14688  14841  14841  0.270186302881  
1439609267  0  291805  774  42  22  10954556  5062  114032  113997  7702993300  5182  0  243080  243102  22  0  116153  4709  0  264189  4595  116153  0  114032  774  27212  5348  143811841  0  5336  5435  5435  0.26524562636  
1439609277  0  301206  774  42  22  11009308  5107  115521  115486  7954878031  5182  0  252401  252423  22  0  116153  4709  0  264284  4647  116153  0  115521  774  27536  5658  251884731  0  9401  9321  9321  0.256966992689  
1439609287  0  317266  779  42  22  11145385  5246  118655  118620  8400006775  5246  0  268694  268716  22  0  118763  4759  0  264364  4759  118763  0  118655  779  28086  6174  445128744  5  16060  16293  16293  0.245535292152  
1439609297  0  327346  779  42  22  11281840  5399  121814  121779  8704372082  5399  0  278843  278865  22  0  121814  4905  0  264402  4905  121814  0  121814  779  28377  6452  304365307  0  10080  10149  10149  0.237974497932  
1439609307  0  331807  779  42  22  11063942  5164  116460  116425  8845169694  5414  0  282959  282981  22  0  122206  4920  0  264435  4696  122206  0  116460  779  28766  6824  140797612  0  4461  4116  4116  0.234775034885  
1439609317  0  340898  779  42  22  11058284  5151  116391  116356  9127483455  5414  0  292406  292428  22  0  122206  4920  0  264487  4689  122206  0  116391  779  29152  7190  282313761  0  9091  9447  9447  0.228514100992  
1439609327  0  350929  779  42  22  11192732  5296  119519  119484  9391031283  5414  0  302466  302488  22  0  122206  4920  0  264548  4821  122206  0  119519  779  29421  7447  263547828  0  10031  10060  10060  0.221982224325  
1439609337  0  365310  779  42  22  11071040  5167  116407  116372  9784554468  5457  0  316696  316718  22  0  123415  4967  0  264631  4701  123415  0  116407  779  30142  8131  393523185  0  14381  14230  14230  0.213243546577  
1439609347  0  369344  779  42  22  11243346  5361  120487  120452  9889814285  5457  0  320776  320798  22  0  123415  4967  0  264678  4875  123415  0  120487  779  30142  8131  105259817  0  4034  4080  4080  0.210914486224  
1439609357  0  373516  796  42  22  11020546  5154  115449  115414  10024114272  5457  0  324868  324890  22  0  123415  4967  0  264702  4682  123415  0  115449  796  30529  8496  134299987  17  4172  4092  4092  0.213110014029  
1439609367  0  387286  834  42  22  11233870  5374  120373  120338  10422229921  5457  0  338764  338786  22  0  123415  4967  0  264784  4872  123415  0  120373  834  30910  8855  398115649  38  13770  13896  13896  0.215344732317  
1439609377  0  395308  834  42  22  11277019  5408  121096  121061  10659122907  5457  0  346555  346577  22  0  123415  4967  0  264854  4912  123415  0  121096  834  31196  9129  236892986  0  8022  7791  7791  0.210974733625  
1439609387  0  416699  881  42  22  11076045  5260  117317  117282  11298814387  5586  0  368148  368170  22  0  124739  5069  0  264953  4782  124739  0  117317  881  32202  10093  639691480  47  21391  21593  21593  0.211423593529  
1439609397  0  424897  881  42  22  11123360  5286  118881  118846  11530708971  5586  0  376604  376626  22  0  124739  5069  0  264975  4798  124739  0  118881  881  32496  10376  231894584  0  8198  8456  8456  0.207344368165  
1439609407  0  439365  881  42  22  11160899  5314  119905  119870  11906737689  5602  0  390855  390877  22  0  126099  5075  0  265058  4805  126099  0  119905  881  33096  10937  376028718  0  14468  14251  14251  0.200516654718  
1439609417  0  463491  884  42  22  11132569  5278  118883  118848  12632585460  5635  0  415004  415026  22  0  127374  5108  0  265209  4803  127374  0  118883  884  34123  11904  725847771  3  24126  24149  24149  0.190726465023  
1439609427  0  475662  884  42  22  11338855  5462  123997  123962  12990165618  5635  0  427403  427425  22  0  127374  5108  0  265281  4960  127374  0  123997  884  34444  12210  357580158  0  12171  12399  12399  0.185846252171  
1439609437  0  494636  903  42  22  11422838  5565  126797  126762  13570358547  5635  0  446550  446572  22  0  127374  5108  0  265357  5051  127374  0  126797  903  35147  12885  580192929  19  18974  19147  19147  0.182558487453  
1439609447  0  512106  926  42  22  11191497  5316  121181  121146  14088631408  5635  0  463742  463764  22  0  128870  5108  0  265481  4806  128870  0  121181  926  36107  13801  518272861  23  17470  17192  17192  0.180821939208  
1439609457  0  522636  926  42  22  11230638  5354  122088  122053  14397736685  5635  0  474472  474494  22  0  128870  5108  0  265530  4854  128870  0  122088  926  36513  14182  309105277  0  10530  10730  10730  0.17717876304  
1439609467  0  538347  945  42  22  11250746  5360  121124  121089  14873520865  5635  0  490304  490326  22  0  128870  5108  0  265604  4877  128870  0  121124  945  37165  14795  475784180  19  15711  15832  15832  0.1755373393  
1439609477  0  544776  948  42  22  11215761  5311  120597  120562  15065574199  5635  0  496780  496802  22  0  128870  5108  0  265623  4833  128870  0  120597  948  37476  15090  192053334  3  6429  6476  6476  0.174016476497  
1439609487  0  550749  948  42  22  11453222  5556  126625  126590  15238224581  5635  0  502808  502830  22  0  128870  5108  0  265708  5047  128870  0  126625  948  37476  15090  172650382  0  5973  6028  6028  0.172129227652  
1439609497  0  556334  948  42  22  11374790  5465  124907  124872  15407312557  5635  0  508160  508182  22  0  128870  5108  0  265729  4960  128870  0  124907  948  37784  15381  169087976  0  5585  5352  5352  0.170401233791  
1439609507  0  562185  948  42  22  11280154  5361  122688  122653  15576973471  5635  0  514274  514296  22  0  128870  5108  0  265737  4867  128870  0  122688  948  38117  15695  169660914  0  5851  6114  6114  0.168627764882  
1439609518  0  584665  948  42  22  11189526  5300  120118  120083  16250352913  5635  0  536831  536853  22  0  128870  5108  0  265882  4824  128870  0  120118  948  39163  16696  673379442  0  22480  22557  22557  0.16214413382  
1439609528  0  590999  948  42  22  11453013  5574  126496  126461  16445107586  5635  0  543209  543231  22  0  128870  5108  0  265912  5076  128870  0  126496  948  39163  16696  194754673  0  6334  6378  6378  0.160406362786  
1439609538  0  606948  948  42  22  11468507  5574  126527  126492  16923778222  5635  0  559055  559077  22  0  128870  5108  0  265998  5062  128870  0  126527  948  39808  17309  478670636  0  15949  15846  15846  0.156191304692  
1439609548  0  617824  948  42  22  11267237  5378  121341  121306  17248402278  5635  0  569932  569954  22  0  128870  5108  0  266084  4891  128870  0  121341  948  40460  17922  324624056  0  10876  10877  10877  0.153441756876  
1439609558  0  625261  948  42  22  11219584  5345  120140  120105  17441977427  5635  0  577151  577173  22  0  128870  5111  0  266124  4848  128870  0  120140  948  40819  18268  193575149  0  7437  7219  7219  0.151616684872  
1439609568  0  644044  1017  42  22  11252849  5420  122024  121989  17991465467  5635  0  596194  596216  22  0  128870  5111  0  266210  4913  128870  0  122024  1017  41551  18958  549488040  69  18783  19043  19043  0.157908465881  
1439609578  0  664979  1017  42  22  11123886  5289  118063  118028  18611050278  5635  0  617271  617293  22  0  128870  5111  0  266331  4827  128870  0  118063  1017  42517  19885  619584811  0  20935  21077  21077  0.152937160422  
1439609588  0  677594  1036  42  22  11287113  5490  122784  122749  18973971514  5635  0  629877  629899  22  0  128870  5116  0  266409  4991  128870  0  122784  1036  42856  20209  362921236  19  12615  12606  12606  0.152893915826  
1439609598  0  682889  1036  42  22  11080422  5256  118054  118019  19126562162  5635  0  635092  635114  22  0  128870  5116  0  266435  4770  128870  0  118054  1036  43299  20628  152590648  0  5295  5215  5215  0.151708403562  
1439609608  0  690878  1036  42  22  11136048  5326  119225  119190  19347123968  5635  0  642909  642931  22  0  128870  5116  0  266477  4827  128870  0  119225  1036  43573  20885  220561806  0  7989  7817  7817  0.149954116356  
1439609618  0  703630  1044  42  22  11354995  5562  124542  124507  19757833160  5635  0  655938  655960  22  0  128870  5116  0  266556  5037  128870  0  124542  1044  43903  21197  410709192  8  12752  13029  13029  0.148373434902  
1439609628  0  713629  1055  42  22  11432568  5645  126868  126833  20055854821  5645  0  665944  665966  22  0  128870  5116  0  266594  5109  128870  0  126868  1055  44233  21510  298021661  11  9999  10006  10006  0.147835920345  
1439609638  0  720637  1055  42  22  11417706  5639  126324  126289  20236735025  5650  0  673034  673056  22  0  128870  5116  0  266624  5115  128870  0  126324  1055  44539  21797  180880204  0  7008  7090  7090  0.146398255987  
1439609648  0  737946  1060  42  22  11150895  5314  120269  120234  20778530419  5678  0  690348  690370  22  0  128870  5152  0  266712  4811  128870  0  120269  1060  45560  22770  541795394  5  17309  17314  17314  0.143641946701  
1439609658  0  747718  1060  42  22  11178466  5312  120784  120749  21063987852  5678  0  699894  699916  22  0  128870  5152  0  266779  4812  128870  0  120784  1060  45935  23129  285457433  0  9772  9546  9546  0.141764675987  
1439609668  0  770989  1083  42  22  11171726  5282  120189  120154  21774507602  5678  0  723461  723483  22  0  128870  5152  0  266898  4778  128870  0  120189  1083  46919  24064  710519750  23  23271  23567  23567  0.140468930166  
1439609678  0  789291  1092  42  22  11297314  5419  123157  123122  22332764669  5678  0  741897  741919  22  0  128870  5152  0  266965  4921  128870  0  123157  1092  47556  24665  558257067  9  18302  18436  18436  0.138352014656  
1439609688  0  799259  1092  42  22  11272193  5368  122345  122310  22615918164  5678  0  751864  751886  22  0  128870  5152  0  267085  4882  128870  0  122345  1092  47998  25082  283153495  0  9968  9967  9967  0.136626550342  
1439609698  0  807348  1092  42  22  11323331  5410  123870  123835  22828702359  5678  0  759934  759956  22  0  128870  5152  0  267119  4916  128870  0  123870  1092  48281  25351  212784195  0  8089  8070  8070  0.135257658408  
1439609708  0  822870  1092  42  22  11301486  5414  123133  123098  23311235087  5678  0  775567  775589  22  0  128870  5152  0  267197  4912  128870  0  123133  1092  48947  25983  482532728  0  15522  15633  15633  0.132706259798  
1439609718  0  839035  1092  42  22  11387513  5497  124724  124689  23752727540  5678  0  791589  791611  22  0  128870  5152  0  267278  5000  128870  0  124724  1092  49558  26566  441492453  0  16165  16022  16022  0.130149517005  
1439609728  0  848267  1092  42  22  11441816  5552  126061  126026  24030076435  5678  0  801010  801032  22  0  128870  5152  0  267405  5051  128870  0  126061  1092  49888  26878  277348895  0  9232  9421  9421  0.128733052211  
1439609738  0  857066  1092  42  22  11444145  5543  126128  126093  24288590471  5678  0  809770  809792  22  0  128870  5152  0  267435  5041  128870  0  126128  1092  50264  27232  258514036  0  8799  8760  8760  0.127411424558  
1439609748  0  873588  1094  42  22  11423515  5575  125203  125168  24766238000  5678  0  826075  826097  22  0  128870  5152  0  267518  5075  128870  0  125203  1094  50959  27891  477647529  2  16522  16305  16305  0.12523065793  
1439609758  0  883651  1110  42  22  11238256  5387  120024  119989  25070875662  5678  0  836436  836458  22  0  128870  5161  0  267608  4896  128870  0  120024  1110  51593  28495  304637662  16  10063  10361  10361  0.125615203287  
1439609768  0  891571  1159  42  22  11210511  5415  120782  120747  25314380750  5705  0  844418  844440  22  0  128870  5180  0  267639  4910  128870  0  120782  1159  51907  28790  243505088  49  7920  7982  7982  0.129995255566  
1439609778  0  898490  1159  42  22  11503800  5718  127705  127670  25501003762  5718  0  851341  851363  22  0  128870  5190  0  267668  5190  128870  0  127705  1159  51907  28790  186623012  0  6919  6923  6923  0.128994201382  
1439609788  0  923859  1164  42  22  11454321  5618  126460  126425  26298478364  5759  0  876805  876827  22  0  128870  5234  0  267770  5107  128870  0  126460  1164  52986  29823  797474602  5  25369  25464  25464  0.125993252217  
1439609798  0  934084  1181  42  22  11171150  5339  120080  120045  26608628805  5759  0  886709  886731  22  0  128870  5234  0  267868  4851  128870  0  120080  1181  53657  30462  310150441  17  10225  9904  9904  0.126434025205  
1439609808  0  943950  1181  42  22  11306023  5483  123398  123363  26912191419  5759  0  896903  896925  22  0  128870  5234  0  267916  4971  128870  0  123398  1181  53966  30754  303562614  0  9866  10194  10194  0.125112558928  
1439609818  0  953994  1181  42  22  11398867  5585  125368  125333  27172478369  5759  0  906962  906984  22  0  128870  5234  0  267946  5071  128870  0  125368  1181  54291  31061  260286950  0  10044  10059  10059  0.123795327853  
1439609828  0  971206  1197  42  22  11419560  5610  126544  126509  27696271278  5759  0  924173  924195  22  0  128923  5234  0  268051  5086  128923  0  126544  1197  54985  31718  523792909  16  17212  17211  17211  0.123248826716  
1439609838  0  982788  1198  42  22  11216898  5406  121364  121329  28048846276  5759  0  935578  935600  22  0  128923  5234  0  268108  4910  128923  0  121364  1198  55673  32366  352574998  1  11582  11405  11405  0.121898110274  
1439609848  0  1005229  1203  42  22  11594074  5755  129615  129580  28708929268  5771  0  958102  958124  22  0  130216  5234  0  268260  5217  130216  0  129615  1203  56291  32960  660082992  5  22441  22524  22524  0.119674223485  
1439609858  0  1017919  1226  42  22  11438869  5599  126419  126384  29102250447  5806  0  971040  971062  22  0  131235  5260  0  268306  5072  131235  0  126419  1226  56949  33586  393321179  23  12690  12938  12938  0.120441803326  
1439609868  0  1028951  1231  42  22  11443603  5585  126761  126726  29396123745  5806  0  981823  981845  22  0  131235  5260  0  268414  5061  131235  0  126761  1231  57413  34025  293873298  5  11032  10783  10783  0.119636406398  
1439609878  0  1044764  1235  42  22  11450059  5600  126852  126817  29889977316  5806  0  997993  998015  22  0  131235  5260  0  268521  5084  131235  0  126852  1235  58042  34616  493853571  4  15813  16170  16170  0.118208514076  
1439609888  0  1058495  1235  42  22  11417426  5533  125906  125871  30327805102  5806  0  1011775  1011797  22  0  131235  5260  0  268584  5036  131235  0  125906  1235  58653  35195  437827786  0  13731  13782  13782  0.116675090577  
1439609898  0  1073217  1235  42  22  11358114  5464  124820  124785  30718563675  5806  0  1026323  1026345  22  0  131235  5260  0  268694  4965  131235  0  124820  1235  59304  35821  390758573  0  14722  14548  14548  0.115074584171  
1439609908  0  1101107  1235  42  22  11499019  5618  127473  127438  31570035669  5806  0  1054456  1054478  22  0  131485  5260  0  268849  5116  131485  0  127473  1235  60364  36825  851471994  0  27890  28133  28133  0.112159853675  
1439609918  0  1132505  1245  42  22  11548818  5715  128546  128511  32527382785  5869  0  1085703  1085725  22  0  132292  5344  0  268977  5205  132292  0  128546  1245  61612  38008  957347116  10  31398  31247  31247  0.109933289478  
