#Type:X;CI:4;ww:0;ca:0;co:1;fr:0;Type:X;CI:4;PI:0;PT:EP;U0:0;U1:0;Type:X;CI:4;PI:1;PT:EP;U0:0;U1:0;
#time  Pp  gt  gs  cn  cm  cb  Nc  Pc  cp  Tc  Nm  pr  ps  pt  px  pd  Pm  Om  fs  ft  Oc  Em  Gp  Ec  Ge  ot  os  Total_cycles_diff  Successful_get_diff  Total_get_diff  succ_put_diff  total_put_diff  get_hit  
1439608857  0  0  0  0  0  0  0  0  0  4088206  0  0  0  0  0  0  0  0  0  21  0  0  0  0  0  46  0  4088206  0  0  0  0  
1439608867  0  0  0  0  0  0  0  0  0  4089830  0  0  0  0  0  0  0  0  0  21  0  0  0  0  0  46  0  1624  0  0  0  0  0 
1439608877  0  184  183  13  5  6821153  196  2879  2870  259789221  232  0  3403  3408  5  0  3403  350  0  100  204  3403  0  2879  183  9251  112  255699391  183  184  3403  3408  99.4565217391  
1439608887  0  540  328  13  5  6447654  188  2734  2728  274307200  232  0  3403  3408  5  0  3403  350  0  100  199  3403  0  2734  328  10716  112  14517979  145  356  0  0  60.7407407407  
1439608897  0  541  329  13  5  6446978  188  2733  2727  274341461  232  0  3403  3408  5  0  3403  350  0  100  198  3403  0  2733  329  10716  112  34261  1  1  0  0  60.8133086876  
1439608907  0  541  329  37  19  6617785  178  2766  2736  361400979  232  0  3814  3833  19  0  3403  350  0  8439  172  3403  0  2766  329  10814  163  87059518  0  0  411  425  60.8133086876  
1439608917  0  541  329  37  19  5606709  141  2316  2286  390378736  232  0  3818  3837  19  0  3403  350  0  39046  108  3403  0  2316  329  10948  230  28977757  0  0  4  4  60.8133086876  
1439608927  0  541  329  37  19  4582930  112  1893  1863  415349585  232  0  3844  3863  19  0  3403  350  0  59240  76  3403  0  1893  329  11432  273  24970849  0  0  26  26  60.8133086876  
1439608937  0  566  329  42  20  6383285  109  2615  2580  490088447  232  0  4613  4633  20  0  3403  350  0  85140  66  3403  0  2615  329  12851  288  74738862  0  25  769  770  58.1272084806  
1439608947  0  630  329  42  20  6383285  109  2615  2580  503618001  232  0  4613  4633  20  0  3403  350  0  99408  66  3403  0  2615  329  13024  288  13529554  0  64  0  0  52.2222222222  
1439608957  0  630  329  42  20  6373381  108  2606  2571  522984988  232  0  4617  4637  20  0  3403  350  0  118101  59  3403  0  2606  329  13525  295  19366987  0  0  4  4  52.2222222222  
1439608967  0  630  329  42  20  6373381  108  2606  2571  539977873  232  0  4617  4637  20  0  3403  350  0  138159  59  3403  0  2606  329  14721  295  16992885  0  0  0  0  52.2222222222  
1439608977  0  666  329  42  20  6358001  107  2599  2564  566090531  232  0  4617  4637  20  0  3403  350  0  165353  58  3403  0  2599  329  15489  296  26112658  0  36  0  0  49.3993993994  
1439608987  0  906  488  42  20  5935737  109  2445  2410  592234898  232  0  4622  4642  20  0  3403  350  0  184871  59  3403  0  2445  488  16209  296  26144367  159  240  5  5  53.8631346578  
1439608997  0  1563  534  42  20  5843309  113  2473  2438  602570088  232  0  4696  4716  20  0  3403  350  0  210763  56  3403  0  2473  534  17621  296  10335190  46  657  74  74  34.1650671785  
1439609007  0  16948  536  42  20  5862341  159  2958  2923  648531973  232  0  5183  5203  20  0  3403  350  0  225160  101  3403  0  2958  536  18866  296  45961885  2  15385  487  487  3.16261505782  
1439609017  0  37648  536  42  20  5971169  276  4363  4328  677580135  276  0  6588  6608  20  0  4363  350  0  243954  210  4363  0  4363  536  19820  296  29048162  0  20700  1405  1405  1.42371440714  
1439609027  0  43879  536  42  20  6014020  306  4813  4778  702409347  306  0  7038  7058  20  0  4813  350  0  249745  235  4813  0  4813  536  20288  296  24829212  0  6231  450  450  1.22154105609  
1439609037  0  56746  536  42  20  6138503  421  6646  6611  786277034  421  0  8871  8891  20  0  6646  350  0  260652  346  6646  0  6646  536  20288  296  83867687  0  12867  1833  1833  0.944559968985  
1439609047  0  82028  536  42  22  7534661  1454  29619  29584  1503094069  1454  0  31844  31866  22  0  29619  1306  0  262907  1306  29619  0  29619  536  21060  296  716817035  0  25282  22973  22975  0.653435412298  
1439609057  0  92916  536  42  22  7988245  1923  40740  40705  1826528307  1923  0  42965  42987  22  0  40740  1740  0  262953  1740  40740  0  40740  536  21286  296  323434238  0  10888  11121  11121  0.57686512549  
1439609067  0  99312  536  42  22  8244896  2183  46865  46830  2012977012  2183  0  49090  49112  22  0  46865  1969  0  263024  1969  46865  0  46865  536  21523  296  186448705  0  6396  6125  6125  0.539713227002  
1439609077  0  116164  552  42  22  8933808  2937  64044  64009  2473111940  2937  0  66285  66307  22  0  64044  2659  0  263092  2659  64044  0  64044  552  21612  296  460134928  16  16852  17195  17195  0.47519024827  
1439609087  0  138153  603  42  22  9508171  3504  76853  76818  3128246066  3504  0  88494  88516  22  0  76853  3169  0  263195  3169  76853  0  76853  603  22256  683  655134126  51  21989  22209  22209  0.436472606458  
1439609097  0  160260  646  42  22  9718904  3748  83355  83320  3765006365  4129  0  110505  110527  22  0  91916  3741  0  263293  3394  91916  0  83355  646  22974  1324  636760299  43  22107  22011  22011  0.403094970673  
1439609107  0  177112  646  42  22  9850949  3880  86579  86544  4274389466  4129  0  127524  127546  22  0  91916  3741  0  263406  3517  91916  0  86579  646  23533  1852  509383101  0  16852  17019  17019  0.364740954876  
1439609117  0  202540  677  42  22  10375886  4460  99988  99953  5001966155  4460  0  152927  152949  22  0  99988  4045  0  263508  4045  99988  0  99988  677  24039  2334  727576689  31  25428  25403  25403  0.334254961983  
1439609127  0  216656  694  42  22  10298215  4396  99248  99213  5380912851  4517  0  167175  167197  22  0  101353  4100  0  263578  3977  101353  0  99248  694  24704  2973  378946696  17  14116  14248  14248  0.320323462078  
1439609137  0  234215  698  42  22  10282119  4385  98805  98770  5914607300  4690  0  184945  184967  22  0  105652  4252  0  263703  3968  105652  0  98805  698  25450  3682  533694449  4  17559  17770  17770  0.298016779455  
1439609147  0  266853  723  42  22  10407693  4517  101633  101598  6908863794  4808  0  217805  217827  22  0  108559  4335  0  263876  4084  108559  0  101633  723  26673  4839  994256494  25  32638  32860  32860  0.270935683691  
1439609157  0  290886  819  42  22  10425459  4675  105706  105671  7635898584  4972  0  241717  241739  22  0  112224  4521  0  264025  4251  112224  0  105706  819  27496  5616  727034790  96  24033  23912  23912  0.281553598317  
1439609167  0  304483  819  42  22  10473955  4725  107012  106977  8066434388  4972  0  255589  255611  22  0  112224  4521  0  264031  4283  112224  0  107012  819  28013  6111  430535804  0  13597  13872  13872  0.268980534217  
1439609177  0  321103  819  42  22  10653139  4896  110767  110732  8498881911  5107  0  271915  271937  22  0  115652  4642  0  264227  4457  115652  0  110767  819  28520  6590  432447523  0  16620  16326  16326  0.255058345764  
1439609187  0  332671  819  42  22  10870529  5133  115823  115788  8843505964  5233  0  283570  283592  22  0  118096  4770  0  264309  4678  118096  0  115823  819  28808  6865  344624053  0  11568  11655  11655  0.246189177896  
1439609197  0  336233  819  42  22  11029202  5299  119754  119719  8959948982  5299  0  287501  287523  22  0  119754  4826  0  264326  4826  119754  0  119754  819  28808  6865  116443018  0  3562  3931  3931  0.243581088114  
1439609207  0  343798  819  42  22  11025363  5144  115796  115761  9167326675  5308  0  294906  294928  22  0  119941  4835  0  264402  4687  119941  0  115796  819  29280  7311  207377693  0  7565  7405  7405  0.238221281101  
1439609217  0  372518  835  42  22  11000352  5155  115324  115289  9995211394  5485  0  323449  323471  22  0  122945  4997  0  264555  4694  122945  0  115324  835  30465  8436  827884719  16  28720  28543  28543  0.224150242404  
1439609227  0  390509  885  42  22  10983514  5161  114990  114955  10547567275  5485  0  341627  341649  22  0  122945  4997  0  264633  4688  122945  0  114990  885  31246  9176  552355881  50  17991  18178  18178  0.226627299243  
1439609237  0  400299  904  42  22  11170441  5376  120080  120045  10837969730  5485  0  351659  351681  22  0  122945  4997  0  264674  4882  122945  0  120080  904  31445  9366  290402455  19  9790  10032  10032  0.225831191185  
1439609247  0  411399  904  42  22  11266875  5408  121046  121011  11151019845  5541  0  362794  362816  22  0  124012  5043  0  264796  4915  124012  0  121046  904  31853  9760  313050115  0  11100  11135  11135  0.219738015892  
1439609257  0  418202  916  42  22  11119011  5252  117150  117115  11362607766  5541  0  369331  369353  22  0  124012  5043  0  264820  4791  124012  0  117150  916  32251  10140  211587921  12  6803  6537  6537  0.219032907542  
1439609267  0  431298  916  42  22  11060197  5175  116405  116370  11771698728  5541  0  382691  382713  22  0  124012  5043  0  264888  4684  124012  0  116405  916  32892  10746  409090962  0  13096  13360  13360  0.212382158044  
1439609277  0  457757  920  42  22  11043970  5141  115854  115819  12486930391  5541  0  409205  409227  22  0  124833  5043  0  265072  4657  124833  0  115854  920  34019  11808  715231663  4  26459  26514  26514  0.200979995937  
1439609287  0  472599  935  42  22  11173947  5277  119097  119062  12887360187  5541  0  424174  424196  22  0  124833  5043  0  265165  4789  124833  0  119097  935  34504  12267  400429796  15  14842  14969  14969  0.197842145244  
1439609297  0  492153  963  42  22  11330268  5410  123256  123221  13450161590  5590  0  443607  443629  22  0  127061  5068  0  265257  4899  127061  0  123256  963  35171  12906  562801403  28  19554  19433  19433  0.195670858453  
1439609307  0  510968  986  42  22  11477358  5547  126938  126903  14018505216  5590  0  462502  462524  22  0  127061  5068  0  265360  5018  127061  0  126938  986  35825  13532  568343626  23  18815  18895  18895  0.192967074259  
1439609317  0  535245  999  42  22  11089226  5159  116641  116606  14765133240  5632  0  486733  486755  22  0  128414  5093  0  265580  4695  128414  0  116641  999  37212  14845  746628024  13  24277  24231  24231  0.186643499706  
1439609327  0  546766  999  42  22  11251518  5327  120778  120743  15094069526  5632  0  498257  498279  22  0  128414  5093  0  265623  4848  128414  0  120778  999  37525  15137  328936286  0  11521  11524  11524  0.182710702567  
1439609337  0  559040  999  42  22  11458030  5526  126167  126132  15442959890  5632  0  510748  510770  22  0  128414  5093  0  265666  5016  128414  0  126167  999  37838  15434  348890364  0  12274  12491  12491  0.178699198626  
1439609347  0  581412  999  42  22  11275839  5344  121504  121469  16084905160  5632  0  532841  532863  22  0  128414  5093  0  265825  4852  128414  0  121504  999  38949  16493  641945270  0  22372  22093  22093  0.171823078987  
1439609357  0  593325  999  42  22  11192641  5256  119172  119137  16450195439  5632  0  544957  544979  22  0  128414  5093  0  265902  4780  128414  0  119172  999  39537  17050  365290279  0  11913  12116  12116  0.168373151308  
1439609367  0  617758  1071  42  22  11031829  5311  119668  119633  17137827011  5632  0  569549  569571  22  0  128414  5093  0  265992  4828  128414  0  119668  1071  40502  17965  687631572  72  24433  24592  24592  0.173368859651  
1439609377  0  641394  1124  42  22  11009472  5318  119009  118974  17844409443  5632  0  593321  593343  22  0  128414  5116  0  266090  4826  128414  0  119009  1124  41539  18948  706582432  53  23636  23772  23772  0.175243298191  
1439609387  0  652998  1124  42  22  11141911  5434  122065  122030  18175199260  5632  0  604827  604849  22  0  128414  5116  0  266195  4931  128414  0  122065  1124  41884  19277  330789817  0  11604  11506  11506  0.172129164255  
1439609397  0  661014  1145  42  22  11107244  5427  121607  121572  18386769269  5632  0  612847  612869  22  0  128414  5116  0  266240  4937  128414  0  121607  1145  42210  19592  211570009  21  8016  8020  8020  0.17321872154  
1439609407  0  673839  1166  42  22  11115014  5271  118293  118258  18761555851  5632  0  625785  625807  22  0  128414  5116  0  266287  4797  128414  0  118293  1166  42862  20218  374786582  21  12825  12938  12938  0.173038366732  
1439609417  0  686161  1166  42  22  11149984  5320  119317  119282  19125972856  5632  0  638036  638058  22  0  128414  5116  0  266385  4818  128414  0  119317  1166  43367  20692  364417005  0  12322  12251  12251  0.169930963724  
1439609427  0  702856  1182  42  22  11243058  5445  122038  122003  19613004259  5632  0  654647  654669  22  0  128414  5116  0  266486  4919  128414  0  122038  1182  43950  21241  487031403  16  16695  16611  16611  0.168171005156  
1439609437  0  709705  1182  42  22  11216853  5392  121518  121483  19816860854  5632  0  661750  661772  22  0  128414  5116  0  266506  4874  128414  0  121518  1182  44280  21551  203856595  0  6849  7103  7103  0.166548072791  
1439609447  0  717315  1182  42  22  11223434  5407  121431  121396  20029795133  5632  0  669090  669112  22  0  128414  5116  0  266538  4901  128414  0  121431  1182  44585  21839  212934279  0  7610  7340  7340  0.164781163087  
1439609457  0  722548  1191  42  22  11126603  5323  118956  118921  20182212396  5647  0  674519  674541  22  0  128414  5127  0  266608  4840  128414  0  118956  1191  44897  22135  152417263  9  5233  5429  5429  0.164833339792  
1439609467  0  733851  1194  42  22  11330558  5467  123320  123285  20527215170  5647  0  685885  685907  22  0  128414  5131  0  266667  4955  128414  0  123320  1194  45223  22450  345002774  3  11303  11366  11366  0.16270332806  
1439609477  0  743775  1194  42  22  11448725  5560  126511  126476  20826339125  5647  0  695681  695703  22  0  128414  5131  0  266712  5037  128414  0  126511  1194  45524  22736  299123955  0  9924  9796  9796  0.160532419078  
1439609487  0  763627  1219  42  22  11218607  5289  120960  120925  21466354896  5658  0  715763  715785  22  0  128969  5131  0  266838  4791  128969  0  120960  1219  46587  23747  640015771  25  19852  20082  20082  0.159632909784  
1439609497  0  781069  1232  42  22  11291975  5386  122000  121965  21992832517  5658  0  733057  733079  22  0  128969  5131  0  266913  4888  128969  0  122000  1232  47239  24360  526477621  13  17442  17294  17294  0.157732543476  
1439609507  0  803888  1232  42  22  11112272  5165  117480  117445  22655994848  5658  0  755804  755826  22  0  128969  5131  0  267057  4693  128969  0  117480  1232  48367  25435  663162331  0  22819  22747  22747  0.153255179826  
1439609518  0  830522  1232  42  22  11313551  5388  122016  121981  23418668778  5658  0  782934  782956  22  0  128969  5131  0  267152  4896  128969  0  122016  1232  49288  26314  762673930  0  26634  27130  27130  0.148340441313  
1439609528  0  848973  1232  42  22  11450604  5527  125261  125226  23933888044  5658  0  801206  801228  22  0  128969  5131  0  267371  5027  128969  0  125261  1232  49928  26915  515219266  0  18451  18272  18272  0.145116511361  
1439609538  0  866554  1232  42  22  11174383  5245  118357  118322  24422321031  5658  0  818924  818946  22  0  128969  5131  0  267493  4766  128969  0  118357  1232  50941  27872  488432987  0  17581  17718  17718  0.142172328557  
1439609548  0  885096  1250  42  22  11289059  5361  120428  120393  24998733724  5658  0  837493  837515  22  0  128969  5131  0  267575  4867  128969  0  120428  1250  51621  28517  576412693  18  18542  18569  18569  0.141227618247  
1439609558  0  901406  1270  42  22  11324998  5429  121284  121249  25471743716  5658  0  853715  853737  22  0  128969  5131  0  267693  4933  128969  0  121284  1270  52263  29128  473009992  20  16310  16222  16222  0.140891008047  
1439609568  0  916249  1291  42  22  11076614  5197  115625  115590  25918989824  5658  0  868690  868712  22  0  128969  5132  0  267763  4723  128969  0  115625  1291  53081  29914  447246108  21  14843  14975  14975  0.140900563057  
1439609578  0  927082  1310  42  22  11194376  5323  118891  118856  26234533007  5658  0  879613  879635  22  0  128969  5132  0  267815  4845  128969  0  118891  1310  53385  30202  315543183  19  10833  10923  10923  0.14130357401  
1439609588  0  933013  1310  42  22  11122852  5235  117481  117446  26410463581  5658  0  885485  885507  22  0  128969  5132  0  267883  4751  128969  0  117481  1310  53712  30509  175930574  0  5931  5872  5872  0.140405331973  
1439609598  0  950363  1333  42  22  11209376  5374  119827  119792  26939677370  5658  0  902916  902938  22  0  128969  5132  0  267990  4874  128969  0  119827  1333  54349  31114  529213789  23  17350  17431  17431  0.140262194551  
1439609608  0  968107  1333  42  22  11349380  5475  123628  123593  27434751009  5658  0  920680  920702  22  0  128969  5132  0  268086  4965  128969  0  123628  1333  54958  31690  495073639  0  17744  17764  17764  0.137691391551  
1439609618  0  978433  1336  42  22  11439559  5564  125820  125785  27747537007  5682  0  931146  931168  22  0  128969  5156  0  268135  5059  128969  0  125820  1336  55301  32011  312785998  3  10326  10466  10466  0.136544863062  
1439609628  0  985897  1336  42  22  11384556  5516  124431  124396  27967893771  5682  0  938452  938474  22  0  128969  5156  0  268195  5011  128969  0  124431  1336  55660  32351  220356764  0  7464  7306  7306  0.13551111323  
1439609638  0  1017847  1359  42  22  11403599  5488  125339  125304  28933175874  5682  0  970416  970438  22  0  128969  5156  0  268353  4972  128969  0  125339  1359  56976  33610  965282103  23  31950  31964  31964  0.13351711996  
1439609648  0  1039978  1372  42  22  11235394  5323  120089  120054  29625490389  5682  0  992665  992687  22  0  128969  5156  0  268525  4841  128969  0  120089  1372  58098  34668  692314515  13  22131  22249  22249  0.131925867663  
1439609658  0  1061230  1372  42  22  11475594  5562  126214  126179  30252500594  5682  0  1013699  1013721  22  0  128969  5156  0  268671  5071  128969  0  126214  1372  58727  35262  627010205  0  21252  21034  21034  0.129283944103  
1439609668  0  1072765  1372  42  22  11325837  5390  122237  122202  30601348832  5682  0  1025548  1025570  22  0  128969  5156  0  268770  4893  128969  0  122237  1372  59374  35880  348848238  0  11535  11849  11849  0.127893807125  
1439609678  0  1084284  1372  42  22  11512272  5594  126538  126503  30875390641  5682  0  1037026  1037048  22  0  128969  5156  0  268834  5085  128969  0  126538  1372  59669  36156  274041809  0  11519  11478  11478  0.126535114417  
1439609688  0  1102586  1372  42  22  11229844  5263  119772  119737  31408439230  5682  0  1055202  1055224  22  0  128969  5156  0  268923  4795  128969  0  119772  1372  60708  37146  533048589  0  18302  18176  18176  0.124434737971  
1439609698  0  1114991  1372  42  22  11414776  5458  124470  124435  31791039199  5682  0  1067750  1067772  22  0  128969  5156  0  268994  4958  128969  0  124470  1372  61041  37461  382599969  0  12405  12548  12548  0.123050320586  
1439609708  0  1133921  1388  42  22  11058386  5143  115676  115641  32336712683  5682  0  1086751  1086773  22  0  128969  5156  0  269084  4673  128969  0  115676  1388  62181  38544  545673484  16  18930  19001  19001  0.122407116545  
1439609718  0  1154469  1432  42  22  11326379  5436  121730  121695  32927818350  5682  0  1107355  1107377  22  0  128969  5156  0  269171  4917  128969  0  121730  1432  62797  39126  591105667  44  20548  20604  20604  0.124039710031  
1439609728  0  1164843  1432  42  22  11421475  5528  123929  123894  33261246306  5682  0  1117875  1117897  22  0  128969  5156  0  269265  5015  128969  0  123929  1432  63123  39438  333427956  0  10374  10520  10520  0.122935022145  
1439609738  0  1172133  1453  42  22  11353996  5477  122906  122871  33458576758  5682  0  1124921  1124943  22  0  128969  5156  0  269324  4964  128969  0  122906  1453  63444  39750  197330452  21  7290  7046  7046  0.12396204185  
1439609748  0  1179814  1470  42  22  11333869  5462  122150  122115  33699070146  5682  0  1132846  1132868  22  0  128969  5156  0  269353  4963  128969  0  122150  1470  63763  40056  240493388  17  7681  7925  7925  0.124595910881  
1439609758  0  1189577  1470  42  22  11406744  5531  124222  124187  33974061035  5682  0  1142648  1142670  22  0  128969  5156  0  269403  5014  128969  0  124222  1470  64098  40374  274990889  0  9763  9802  9802  0.123573337413  
1439609768  0  1197322  1470  42  22  11484164  5598  126107  126072  34186210208  5682  0  1150438  1150460  22  0  128969  5156  0  269474  5066  128969  0  126107  1470  64377  40631  212149173  0  7745  7790  7790  0.122773990622  
1439609778  0  1212577  1485  42  22  11411534  5518  125040  125005  34600947207  5682  0  1165649  1165671  22  0  128969  5156  0  269571  4986  128969  0  125040  1485  65085  41300  414736999  15  15255  15211  15211  0.122466449553  
1439609788  0  1219958  1485  42  22  11369578  5473  123731  123696  34818522156  5682  0  1172821  1172843  22  0  128969  5156  0  269596  4961  128969  0  123731  1485  65435  41629  217574949  0  7381  7172  7172  0.121725502025  
1439609798  0  1241640  1506  42  22  11314542  5404  123217  123182  35473136980  5682  0  1194810  1194832  22  0  128969  5156  0  269713  4898  128969  0  123217  1506  66397  42545  654614824  21  21682  21989  21989  0.121291195516  
1439609808  0  1270312  1529  42  22  11370308  5424  124452  124417  36314987707  5693  0  1223301  1223323  22  0  129851  5161  0  269881  4909  129851  0  124452  1529  67529  43633  841850727  23  28672  28491  28491  0.120364131017  
1439609818  0  1299544  1549  42  22  11347906  5436  123251  123216  37194807078  5693  0  1252547  1252569  22  0  129851  5173  0  270042  4936  129851  0  123251  1549  68772  44800  879819371  20  29232  29246  29246  0.119195656323  
1439609828  0  1329654  1549  42  22  11264223  5316  121405  121370  38057857938  5736  0  1283275  1283297  22  0  130595  5205  0  270042  4832  130595  0  121405  1549  70129  46088  863050860  0  30110  30728  30728  0.116496472015  
1439609838  0  1343345  1549  42  22  11533382  5590  127081  127046  38422019387  5736  0  1296653  1296675  22  0  130595  5205  0  270328  5097  130595  0  127081  1549  70453  46398  364161449  0  13691  13378  13378  0.115309172253  
1439609848  0  1357947  1549  42  22  11486986  5532  126035  126000  38820157753  5736  0  1311404  1311426  22  0  130595  5205  0  270422  5040  130595  0  126035  1549  71092  47010  398138366  0  14602  14751  14751  0.114069253071  
1439609858  0  1372500  1549  42  22  11256954  5299  120439  120404  39197542929  5736  0  1325927  1325949  22  0  130595  5205  0  270493  4816  130595  0  120439  1549  71926  47794  377385176  0  14553  14523  14523  0.112859744991  
1439609868  0  1377738  1549  42  22  11468086  5520  125547  125512  39335810957  5736  0  1331035  1331057  22  0  130595  5205  0  270575  5018  130595  0  125547  1549  71926  47794  138268028  0  5238  5108  5108  0.112430665337  
1439609878  0  1405361  1609  42  22  11415408  5542  124423  124388  40160104322  5736  0  1358758  1358780  22  0  130595  5205  0  270708  5029  130595  0  124423  1609  73131  48936  824293365  60  27623  27723  27723  0.11449015591  
1439609888  0  1430255  1628  42  22  11413720  5561  124541  124506  40899202681  5763  0  1383892  1383914  22  0  130595  5234  0  270853  5062  130595  0  124541  1628  74119  49884  739098359  19  24894  25134  25134  0.113825856228  
1439609898  0  1462530  1959  42  22  10670335  5489  123505  123470  41854475941  5763  0  1415853  1415875  22  0  130595  5234  0  271327  4986  130595  0  123505  1959  75515  51204  955273260  331  32275  31961  31961  0.133945970339  
1439609908  0  1462948  2356  42  22  9692009  5480  123108  123073  41894117022  5763  0  1415853  1415875  22  0  130595  5234  0  271327  4981  130595  0  123108  2356  75515  51204  39641081  397  418  0  0  0.161044685115  
1439609918  0  1462948  2356  42  22  9692009  5480  123108  123073  41894117022  5763  0  1415853  1415875  22  0  130595  5234  0  271327  4981  130595  0  123108  2356  75515  51204  0  0  0  0  0  0.161044685115  
