#Type:X;CI:2;ww:0;ca:0;co:0;fr:0;Type:X;CI:2;PI:0;PT:EP;U0:0;U1:0;Type:X;CI:2;PI:1;PT:EP;U0:0;U1:0;
#time  Pp  gt  gs  cn  cm  cb  Nc  Pc  cp  Tc  Nm  pr  ps  pt  px  pd  Pm  Om  fs  ft  Oc  Em  Gp  Ec  Ge  ot  os  Total_cycles_diff  Successful_get_diff  Total_get_diff  succ_put_diff  total_put_diff  get_hit  
1439916292  0  0  0  0  0  0  0  0  0  1365737  0  0  0  0  0  0  0  0  0  21  0  0  0  0  0  46  0  1365737  0  0  0  0  
1439916302  0  0  0  0  0  0  0  0  0  1370588  0  0  0  0  0  0  0  0  0  21  0  0  0  0  0  46  0  4851  0  0  0  0  0 
1439916312  0  505  332  0  0  0  189  2676  0  38994742  233  0  3402  3402  0  0  3402  351  0  129  202  3402  0  2676  332  2592  111  37624154  332  505  3402  3402  65.7425742574  
1439916322  0  506  333  0  0  0  189  2675  0  39025168  233  0  3402  3402  0  0  3402  351  0  129  201  3402  0  2675  333  2592  111  30426  1  1  0  0  65.8102766798  
1439916332  0  506  333  0  0  0  189  2675  0  39025168  233  0  3402  3402  0  0  3402  351  0  129  201  3402  0  2675  333  2592  111  0  0  0  0  0  65.8102766798  
1439916342  0  506  333  0  0  0  189  2675  0  39025168  233  0  3402  3402  0  0  3402  351  0  129  201  3402  0  2675  333  2592  111  0  0  0  0  0  65.8102766798  
1439916352  0  506  333  0  0  0  217  3088  0  58382907  233  0  3815  3815  0  0  3402  351  0  16001  237  3402  0  3088  333  2592  111  19357739  0  0  413  413  65.8102766798  
1439916362  0  506  333  0  0  0  217  3089  0  81766348  233  0  3816  3816  0  0  3402  351  0  44145  238  3402  0  3089  333  2592  111  23383441  0  0  1  1  65.8102766798  
1439916372  0  588  415  0  0  0  128  2894  0  116987038  233  0  4568  4568  0  0  3402  351  0  91553  97  3402  0  2894  415  2859  249  35220690  82  82  752  752  70.5782312925  
1439916382  0  4639  446  0  0  0  126  2863  0  131254685  233  0  4568  4568  0  0  3402  351  0  103060  96  3402  0  2863  446  2971  249  14267647  31  4051  0  0  9.61414097866  
1439916392  0  10777  446  0  0  0  150  3529  0  165479884  233  0  5382  5382  0  0  3529  351  0  116924  104  3529  0  3529  446  3142  266  34225199  0  6138  814  814  4.13844298042  
1439916402  0  17009  446  0  0  0  188  4067  0  199828635  233  0  6151  6151  0  0  4219  351  0  131382  124  4219  0  4067  446  3373  281  34348751  0  6232  769  769  2.62214121935  
1439916412  0  22167  446  0  0  0  223  4749  0  226317560  233  0  6833  6833  0  0  4749  351  0  140952  147  4749  0  4749  446  3474  281  26488925  0  5158  682  682  2.01199981955  
1439916422  0  26823  446  0  0  0  242  5022  0  244036291  242  0  7107  7107  0  0  5022  351  0  150906  157  5022  0  5022  446  3837  282  17718731  0  4656  274  274  1.66275211572  
1439916432  0  30259  465  0  0  0  303  6974  0  280890030  303  0  9078  9078  0  0  6974  351  0  157199  194  6974  0  6974  465  3932  282  36853739  19  3436  1971  1971  1.53673287286  
1439916442  0  35851  713  0  0  0  487  12634  0  345424507  487  0  15390  15390  0  0  12634  351  0  163580  292  12634  0  12634  713  4063  290  64534477  248  5592  6312  6312  1.98878692366  
1439916452  0  40789  1663  0  0  0  517  14570  0  418595318  520  0  19456  19456  0  0  14604  351  0  168949  297  14604  0  14570  1663  4172  316  73170811  950  4938  4066  4066  4.0770796048  
1439916462  0  47516  3927  0  0  0  648  18720  0  569569381  652  0  27244  27244  0  0  18887  370  3  177409  368  18887  0  18720  3927  4369  338  150974063  2264  6727  7788  7788  8.26458456099  
1439916472  0  52775  5393  0  0  0  743  21925  0  665989713  746  0  32829  32829  0  0  22085  415  5  182906  414  22085  0  21925  5393  4501  355  96420332  1466  5259  5585  5585  10.2188536239  
1439916482  0  56134  5544  0  0  0  0  0  0  852592687  756  0  36872  40369  3497  0  22330  423  5  189769  0  22330  0  0  5544  4666  357  186602974  151  3359  4043  7540  9.87636726405  
1439916492  0  56134  5544  0  0  0  0  0  0  931027150  756  0  36872  47085  10213  0  22330  423  5  196479  0  22330  0  0  5544  4854  357  78434463  0  0  0  6716  9.87636726405  
1439916502  0  56134  5544  0  0  0  0  0  0  975322788  756  0  36872  50570  13698  0  22330  423  5  200774  0  22330  0  0  5544  4963  357  44295638  0  0  0  3485  9.87636726405  
1439916512  0  56134  5544  0  0  0  0  0  0  1051624857  756  0  36872  56651  19779  0  22330  423  5  207411  0  22330  0  0  5544  5124  357  76302069  0  0  0  6081  9.87636726405  
1439916522  0  56134  5544  0  0  0  0  0  0  1126831589  756  0  36872  63145  26273  0  22330  423  5  214775  0  22330  0  0  5544  5303  357  75206732  0  0  0  6494  9.87636726405  
1439916532  0  56134  5544  0  0  0  0  0  0  1204684833  756  0  36872  69651  32779  0  22330  423  5  221954  0  22330  0  0  5544  5462  357  77853244  0  0  0  6506  9.87636726405  
1439916542  0  56134  5544  0  0  0  0  0  0  1287776330  756  0  36872  76353  39481  0  22330  423  5  230832  0  22330  0  0  5544  5684  357  83091497  0  0  0  6702  9.87636726405  
1439916552  0  56134  5544  0  0  0  0  0  0  1372395302  756  0  36872  83416  46544  0  22330  423  5  238530  0  22330  0  0  5544  5860  357  84618972  0  0  0  7063  9.87636726405  
1439916562  0  56134  5544  0  0  0  0  0  0  1435955281  756  0  36872  87834  50960  0  22330  423  5  244606  0  22330  0  0  5544  6006  357  63559979  0  0  0  4418  9.87636726405  
1439916572  0  56134  5544  0  0  0  0  0  0  1512392495  756  0  36872  93556  56681  0  22330  423  5  251457  0  22330  0  0  5544  6165  357  76437214  0  0  0  5722  9.87636726405  
1439916582  0  56134  5544  0  0  0  0  0  0  1559930997  756  0  36872  97574  60699  0  22330  423  5  257612  0  22330  0  0  5544  6302  357  47538502  0  0  0  4018  9.87636726405  
1439916592  0  56134  5544  0  0  0  0  0  0  1632654005  756  0  36872  103517  66642  0  22330  423  5  264470  0  22330  0  0  5544  6479  357  72723008  0  0  0  5943  9.87636726405  
1439916602  0  56134  5544  0  0  0  0  0  0  1705156605  756  0  36872  108815  71940  0  22330  423  5  272900  0  22330  0  0  5544  6691  357  72502600  0  0  0  5298  9.87636726405  
1439916612  0  56134  5544  0  0  0  0  0  0  1757120516  756  0  36872  113072  76197  0  22330  423  5  278756  0  22330  0  0  5544  6841  357  51963911  0  0  0  4257  9.87636726405  
1439916622  0  56134  5544  0  0  0  0  0  0  1816405351  756  0  36872  117580  80705  0  22330  423  5  284617  0  22330  0  0  5544  7023  357  59284835  0  0  0  4508  9.87636726405  
1439916632  0  56134  5544  0  0  0  0  0  0  1877147378  756  0  36872  122620  85745  0  22330  423  5  291512  0  22330  0  0  5544  7192  357  60742027  0  0  0  5040  9.87636726405  
1439916642  0  56134  5544  0  0  0  0  0  0  1937879881  756  0  36872  127382  90507  0  22330  423  5  298453  0  22330  0  0  5544  7376  357  60732503  0  0  0  4762  9.87636726405  
1439916652  0  56134  5544  0  0  0  0  0  0  1977862342  756  0  36872  130473  93598  0  22330  423  5  302892  0  22330  0  0  5544  7483  357  39982461  0  0  0  3091  9.87636726405  
1439916662  0  56134  5544  0  0  0  0  0  0  2027360068  756  0  36872  134737  97862  0  22330  423  5  308247  0  22330  0  0  5544  7613  357  49497726  0  0  0  4264  9.87636726405  
1439916672  0  56134  5544  0  0  0  0  0  0  2090668060  756  0  36872  140588  103713  0  22330  423  5  315016  0  22330  0  0  5544  7820  357  63307992  0  0  0  5851  9.87636726405  
1439916682  0  56134  5544  0  0  0  0  0  0  2157741568  756  0  36872  146024  109149  0  22330  423  5  326345  0  22330  0  0  5544  8088  357  67073508  0  0  0  5436  9.87636726405  
1439916692  0  56134  5544  0  0  0  0  0  0  2213139992  756  0  36872  150358  113483  0  22330  423  5  333532  0  22330  0  0  5544  8252  357  55398424  0  0  0  4334  9.87636726405  
1439916702  0  56134  5544  0  0  0  0  0  0  2276745335  756  0  36872  155376  118501  0  22330  423  5  341012  0  22330  0  0  5544  8428  357  63605343  0  0  0  5018  9.87636726405  
1439916712  0  56134  5544  0  0  0  0  0  0  2313296385  756  0  36872  158284  121409  0  22330  423  5  345591  0  22330  0  0  5544  8515  357  36551050  0  0  0  2908  9.87636726405  
1439916722  0  56134  5544  0  0  0  0  0  0  2345112147  756  0  36872  161120  124245  0  22330  423  5  349571  0  22330  0  0  5544  8620  357  31815762  0  0  0  2836  9.87636726405  
1439916733  0  56134  5544  0  0  0  0  0  0  2399538621  756  0  36872  165194  128319  0  22330  423  5  356714  0  22330  0  0  5544  8778  357  54426474  0  0  0  4074  9.87636726405  
1439916743  0  56134  5544  0  0  0  0  0  0  2434885678  756  0  36872  167885  131010  0  22330  423  5  361922  0  22330  0  0  5544  8907  357  35347057  0  0  0  2691  9.87636726405  
1439916753  0  56134  5544  0  0  0  0  0  0  2479026486  756  0  36872  171175  134300  0  22330  423  5  367027  0  22330  0  0  5544  9031  357  44140808  0  0  0  3290  9.87636726405  
1439916763  0  56134  5544  0  0  0  0  0  0  2530633919  756  0  36872  175734  138859  0  22330  423  5  373042  0  22330  0  0  5544  9204  357  51607433  0  0  0  4559  9.87636726405  
1439916773  0  56134  5544  0  0  0  0  0  0  2575065059  756  0  36872  178863  141988  0  22330  423  5  378750  0  22330  0  0  5544  9335  357  44431140  0  0  0  3129  9.87636726405  
1439916783  0  56134  5544  0  0  0  0  0  0  2624993099  756  0  36872  182566  145691  0  22330  423  5  385286  0  22330  0  0  5544  9484  357  49928040  0  0  0  3703  9.87636726405  
1439916793  0  56134  5544  0  0  0  0  0  0  2691563636  756  0  36872  188224  151349  0  22330  423  5  393306  0  22330  0  0  5544  9655  357  66570537  0  0  0  5658  9.87636726405  
1439916803  0  56134  5544  0  0  0  0  0  0  2730622383  756  0  36872  191360  154485  0  22330  423  5  400161  0  22330  0  0  5544  9788  357  39058747  0  0  0  3136  9.87636726405  
1439916813  0  56134  5544  0  0  0  0  0  0  2774547007  756  0  36872  194634  157758  0  22330  423  5  406448  0  22330  0  0  5544  9961  357  43924624  0  0  0  3274  9.87636726405  
1439916823  0  56134  5544  0  0  0  0  0  0  2812850095  756  0  36872  197869  160993  0  22330  423  5  411344  0  22330  0  0  5544  10088  357  38303088  0  0  0  3235  9.87636726405  
1439916833  0  56134  5544  0  0  0  0  0  0  2878557162  756  0  36872  203463  166587  0  22330  423  5  418306  0  22330  0  0  5544  10258  357  65707067  0  0  0  5594  9.87636726405  
1439916843  0  56134  5544  0  0  0  0  0  0  2928178621  756  0  36872  207215  170339  0  22330  423  5  424214  0  22330  0  0  5544  10394  357  49621459  0  0  0  3752  9.87636726405  
1439916853  0  56134  5544  0  0  0  0  0  0  2967212115  756  0  36872  210822  173946  0  22330  423  5  429363  0  22330  0  0  5544  10520  357  39033494  0  0  0  3607  9.87636726405  
1439916863  0  56134  5544  0  0  0  0  0  0  3019502792  756  0  36872  215025  178149  0  22330  423  5  435483  0  22330  0  0  5544  10648  357  52290677  0  0  0  4203  9.87636726405  
1439916873  0  56134  5544  0  0  0  0  0  0  3077089918  756  0  36872  219631  182754  0  22330  423  5  441563  0  22330  0  0  5544  10820  357  57587126  0  0  0  4606  9.87636726405  
1439916883  0  56134  5544  0  0  0  0  0  0  3116637811  756  0  36872  222391  185514  0  22330  423  5  447042  0  22330  0  0  5544  10951  357  39547893  0  0  0  2760  9.87636726405  
1439916893  0  56134  5544  0  0  0  0  0  0  3161745212  756  0  36872  226172  189295  0  22330  423  5  453502  0  22330  0  0  5544  11105  357  45107401  0  0  0  3781  9.87636726405  
1439916903  0  56134  5544  0  0  0  0  0  0  3228511890  756  0  36872  231434  194557  0  22330  423  5  460179  0  22330  0  0  5544  11270  357  66766678  0  0  0  5262  9.87636726405  
1439916913  0  56134  5544  0  0  0  0  0  0  3267117685  756  0  36872  234598  197721  0  22330  423  5  466774  0  22330  0  0  5544  11391  357  38605795  0  0  0  3164  9.87636726405  
1439916923  0  56134  5544  0  0  0  0  0  0  3318404479  756  0  36872  239172  202295  0  22330  423  5  472589  0  22330  0  0  5544  11567  357  51286794  0  0  0  4574  9.87636726405  
1439916933  0  56134  5544  0  0  0  0  0  0  3365378415  756  0  36872  243643  206766  0  22330  423  5  478812  0  22330  0  0  5544  11703  357  46973936  0  0  0  4471  9.87636726405  
1439916943  0  56134  5544  0  0  0  0  0  0  3410871284  756  0  36872  247282  210405  0  22330  423  5  485605  0  22330  0  0  5544  11847  357  45492869  0  0  0  3639  9.87636726405  
1439916953  0  56134  5544  0  0  0  0  0  0  3462414458  756  0  36872  251462  214585  0  22330  423  5  492795  0  22330  0  0  5544  12021  357  51543174  0  0  0  4180  9.87636726405  
1439916963  0  56134  5544  0  0  0  0  0  0  3518829565  756  0  36872  255983  219106  0  22330  423  5  501676  0  22330  0  0  5544  12243  357  56415107  0  0  0  4521  9.87636726405  
1439916973  0  56134  5544  0  0  0  0  0  0  3570032176  756  0  36872  260239  223362  0  22330  423  5  508437  0  22330  0  0  5544  12412  357  51202611  0  0  0  4256  9.87636726405  
1439916983  0  56134  5544  0  0  0  0  0  0  3598544538  756  0  36872  263161  226284  0  22330  423  5  512150  0  22330  0  0  5544  12509  357  28512362  0  0  0  2922  9.87636726405  
1439916993  0  56134  5544  0  0  0  0  0  0  3632042032  756  0  36872  266261  229384  0  22330  423  5  518465  0  22330  0  0  5544  12663  357  33497494  0  0  0  3100  9.87636726405  
1439917003  0  56134  5544  0  0  0  0  0  0  3668843833  756  0  36872  268961  232084  0  22330  423  5  524466  0  22330  0  0  5544  12771  357  36801801  0  0  0  2700  9.87636726405  
1439917014  0  56134  5544  0  0  0  0  0  0  3704064117  756  0  36872  271528  234651  0  22330  423  5  528901  0  22330  0  0  5544  12863  357  35220284  0  0  0  2567  9.87636726405  
1439917024  0  56134  5544  0  0  0  0  0  0  3751632073  756  0  36872  275184  238307  0  22330  423  5  534360  0  22330  0  0  5544  13006  357  47567956  0  0  0  3656  9.87636726405  
1439917034  0  56134  5544  0  0  0  0  0  0  3794962917  756  0  36872  278258  241381  0  22330  423  5  541141  0  22330  0  0  5544  13153  357  43330844  0  0  0  3074  9.87636726405  
1439917044  0  56134  5544  0  0  0  0  0  0  3841994036  756  0  36872  281936  245059  0  22330  423  5  546785  0  22330  0  0  5544  13317  357  47031119  0  0  0  3678  9.87636726405  
1439917054  0  56134  5544  0  0  0  0  0  0  3886705283  756  0  36872  285419  248542  0  22330  423  5  553489  0  22330  0  0  5544  13484  357  44711247  0  0  0  3483  9.87636726405  
1439917064  0  56134  5544  0  0  0  0  0  0  3932997315  756  0  36872  289303  252426  0  22330  423  5  560320  0  22330  0  0  5544  13636  357  46292032  0  0  0  3884  9.87636726405  
1439917074  0  56134  5544  0  0  0  0  0  0  3977931332  756  0  36872  292927  256050  0  22330  423  5  567079  0  22330  0  0  5544  13776  357  44934017  0  0  0  3624  9.87636726405  
1439917084  0  56134  5544  0  0  0  0  0  0  4012840371  756  0  36872  295509  258632  0  22330  423  5  573475  0  22330  0  0  5544  13910  357  34909039  0  0  0  2582  9.87636726405  
1439917094  0  56134  5544  0  0  0  0  0  0  4052731530  756  0  36872  298546  261669  0  22330  423  5  580198  0  22330  0  0  5544  14061  357  39891159  0  0  0  3037  9.87636726405  
1439917104  0  56134  5544  0  0  0  0  0  0  4094147976  756  0  36872  301722  264845  0  22330  423  5  585352  0  22330  0  0  5544  14182  357  41416446  0  0  0  3176  9.87636726405  
1439917114  0  56134  5544  0  0  0  0  0  0  4136537515  756  0  36872  305929  269051  0  22330  423  5  589805  0  22330  0  0  5544  14309  357  42389539  0  0  0  4207  9.87636726405  
1439917124  0  56134  5544  0  0  0  0  0  0  4171611591  756  0  36872  309298  272420  0  22330  423  5  596143  0  22330  0  0  5544  14455  357  35074076  0  0  0  3369  9.87636726405  
1439917134  0  56134  5544  0  0  0  0  0  0  4213302477  756  0  36872  312681  275803  0  22330  423  5  603472  0  22330  0  0  5544  14611  357  41690886  0  0  0  3383  9.87636726405  
1439917144  0  56134  5544  0  0  0  0  0  0  4263673896  756  0  36872  316394  279516  0  22330  423  5  610961  0  22330  0  0  5544  14769  357  50371419  0  0  0  3713  9.87636726405  
1439917154  0  56134  5544  0  0  0  0  0  0  4304235795  756  0  36872  319585  282707  0  22330  423  5  616592  0  22330  0  0  5544  14887  357  40561899  0  0  0  3191  9.87636726405  
1439917164  0  56134  5544  0  0  0  0  0  0  4348070636  756  0  36872  322701  285823  0  22330  423  5  622288  0  22330  0  0  5544  15024  357  43834841  0  0  0  3116  9.87636726405  
1439917174  0  56134  5544  0  0  0  0  0  0  4409493291  756  0  36872  327433  290555  0  22330  423  5  628647  0  22330  0  0  5544  15179  357  61422655  0  0  0  4732  9.87636726405  
1439917184  0  56134  5544  0  0  0  0  0  0  4453284266  756  0  36872  331090  294212  0  22330  423  5  635368  0  22330  0  0  5544  15351  357  43790975  0  0  0  3657  9.87636726405  
1439917194  0  56134  5544  0  0  0  0  0  0  4502976738  756  0  36872  335113  298235  0  22330  423  5  640366  0  22330  0  0  5544  15502  357  49692472  0  0  0  4023  9.87636726405  
1439917204  0  56134  5544  0  0  0  0  0  0  4578581392  756  0  36872  341365  304487  0  22330  423  5  648735  0  22330  0  0  5544  15722  357  75604654  0  0  0  6252  9.87636726405  
1439917214  0  56134  5544  0  0  0  0  0  0  4611852441  756  0  36872  344248  307370  0  22330  423  5  655261  0  22330  0  0  5544  15848  357  33271049  0  0  0  2883  9.87636726405  
1439917224  0  56134  5544  0  0  0  0  0  0  4650041374  756  0  36872  347083  310205  0  22330  423  5  659385  0  22330  0  0  5544  15947  357  38188933  0  0  0  2835  9.87636726405  
1439917234  0  56134  5544  0  0  0  0  0  0  4700539710  756  0  36872  351210  314332  0  22330  423  5  666289  0  22330  0  0  5544  16105  357  50498336  0  0  0  4127  9.87636726405  
1439917244  0  56134  5544  0  0  0  0  0  0  4740816801  756  0  36872  354751  317873  0  22330  423  5  671958  0  22330  0  0  5544  16222  357  40277091  0  0  0  3541  9.87636726405  
1439917254  0  56134  5544  0  0  0  0  0  0  4784182472  756  0  36872  357611  320733  0  22330  423  5  678437  0  22330  0  0  5544  16380  357  43365671  0  0  0  2860  9.87636726405  
1439917264  0  56134  5544  0  0  0  0  0  0  4846155521  756  0  36872  362598  325720  0  22330  423  5  685492  0  22330  0  0  5544  16573  357  61973049  0  0  0  4987  9.87636726405  
1439917274  0  56134  5544  0  0  0  0  0  0  4924424418  756  0  36872  369253  332375  0  22330  423  5  696299  0  22330  0  0  5544  16804  357  78268897  0  0  0  6655  9.87636726405  
1439917284  0  56134  5544  0  0  0  0  0  0  4931915590  756  0  36872  369910  333032  0  22330  423  5  697346  0  22330  0  0  5544  16824  357  7491172  0  0  0  657  9.87636726405  
1439917294  0  56134  5544  0  0  0  0  0  0  4932447730  756  0  36872  369910  333032  0  22330  423  5  697612  0  22330  0  0  5544  16826  357  532140  0  0  0  0  9.87636726405  
1439917304  0  56134  5544  0  0  0  0  0  0  4932963671  756  0  36872  369910  333032  0  22330  423  5  697612  0  22330  0  0  5544  16826  357  515941  0  0  0  0  9.87636726405  
1439917314  0  56134  5544  0  0  0  0  0  0  4933291203  756  0  36872  369910  333032  0  22330  423  5  697612  0  22330  0  0  5544  16826  357  327532  0  0  0  0  9.87636726405  
1439917324  0  56134  5544  0  0  0  0  0  0  4933291203  756  0  36872  369910  333032  0  22330  423  5  697612  0  22330  0  0  5544  16826  357  0  0  0  0  0  9.87636726405  
1439917334  0  56134  5544  0  0  0  0  0  0  4933291203  756  0  36872  369910  333032  0  22330  423  5  697612  0  22330  0  0  5544  16826  357  0  0  0  0  0  9.87636726405  
