#type:T;
#time  gt  cn  Pt  Px  gx  cx  gn  gm  Pn  Pm  Ft  cm  pt  Fx  px  ct  pn  Fm  Fn  pm  dn  On  Om  dm  dx  Ox  dt  Ot  Gt  Cn  Cm  Gx  Cx  Gn  Gm  Ct  
1438565358  2297513  0  0  0  9811  0  2512  160  0  2147483647  24525  2147483647  0  2139  0  0  0  357  23  2147483647  0  50  260  2147483647  0  5100  0  71373  0  0  2147483647  0  0  0  2147483647  0  
1438565368  2297513  0  0  0  9811  0  2512  160  0  2147483647  24525  2147483647  0  2139  0  0  0  357  23  2147483647  0  50  260  2147483647  0  5100  0  71373  0  0  2147483647  0  0  0  2147483647  0  
1438565378  95432924  0  297092017  47659  38595  0  113466  154  33016  2655  84727  2147483647  0  3999  0  0  0  357  66  2147483647  0  50  260  2147483647  0  5100  0  71373  0  33016  1300  0  34155  0  2147483647  115574366  
1438565388  204468735  0  1420316078  79035  38595  0  207968  154  151664  2247  84727  2147483647  0  3999  0  0  0  357  66  2147483647  0  50  260  2147483647  0  5100  0  71373  277960687  176895  784  67394  70013  26022  2280  615667649  
1438565398  288441316  0  3860179382  146692  38595  0  269202  154  387562  2247  103685  2147483647  0  3999  0  0  0  357  75  2147483647  0  50  260  2147483647  0  5100  0  71373  2027078795  583286  523  150148  72044  201028  1525  2011967482  
1438565408  367370688  0  6502631073  158658  39313  0  325126  154  646463  2217  103685  2147483647  0  3999  0  0  0  357  75  2147483647  0  50  260  2147483647  0  5100  0  71373  3985959523  1040700  523  525693  523150  404164  1525  3557070185  
1438565418  434637578  0  9167746158  215280  40585  0  373604  154  896544  2217  103685  2147483647  0  3999  0  0  0  357  75  2147483647  0  50  260  2147483647  0  5100  0  71373  6036475039  1486960  523  525693  523150  605501  1525  5139971292  
1438565428  459096900  0  12011984710  587485  40585  0  393558  154  1307601  1748  103685  2147483647  0  3999  0  0  0  357  75  2147483647  0  50  260  2147483647  0  5100  0  71373  8333644637  2287590  520  556888  585666  997268  1524  7147867328  
1438565438  461226654  0  15687056252  587485  40585  0  396975  154  2039998  1606  103685  2147483647  0  3999  0  0  0  357  75  2147483647  0  50  260  2147483647  0  5100  0  71373  11413284858  3749038  462  556888  585666  1726498  1485  10126115562  
1438565448  463510846  0  19486978128  587485  40585  0  401241  154  2801690  1512  103685  2147483647  0  3999  0  0  0  357  75  2147483647  0  50  260  2147483647  0  5100  0  71373  14589500120  5267673  462  556888  585666  2483691  1485  13218178006  
1438565458  467237173  0  23197274645  614673  40585  0  407427  154  3551606  1512  103685  2147483647  0  3999  0  0  0  357  75  2147483647  0  50  260  2147483647  0  5100  0  71373  17691122864  6760684  422  556888  612958  3227224  1485  16229967734  
1438565468  468291660  0  26977603038  614673  40585  0  409193  154  4293414  1512  103685  2147483647  0  3999  0  0  0  357  75  2147483647  0  50  260  2147483647  0  5100  0  71373  20823935876  8242393  422  556888  612958  3967296  1485  19270106599  
1438565478  469204233  0  30465312275  614673  40585  0  411181  154  4979787  1512  103685  2147483647  0  3999  0  0  0  357  75  2147483647  0  50  260  2147483647  0  5100  0  71373  23728838134  9612989  422  556888  612958  4651691  1485  22077120468  
1438565488  470648209  0  34375737191  620135  40585  0  413919  154  5764171  1512  103685  2147483647  0  3999  0  0  0  357  75  2147483647  0  50  260  2147483647  0  5100  0  71373  26952037425  11179138  422  616075  612958  5433642  1485  25253086639  
1438565498  472332354  0  38310959809  620135  40585  0  417303  154  6568828  1512  103685  2147483647  0  3999  0  0  0  357  75  2147483647  0  50  260  2147483647  0  5100  0  71373  30217224415  12784882  422  616075  612958  6234960  1460  28467817122  
1438565508  473046744  0  42328873137  620135  40585  0  418667  154  7376803  1512  103685  2147483647  0  3999  0  0  0  357  75  2147483647  0  50  260  2147483647  0  5100  0  71373  33541868350  14398904  422  616075  612958  7041210  1433  31725865377  
1438565518  474602160  0  45825956730  620135  40585  0  420923  154  8064573  1512  103685  2147483647  0  3999  0  0  0  357  75  2147483647  0  50  260  2147483647  0  5100  0  71373  36455481001  15771916  422  616075  612958  7726670  1433  34550071590  
1438565528  476874300  0  49555370671  620135  40585  0  424378  154  8813738  1512  103685  2147483647  0  3999  0  0  0  357  75  2147483647  0  50  260  2147483647  0  5100  0  71373  39551822348  17266515  422  616075  612958  8472349  1433  37579110232  
1438565538  478781919  0  53797903983  4566542  40585  0  427888  154  9654069  1512  103685  2147483647  0  3999  0  0  0  357  75  2147483647  0  50  260  2147483647  0  5100  0  71373  43077132176  18943257  422  616075  612958  9309131  1433  40988839052  
1438565548  479437418  0  57009596585  16695980  40585  0  429196  154  10301483  1512  103685  2147483647  0  3999  0  0  0  357  75  2147483647  0  50  260  2147483647  0  5100  0  71373  45771578336  20236721  422  16694771  612958  9955304  1433  43582731309  
1438565558  481028267  0  60897988774  16695980  40585  0  432051  154  11065366  1512  103685  2147483647  0  3999  0  0  0  357  75  2147483647  0  50  260  2147483647  0  5100  0  71373  48961076249  21761754  422  16694771  612958  10716736  1433  46693029501  
1438565568  482740874  0  64606075232  16695980  40585  0  435350  154  11806570  1512  103685  2147483647  0  3999  0  0  0  357  75  2147483647  0  50  260  2147483647  0  5100  0  71373  52020917297  23240515  422  16694771  612958  11454488  1433  49690885282  
1438565578  484599376  0  68467638345  16695980  40585  0  438387  154  12582544  1512  103685  2147483647  0  3999  0  0  0  357  75  2147483647  0  50  260  2147483647  0  5100  0  71373  55225530155  24788877  422  16694771  612958  12227257  1433  52822430666  
1438565588  485797255  0  71648625989  16695980  40585  0  439985  154  13226610  1512  103685  2147483647  0  3999  0  0  0  357  75  2147483647  0  50  260  2147483647  0  5100  0  71373  57905914174  26074942  422  16694771  612958  12869452  1433  55421783114  
1438565598  487939335  0  76053342319  16695980  40585  0  443952  154  14104821  1512  103685  2147483647  0  3999  0  0  0  357  75  2147483647  0  50  260  2147483647  0  5100  0  71373  61553523079  27827438  422  16694771  612958  13743980  1433  58951826019  
1438565608  490197537  0  80259453501  16695980  40585  0  448864  154  14960463  1470  103685  2147483647  0  3999  0  0  0  357  75  2147483647  0  50  260  2147483647  0  5100  0  71373  64994637896  29533352  422  16694771  613433  14594613  1433  62344402255  
1438565618  491943309  0  84020753585  16695980  40585  0  452084  154  15705754  1470  103685  2147483647  0  3999  0  0  0  357  75  2147483647  0  50  260  2147483647  0  5100  0  71373  68103824655  31020473  422  16694771  613433  15336760  1433  65359567120  
1438565628  493346776  0  87855338685  16695980  40585  0  454726  154  16485622  1470  103685  2147483647  0  3999  0  0  0  357  75  2147483647  0  50  260  2147483647  0  5100  0  71373  71293705592  32577449  422  16694771  613433  16114089  1433  68485757309  
1438565638  495786080  0  92101923218  16695980  40585  0  458824  154  17314119  1470  103685  2147483647  0  3999  0  0  0  357  75  2147483647  0  50  260  2147483647  0  5100  0  71373  74753124963  34229985  422  16694771  613433  16938464  1433  71873459577  
1438565648  497277743  0  95834358109  16695980  40585  0  461745  154  18051061  1470  103685  2147483647  0  3999  0  0  0  357  75  2147483647  0  50  260  2147483647  0  5100  0  71373  77854915133  35700606  422  16694771  613433  17672427  1433  74873847634  
1438565658  498482032  0  99304213831  16695980  40585  0  463668  154  18743545  1470  103685  2147483647  0  3999  0  0  0  357  75  2147483647  0  50  260  2147483647  0  5100  0  71373  80697096809  37083619  422  16694771  613433  18363105  1433  77666422030  
1438565668  501400739  0  103598795536  16695980  40585  0  468297  154  19570738  1470  103685  2147483647  0  3999  0  0  0  357  75  2147483647  0  50  260  2147483647  0  5100  0  71373  84210961941  38732956  422  16694771  613433  19185673  1433  81079373731  
1438565678  503396303  0  107696176674  16695980  40585  0  471955  154  20389350  1470  103685  2147483647  0  3999  0  0  0  357  75  2147483647  0  50  260  2147483647  0  5100  0  71373  87586478368  40366564  422  16694771  613433  20000951  1433  84377286160  
1438565688  505336639  0  111721387437  16695980  40585  0  475792  154  21204240  1470  103685  2147483647  0  3999  0  0  0  357  75  2147483647  0  50  260  2147483647  0  5100  0  71373  90928283941  41991757  422  16694771  613433  20811518  1433  87639833742  
1438565698  507643676  0  115120459235  16695980  40585  0  479834  154  21888435  1470  103685  2147483647  0  3999  0  0  0  357  75  2147483647  0  50  260  2147483647  0  5100  0  71373  93773061712  43356052  422  16694771  613433  21491736  1433  90397391534  
1438565708  510737101  0  118618065939  16695980  40585  0  484943  154  22592066  1470  103685  2147483647  0  3999  0  0  0  357  75  2147483647  0  50  260  2147483647  0  5100  0  71373  96710953058  44757530  422  16694771  613433  22189897  1433  93210857712  
1438565718  512657183  0  122678237212  16695980  40585  0  488525  154  23397851  1470  103685  2147483647  0  3999  0  0  0  357  75  2147483647  0  50  260  2147483647  0  5100  0  71373  100050226343  46365699  422  16694771  613433  22992642  1433  96472621143  
1438565728  515478730  0  127304421233  16695980  40585  0  493610  154  24317547  1470  103685  2147483647  0  3999  0  0  0  357  75  2147483647  0  50  260  2147483647  0  5100  0  71373  103865573807  48199421  422  16694771  613433  23907010  1433  100193742014  
1438565738  517389140  0  131054020375  16695980  40585  0  497219  154  25074507  1470  103685  2147483647  0  3999  0  0  0  357  75  2147483647  0  50  260  2147483647  0  5100  0  71373  107001682011  49709839  422  16694771  613433  24660768  1433  103224578733  
1438565749  519135613  0  134944554569  16695980  40585  0  500825  154  25882152  1470  103685  2147483647  0  3999  0  0  0  357  75  2147483647  0  50  260  2147483647  0  5100  0  71373  110208342496  51321246  422  16694771  613433  25464853  1433  106319877625  
1438565759  522694138  0  138948041418  16695980  40585  0  506565  154  26701881  1470  103685  2147483647  0  3999  0  0  0  357  75  2147483647  0  50  260  2147483647  0  5100  0  71373  113506954437  52954583  422  16694771  613433  26278777  1433  109494924747  
1438565769  524292868  0  142558828509  16695980  40585  0  509248  154  27434661  1470  103685  2147483647  0  3999  0  0  0  357  75  2147483647  0  50  260  2147483647  0  5100  0  71373  116470580313  54417061  422  16694771  613433  27008658  1433  112350981474  
1438565779  525523069  0  145840156388  16695980  40585  0  510698  154  28120494  1470  103685  2147483647  0  3999  0  0  0  357  75  2147483647  0  50  260  2147483647  0  5100  0  71373  119245798415  55786677  422  16694771  613433  27692613  1433  115009391553  
1438565789  527378963  0  149796774180  16695980  40585  0  513871  154  28916906  1470  103685  2147483647  0  3999  0  0  0  357  75  2147483647  0  50  260  2147483647  0  5100  0  71373  122474919553  57376509  422  16694771  613433  28486308  1433  118117042653  
1438565799  529234878  0  153255488883  16695980  40585  0  517899  154  29639699  1470  103685  2147483647  0  3999  0  0  0  357  75  2147483647  0  50  260  2147483647  0  5100  0  71373  125382017686  58817480  422  16694771  613433  29204783  1433  120904328092  
1438565809  531589337  0  157202407028  16695980  40585  0  522269  154  30480809  1470  103685  2147483647  0  3999  0  0  0  357  75  2147483647  0  50  260  2147483647  0  5100  0  71373  128639739375  60495622  422  16694771  613433  30042024  1433  124075147760  
1438565819  532633376  0  160653774547  16695980  40585  0  523894  154  31180401  1470  103685  2147483647  0  3999  0  0  0  357  75  2147483647  0  50  260  2147483647  0  5100  0  71373  131508847964  61892970  422  16694771  613433  30739923  1433  126821946993  
1438565829  534037721  0  164119001243  16695980  40585  0  526432  154  31902967  1470  103685  2147483647  0  3999  0  0  0  357  75  2147483647  0  50  260  2147483647  0  5100  0  71373  134394240759  63334734  422  16694771  613433  31459391  1433  129602046801  
1438565839  538174025  0  168420924328  16695980  40585  0  533389  154  32768513  1470  103685  2147483647  0  3999  0  0  0  357  75  2147483647  0  50  260  2147483647  0  5100  0  71373  137927250058  65058825  422  16694771  613433  32318265  1433  132978973560  
1438565849  540603674  0  172155472356  16695980  42355  0  537728  154  33533049  1470  103685  2147483647  0  3999  0  0  0  357  75  2147483647  0  50  260  2147483647  0  5100  0  71373  141048539252  66583176  422  16694771  613433  33078360  1433  135956308551  
1438565859  542315099  0  175753466308  16695980  42355  0  540646  154  34281955  1461  103685  2147483647  0  3999  0  0  0  357  75  2147483647  0  50  260  2147483647  0  5100  0  71373  144030164209  68077865  414  16694771  613433  33824274  1433  138827058517  
1438565869  543928745  0  179124553908  16695980  42355  0  543201  154  34977386  1461  103685  2147483647  0  3999  0  0  0  357  75  2147483647  0  50  260  2147483647  0  5100  0  71373  146833349288  69466077  414  16694771  613433  34517242  1433  141524724831  
1438565879  545823544  0  183093049470  16695980  42355  0  546834  154  35804120  1461  103685  2147483647  0  3999  0  0  0  357  75  2147483647  0  50  260  2147483647  0  5100  0  71373  150113396591  71116133  414  16694771  613433  35340840  1433  144703478253  
1438565889  547951482  0  186906909267  16695980  42355  0  551239  154  36591717  1461  103685  2147483647  0  3999  0  0  0  357  75  2147483647  0  50  260  2147483647  0  5100  0  71373  153255908512  72686047  414  16694771  613433  36123494  1433  147748027742  
1438565899  549532917  0  190520209154  16695980  42355  0  553911  154  37335680  1461  103685  2147483647  0  3999  0  0  0  357  75  2147483647  0  50  260  2147483647  0  5100  0  71373  156291400898  74171004  414  16694771  613433  36864670  1433  150636853823  
1438565909  551322783  0  194386054698  16695980  42355  0  556859  154  38136771  1461  103685  2147483647  0  3999  0  0  0  357  75  2147483647  0  50  260  2147483647  0  5100  0  71373  159464680100  75770567  414  16694771  613433  37663292  1433  153722589511  
1438565919  553324852  0  198209787150  16695980  42355  0  560916  154  38938326  1461  103685  2147483647  0  3999  0  0  0  357  75  2147483647  0  50  260  2147483647  0  5100  0  71373  162617400189  77369373  414  16694771  613433  38460856  1433  156774248330  
1438565929  555460587  0  201722082646  16695980  42355  0  564501  154  39659877  1461  103685  2147483647  0  3999  0  0  0  357  75  2147483647  0  50  260  2147483647  0  5100  0  71373  165574569320  78808329  414  16694771  613433  39178595  1433  159580875758  
1438565939  557092640  0  205538431610  16695980  42355  0  567917  154  40460510  1461  103685  2147483647  0  3999  0  0  0  357  75  2147483647  0  50  260  2147483647  0  5100  0  71373  168727597427  80406094  414  16694771  613433  39975975  1433  162634783032  
1438565949  558604196  0  209149617299  16695980  42355  0  569988  154  41202323  1461  103685  2147483647  0  3999  0  0  0  357  75  2147483647  0  50  260  2147483647  0  5100  0  71373  171733796982  81887263  414  16694771  613433  40715547  1433  165524299346  
1438565959  560642309  0  213070915707  16695980  42355  0  573812  154  42013670  1461  103685  2147483647  0  3999  0  0  0  357  75  2147483647  0  50  260  2147483647  0  5100  0  71373  175005589494  83505809  405  16694771  613433  41523064  1433  168677832874  
1438565969  563066423  0  216943607674  16695980  42355  0  578204  154  42808820  1461  103685  2147483647  0  3999  0  0  0  357  75  2147483647  0  50  260  2147483647  0  5100  0  71373  178224649666  85091535  405  16694771  613433  42313861  1433  171754909433  
1438565979  565601117  0  220053605708  16695980  42355  0  581886  154  43453018  1461  103685  2147483647  0  3999  0  0  0  357  75  2147483647  0  50  260  2147483647  0  5100  0  71373  180890603120  86375878  405  16694771  613433  42954222  1433  174267335045  
