#type:G;
#time  Rt  Nm  Tt  Nc  Rx  Gz  Pc  Pf  Ra  Te  Pm  Fp  Fc  Ta  Fm  Om  Lm  Oc  Sm  Sc  Em  Af  Ea  Cf  Ec  Gd  Zt  Et  Ep  dedup_put_diff  total_eph_put_diff  dedup_factor  dedup_curr  compression_saving  tze_saving  
1436848697  454  2999  13645305  0  0  0  0  0  454  5199  27131  0  0  27896  27131  3095  0  0  0  0  27131  0  4050847  0  0  0  0  4050933  6534005  0  6534005  0.0  
1436848707  454  2999  13714060  102  0  0  2991  0  454  5477  27131  0  2991  24789  27131  3095  0  49  0  0  27131  0  4050847  0  2991  0  0  4050933  6539168  0  5163  0.0  100.0  
1436848718  454  2999  13737400  120  0  0  3588  0  454  5477  27131  0  3588  24189  27131  3095  0  49  0  0  27131  0  4050847  0  3588  0  0  4050933  6548379  0  9211  0.0  100.0  
1436848728  454  2999  13776818  129  0  0  3753  0  454  5477  27131  0  3753  24016  27131  3095  0  49  0  0  27131  0  4050847  0  3753  0  0  4050933  6565907  0  17528  0.0  100.0  
1436848741  454  2999  13823960  142  0  0  4136  0  454  5477  27131  0  4136  23622  27131  3095  0  49  0  0  27131  0  4050847  0  4136  0  0  4050933  6587315  0  21408  0.0  100.0  
1436848751  454  2999  13866020  136  0  0  3485  0  454  5477  27131  0  3485  24243  27131  3095  0  65  0  0  27131  0  4050847  0  3485  0  0  4050933  6604815  0  17500  0.0  100.0  
1436848761  454  2999  13879031  549  0  0  7532  0  454  5477  27131  0  7532  20060  27131  3095  0  482  0  0  27131  0  4050847  0  7532  0  0  4050933  6611430  0  6615  0.0  100.0  
1436848771  454  2999  13922633  1194  0  0  14796  0  454  5477  27131  0  14796  12476  27131  3095  0  1118  0  0  27131  0  4050847  0  14796  0  0  4050933  6634000  0  22570  0.0  100.0  
1436848781  454  2999  13945441  1660  0  0  18558  0  454  5477  27131  0  18558  8522  27131  3095  0  1616  0  0  27131  0  4050847  0  18558  0  0  4050933  6644762  0  10762  0.0  100.0  
1436848791  454  2999  13977328  2314  0  0  24473  0  454  5477  27131  0  24473  2334  27131  3095  0  2314  0  0  27131  0  4050847  0  24473  0  0  4050933  6660975  0  16213  0.0  100.0  
1436848801  454  2999  14005072  2872  0  0  26913  0  454  5477  27131  0  26913  165  27131  3095  0  2951  0  0  27131  0  4055157  0  26913  0  0  4055243  6674935  0  13960  0.0  100.0  
1436848811  454  2999  14028693  2781  0  0  27064  0  454  5477  27131  0  27064  15  27131  3095  0  2874  0  0  27131  0  4061748  0  27064  0  0  4061837  6686606  0  11671  0.0  100.0  
1436848821  454  2999  14120824  2610  0  0  27080  0  454  5477  27131  0  27080  1  27131  3095  0  2669  0  0  27131  0  4079587  0  27080  0  0  4079676  6732338  0  45732  0.0  100.0  
1436848831  454  2999  14278048  2128  0  0  23346  0  454  5477  27131  0  23346  3768  27131  3095  0  2185  0  0  27131  0  4082359  0  23346  0  0  4082448  6808453  0  76115  0.0  100.0  
1436848841  454  2999  14525479  2601  0  0  26907  0  454  5477  27131  0  26907  192  27131  3095  0  2689  0  0  27131  0  4088322  0  26907  0  0  4088411  6928579  0  120126  0.0  100.0  
1436848851  454  2999  14803196  2615  0  0  27042  0  454  5477  27131  0  27042  55  27131  3095  0  2683  0  0  27131  0  4138965  0  27042  0  0  4139054  7062585  0  134006  0.0  100.0  
1436848861  454  2999  15049167  2676  0  0  27089  0  454  5477  27131  0  27089  8  27131  3095  0  2740  0  0  27131  0  4200550  0  27089  0  0  4200640  7181194  0  118609  0.0  100.0  
1436848871  454  2999  15335520  2701  0  0  27104  0  454  5477  27131  0  27104  1  27131  3095  0  2768  0  0  27131  0  4282712  0  27104  0  0  4282802  7319442  0  138248  0.0  100.0  
1436848881  454  2999  15604157  2674  0  0  27064  0  454  5477  27131  0  27064  46  27131  3095  0  2736  0  0  27131  0  4367562  0  27064  0  0  4367654  7447942  0  128500  0.0  100.0  
1436848891  454  2999  15915629  2687  0  0  27040  0  454  5477  27131  0  27040  71  27131  3095  0  2755  0  0  27131  0  4469294  0  27040  0  0  4469387  7597460  0  149518  0.0  100.0  
1436848901  454  2999  16209923  2660  0  0  26921  0  454  5477  27131  0  26921  194  27131  3095  0  2748  0  0  27131  0  4563701  0  26921  0  0  4563798  7738405  0  140945  0.0  100.0  
1436848911  454  2999  16380334  2659  0  0  27042  0  454  5477  27131  0  27042  67  27131  3095  0  2737  0  0  27131  0  4619180  0  27042  0  0  4619277  7819917  0  81512  0.0  100.0  
1436848921  454  2999  16496163  2654  0  0  27096  0  454  5477  27131  0  27096  1  27131  3095  0  2742  0  0  27131  0  4664557  0  27096  0  0  4664655  7876314  0  56397  0.0  100.0  
1436848931  454  2999  16704572  2704  0  0  27109  0  454  5477  27131  0  27109  1  27131  3095  0  2789  0  0  27131  0  4742189  0  27109  0  0  4742289  7978007  0  101693  0.0  100.0  
1436848941  454  2999  17013695  2709  0  0  27105  0  454  5477  27131  0  27105  8  27131  3095  0  2790  0  0  27131  0  4853592  0  27105  0  0  4853695  8127419  0  149412  0.0  100.0  
1436848951  454  2999  17241874  2709  0  0  27101  0  454  5477  27131  0  27101  5  27131  3095  0  2799  0  0  27131  0  4937103  0  27101  0  0  4937206  8237946  0  110527  0.0  100.0  
1436848961  454  2999  17438800  2770  0  0  27106  0  454  5477  27131  0  27106  1  27131  3095  0  2846  0  0  27131  0  5008179  0  27106  0  0  5008284  8333259  0  95313  0.0  100.0  
1436848971  454  2999  17602604  2688  0  0  27089  0  454  5477  27131  0  27089  22  27131  3095  0  2775  0  0  27131  0  5067404  0  27089  0  0  5067510  8411732  0  78473  0.0  100.0  
1436848981  454  2999  17807576  2777  0  0  27032  0  454  5477  27131  0  27032  62  27131  3095  0  2854  0  0  27131  0  5142758  0  27032  0  0  5142865  8510583  0  98851  0.0  100.0  
1436848991  454  2999  18229840  2654  0  0  27082  0  454  5477  27131  0  27082  32  27131  3095  0  2742  0  0  27131  0  5284911  0  27082  0  0  5285021  8713979  0  203396  0.0  100.0  
1436849001  454  2999  18563887  2643  0  0  27099  0  454  5477  27131  0  27099  16  27131  3095  0  2718  0  0  27131  0  5392758  0  27099  0  0  5392870  8874600  0  160621  0.0  100.0  
1436849011  454  2999  18816828  2678  0  0  27110  0  454  5477  27131  0  27110  2  27131  3095  0  2766  0  0  27131  0  5476358  0  27110  0  0  5476474  8995406  0  120806  0.0  100.0  
1436849022  454  2999  19183897  2696  0  0  27027  0  454  5477  27131  0  27027  85  27131  3095  0  2774  0  0  27131  0  5595658  0  27027  0  0  5595776  9172026  0  176620  0.0  100.0  
1436849032  454  2999  19558807  2678  0  0  27044  0  454  5477  27131  0  27044  73  27131  3095  0  2735  0  0  27131  0  5715166  0  27044  0  0  5715286  9351238  0  179212  0.0  100.0  
1436849050  454  2999  19907255  2655  0  0  26987  0  454  5477  27131  0  26987  131  27131  3095  0  2743  0  0  27131  0  5821982  0  26987  0  0  5822103  9518302  0  167064  0.0  100.0  
1436849060  454  2999  20134087  2664  0  0  27092  0  454  5477  27131  0  27092  23  27131  3095  0  2716  0  0  27131  0  5895535  0  27092  0  0  5895658  9626941  0  108639  0.0  100.0  
1436849070  454  2999  20488517  2668  0  0  27118  0  454  5477  27131  0  27118  1  27131  3095  0  2757  0  0  27131  0  6006732  0  27118  0  0  6006856  9796847  0  169906  0.0  100.0  
1436849080  454  2999  20833781  2689  0  0  27110  0  454  5477  27131  0  27110  6  27131  3095  0  2760  0  0  27131  0  6115761  0  27110  0  0  6115889  9962709  0  165862  0.0  100.0  
1436849090  454  2999  21090044  2621  0  0  27094  0  454  5477  27131  0  27094  20  27131  3095  0  2704  0  0  27131  0  6197696  0  27094  0  0  6197825  10085640  0  122931  0.0  100.0  
1436849100  454  2999  21090905  2620  0  0  27012  0  454  5477  27131  0  27012  102  27131  3095  0  2703  0  0  27131  0  6197765  0  27012  0  0  6197894  10085812  0  172  0.0  100.0  
1436849110  454  2999  21268203  2681  0  0  27053  0  454  5477  27131  0  27053  63  27131  3095  0  2738  0  0  27131  0  6255812  0  27053  0  0  6255942  10170832  0  85020  0.0  100.0  
1436849120  454  2999  21563866  2667  0  0  27116  0  454  5477  27131  0  27116  1  27131  3095  0  2724  0  0  27131  0  6345200  0  27116  0  0  6345332  10312472  0  141640  0.0  100.0  
1436849130  454  2999  21829437  2642  0  0  27113  0  454  5477  27131  0  27113  7  27131  3095  0  2717  0  0  27131  0  6427969  0  27113  0  0  6428104  10439853  0  127381  0.0  100.0  
1436849141  454  2999  22061121  2637  0  0  27046  0  454  5477  27131  0  27046  74  27131  3095  0  2725  0  0  27131  0  6496017  0  27046  0  0  6496152  10551061  0  111208  0.0  100.0  
1436849151  454  2999  22065399  2637  0  0  27021  0  454  5477  27131  0  27021  99  27131  3095  0  2726  0  0  27131  0  6497185  0  27021  0  0  6497320  10552941  0  1880  0.0  100.0  
1436849161  454  2999  22203471  2674  0  0  27116  0  454  5477  27131  0  27116  2  27131  3095  0  2766  0  0  27131  0  6540573  0  27116  0  0  6540708  10619351  0  66410  0.0  100.0  
1436849171  454  2999  22278051  2732  0  0  27111  0  454  5477  27131  0  27111  6  27131  3095  0  2819  0  0  27131  0  6555503  0  27111  0  0  6555638  10653046  0  33695  0.0  100.0  
1436849181  454  2999  22410414  2708  0  0  27062  0  454  5477  27131  0  27062  34  27131  3095  0  2788  0  0  27131  0  6604408  0  27062  0  0  6604546  10718080  0  65034  0.0  100.0  
1436849195  454  2999  22629709  2661  0  0  27106  0  454  5477  27131  0  27106  7  27131  3095  0  2752  0  0  27131  0  6674123  0  27106  0  0  6674262  10823797  0  105717  0.0  100.0  
1436849205  454  2999  22838443  2626  0  0  27103  0  454  5477  27131  0  27103  11  27131  3095  0  2698  0  0  27131  0  6738912  0  27103  0  0  6739053  10924084  0  100287  0.0  100.0  
1436849215  454  2999  23028408  2646  0  0  27114  0  454  5477  27131  0  27114  5  27131  3095  0  2704  0  0  27131  0  6791578  0  27114  0  0  6791720  11014888  0  90804  0.0  100.0  
1436849225  454  2999  23238000  2642  0  0  27089  0  454  5477  27131  0  27089  22  27131  3095  0  2727  0  0  27131  0  6851033  0  27089  0  0  6851179  11115418  0  100530  0.0  100.0  
1436849235  454  2999  23340059  2689  0  0  26872  0  454  5477  27131  0  26872  240  27131  3095  0  2761  0  0  27131  0  6883855  0  26872  0  0  6884001  11164700  0  49282  0.0  100.0  
1436849245  454  2999  23508866  2720  0  0  27078  0  454  5477  27131  0  27078  31  27131  3095  0  2791  0  0  27131  0  6934190  0  27078  0  0  6934339  11245587  0  80887  0.0  100.0  
1436849255  454  2999  23670202  2663  0  0  26545  0  454  5477  27131  0  26545  568  27131  3095  0  2751  0  0  27131  0  6985463  0  26545  0  0  6985613  11322552  0  76965  0.0  100.0  
1436849265  454  2999  23823441  2653  0  0  26949  0  454  5477  27131  0  26949  166  27131  3095  0  2741  0  0  27131  0  7035753  0  26949  0  0  7035905  11396252  0  73700  0.0  100.0  
1436849275  454  2999  23838654  2657  0  0  27071  0  454  5477  27131  0  27071  44  27131  3095  0  2746  0  0  27131  0  7039909  0  27071  0  0  7040061  11403445  0  7193  0.0  100.0  
1436849285  454  2999  24045435  2690  0  0  27097  0  454  5477  27131  0  27097  18  27131  3095  0  2761  0  0  27131  0  7107353  0  27097  0  0  7107506  11502575  0  99130  0.0  100.0  
1436849295  454  2999  24298610  2660  0  0  27078  0  454  5477  27131  0  27078  37  27131  3095  0  2736  0  0  27131  0  7185685  0  27078  0  0  7185838  11624122  0  121547  0.0  100.0  
1436849305  454  2999  24568107  2595  0  0  27020  0  454  5477  27131  0  27020  99  27131  3095  0  2679  0  0  27131  0  7263174  0  27020  0  0  7263327  11753491  0  129369  0.0  100.0  
1436849315  454  2999  24642397  2683  0  0  27119  0  454  5477  27131  0  27119  2  27131  3095  0  2754  0  0  27131  0  7285740  0  27119  0  0  7285895  11789212  0  35721  0.0  100.0  
1436849325  454  2999  24782178  2667  0  0  27119  0  454  5477  27131  0  27119  2  27131  3095  0  2723  0  0  27131  0  7327596  0  27119  0  0  7327752  11856386  0  67174  0.0  100.0  
1436849335  454  2999  25048682  2639  0  0  27105  0  454  5477  27131  0  27105  14  27131  3095  0  2719  0  0  27131  0  7406148  0  27105  0  0  7406304  11984444  0  128058  0.0  100.0  
1436849346  454  2999  25286582  2640  0  0  27111  0  454  5477  27131  0  27111  10  27131  3095  0  2729  0  0  27131  0  7478090  0  27111  0  0  7478248  12098747  0  114303  0.0  100.0  
1436849356  454  2999  25554161  2706  0  0  27118  0  454  5477  27131  0  27118  2  27131  3095  0  2777  0  0  27131  0  7555360  0  27118  0  0  7555519  12227177  0  128430  0.0  100.0  
1436849366  454  2999  25555889  2695  0  0  27021  0  454  5477  27131  0  27021  99  27131  3095  0  2764  0  0  27131  0  7555841  0  27021  0  0  7556000  12227972  0  795  0.0  100.0  
1436849376  454  2999  25831942  2673  0  0  27119  0  454  5477  27131  0  27119  2  27131  3095  0  2725  0  0  27131  0  7639477  0  27119  0  0  7639637  12360480  0  132508  0.0  100.0  
1436849386  454  2999  26050917  2692  0  0  27092  0  454  5477  27131  0  27092  23  27131  3095  0  2768  0  0  27131  0  7700416  0  27092  0  0  7700577  12465888  0  105408  0.0  100.0  
1436849396  454  2999  26331211  2742  0  0  27114  0  454  5477  27131  0  27114  2  27131  3095  0  2819  0  0  27131  0  7780557  0  27114  0  0  7780720  12600651  0  134763  0.0  100.0  
1436849408  454  2999  26444345  2637  0  0  27109  0  454  5477  27131  0  27109  4  27131  3095  0  2715  0  0  27131  0  7811709  0  27109  0  0  7811872  12654897  0  54246  0.0  100.0  
1436849418  454  2999  26708335  2623  0  0  27105  0  454  5477  27131  0  27105  13  27131  3095  0  2710  0  0  27131  0  7891988  0  27105  0  0  7892153  12782108  0  127211  0.0  100.0  
