#type:T;
#time  gt  cn  Pt  Px  gx  cx  gn  gm  Pn  Pm  Ft  cm  pt  Fx  px  ct  pn  Fm  Fn  pm  dn  On  Om  dm  dx  Ox  dt  Ot  Gt  Cn  Cm  Gx  Cx  Gn  Gm  Ct  
1436654405  1855637874  0  159822148122  33834098  535045  0  1466530  157  9456361  1748  688574977  2147483647  0  358252  0  0  0  205  635535  2147483647  0  24501  208  2147483647  0  9209666  0  1405330698  74173182052  17327006  196  33820551  101370  7992882  1225  38770946560  
1436654416  1855734174  0  159850240688  33834098  535045  0  1466780  154  9459166  1748  688624610  2147483647  0  358252  0  0  0  205  635582  2147483647  0  26727  208  2147483647  0  9209666  0  1411996148  74173182052  17329811  196  33820551  101370  7992882  1225  38779562481  
#type:T;
#time  gt  cn  Pt  Px  gx  cx  gn  gm  Pn  Pm  Ft  cm  pt  Fx  px  ct  pn  Fm  Fn  pm  dn  On  Om  dm  dx  Ox  dt  Ot  Gt  Cn  Cm  Gx  Cx  Gn  Gm  Ct  
1436654436  1856186177  0  159979751634  33834098  535045  0  1467263  154  9470547  1748  771337233  2147483647  0  358252  0  0  0  205  793649  2147483647  0  27443  205  2147483647  0  9209666  0  1413346007  74245019349  17349817  196  33820551  101370  8001533  1225  38829327212  
#type:T;
#time  gt  cn  Pt  Px  gx  cx  gn  gm  Pn  Pm  Ft  cm  pt  Fx  px  ct  pn  Fm  Fn  pm  dn  On  Om  dm  dx  Ox  dt  Ot  Gt  Cn  Cm  Gx  Cx  Gn  Gm  Ct  
1436654456  1856674852  0  160435720127  33834098  535045  0  1467818  154  9504127  1748  780503321  2147483647  0  358252  0  0  0  205  803365  2147483647  0  27443  205  2147483647  0  9209666  0  1413346007  74514479271  17416217  196  33820551  101370  8034580  1225  38992688052  
1436654466  1861328282  0  160584204888  33834098  535045  0  1472341  154  9514566  1748  782226287  2147483647  0  358252  0  0  0  205  805327  2147483647  0  27443  205  2147483647  0  9209666  0  1413346007  74607720580  17437219  196  33820551  101370  8045176  1225  39047497835  
1436654476  1880538232  0  161709976048  33834098  535045  0  1487161  154  9570645  1748  782285253  2147483647  0  358252  0  0  0  205  805373  2147483647  0  27443  205  2147483647  0  9209666  0  1413346007  74919196726  17531479  196  33820551  101370  8084194  1225  39224035823  
1436654486  1888604825  0  164622996008  33834098  535045  0  1494957  154  9766140  1748  782326434  2147483647  0  358252  0  0  0  205  805432  2147483647  0  27771  205  2147483647  0  9209666  0  1413872219  76313259481  17907187  196  33820551  101370  8270581  1225  39719102278  
1436654496  1897177743  0  167100073498  33834098  535045  0  1503375  154  9914849  1748  782374743  2147483647  0  358252  0  0  0  205  805504  2147483647  0  28446  205  2147483647  0  9209666  0  1415270843  77383833561  18193717  196  33820551  101370  8412281  1222  40124129016  
1436654506  1907008516  0  168837790448  33834098  535045  0  1512376  154  10013949  1748  782374743  2147483647  0  358252  0  0  0  205  805504  2147483647  0  28446  205  2147483647  0  9209666  0  1415270843  78037967530  18380986  196  33820551  101370  8502721  1222  40401743382  
1436654516  1917054654  0  171221804506  33834098  535045  0  1521775  154  10159746  1748  782397873  2147483647  0  358252  0  0  0  205  805519  2147483647  0  28446  205  2147483647  0  9209666  0  1415270843  79094981364  18661033  196  33820551  101370  8640870  1222  40794088102  
1436654526  1928138380  0  172534247455  33834098  535045  0  1531553  154  10221778  1748  782397873  2147483647  0  358252  0  0  0  205  805519  2147483647  0  29086  205  2147483647  0  9209666  0  1416396053  79497441795  18772767  196  33820551  101370  8691608  1222  40997466638  
1436654536  1940498525  0  173785475688  33834098  535045  0  1541249  154  10277125  1748  782397873  2147483647  0  358252  0  0  0  205  805519  2147483647  0  29086  205  2147483647  0  9209666  0  1416396053  79839087975  18872946  196  33820551  101370  8737344  1222  41177824105  
1436654546  1953252328  0  175674854186  33834098  535045  0  1552416  154  10368557  1748  782397873  2147483647  0  358252  0  0  0  205  805519  2147483647  0  29086  205  2147483647  0  9209666  0  1416396053  80472806752  19044405  196  33820551  101370  8819190  1222  41471745595  
#type:T;
#time  gt  cn  Pt  Px  gx  cx  gn  gm  Pn  Pm  Ft  cm  pt  Fx  px  ct  pn  Fm  Fn  pm  dn  On  Om  dm  dx  Ox  dt  Ot  Gt  Cn  Cm  Gx  Cx  Gn  Gm  Ct  
1436654566  1977782712  0  178177100339  33834098  535045  0  1571913  154  10484081  1748  782397873  2147483647  0  358252  0  0  0  205  805519  2147483647  0  29808  205  2147483647  0  9209666  0  1434554278  81233191720  19250724  196  33820551  101370  8912289  1222  41844165824  
1436654576  1996016517  0  179269005675  33834098  535045  0  1586903  154  10540334  1748  782397873  2147483647  0  358252  0  0  0  205  805519  2147483647  0  30023  205  2147483647  0  9209666  0  1456106284  81510743370  19348630  196  33820551  101370  8954800  1222  42007713609  
#type:T;
#time  gt  cn  Pt  Px  gx  cx  gn  gm  Pn  Pm  Ft  cm  pt  Fx  px  ct  pn  Fm  Fn  pm  dn  On  Om  dm  dx  Ox  dt  Ot  Gt  Cn  Cm  Gx  Cx  Gn  Gm  Ct  
1436654596  2030311690  0  180766440256  33834098  535045  0  1614473  154  10616586  1748  782695430  2147483647  0  358252  0  0  0  205  805741  2147483647  0  30270  205  2147483647  0  9209666  0  1464326013  81904753322  19475947  196  33820551  101370  9006811  1222  42254108606  
1436654606  2043381753  0  181152258927  33834098  535045  0  1623892  154  10633674  1748  782936687  2147483647  0  358252  0  0  0  205  805879  2147483647  0  30338  205  2147483647  0  9209666  0  1471849511  81957888978  19498810  196  33820551  101370  9012677  1222  42309926574  
1436654616  2060085631  0  182266921057  33834098  535045  0  1637345  154  10697134  1748  783113975  2147483647  0  358252  0  0  0  205  806005  2147483647  0  30338  205  2147483647  0  9209666  0  1471849511  82293629631  19611150  196  33820551  101370  9062409  1222  42501329933  
1436654626  2078281071  0  183868626608  33834098  535045  0  1651783  154  10774318  1748  783422971  2147483647  0  358252  0  0  0  205  806262  2147483647  0  30338  205  2147483647  0  9209666  0  1471849511  82817194301  19748052  196  33820551  101370  9123477  1222  42766315923  
1436654636  2101802591  0  187387896313  33834098  535045  0  1675210  154  11021713  1748  783842582  2147483647  0  358252  0  0  0  205  806592  2147483647  0  30338  205  2147483647  0  9209666  0  1471849511  84319080632  20210861  196  33820551  113244  9344654  1222  43411031127  
1436654646  2116012847  0  191616227133  33834098  535045  0  1689642  154  11263144  1748  787699552  2147483647  0  358252  0  0  0  205  809913  2147483647  0  30517  205  2147483647  0  9209666  0  1479118151  86452624089  20672704  196  33820551  113244  9571605  1222  44235186314  
1436654656  2141490216  0  194315346580  33834098  535045  0  1713282  154  11435289  1748  797095102  2147483647  0  358252  0  0  0  205  818167  2147483647  0  31107  205  2147483647  0  9209666  0  1495334747  87834660017  20990400  196  33820551  113244  9720164  1222  44894518928  
1436654666  2172234121  0  196981475809  33834098  535045  0  1740634  154  11602491  1748  805806519  2147483647  0  358252  0  0  0  205  825719  2147483647  0  31471  205  2147483647  0  9209666  0  1503235327  89172721535  21294451  196  33820551  113244  9859888  1222  45549669850  
1436654676  2189134017  0  198632846284  33834098  535045  0  1753893  154  11698500  1748  811400377  2147483647  0  358252  0  0  0  205  829755  2147483647  0  31738  205  2147483647  0  9209666  0  1519044981  90005821405  21471699  196  33820551  113244  9942736  1222  45953734231  
1436654686  2207196252  0  199835459038  33834098  535045  0  1767603  154  11765458  1748  815688872  2147483647  0  358252  0  0  0  205  833078  2147483647  0  31984  205  2147483647  0  9209666  0  1543182444  90568679010  21591308  196  33820551  113244  9996178  1222  46244366075  
1436654696  2226514793  0  201065670094  33834098  535045  0  1782457  154  11834930  1748  819283539  2147483647  0  358252  0  0  0  205  835754  2147483647  0  31984  205  2147483647  0  9209666  0  1543182444  91116000627  21714262  196  33820551  113244  10050532  1222  46524566112  
1436654706  2237664553  0  201777070861  33834098  535045  0  1790915  154  11874576  1748  821903941  2147483647  0  358252  0  0  0  205  837754  2147483647  0  32219  205  2147483647  0  9209666  0  1566774118  91441929988  21784872  196  33820551  113244  10081967  1222  46699712005  
1436654716  2257973006  0  202985395512  33834098  535045  0  1805594  154  11943967  1748  825776900  2147483647  0  358252  0  0  0  205  840441  2147483647  0  32408  205  2147483647  0  9209666  0  1584041283  91981755673  21907836  196  33820551  113244  10136506  1222  46969697635  
1436654726  2278571498  0  203907547184  33834098  535045  0  1820726  154  11995651  1739  829435808  2147483647  0  358252  0  0  0  205  843077  2147483647  0  32901  205  2147483647  0  9209666  0  1630297663  92376826230  21995868  196  33820551  113244  10173397  1222  47191227311  
1436654736  2295066422  0  204731292019  33834098  535045  0  1833074  154  12040275  1739  832975341  2147483647  0  358252  0  0  0  205  846038  2147483647  0  32901  205  2147483647  0  9209666  0  1630297663  92707051301  22071955  196  33820551  113244  10205349  1222  47368082163  
1436654746  2309606953  0  205703546205  33834098  535045  0  1843974  154  12097571  1739  835716690  2147483647  0  358252  0  0  0  205  848243  2147483647  0  32901  205  2147483647  0  9209666  0  1630297663  93139442643  22174698  196  33820551  113244  10251632  1222  47586677670  
1436654756  2317615044  0  206720557806  33834098  535045  0  1850466  154  12159336  1739  841468653  2147483647  0  358252  0  0  0  205  852924  2147483647  0  33338  205  2147483647  0  9209666  0  1666936085  93665947853  22290933  196  33820551  113244  10306989  1222  47850933766  
1436654766  2340114286  0  207760953892  33834098  535045  0  1866801  154  12216366  1739  846492956  2147483647  0  358252  0  0  0  205  856405  2147483647  0  33338  205  2147483647  0  9209666  0  1666936085  94089530266  22388047  196  33820551  113244  10347652  1222  48090513289  
1436654776  2370849580  0  209619589220  33834098  535045  0  1891522  154  12325004  1739  852092901  2147483647  0  358252  0  0  0  205  860819  2147483647  0  33659  205  2147483647  0  9209666  0  1698424888  94908986146  22578988  196  33820551  113244  10431609  1222  48498428863  
1436654786  2411876033  0  211895228513  33834098  535045  0  1923582  154  12467869  1739  858800267  2147483647  0  358252  0  0  0  205  866495  2147483647  0  34286  205  2147483647  0  9209666  0  1733838232  95951125386  22830367  196  33820551  113244  10542311  1222  49027697031  
#type:T;
#time  gt  cn  Pt  Px  gx  cx  gn  gm  Pn  Pm  Ft  cm  pt  Fx  px  ct  pn  Fm  Fn  pm  dn  On  Om  dm  dx  Ox  dt  Ot  Gt  Cn  Cm  Gx  Cx  Gn  Gm  Ct  
1436654806  2463318398  0  215442166882  33834098  535045  0  1966813  154  12678983  1739  875879558  2147483647  0  358252  0  0  0  205  880378  2147483647  0  34948  205  2147483647  0  9209666  0  1791919171  97605607877  23206181  196  33820551  113244  10710282  1222  49884503215  
1436654816  2491634533  0  217345231538  33834098  535045  0  1990404  154  12797707  1739  883316245  2147483647  0  358252  0  0  0  205  886644  2147483647  0  35278  205  2147483647  0  9209666  0  1821393241  98541237768  23418165  196  33820551  113244  10805467  1222  50371186048  
#type:T;
#time  gt  cn  Pt  Px  gx  cx  gn  gm  Pn  Pm  Ft  cm  pt  Fx  px  ct  pn  Fm  Fn  pm  dn  On  Om  dm  dx  Ox  dt  Ot  Gt  Cn  Cm  Gx  Cx  Gn  Gm  Ct  
1436654836  2507188286  0  219078041727  33834098  535045  0  2002448  154  12899353  1739  890405954  2147483647  0  358252  0  0  0  205  892142  2147483647  0  35674  205  2147483647  0  9209666  0  1849574216  99437357815  23607893  196  33820551  113244  10894939  1222  50829253484  
#type:T;
#time  gt  cn  Pt  Px  gx  cx  gn  gm  Pn  Pm  Ft  cm  pt  Fx  px  ct  pn  Fm  Fn  pm  dn  On  Om  dm  dx  Ox  dt  Ot  Gt  Cn  Cm  Gx  Cx  Gn  Gm  Ct  
1436654856  2529007391  0  221197853328  33834098  535045  0  2019503  154  13016132  1739  899172430  2147483647  0  358252  0  0  0  205  898314  2147483647  0  36120  205  2147483647  0  9209666  0  1879086990  100418523850  23822982  196  33820551  113244  10994682  1222  51327676593  
1436654867  2534596043  0  221495295414  33834098  535045  0  2023637  154  13032460  1739  900469466  2147483647  0  358252  0  0  0  205  899262  2147483647  0  36120  205  2147483647  0  9209666  0  1879086990  100544852545  23851534  196  33820551  113244  11007060  1222  51399634323  
1436654877  2549617204  0  222385277395  33834098  535045  0  2035231  154  13081055  1739  903746580  2147483647  0  358252  0  0  0  205  901836  2147483647  0  36120  205  2147483647  0  9209666  0  1879086990  100926254339  23936367  196  33820551  113244  11043840  1222  51615865842  
1436654887  2565588410  0  223210147738  33834098  535045  0  2046983  154  13126925  1739  908285273  2147483647  0  358252  0  0  0  205  905178  2147483647  0  36120  205  2147483647  0  9209666  0  1879086990  101275867785  24016237  196  33820551  113244  11078194  1222  51814988697  
1436654897  2567469854  0  224365010218  33834098  535045  0  2048428  154  13195788  1739  913527102  2147483647  0  358252  0  0  0  205  909163  2147483647  0  36473  205  2147483647  0  9209666  0  1904144006  101921174154  24151403  196  33820551  113244  11145591  1222  52137108000  
1436654907  2572725759  0  224655721190  33834098  535045  0  2052614  154  13211377  1739  914589194  2147483647  0  358252  0  0  0  205  909998  2147483647  0  36473  205  2147483647  0  9209666  0  1904144006  102037149818  24178197  196  33820551  113244  11156881  1222  52207161599  
1436654917  2583829001  0  225267984618  33834098  535045  0  2060803  154  13245030  1739  917342684  2147483647  0  358252  0  0  0  205  912092  2147483647  0  36473  205  2147483647  0  9209666  0  1904144006  102308242828  24236820  196  33820551  113244  11182229  1222  52359563939  
1436654927  2595668820  0  225865240135  33834098  535045  0  2069926  154  13276427  1739  919511452  2147483647  0  358252  0  0  0  205  913723  2147483647  0  36473  205  2147483647  0  9209666  0  1904144006  102534939037  24290351  196  33820551  113244  11204621  1222  52490183497  
1436654937  2596494384  0  226926399206  33834098  535045  0  2070617  154  13334854  1739  923866468  2147483647  0  358252  0  0  0  205  916947  2147483647  0  36610  205  2147483647  0  9209666  0  1915162227  103120046008  24405968  196  33820551  113244  11262592  1222  52777153618  
1436654948  2598011732  0  227022072788  33834098  535045  0  2071682  154  13340009  1739  924345989  2147483647  0  358252  0  0  0  205  917293  2147483647  0  36899  205  2147483647  0  9209666  0  1940341230  103168626683  24414908  196  33820551  113244  11266423  1222  52803323741  
1436654958  2613952754  0  228005481965  33834098  535045  0  2084282  154  13397786  1739  927023774  2147483647  0  358252  0  0  0  205  919335  2147483647  0  36899  205  2147483647  0  9209666  0  1940341230  103602834066  24517197  196  33820551  113244  11311602  1222  53044007437  
1436654968  2627198939  0  229169889996  33834098  535045  0  2094102  154  13462776  1739  930548695  2147483647  0  358252  0  0  0  205  922135  2147483647  0  36899  205  2147483647  0  9209666  0  1940341230  104153586575  24636678  196  33820551  113244  11366952  1222  53327116293  
1436654978  2639227178  0  230368437940  33834098  535045  0  2102573  154  13530881  1739  935204707  2147483647  0  358252  0  0  0  205  925655  2147483647  0  37242  205  2147483647  0  9209666  0  1959209822  104742326672  24763306  196  33820551  113244  11426346  1222  53635947367  
1436654988  2644211279  0  230725005887  33834098  535045  0  2106895  154  13552955  1739  936539028  2147483647  0  358252  0  0  0  205  926839  2147483647  0  37242  205  2147483647  0  9209666  0  1959209822  104912924095  24803092  196  33820551  113244  11444342  1222  53730775555  
1436654998  2657302665  0  231567769548  33834098  535045  0  2116723  154  13600431  1739  939735455  2147483647  0  358252  0  0  0  205  929319  2147483647  0  37242  205  2147483647  0  9209666  0  1959209822  105296503517  24887647  196  33820551  113244  11481901  1222  53938564328  
1436655008  2659895243  0  232514804308  33834098  535045  0  2118780  154  13653235  1739  943096007  2147483647  0  358252  0  0  0  205  931939  2147483647  0  37242  205  2147483647  0  9209666  0  1959209822  105775550217  24990275  196  33820551  113244  11532595  1222  54168229369  
1436655018  2674273660  0  233361589582  33834098  535045  0  2125899  154  13699346  1739  947806720  2147483647  0  358252  0  0  0  205  935778  2147483647  0  37639  205  2147483647  0  9209666  0  1988080459  106179829874  25075009  196  33820551  113244  11571688  1222  54376958019  
1436655028  2682534133  0  233770232239  33834098  535045  0  2132044  154  13722057  1739  950146976  2147483647  0  358252  0  0  0  205  937433  2147483647  0  37639  205  2147483647  0  9209666  0  1988080459  106359265487  25113862  196  33820551  113244  11588040  1222  54483903490  
1436655038  2686445252  0  233961575606  33834098  535045  0  2134960  154  13732781  1739  951817835  2147483647  0  358252  0  0  0  205  938589  2147483647  0  37639  205  2147483647  0  9209666  0  1988080459  106442978494  25132291  196  33820551  113244  11595843  1222  54534456745  
1436655048  2698323071  0  234717716878  33834098  535045  0  2143964  154  13774503  1739  956119318  2147483647  0  358252  0  0  0  205  941582  2147483647  0  37639  205  2147483647  0  9209666  0  1988080459  106784960519  25206281  196  33820551  113244  11628553  1222  54729119459  
1436655058  2699174094  0  235595800224  33834098  535045  0  2144954  154  13821874  1739  960484117  2147483647  0  358252  0  0  0  205  944973  2147483647  0  37779  205  2147483647  0  9209666  0  2001276344  107222418139  25300037  196  33820551  113244  11675527  1222  54933052358  
1436655068  2719807839  0  236494526402  33834098  535045  0  2157733  154  13873166  1739  964260248  2147483647  0  358252  0  0  0  205  947918  2147483647  0  38001  205  2147483647  0  9209666  0  2022338058  107589445562  25388786  196  33820551  113244  11713448  1222  55148267913  
1436655081  2723028669  0  236681861056  33834098  535045  0  2160106  154  13884594  1739  965137626  2147483647  0  358252  0  0  0  205  948615  2147483647  0  38001  205  2147483647  0  9209666  0  2022338058  107674419966  25409233  196  33820551  113244  11722589  1222  55195235827  
1436655091  2732107276  0  237557467533  33834098  535045  0  2167928  154  13934222  1739  968907199  2147483647  0  358252  0  0  0  205  951525  2147483647  0  38001  205  2147483647  0  9209666  0  2022338058  108068744425  25500044  196  33820551  113244  11764353  1222  55400702224  
#type:T;
#time  gt  cn  Pt  Px  gx  cx  gn  gm  Pn  Pm  Ft  cm  pt  Fx  px  ct  pn  Fm  Fn  pm  dn  On  Om  dm  dx  Ox  dt  Ot  Gt  Cn  Cm  Gx  Cx  Gn  Gm  Ct  
1436655111  2748265817  0  239011785389  33834098  535045  0  2180460  154  14015786  1739  974118412  2147483647  0  358252  0  0  0  205  955391  2147483647  0  38393  205  2147483647  0  9209666  0  2051246977  108748098073  25649846  196  33820551  113244  11833421  1222  55761856388  
1436655121  2750318385  0  239252459796  33834098  535045  0  2181997  154  14029723  1739  974490290  2147483647  0  358252  0  0  0  205  955610  2147483647  0  38393  205  2147483647  0  9209666  0  2051246977  108856992743  25676196  196  33820551  113244  11845986  1222  55817971857  
1436655131  2762424866  0  240314021801  33834098  535045  0  2191061  154  14089710  1739  976455134  2147483647  0  358252  0  0  0  205  956976  2147483647  0  38393  205  2147483647  0  9209666  0  2051246977  109344883242  25786043  196  33820551  113244  11896654  1222  56074631490  
#type:T;
#time  gt  cn  Pt  Px  gx  cx  gn  gm  Pn  Pm  Ft  cm  pt  Fx  px  ct  pn  Fm  Fn  pm  dn  On  Om  dm  dx  Ox  dt  Ot  Gt  Cn  Cm  Gx  Cx  Gn  Gm  Ct  
1436655151  2777753573  0  242482980162  33834098  535045  0  2202684  154  14211541  1739  984680073  2147483647  0  358252  0  0  0  205  962969  2147483647  0  38738  205  2147483647  0  9209666  0  2075615202  110413003001  26016489  196  33820551  113244  12006927  1222  56614034947  
1436655161  2785950571  0  243064303523  33834098  535045  0  2208858  154  14242826  1739  986653218  2147483647  0  358252  0  0  0  205  964371  2147483647  0  38738  205  2147483647  0  9209666  0  2075615202  110665922655  26072447  196  33820551  113244  12032009  1222  56747732216  
1436655171  2790445759  0  243499067127  33834098  535045  0  2212233  154  14265126  1739  987224362  2147483647  0  358252  0  0  0  205  964723  2147483647  0  38738  205  2147483647  0  9209666  0  2075615202  110858002830  26113497  196  33820551  113244  12051084  1222  56841739949  
1436655181  2798116456  0  244044348497  33834098  535045  0  2218624  154  14295470  1739  989629642  2147483647  0  358252  0  0  0  205  966526  2147483647  0  38738  205  2147483647  0  9209666  0  2075615202  111079784259  26167400  196  33820551  113244  12074863  1222  56971471904  
1436655191  2798456922  0  244825447801  33834098  535045  0  2218925  154  14340282  1739  994365688  2147483647  0  358252  0  0  0  205  970367  2147483647  0  38881  205  2147483647  0  9209666  0  2088733178  111511008053  26256290  196  33820551  113244  12119432  1222  57190583824  
1436655201  2815502803  0  245602398391  33834098  535045  0  2231918  154  14384424  1739  999686861  2147483647  0  358252  0  0  0  205  974127  2147483647  0  39152  205  2147483647  0  9209666  0  2109343813  111830401754  26331264  196  33820551  113244  12150636  1222  57379492391  
1436655211  2819972390  0  245869782435  33834098  535045  0  2235314  154  14398824  1739  1000898294  2147483647  0  358252  0  0  0  205  975030  2147483647  0  39152  205  2147483647  0  9209666  0  2109343813  111943335550  26356653  196  33820551  113244  12161727  1222  57442726784  
1436655221  2831103428  0  246446682963  33834098  535045  0  2244007  154  14430947  1739  1003790127  2147483647  0  358252  0  0  0  205  977037  2147483647  0  39152  205  2147483647  0  9209666  0  2109343813  112172342429  26411741  196  33820551  113244  12184976  1222  57579490388  
1436655231  2833013597  0  247361250188  33834098  535045  0  2245533  154  14485577  1739  1007572668  2147483647  0  358252  0  0  0  205  979878  2147483647  0  39293  205  2147483647  0  9209666  0  2113022798  112660429324  26518642  196  33820551  113244  12238044  1222  57820828393  
1436655241  2845657459  0  248229087062  33834098  535045  0  2255202  154  14534128  1739  1010669709  2147483647  0  358252  0  0  0  205  982161  2147483647  0  39511  205  2147483647  0  9209666  0  2134126500  113044563456  26605635  196  33820551  113244  12277047  1222  58032083562  
1436655251  2849751542  0  248507094026  33834098  535045  0  2258390  154  14548204  1739  1011143128  2147483647  0  358252  0  0  0  205  982468  2147483647  0  39511  205  2147483647  0  9209666  0  2134126500  113153104581  26630526  196  33820551  113244  12288032  1222  58089395879  
1436655261  2860882559  0  249356594611  33834098  535045  0  2267940  154  14596370  1739  1013969376  2147483647  0  358252  0  0  0  205  984774  2147483647  0  39511  205  2147483647  0  9209666  0  2134126500  113534842308  26716691  196  33820551  113244  12326594  1222  58297094272  
1436655271  2860979537  0  250681798386  33834098  535045  0  2268044  154  14670952  1739  1016179289  2147483647  0  358252  0  0  0  205  986340  2147483647  0  39644  205  2147483647  0  9209666  0  2137622787  114257002708  26864264  196  33820551  113244  12400919  1222  58617337758  
1436655282  2875000910  0  251412112020  33834098  535045  0  2279682  154  14715613  1739  1019569959  2147483647  0  358252  0  0  0  205  989212  2147483647  0  39902  205  2147483647  0  9209666  0  2144774288  114583975675  26941616  196  33820551  113244  12433997  1222  58805748019  
1436655292  2880167772  0  251747540626  33834098  535045  0  2283309  154  14733640  1739  1020811272  2147483647  0  358252  0  0  0  205  990114  2147483647  0  39902  205  2147483647  0  9209666  0  2144774288  114727527389  26973840  196  33820551  113244  12448417  1222  58883980295  
#type:T;
#time  gt  cn  Pt  Px  gx  cx  gn  gm  Pn  Pm  Ft  cm  pt  Fx  px  ct  pn  Fm  Fn  pm  dn  On  Om  dm  dx  Ox  dt  Ot  Gt  Cn  Cm  Gx  Cx  Gn  Gm  Ct  
1436655322  2910082320  0  254765480256  33834098  535045  0  2307044  154  14909773  1739  1033321403  2147483647  0  358252  0  0  0  205  1000010  2147483647  0  40254  205  2147483647  0  9209666  0  2168900377  116219573196  27299741  196  33820551  113244  12600770  1222  59654711385  
1436655332  2917381441  0  255086001948  33834098  535045  0  2312711  154  14926814  1739  1034846455  2147483647  0  358252  0  0  0  205  1001059  2147483647  0  40254  205  2147483647  0  9209666  0  2168900377  116336327588  27328064  196  33820551  113244  12612215  1222  59725507275  
1436655342  2921792776  0  256310532133  33834098  535045  0  2316091  154  14996474  1739  1039629073  2147483647  0  358252  0  0  0  205  1004701  2147483647  0  40395  205  2147483647  0  9209666  0  2172797485  116946403231  27463061  196  33820551  113244  12678640  1222  60017582479  
1436655352  2935214361  0  257420241555  33834098  535045  0  2327353  154  15062079  1739  1045128665  2147483647  0  358252  0  0  0  205  1008840  2147483647  0  40666  205  2147483647  0  9209666  0  2181451689  117466225331  27582111  196  33820551  113244  12732848  1222  60296888598  
1436655365  2940069837  0  257855405651  33834098  535045  0  2331101  154  15085478  1739  1045755078  2147483647  0  358252  0  0  0  205  1009247  2147483647  0  40666  205  2147483647  0  9209666  0  2181451689  117658459267  27625069  196  33820551  113244  12752629  1222  60394954745  
1436655375  2950435760  0  258497962878  33834098  535045  0  2339031  154  15118003  1739  1047712312  2147483647  0  358252  0  0  0  205  1010605  2147483647  0  40666  205  2147483647  0  9209666  0  2181451689  117900974134  27681599  196  33820551  113244  12776938  1222  60531056859  
1436655385  2954681628  0  259607333302  33834098  535045  0  2342489  154  15180020  1739  1051656198  2147483647  0  358252  0  0  0  205  1013396  2147483647  0  40805  205  2147483647  0  9209666  0  2194941018  118475541864  27801623  196  33820551  113244  12835814  1222  60816838794  
#type:T;
#time  gt  cn  Pt  Px  gx  cx  gn  gm  Pn  Pm  Ft  cm  pt  Fx  px  ct  pn  Fm  Fn  pm  dn  On  Om  dm  dx  Ox  dt  Ot  Gt  Cn  Cm  Gx  Cx  Gn  Gm  Ct  
1436655405  2977348533  0  261152084304  33834098  535045  0  2359666  154  15266051  1739  1057276126  2147483647  0  358252  0  0  0  205  1017517  2147483647  0  41014  205  2147483647  0  9209666  0  2214804947  119152299619  27955551  196  33820551  113244  12904587  1222  61190033806  
#type:T;
#time  gt  cn  Pt  Px  gx  cx  gn  gm  Pn  Pm  Ft  cm  pt  Fx  px  ct  pn  Fm  Fn  pm  dn  On  Om  dm  dx  Ox  dt  Ot  Gt  Cn  Cm  Gx  Cx  Gn  Gm  Ct  
1436655425  2985433015  0  262229779599  33834098  535045  0  2366180  154  15329411  1739  1060599284  2147483647  0  358252  0  0  0  205  1020172  2147483647  0  41014  205  2147483647  0  9209666  0  2214804947  119691436393  28075008  196  33820551  113244  12961348  1222  61476753878  
1436655435  2990126617  0  263176725389  33834098  535045  0  2370270  154  15385525  1739  1063699781  2147483647  0  358252  0  0  0  205  1022736  2147483647  0  41414  205  2147483647  0  9209666  0  2252424918  120153924672  28182373  196  33820551  113244  13013347  1222  61706998828  
1436655445  3001823737  0  264083439792  33834098  535045  0  2379258  154  15439669  1739  1066707518  2147483647  0  358252  0  0  0  205  1025159  2147483647  0  41414  205  2147483647  0  9209666  0  2252424918  120577212163  28280910  196  33820551  113244  13058452  1222  61936592094  
1436655458  3005284834  0  264265800339  33834098  535045  0  2381917  154  15449795  1739  1067495811  2147483647  0  358252  0  0  0  205  1025739  2147483647  0  41414  205  2147483647  0  9209666  0  2252424918  120663968446  28298754  196  33820551  113244  13066292  1222  61983097197  
1436655468  3014479563  0  265024770923  33834098  535045  0  2389034  154  15493576  1739  1069615143  2147483647  0  358252  0  0  0  205  1027317  2147483647  0  41414  205  2147483647  0  9209666  0  2252424918  121027035339  28378200  196  33820551  113244  13102591  1222  62176949571  
1436655478  3020630307  0  265681035460  33834098  535045  0  2393751  154  15531711  1739  1072186584  2147483647  0  358252  0  0  0  205  1029281  2147483647  0  41414  205  2147483647  0  9209666  0  2252424918  121354422305  28449347  196  33820551  113244  13136026  1222  62349284030  
1436655488  3020630307  0  266455479547  33834098  535045  0  2393751  154  15576664  1739  1076097117  2147483647  0  358252  0  0  0  205  1032173  2147483647  0  41559  205  2147483647  0  9209666  0  2265123158  121793438130  28538752  196  33820551  113244  13181009  1222  62578081070  
1436655498  3024921373  0  266803725319  33834098  535045  0  2396928  154  15596155  1739  1077952372  2147483647  0  358252  0  0  0  205  1033531  2147483647  0  41780  205  2147483647  0  9209666  0  2284629646  121955050697  28574338  196  33820551  113244  13197225  1222  62672621175  
1436655508  3034371544  0  267368317529  33834098  535045  0  2404259  154  15626889  1739  1080887623  2147483647  0  358252  0  0  0  205  1035606  2147483647  0  41780  205  2147483647  0  9209666  0  2284629646  122208177983  28628458  196  33820551  113244  13220946  1222  62813297070  
1436655518  3044492697  0  268015196312  33834098  535045  0  2411979  154  15661221  1739  1083558121  2147483647  0  358252  0  0  0  205  1037549  2147483647  0  41780  205  2147483647  0  9209666  0  2284629646  122479520426  28688813  196  33820551  113244  13247352  1222  62962302189  
1436655528  3052626332  0  268676851955  33834098  535045  0  2417611  154  15697508  1739  1086139357  2147483647  0  358252  0  0  0  205  1039432  2147483647  0  41780  205  2147483647  0  9209666  0  2284629646  122746133944  28755151  196  33820551  113244  13277820  1222  63101384293  
1436655538  3052626332  0  269225853598  33834098  535045  0  2417611  154  15726429  1736  1088585916  2147483647  0  358252  0  0  0  205  1040988  2147483647  0  41912  205  2147483647  0  9209666  0  2295757636  123024102560  28812723  196  33820551  113244  13306827  1222  63231888961  
1436655548  3052928128  0  269308594307  33834098  535045  0  2417868  154  15732197  1736  1088946282  2147483647  0  358252  0  0  0  205  1041268  2147483647  0  41912  205  2147483647  0  9209666  0  2295757636  123077036412  28823915  196  33820551  113244  13312314  1222  63257477757  
1436655558  3062376395  0  269900401102  33834098  535045  0  2425858  154  15768222  1736  1091955653  2147483647  0  358252  0  0  0  205  1043799  2147483647  0  42174  205  2147483647  0  9209666  0  2321817333  123343442906  28887763  196  33820551  113244  13340493  1222  63412730020  
1436655568  3072517263  0  270654646604  33834098  535045  0  2434431  154  15808296  1736  1093966327  2147483647  0  358252  0  0  0  205  1045277  2147483647  0  42174  205  2147483647  0  9209666  0  2321817333  123644946417  28959014  196  33820551  113244  13372009  1222  63571094912  
1436655578  3083257206  0  271354452561  33834098  535045  0  2443134  154  15847832  1736  1096934029  2147483647  0  358252  0  0  0  205  1047445  2147483647  0  42174  205  2147483647  0  9209666  0  2321817333  123959784778  29028949  196  33820551  113244  13402802  1222  63742532023  
1436655588  3083257206  0  271541960914  33834098  535045  0  2443134  154  15858655  1736  1098246479  2147483647  0  358252  0  0  0  205  1048393  2147483647  0  42174  205  2147483647  0  9209666  0  2321817333  124051294956  29050310  196  33820551  113244  13413441  1222  63791937630  
1436655598  3083257206  0  272092108388  33834098  535045  0  2443134  154  15888752  1736  1100441169  2147483647  0  358252  0  0  0  205  1050102  2147483647  0  42311  205  2147483647  0  9209666  0  2333174527  124316134644  29110263  196  33820551  113244  13443672  1222  63922726453  
1436655608  3098046068  0  272705585699  33834098  535045  0  2450402  154  15925055  1736  1102791045  2147483647  0  358252  0  0  0  205  1052010  2147483647  0  42520  205  2147483647  0  9209666  0  2352297025  124597025166  29175227  196  33820551  113244  13472676  1222  64083007812  
1436655618  3110424690  0  273458290077  33834098  535045  0  2459602  154  15968411  1736  1105759653  2147483647  0  358252  0  0  0  205  1053974  2147483647  0  42520  205  2147483647  0  9209666  0  2352297025  124948686608  29252305  196  33820551  113244  13506794  1222  64287342713  
1436655628  3113868396  0  273620993335  33834098  535045  0  2462244  154  15976178  1736  1106503998  2147483647  0  358252  0  0  0  205  1054513  2147483647  0  42520  205  2147483647  0  9209666  0  2352297025  124996868653  29265280  196  33820551  113244  13512041  1222  64317424514  
1436655638  3118560641  0  273962653460  33834098  535045  0  2465999  154  15993481  1736  1108276539  2147483647  0  358252  0  0  0  205  1055777  2147483647  0  42520  205  2147483647  0  9209666  0  2352297025  125114133035  29295965  196  33820551  113244  13525538  1222  64384626111  
1436655648  3118560641  0  274523179565  33834098  535045  0  2465999  154  16024895  1736  1112008900  2147483647  0  358252  0  0  0  205  1058825  2147483647  0  42660  205  2147483647  0  9209666  0  2365568080  125398268162  29358455  196  33820551  113244  13556912  1222  64530134648  
1436655658  3133474758  0  275051815440  33834098  535045  0  2472926  154  16056187  1736  1114901089  2147483647  0  358252  0  0  0  205  1061274  2147483647  0  42925  205  2147483647  0  9209666  0  2389555573  125604642141  29413938  196  33820551  113244  13581332  1222  64654562426  
1436655668  3139240369  0  275296123558  33834098  535045  0  2477679  154  16068563  1736  1116308595  2147483647  0  358252  0  0  0  205  1062369  2147483647  0  42925  205  2147483647  0  9209666  0  2389555573  125672507853  29433763  196  33820551  113244  13588842  1222  64698776057  
1436655678  3151050484  0  275931744723  33834098  535045  0  2486728  154  16103460  1736  1119174842  2147483647  0  358252  0  0  0  205  1064364  2147483647  0  42925  205  2147483647  0  9209666  0  2389555573  125936469627  29494275  196  33820551  113244  13614777  1222  64856435699  
1436655688  3158321079  0  276631534215  33834098  535045  0  2492808  154  16144962  1736  1121710869  2147483647  0  358252  0  0  0  205  1066340  2147483647  0  42925  205  2147483647  0  9209666  0  2389555573  126253760828  29570862  196  33820551  113244  13650367  1222  65022282262  
1436655698  3158321079  0  277314108196  33834098  535045  0  2492808  154  16181699  1736  1123830380  2147483647  0  358252  0  0  0  205  1068063  2147483647  0  43061  205  2147483647  0  9209666  0  2400304200  126585265306  29643899  196  33820551  113244  13687131  1222  65174571539  
1436655708  3159258354  0  277585273234  33834098  535045  0  2493482  154  16195952  1736  1124536036  2147483647  0  358252  0  0  0  205  1068578  2147483647  0  43061  205  2147483647  0  9209666  0  2400304200  126714919990  29671336  196  33820551  113244  13700510  1222  65239468650  
1436655718  3169325020  0  278350457016  33834098  535045  0  2502351  154  16239345  1736  1127122197  2147483647  0  358252  0  0  0  205  1070600  2147483647  0  43277  205  2147483647  0  9209666  0  2419814033  127039797284  29748748  196  33820551  113244  13734980  1222  65415980117  
1436655728  3179889531  0  278889747846  33834098  535045  0  2510503  154  16271231  1736  1129707532  2147483647  0  358252  0  0  0  205  1072573  2147483647  0  43277  205  2147483647  0  9209666  0  2419814033  127266385979  29804140  196  33820551  113244  13758743  1222  65550674503  
1436655738  3185288291  0  279658440064  33834098  535045  0  2514915  154  16314113  1736  1131829589  2147483647  0  358252  0  0  0  205  1074340  2147483647  0  43277  205  2147483647  0  9209666  0  2419814033  127646333362  29885004  196  33820551  113244  13797278  1222  65738823754  
1436655748  3185288291  0  280374652633  33834098  535045  0  2514915  154  16356496  1736  1134459493  2147483647  0  358252  0  0  0  205  1076479  2147483647  0  43421  205  2147483647  0  9209666  0  2423380876  128041108976  29968928  196  33820551  113244  13839483  1222  65929535785  
1436655758  3185288291  0  280385810970  33834098  535045  0  2514915  154  16357087  1736  1134478525  2147483647  0  358252  0  0  0  205  1076490  2147483647  0  43421  205  2147483647  0  9209666  0  2423380876  128051240954  29970385  196  33820551  113244  13840350  1222  65933643938  
1436655768  3198117781  0  281155690730  33834098  535045  0  2525562  154  16400210  1736  1137349246  2147483647  0  358252  0  0  0  205  1078928  2147483647  0  43690  205  2147483647  0  9209666  0  2442918803  128363460161  30045543  196  33820551  113244  13872809  1222  66109230728  
1436655778  3207932785  0  281679883049  33834098  535045  0  2533639  154  16429767  1736  1139669504  2147483647  0  358252  0  0  0  205  1080844  2147483647  0  43690  205  2147483647  0  9209666  0  2442918803  128577056059  30096139  196  33820551  113244  13894091  1222  66238729903  
1436655788  3219717870  0  282421715729  33834098  535045  0  2542533  154  16469412  1736  1141346667  2147483647  0  358252  0  0  0  205  1082028  2147483647  0  43690  205  2147483647  0  9209666  0  2442918803  128885735369  30166255  196  33820551  113244  13924975  1222  66407747960  
1436655799  3219808769  0  282870436002  33834098  535045  0  2542599  154  16493720  1736  1143019217  2147483647  0  358252  0  0  0  205  1083203  2147483647  0  43690  205  2147483647  0  9209666  0  2442918803  129131405421  30214347  196  33820551  113244  13949120  1222  66528558976  
1436655809  3219808769  0  283171270325  33834098  535045  0  2542599  154  16511029  1736  1143802964  2147483647  0  358252  0  0  0  205  1083769  2147483647  0  43690  205  2147483647  0  9209666  0  2442918803  129292050864  30248839  196  33820551  113244  13966507  1222  66609439437  
1436655819  3219918167  0  283841176134  33834098  535045  0  2542809  154  16548108  1736  1145933261  2147483647  0  358252  0  0  0  205  1085338  2147483647  0  43822  205  2147483647  0  9209666  0  2455029262  129604112973  30322145  196  33820551  113244  14003162  1222  66766151836  
1436655829  3230314728  0  284430765505  33834098  535045  0  2550695  154  16584628  1736  1148285519  2147483647  0  358252  0  0  0  205  1087265  2147483647  0  44027  205  2147483647  0  9209666  0  2461083343  129863028461  30387228  196  33820551  113244  14032125  1222  66916247899  
1436655839  3241251068  0  285010213048  33834098  535045  0  2559388  154  16617604  1736  1151387605  2147483647  0  358252  0  0  0  205  1089663  2147483647  0  44027  205  2147483647  0  9209666  0  2461083343  130115190134  30444079  196  33820551  113244  14056270  1222  67069551043  
1436655849  3244643828  0  285128167085  33834098  535045  0  2562067  154  16624550  1736  1152116299  2147483647  0  358252  0  0  0  205  1090288  2147483647  0  44027  205  2147483647  0  9209666  0  2461083343  130155175367  30455153  196  33820551  113244  14060427  1222  67096843445  
1436655859  3250694046  0  285742176321  33834098  535045  0  2566815  154  16658764  1736  1154557605  2147483647  0  358252  0  0  0  205  1092120  2147483647  0  44027  205  2147483647  0  9209666  0  2461083343  130426667673  30518905  196  33820551  113244  14090263  1222  67245852102  
1436655869  3250694046  0  286297949382  33834098  535045  0  2566815  154  16689460  1736  1156926838  2147483647  0  358252  0  0  0  205  1093847  2147483647  0  44169  205  2147483647  0  9209666  0  2473216045  130704650710  30580047  196  33820551  113244  14121004  1222  67386140308  
1436655879  3259200456  0  287074911004  33834098  535045  0  2573813  154  16730610  1736  1158760639  2147483647  0  358252  0  0  0  205  1095254  2147483647  0  44441  205  2147483647  0  9209666  0  2497859241  131020639849  30654629  196  33820551  113244  14154864  1222  67545015235  
1436655889  3263253092  0  287310498284  33834098  535045  0  2576829  154  16744138  1736  1159553718  2147483647  0  358252  0  0  0  205  1095857  2147483647  0  44441  205  2147483647  0  9209666  0  2497859241  131124758564  30678563  196  33820551  113244  14165406  1222  67605896304  
1436655899  3272140054  0  287770717988  33834098  535045  0  2583712  154  16768138  1736  1161549746  2147483647  0  358252  0  0  0  205  1097340  2147483647  0  44441  205  2147483647  0  9209666  0  2497859241  131289497272  30719470  196  33820551  113244  14182516  1222  67700634811  
1436655909  3280944917  0  288286948003  33834098  535045  0  2590298  154  16796118  1736  1164422324  2147483647  0  358252  0  0  0  205  1099366  2147483647  0  44441  205  2147483647  0  9209666  0  2497859241  131510118229  30768646  196  33820551  113244  14203922  1222  67829119467  
1436655919  3285040678  0  288762663493  33834098  535045  0  2593287  154  16821591  1736  1167681270  2147483647  0  358252  0  0  0  205  1101763  2147483647  0  44441  205  2147483647  0  9209666  0  2497859241  131728682163  30816350  196  33820551  113244  14226336  1222  67949781203  
#type:T;
#time  gt  cn  Pt  Px  gx  cx  gn  gm  Pn  Pm  Ft  cm  pt  Fx  px  ct  pn  Fm  Fn  pm  dn  On  Om  dm  dx  Ox  dt  Ot  Gt  Cn  Cm  Gx  Cx  Gn  Gm  Ct  
1436655939  3286221289  0  289693632438  33834098  535045  0  2594282  154  16873027  1736  1170918079  2147483647  0  358252  0  0  0  205  1104167  2147483647  0  44577  205  2147483647  0  9209666  0  2508320500  132214438440  30917497  196  33820551  113244  14276779  1222  68193414518  
1436655949  3304425805  0  290145642785  33834098  535045  0  2603751  154  16896058  1736  1173623513  2147483647  0  358252  0  0  0  205  1106428  2147483647  0  44789  205  2147483647  0  9209666  0  2527475999  132338228518  30954034  196  33820551  113244  14290381  1222  68275542193  
1436655959  3314356438  0  290683815351  33834098  535045  0  2611958  154  16926636  1736  1175372692  2147483647  0  358252  0  0  0  205  1107864  2147483647  0  44789  205  2147483647  0  9209666  0  2527475999  132554545703  31006745  196  33820551  113244  14312730  1222  68406395758  
1436655969  3319796592  0  291112814747  33834098  535045  0  2616404  154  16950389  1736  1178110560  2147483647  0  358252  0  0  0  205  1109784  2147483647  0  44789  205  2147483647  0  9209666  0  2527475999  132740012820  31049587  196  33820551  113244  14331970  1222  68515433207  
#type:T;
#time  gt  cn  Pt  Px  gx  cx  gn  gm  Pn  Pm  Ft  cm  pt  Fx  px  ct  pn  Fm  Fn  pm  dn  On  Om  dm  dx  Ox  dt  Ot  Gt  Cn  Cm  Gx  Cx  Gn  Gm  Ct  
1436655989  3332242390  0  292764676046  33834098  535045  0  2625137  154  17043760  1736  1182818292  2147483647  0  358252  0  0  0  205  1113365  2147483647  0  45201  205  2147483647  0  9209666  0  2557658851  133556149542  31226487  196  33820551  113244  14416708  1222  68926329148  
1436655999  3345475981  0  293485937072  33834098  535045  0  2636040  154  17084153  1736  1185330903  2147483647  0  358252  0  0  0  205  1115520  2147483647  0  45201  205  2147483647  0  9209666  0  2557658851  133853549910  31295842  196  33820551  113244  14446063  1222  69098677480  
1436656009  3357053679  0  294205084198  33834098  535045  0  2644780  154  17124063  1736  1187682966  2147483647  0  358252  0  0  0  205  1117133  2147483647  0  45201  205  2147483647  0  9209666  0  2557658851  134153890451  31366699  196  33820551  113244  14477380  1222  69266090408  
1436656019  3357454010  0  294323952814  33834098  535045  0  2645075  154  17129894  1736  1187830724  2147483647  0  358252  0  0  0  205  1117223  2147483647  0  45201  205  2147483647  0  9209666  0  2557658851  134211453510  31378079  196  33820551  113244  14483006  1222  69293830766  
1436656029  3357676769  0  295098408534  33834098  535045  0  2645226  154  17172646  1736  1189171781  2147483647  0  358252  0  0  0  205  1118169  2147483647  0  45201  205  2147483647  0  9209666  0  2557658851  134599998700  31462482  196  33820551  113244  14525407  1222  69464993961  
1436656039  3366251565  0  295868603442  33834098  535045  0  2652043  154  17220045  1736  1192375028  2147483647  0  358252  0  0  0  205  1120892  2147483647  0  45540  205  2147483647  0  9209666  0  2568569679  134967555819  31549816  196  33820551  113244  14565877  1222  69665146765  
1436656049  3377696446  0  296503210393  33834098  535045  0  2660724  154  17256163  1736  1195167980  2147483647  0  358252  0  0  0  205  1123016  2147483647  0  45540  205  2147483647  0  9209666  0  2568569679  135244729439  31613152  196  33820551  113244  14593393  1222  69825883619  
1436656063  3387228896  0  296960097353  33834098  535045  0  2667937  154  17281459  1736  1197459731  2147483647  0  358252  0  0  0  205  1124786  2147483647  0  45540  205  2147483647  0  9209666  0  2568569679  135429532139  31656458  196  33820551  113244  14611612  1222  69936563845  
1436656073  3387874121  0  297608256010  33834098  535045  0  2668432  154  17316699  1736  1200212129  2147483647  0  358252  0  0  0  205  1127051  2147483647  0  45540  205  2147483647  0  9209666  0  2568569679  135744986000  31725725  196  33820551  113244  14646156  1222  70090929788  
1436656083  3396933014  0  298449128877  33834098  535045  0  2675823  154  17363367  1736  1208280737  2147483647  0  358252  0  0  0  205  1130437  2147483647  0  45958  205  2147483647  0  9209666  0  2607389489  136149199840  31811205  196  33820551  113244  14685552  1222  70307153333  
1436656093  3406654903  0  298931645501  33834098  535045  0  2683343  154  17389876  1736  1211399195  2147483647  0  358252  0  0  0  205  1132746  2147483647  0  45958  205  2147483647  0  9209666  0  2607389489  136327972136  31856737  196  33820551  113244  14704721  1222  70418460766  
#type:T;
#time  gt  cn  Pt  Px  gx  cx  gn  gm  Pn  Pm  Ft  cm  pt  Fx  px  ct  pn  Fm  Fn  pm  dn  On  Om  dm  dx  Ox  dt  Ot  Gt  Cn  Cm  Gx  Cx  Gn  Gm  Ct  
1436656113  3419056828  0  299541252527  33834098  535045  0  2693205  154  17422758  1736  1215141722  2147483647  0  358252  0  0  0  205  1135386  2147483647  0  45958  205  2147483647  0  9209666  0  2607389489  136549497244  31912265  196  33820551  113244  14727571  1222  70556400548  
#type:T;
#time  gt  cn  Pt  Px  gx  cx  gn  gm  Pn  Pm  Ft  cm  pt  Fx  px  ct  pn  Fm  Fn  pm  dn  On  Om  dm  dx  Ox  dt  Ot  Gt  Cn  Cm  Gx  Cx  Gn  Gm  Ct  
1436656133  3426321310  0  300852352663  33834098  535045  0  2699567  154  17498595  1736  1220810610  2147483647  0  358252  0  0  0  205  1139848  2147483647  0  46300  205  2147483647  0  9209666  0  2623794922  137160161049  32056631  196  33820551  113244  14797045  1222  70867394175  
1436656143  3430133204  0  301035460314  33834098  535045  0  2702619  154  17508671  1736  1221449326  2147483647  0  358252  0  0  0  205  1140384  2147483647  0  46300  205  2147483647  0  9209666  0  2623794922  137235886892  32073641  196  33820551  113244  14804058  1222  70915370784  
1436656153  3437450769  0  301386006170  33834098  535045  0  2708831  154  17527608  1736  1223397769  2147483647  0  358252  0  0  0  205  1141948  2147483647  0  46300  205  2147483647  0  9209666  0  2623794922  137357624042  32105243  196  33820551  113244  14816801  1222  70994457569  
1436656163  3445540418  0  302176977981  33834098  535045  0  2715028  154  17570326  1736  1225201089  2147483647  0  358252  0  0  0  205  1143264  2147483647  0  46300  205  2147483647  0  9209666  0  2623794922  137720166221  32184142  196  33820551  113244  14853466  1222  71178867027  
1436656173  3445540418  0  302943375927  33834098  535045  0  2715028  154  17607440  1736  1227075684  2147483647  0  358252  0  0  0  205  1144585  2147483647  0  46300  205  2147483647  0  9209666  0  2623794922  138069940263  32257848  196  33820551  113244  14890551  1222  71330641108  
1436656183  3449426233  0  303431280578  33834098  535045  0  2717500  154  17633934  1736  1228374677  2147483647  0  358252  0  0  0  205  1145633  2147483647  0  46698  205  2147483647  0  9209666  0  2653153409  138293184498  32308193  196  33820551  113244  14914655  1222  71441330784  
#type:T;
#time  gt  cn  Pt  Px  gx  cx  gn  gm  Pn  Pm  Ft  cm  pt  Fx  px  ct  pn  Fm  Fn  pm  dn  On  Om  dm  dx  Ox  dt  Ot  Gt  Cn  Cm  Gx  Cx  Gn  Gm  Ct  
1436656203  3469954923  0  304754549734  33834098  535045  0  2733266  154  17707995  1736  1232099859  2147483647  0  358252  0  0  0  205  1148256  2147483647  0  46698  205  2147483647  0  9209666  0  2653153409  138847511374  32439554  196  33820551  113244  14972777  1222  71736809215  
#type:T;
#time  gt  cn  Pt  Px  gx  cx  gn  gm  Pn  Pm  Ft  cm  pt  Fx  px  ct  pn  Fm  Fn  pm  dn  On  Om  dm  dx  Ox  dt  Ot  Gt  Cn  Cm  Gx  Cx  Gn  Gm  Ct  
1436656223  3481813711  0  306217485722  33834098  535045  0  2742730  154  17795630  1736  1237778349  2147483647  0  358252  0  0  0  205  1152774  2147483647  0  46698  205  2147483647  0  9209666  0  2653153409  139566908290  32604405  196  33820551  113244  15051032  1222  72124222718  
1436656233  3481813711  0  306260465562  33834098  535045  0  2742730  154  17797919  1736  1237860116  2147483647  0  358252  0  0  0  205  1152833  2147483647  0  46698  205  2147483647  0  9209666  0  2653153409  139586093881  32609152  196  33820551  113244  15053512  1222  72133980089  
1436656243  3481813711  0  306686995733  33834098  535045  0  2742730  154  17821679  1736  1239654320  2147483647  0  358252  0  0  0  205  1154254  2147483647  0  46836  205  2147483647  0  9209666  0  2656588593  139770742211  32656241  196  33820551  113244  15077034  1222  72226523950  
1436656253  3489260537  0  307193007962  33834098  535045  0  2748689  154  17852126  1736  1242313878  2147483647  0  358252  0  0  0  205  1156348  2147483647  0  47045  205  2147483647  0  9209666  0  2676170552  139992068622  32710941  196  33820551  113244  15101517  1222  72360747476  
1436656263  3496803038  0  307666213642  33834098  535045  0  2754961  154  17877524  1736  1244212990  2147483647  0  358252  0  0  0  205  1157896  2147483647  0  47045  205  2147483647  0  9209666  0  2676170552  140172055905  32755171  196  33820551  113244  15120531  1222  72465447588  
1436656273  3503024533  0  307979985239  33834098  535045  0  2759746  154  17894525  1736  1245620246  2147483647  0  358252  0  0  0  205  1158904  2147483647  0  47045  205  2147483647  0  9209666  0  2676170552  140299194076  32784253  196  33820551  113244  15132735  1222  72539862747  
1436656283  3509556135  0  308562951987  33834098  535045  0  2764587  154  17926540  1736  1248886463  2147483647  0  358252  0  0  0  205  1161528  2147483647  0  47045  205  2147483647  0  9209666  0  2676170552  140582022128  32843328  196  33820551  113244  15160128  1222  72697544355  
1436656293  3509556135  0  309279768253  33834098  535045  0  2764587  154  17967496  1736  1254274557  2147483647  0  358252  0  0  0  205  1165433  2147483647  0  47178  205  2147483647  0  9209666  0  2686100203  140969195302  32924548  196  33820551  113244  15200872  1222  72898754975  
1436656303  3519962228  0  309812135204  33834098  535045  0  2768899  154  17998048  1736  1256089362  2147483647  0  358252  0  0  0  205  1166886  2147483647  0  47451  205  2147483647  0  9209666  0  2713648046  141230625330  32981196  196  33820551  113244  15227318  1222  73032301954  
1436656313  3525255229  0  310068752203  33834098  535045  0  2773077  154  18012671  1736  1257070375  2147483647  0  358252  0  0  0  205  1167630  2147483647  0  47451  205  2147483647  0  9209666  0  2713648046  141325479054  33006088  196  33820551  113244  15237686  1222  73088375297  
1436656323  3533630316  0  310594926058  33834098  535045  0  2779686  154  18042340  1736  1258972938  2147483647  0  358252  0  0  0  205  1169130  2147483647  0  47451  205  2147483647  0  9209666  0  2713648046  141550418959  33058399  196  33820551  113244  15260612  1222  73224243073  
1436656333  3542834444  0  311219065033  33834098  535045  0  2786671  154  18074732  1736  1260230662  2147483647  0  358252  0  0  0  205  1170058  2147483647  0  47451  205  2147483647  0  9209666  0  2713648046  141808704644  33115866  196  33820551  113244  15285978  1222  73363043253  
1436656343  3548546982  0  311730321713  33834098  535045  0  2791137  154  18103108  1736  1262646541  2147483647  0  358252  0  0  0  205  1171917  2147483647  0  47451  205  2147483647  0  9209666  0  2713648046  142039350930  33167928  196  33820551  113244  15309894  1222  73497359837  
1436656353  3548546982  0  312201499228  33834098  535045  0  2791137  154  18142992  1736  1263314134  2147483647  0  358252  0  0  0  205  1172388  2147483647  0  47451  205  2147483647  0  9209666  0  2713648046  142334025550  33250590  196  33820551  113244  15352978  1222  73651142883  
1436656363  3548557103  0  312339319096  33834098  535045  0  2791141  154  18153113  1736  1265768769  2147483647  0  358252  0  0  0  205  1174488  2147483647  0  47451  205  2147483647  0  9209666  0  2713648046  142403343914  33267652  196  33820551  113244  15359941  1222  73704513315  
1436656373  3548557103  0  312561828361  33834098  535045  0  2791141  154  18170673  1736  1270242048  2147483647  0  358252  0  0  0  205  1178451  2147483647  0  47451  205  2147483647  0  9209666  0  2713648046  142586412331  33302503  196  33820551  113244  15377386  1222  73812938821  
1436656383  3548557103  0  312745999227  33834098  535045  0  2791141  154  18185348  1736  1274250149  2147483647  0  358252  0  0  0  205  1181734  2147483647  0  47451  205  2147483647  0  9209666  0  2713648046  142738532949  33332080  196  33820551  113244  15392362  1222  73905529068  
1436656393  3548557103  0  312810417696  33834098  535045  0  2791141  154  18190476  1736  1275718609  2147483647  0  358252  0  0  0  205  1182966  2147483647  0  47451  205  2147483647  0  9209666  0  2713648046  142788162457  33342116  196  33820551  113244  15397290  1222  73937125009  
1436656403  3548557103  0  312831007370  33834098  535045  0  2791141  154  18191977  1736  1276098831  2147483647  0  358252  0  0  0  205  1183209  2147483647  0  47451  205  2147483647  0  9209666  0  2713648046  142805456915  33345073  196  33820551  113244  15398757  1222  73946704899  
1436656413  3548557103  0  313016879297  33834098  535045  0  2791141  154  18207220  1736  1282428503  2147483647  0  358252  0  0  0  205  1188985  2147483647  0  47451  205  2147483647  0  9209666  0  2713648046  142961525993  33375407  196  33820551  113244  15413907  1222  74041569623  
