#type:G;
#time  Rt  Nm  Tt  Nc  Rx  Gz  Pc  Pf  Ra  Te  Pm  Fp  Fc  Ta  Fm  Om  Lm  Oc  Sm  Sc  Em  Af  Ea  Cf  Ec  Gd  Zt  Et  Ep  dedup_put_diff  total_eph_put_diff  dedup_factor  dedup_curr  compression_saving  tze_saving  
1439063660  0  0  3625  0  0  0  0  0  0  3615  0  0  0  0  0  0  0  0  0  0  0  0  0  0  0  0  0  0  0  0  0  0 0 0 0 
1439063670  0  0  3634  0  0  0  0  0  0  3615  0  0  0  0  0  0  0  0  0  0  0  0  0  0  0  0  0  0  0  0  0  0 0 0 0 
1439063680  0  0  3643  0  0  0  0  0  0  3615  0  0  0  0  0  0  0  0  0  0  0  0  0  0  0  0  0  0  0  0  0  0 0 0 0 
1439063690  0  0  3652  0  0  0  0  0  0  3615  0  0  0  0  0  0  0  0  0  0  0  0  0  0  0  0  0  0  0  0  0  0 0 0 0 
1439063700  0  0  3661  0  0  0  0  0  0  3615  0  0  0  0  0  0  0  0  0  0  0  0  0  0  0  0  0  0  0  0  0  0 0 0 0 
1439063710  0  0  3671  0  0  0  0  0  0  3615  0  0  0  0  0  0  0  0  0  0  0  0  0  0  0  0  0  0  0  0  0  0 0 0 0 
1439063720  0  0  3680  0  0  0  0  0  0  3615  0  0  0  0  0  0  0  0  0  0  0  0  0  0  0  0  0  0  0  0  0  0 0 0 0 
1439063730  0  0  3689  0  0  0  0  0  0  3615  0  0  0  0  0  0  0  0  0  0  0  0  0  0  0  0  0  0  0  0  0  0 0 0 0 
1439063740  0  0  3698  0  0  0  0  0  0  3615  0  0  0  0  0  0  0  0  0  0  0  0  0  0  0  0  0  0  0  0  0  0 0 0 0 
1439063750  0  0  3707  0  0  0  0  0  0  3615  0  0  0  0  0  0  0  0  0  0  0  0  0  0  0  0  0  0  0  0  0  0 0 0 0 
1439063760  0  0  3717  0  0  0  0  0  0  3615  0  0  0  0  0  0  0  0  0  0  0  0  0  0  0  0  0  0  0  0  0  0 0 0 0 
1439063770  0  0  4734  0  0  0  0  0  0  4623  0  0  0  0  0  0  0  0  0  0  0  0  0  0  0  0  0  0  0  0  0  0 0 0 0 
1439063780  0  0  4885  0  0  0  0  0  0  4765  0  0  0  0  0  0  0  0  0  0  0  0  0  0  0  0  0  0  0  0  0  0 0 0 0 
1439063790  0  0  4895  0  0  0  0  0  0  4766  0  0  0  0  0  0  0  0  0  0  0  0  0  0  0  0  0  0  0  0  0  0 0 0 0 
1439063800  0  0  4904  0  0  0  0  0  0  4766  0  0  0  0  0  0  0  0  0  0  0  0  0  0  0  0  0  0  0  0  0  0 0 0 0 
1439063810  0  0  4913  0  0  0  0  0  0  4766  0  0  0  0  0  0  0  0  0  0  0  0  0  0  0  0  0  0  0  0  0  0 0 0 0 
1439063820  0  0  4923  0  0  0  0  0  0  4766  0  0  0  0  0  0  0  0  0  0  0  0  0  0  0  0  0  0  0  0  0  0 0 0 0 
1439063830  0  0  4932  0  0  0  0  0  0  4766  0  0  0  0  0  0  0  0  0  0  0  0  0  0  0  0  0  0  0  0  0  0 0 0 0 
1439063840  0  0  4941  0  0  0  0  0  0  4766  0  0  0  0  0  0  0  0  0  0  0  0  0  0  0  0  0  0  0  0  0  0 0 0 0 
1439063850  0  0  4950  0  0  0  0  0  0  4766  0  0  0  0  0  0  0  0  0  0  0  0  0  0  0  0  0  0  0  0  0  0 0 0 0 
1439063860  0  0  4959  0  0  0  0  0  0  4766  0  0  0  0  0  0  0  0  0  0  0  0  0  0  0  0  0  0  0  0  0  0 0 0 0 
1439063870  0  0  4969  0  0  0  0  0  0  4766  0  0  0  0  0  0  0  0  0  0  0  0  0  0  0  0  0  0  0  0  0  0 0 0 0 
1439063880  0  0  4978  0  0  0  0  0  0  4766  0  0  0  0  0  0  0  0  0  0  0  0  0  0  0  0  0  0  0  0  0  0 0 0 0 
1439063890  0  0  4987  0  0  0  0  0  0  4766  0  0  0  0  0  0  0  0  0  0  0  0  0  0  0  0  0  0  0  0  0  0 0 0 0 
1439063900  0  0  4996  0  0  0  0  0  0  4766  0  0  0  0  0  0  0  0  0  0  0  0  0  0  0  0  0  0  0  0  0  0 0 0 0 
1439063910  0  0  5006  0  0  0  0  0  0  4766  0  0  0  0  0  0  0  0  0  0  0  0  0  0  0  0  0  0  0  0  0  0 0 0 0 
1439063920  0  0  5015  0  0  0  0  0  0  4766  0  0  0  0  0  0  0  0  0  0  0  0  0  0  0  0  0  0  0  0  0  0 0 0 0 
1439063930  0  0  5024  0  0  0  0  0  0  4766  0  0  0  0  0  0  0  0  0  0  0  0  0  0  0  0  0  0  0  0  0  0 0 0 0 
1439063940  0  0  5033  0  0  0  0  0  0  4766  0  0  0  0  0  0  0  0  0  0  0  0  0  0  0  0  0  0  0  0  0  0 0 0 0 
1439063950  0  0  5043  0  0  0  0  0  0  4766  0  0  0  0  0  0  0  0  0  0  0  0  0  0  0  0  0  0  0  0  0  0 0 0 0 
1439063960  0  0  5052  0  0  0  0  0  0  4766  0  0  0  0  0  0  0  0  0  0  0  0  0  0  0  0  0  0  0  0  0  0 0 0 0 
1439063970  0  0  5061  0  0  0  0  0  0  4766  0  0  0  0  0  0  0  0  0  0  0  0  0  0  0  0  0  0  0  0  0  0 0 0 0 
1439063980  0  0  5070  0  0  0  0  0  0  4766  0  0  0  0  0  0  0  0  0  0  0  0  0  0  0  0  0  0  0  0  0  0 0 0 0 
1439063990  0  0  5080  0  0  0  0  0  0  4766  0  0  0  0  0  0  0  0  0  0  0  0  0  0  0  0  0  0  0  0  0  0 0 0 0 
1439064000  0  0  5089  0  0  0  0  0  0  4766  0  0  0  0  0  0  0  0  0  0  0  0  0  0  0  0  0  0  0  0  0  0 0 0 0 
1439064010  0  0  5098  0  0  0  0  0  0  4766  0  0  0  0  0  0  0  0  0  0  0  0  0  0  0  0  0  0  0  0  0  0 0 0 0 
1439064020  0  0  5107  0  0  0  0  0  0  4766  0  0  0  0  0  0  0  0  0  0  0  0  0  0  0  0  0  0  0  0  0  0 0 0 0 
1439064030  0  0  5116  0  0  0  0  0  0  4766  0  0  0  0  0  0  0  0  0  0  0  0  0  0  0  0  0  0  0  0  0  0 0 0 0 
1439064040  0  0  5126  0  0  0  0  0  0  4766  0  0  0  0  0  0  0  0  0  0  0  0  0  0  0  0  0  0  0  0  0  0 0 0 0 
1439064050  0  0  5135  0  0  0  0  0  0  4766  0  0  0  0  0  0  0  0  0  0  0  0  0  0  0  0  0  0  0  0  0  0 0 0 0 
1439064060  0  0  5144  0  0  0  0  0  0  4766  0  0  0  0  0  0  0  0  0  0  0  0  0  0  0  0  0  0  0  0  0  0 0 0 0 
1439064070  0  0  5153  0  0  0  0  0  0  4766  0  0  0  0  0  0  0  0  0  0  0  0  0  0  0  0  0  0  0  0  0  0 0 0 0 
1439064080  0  0  5162  0  0  0  0  0  0  4766  0  0  0  0  0  0  0  0  0  0  0  0  0  0  0  0  0  0  0  0  0  0 0 0 0 
1439064090  0  0  5172  0  0  0  0  0  0  4766  0  0  0  0  0  0  0  0  0  0  0  0  0  0  0  0  0  0  0  0  0  0 0 0 0 
1439064100  0  0  5181  0  0  0  0  0  0  4766  0  0  0  0  0  0  0  0  0  0  0  0  0  0  0  0  0  0  0  0  0  0 0 0 0 
1439064110  0  0  5190  0  0  0  0  0  0  4766  0  0  0  0  0  0  0  0  0  0  0  0  0  0  0  0  0  0  0  0  0  0 0 0 0 
1439064120  0  0  5199  0  0  0  0  0  0  4766  0  0  0  0  0  0  0  0  0  0  0  0  0  0  0  0  0  0  0  0  0  0 0 0 0 
1439064130  0  0  5209  0  0  0  0  0  0  4766  0  0  0  0  0  0  0  0  0  0  0  0  0  0  0  0  0  0  0  0  0  0 0 0 0 
1439064140  0  0  5224  0  0  0  0  0  0  4766  0  0  0  0  0  0  0  0  0  0  0  0  0  0  0  0  0  0  0  0  0  0 0 0 0 
1439064150  0  0  7755  0  0  0  0  0  0  7287  0  0  0  0  0  0  0  0  0  0  0  0  0  0  0  0  0  0  0  0  0  0 0 0 0 
1439064160  0  0  7764  0  0  0  0  0  0  7287  0  0  0  0  0  0  0  0  0  0  0  0  0  0  0  0  0  0  0  0  0  0 0 0 0 
1439064170  0  0  8867  0  0  0  0  0  0  8381  0  0  0  0  0  0  0  0  0  0  0  0  0  0  0  0  0  0  0  0  0  0 0 0 0 
1439064180  0  0  8876  0  0  0  0  0  0  8381  0  0  0  0  0  0  0  0  0  0  0  0  0  0  0  0  0  0  0  0  0  0 0 0 0 
1439064191  0  0  8886  0  0  0  0  0  0  8381  0  0  0  0  0  0  0  0  0  0  0  0  0  0  0  0  0  0  0  0  0  0 0 0 0 
1439064201  0  0  8895  0  0  0  0  0  0  8381  0  0  0  0  0  0  0  0  0  0  0  0  0  0  0  0  0  0  0  0  0  0 0 0 0 
1439064211  0  0  8904  0  0  0  0  0  0  8381  0  0  0  0  0  0  0  0  0  0  0  0  0  0  0  0  0  0  0  0  0  0 0 0 0 
1439064221  0  0  8913  0  0  0  0  0  0  8381  0  0  0  0  0  0  0  0  0  0  0  0  0  0  0  0  0  0  0  0  0  0 0 0 0 
1439064231  0  0  8922  0  0  0  0  0  0  8381  0  0  0  0  0  0  0  0  0  0  0  0  0  0  0  0  0  0  0  0  0  0 0 0 0 
1439064241  0  0  8932  0  0  0  0  0  0  8381  0  0  0  0  0  0  0  0  0  0  0  0  0  0  0  0  0  0  0  0  0  0 0 0 0 
1439064251  0  0  8941  0  0  0  0  0  0  8381  0  0  0  0  0  0  0  0  0  0  0  0  0  0  0  0  0  0  0  0  0  0 0 0 0 
1439064261  0  0  8950  0  0  0  0  0  0  8381  0  0  0  0  0  0  0  0  0  0  0  0  0  0  0  0  0  0  0  0  0  0 0 0 0 
1439064271  0  0  8959  0  0  0  0  0  0  8381  0  0  0  0  0  0  0  0  0  0  0  0  0  0  0  0  0  0  0  0  0  0 0 0 0 
1439064281  0  0  8968  0  0  0  0  0  0  8381  0  0  0  0  0  0  0  0  0  0  0  0  0  0  0  0  0  0  0  0  0  0 0 0 0 
1439064291  0  0  10128  0  0  0  0  0  0  9531  0  0  0  0  0  0  0  0  0  0  0  0  0  0  0  0  0  0  0  0  0  0 0 0 0 
1439064301  0  0  10138  0  0  0  0  0  0  9532  0  0  0  0  0  0  0  0  0  0  0  0  0  0  0  0  0  0  0  0  0  0 0 0 0 
1439064311  0  0  10147  0  0  0  0  0  0  9532  0  0  0  0  0  0  0  0  0  0  0  0  0  0  0  0  0  0  0  0  0  0 0 0 0 
1439064321  0  0  10156  0  0  0  0  0  0  9532  0  0  0  0  0  0  0  0  0  0  0  0  0  0  0  0  0  0  0  0  0  0 0 0 0 
1439064331  0  0  10165  0  0  0  0  0  0  9532  0  0  0  0  0  0  0  0  0  0  0  0  0  0  0  0  0  0  0  0  0  0 0 0 0 
1439064341  0  0  10175  0  0  0  0  0  0  9532  0  0  0  0  0  0  0  0  0  0  0  0  0  0  0  0  0  0  0  0  0  0 0 0 0 
1439064351  0  0  10184  0  0  0  0  0  0  9532  0  0  0  0  0  0  0  0  0  0  0  0  0  0  0  0  0  0  0  0  0  0 0 0 0 
1439064361  0  0  10193  0  0  0  0  0  0  9532  0  0  0  0  0  0  0  0  0  0  0  0  0  0  0  0  0  0  0  0  0  0 0 0 0 
1439064371  0  0  10202  0  0  0  0  0  0  9532  0  0  0  0  0  0  0  0  0  0  0  0  0  0  0  0  0  0  0  0  0  0 0 0 0 
1439064381  0  0  10212  0  0  0  0  0  0  9532  0  0  0  0  0  0  0  0  0  0  0  0  0  0  0  0  0  0  0  0  0  0 0 0 0 
1439064391  0  0  10221  0  0  0  0  0  0  9532  0  0  0  0  0  0  0  0  0  0  0  0  0  0  0  0  0  0  0  0  0  0 0 0 0 
1439064401  0  0  10230  0  0  0  0  0  0  9532  0  0  0  0  0  0  0  0  0  0  0  0  0  0  0  0  0  0  0  0  0  0 0 0 0 
1439064411  0  0  10239  0  0  0  0  0  0  9532  0  0  0  0  0  0  0  0  0  0  0  0  0  0  0  0  0  0  0  0  0  0 0 0 0 
1439064421  0  0  10249  0  0  0  0  0  0  9532  0  0  0  0  0  0  0  0  0  0  0  0  0  0  0  0  0  0  0  0  0  0 0 0 0 
1439064431  0  0  10258  0  0  0  0  0  0  9532  0  0  0  0  0  0  0  0  0  0  0  0  0  0  0  0  0  0  0  0  0  0 0 0 0 
1439064441  0  0  10267  0  0  0  0  0  0  9532  0  0  0  0  0  0  0  0  0  0  0  0  0  0  0  0  0  0  0  0  0  0 0 0 0 
1439064451  0  0  10276  0  0  0  0  0  0  9532  0  0  0  0  0  0  0  0  0  0  0  0  0  0  0  0  0  0  0  0  0  0 0 0 0 
1439064461  0  0  10286  0  0  0  0  0  0  9532  0  0  0  0  0  0  0  0  0  0  0  0  0  0  0  0  0  0  0  0  0  0 0 0 0 
1439064471  0  0  10295  0  0  0  0  0  0  9532  0  0  0  0  0  0  0  0  0  0  0  0  0  0  0  0  0  0  0  0  0  0 0 0 0 
