#type:G;
#time  Rt  Nm  Tt  Nc  Rx  Gz  Pc  Pf  Ra  Te  Pm  Fp  Fc  Ta  Fm  Om  Lm  Oc  Sm  Sc  Em  Af  Ea  Cf  Ec  Gd  Zt  Et  Ep  dedup_put_diff  total_eph_put_diff  dedup_factor  dedup_curr  compression_saving  tze_saving  
1439291380  0  0  17328  0  0  0  0  0  0  17036  0  0  0  0  0  0  0  0  0  0  0  0  0  0  0  0  0  0  0  0  0  0 0 0 0 
1439291390  0  0  17341  0  0  0  0  0  0  17040  0  0  0  0  0  0  0  0  0  0  0  0  0  0  0  0  0  0  0  0  0  0 0 0 0 
1439291400  0  412  35168  368  0  0  5371  0  0  17466  6053  0  2500  563  3011  541  0  389  3639  2964  6053  0  0  0  5371  2414  11252016  0  6726  2414  6726  35.8905738924  44.8147458574  100.0  7.31868357794  
1439291410  0  412  39574  397  0  0  5825  0  0  17479  6053  0  2909  152  3011  541  0  426  3639  3418  6053  0  0  0  5825  2414  13019400  0  7180  0  454  33.6211699164  41.321888412  100.0  7.00513595304  
1439291420  0  629  126947  606  0  0  8941  0  0  17479  9227  0  2934  285  3173  776  0  648  4082  3708  9227  0  0  0  8941  5561  13702176  0  11037  3147  3857  50.3850684063  58.5281288446  100.0  9.78269114078  
1439291430  0  629  231678  479  0  0  9077  0  0  17479  9227  0  3619  56  3655  776  0  455  4344  4186  9227  0  0  0  9077  6336  16105208  0  12592  775  1555  50.3176620076  53.8834416657  100.0  6.06938492893  
1439291440  0  629  345180  412  0  0  7771  0  0  17479  9227  0  3666  64  3666  776  0  321  4344  4071  9227  0  0  0  7771  6344  15010056  0  12902  8  310  49.1706712138  47.6129198301  100.0  9.98367838062  
1439291450  0  629  402031  517  0  0  9477  0  0  17479  9477  0  5557  0  5557  776  0  394  5970  5970  9477  0  0  0  9477  6344  14857544  0  14870  0  1968  42.6630800269  37.0053814498  100.0  39.240702209  
1439291460  0  646  480164  646  0  0  11952  0  0  17479  11952  0  7638  0  7638  776  0  496  8124  8124  11952  0  0  0  11952  6700  15236976  0  17395  356  2525  38.5168151768  32.0281124498  100.0  54.2101816377  
1439291470  0  839  552376  839  0  0  17361  0  0  17479  17361  0  12897  0  12897  776  0  609  13457  13457  17361  0  0  0  17361  6786  15558304  0  22838  86  5443  29.7136351695  22.487183918  100.0  71.7736935238  
1439291480  0  1353  623912  1353  0  0  33835  0  0  17479  33835  0  29010  0  29010  888  0  888  29683  29683  33835  0  0  0  33835  7034  15786536  0  39505  248  16667  17.8053410961  12.2713166839  100.0  87.0156831667  
1439291490  0  1799  684430  1799  0  0  49810  0  0  17479  49810  0  46844  0  46844  1122  0  1122  45578  45578  49810  0  0  0  49810  7120  15977696  0  57703  86  18198  12.3390464967  8.49628588637  100.0  91.4414746424  
1439291500  0  2099  750067  2099  0  0  60600  0  0  17479  60600  0  63728  0  63728  1227  0  1227  55653  55653  60600  0  0  0  60600  7841  14886752  0  75938  721  18235  10.3255287208  8.16336633663  100.0  93.4694249412  
1439291510  0  2462  828321  2430  0  0  71018  0  0  17479  71519  0  82295  467  82742  1407  0  1355  66496  65995  71519  0  0  0  71018  7917  12865704  0  95442  76  19504  8.29509021186  7.07285476921  100.0  95.2404863768  
1439291520  0  2737  921324  2736  0  0  80748  0  0  17479  80990  0  100845  0  100845  1499  0  1498  76149  75907  80990  0  0  0  80748  7925  12308248  0  114473  8  19031  6.92302988478  5.99519492743  100.0  96.0412829392  
1439291531  0  3021  988194  3018  0  0  88953  0  0  17479  89057  0  114665  3  114665  1636  0  1635  84220  84116  89057  0  0  0  88953  7925  12325480  0  128536  0  14063  6.16558785087  5.43770305667  100.0  96.4226183002  
1439291541  0  3100  1052761  0  0  0  0  4192  4192  25999  91542  0  126400  1  126400  1679  0  0  86708  0  91542  0  152658  0  0  7925  0  99565  143043  0  14507  5.54029208  0 0 0 
1439291551  0  3100  1111933  0  0  0  0  17611  17611  56155  91542  0  126400  1  126400  1679  0  0  86708  0  91542  0  313686  0  0  7925  0  99565  143043  0  0  5.54029208  0 0 0 
1439291561  0  3100  1172224  0  0  0  0  33552  33552  89349  91542  0  126400  1  126400  1679  0  0  86708  0  91542  0  504971  0  0  7925  0  99565  143043  0  0  5.54029208  0 0 0 
1439291571  0  3100  1242988  0  0  0  0  50019  50019  126689  91542  0  126400  1  126400  1679  0  0  86708  0  91542  0  702575  0  0  7925  0  99565  143043  0  0  5.54029208  0 0 0 
1439291581  0  3100  1306364  0  0  0  0  67285  67285  163141  91542  0  126400  1  126400  1679  0  0  86708  0  91542  0  909767  0  0  7925  0  99565  143043  0  0  5.54029208  0 0 0 
1439291591  0  3100  1358489  0  0  0  0  84386  84386  195335  91542  0  126400  1  126400  1679  0  0  86708  0  91542  0  1114964  0  0  7925  0  99565  143043  0  0  5.54029208  0 0 0 
1439291601  0  3100  1431995  0  0  0  0  109038  109038  241133  91542  0  126400  1  126400  1679  0  0  86708  0  91542  0  1410778  0  0  7925  0  99565  143043  0  0  5.54029208  0 0 0 
1439291611  0  3100  1494888  0  0  0  0  130788  130788  280446  91542  0  126400  1  126400  1679  0  0  86708  0  91542  0  1671778  0  0  7925  0  99565  143043  0  0  5.54029208  0 0 0 
1439291621  0  3100  1541665  0  0  0  0  145205  145205  307661  91542  0  126400  1  126400  1679  0  0  86708  0  91542  0  1844774  0  0  7925  0  99565  143043  0  0  5.54029208  0 0 0 
1439291631  0  3100  1601369  0  0  0  0  163841  163842  343049  91542  0  126400  1  126400  1679  0  0  86708  0  91542  1  2068393  0  0  7925  0  99565  143043  0  0  5.54029208  0 0 0 
1439291641  0  3100  1656838  0  0  0  0  181406  181407  376155  91542  0  126400  1  126400  1679  0  0  86708  0  91542  1  2279173  0  0  7925  0  99565  143043  0  0  5.54029208  0 0 0 
1439291651  0  3100  1712614  0  0  0  0  198465  198466  408244  91542  0  126400  1  126400  1679  0  0  86708  0  91542  1  2483879  0  0  7925  0  99565  143043  0  0  5.54029208  0 0 0 
1439291661  0  3100  1764272  0  0  0  0  211788  211789  436290  91542  0  126400  1  126400  1679  0  0  86708  0  91542  1  2643755  0  0  7925  0  99565  143043  0  0  5.54029208  0 0 0 
1439291671  0  3100  1821497  0  0  0  0  227123  227125  467012  91542  0  126400  1  126400  1679  0  0  86708  0  91542  2  2827770  0  0  7925  0  99565  143043  0  0  5.54029208  0 0 0 
1439291681  0  3100  1881919  0  0  0  0  245089  245091  502521  91542  0  126400  1  126400  1679  0  0  86708  0  91542  2  3043362  0  0  7925  0  99565  143043  0  0  5.54029208  0 0 0 
1439291691  0  3100  1939782  0  0  0  0  261023  261025  534505  91542  0  126400  1  126400  1679  0  0  86708  0  91542  2  3234570  0  0  7925  0  99565  143043  0  0  5.54029208  0 0 0 
1439291701  0  3100  1994859  0  0  0  0  276403  276405  566086  91542  0  126400  1  126400  1679  0  0  86708  0  91542  2  3419130  0  0  7925  0  99565  143043  0  0  5.54029208  0 0 0 
1439291711  0  3100  2042786  0  0  0  0  289759  289761  593175  91542  0  126400  1  126400  1679  0  0  86708  0  91542  2  3579402  0  0  7925  0  99565  143043  0  0  5.54029208  0 0 0 
1439291721  0  3100  2101062  0  0  0  0  307473  307475  626877  91542  0  126400  1  126400  1679  0  0  86708  0  91542  2  3791970  0  0  7925  0  99565  143043  0  0  5.54029208  0 0 0 
1439291731  0  3100  2154197  0  0  0  0  323874  323876  659330  91542  0  126400  1  126400  1679  0  0  86708  0  91542  2  3988782  0  0  7925  0  99565  143043  0  0  5.54029208  0 0 0 
1439291741  0  3100  2211207  0  0  0  0  339533  339535  691176  91542  0  126400  1  126400  1679  0  0  86708  0  91542  2  4176690  0  0  7925  0  99565  143043  0  0  5.54029208  0 0 0 
1439291751  0  3100  2262386  0  0  0  0  355015  355020  720508  91542  0  126400  1  126400  1679  0  0  86708  0  91542  5  4362446  0  0  7925  0  99565  143043  0  0  5.54029208  0 0 0 
1439291761  0  3100  2309844  0  0  0  0  370089  370095  748697  91542  0  126400  1  126400  1679  0  0  86708  0  91542  6  4543331  0  0  7925  0  99565  143043  0  0  5.54029208  0 0 0 
1439291771  0  3100  2368513  0  0  0  0  386056  386063  782062  91542  0  126400  1  126400  1679  0  0  86708  0  91542  7  4734937  0  0  7925  0  99565  143043  0  0  5.54029208  0 0 0 
1439291781  0  3100  2414628  0  0  0  0  398140  398147  807064  91542  0  126400  1  126400  1679  0  0  86708  0  91542  7  4879945  0  0  7925  0  99565  143043  0  0  5.54029208  0 0 0 
1439291791  0  3100  2475123  0  0  0  0  417460  417467  844094  91542  0  126400  1  126400  1679  0  0  86708  0  91542  7  5111785  0  0  7925  0  99565  143043  0  0  5.54029208  0 0 0 
1439291801  0  3100  2519057  0  0  0  0  431643  431650  869844  91542  0  126400  1  126400  1679  0  0  86708  0  91542  7  5281981  0  0  7925  0  99565  143043  0  0  5.54029208  0 0 0 
1439291811  0  3100  2571363  0  0  0  0  448224  448232  900192  91542  0  126400  1  126400  1679  0  0  86708  0  91542  8  5480812  0  0  7925  0  99565  143043  0  0  5.54029208  0 0 0 
1439291821  0  3100  2626379  0  0  0  0  463935  463945  931816  91542  0  126400  1  126400  1679  0  0  86708  0  91542  10  5669337  0  0  7925  0  99565  143043  0  0  5.54029208  0 0 0 
1439291831  0  3100  2678632  0  0  0  0  478472  478483  959902  91542  0  126400  1  126400  1679  0  0  86708  0  91542  11  5843760  0  0  7925  0  99565  143043  0  0  5.54029208  0 0 0 
1439291841  0  3100  2728523  0  0  0  0  492395  492406  987538  91542  0  126400  1  126400  1679  0  0  86708  0  91542  11  6010836  0  0  7925  0  99565  143043  0  0  5.54029208  0 0 0 
1439291851  0  3100  2773638  0  0  0  0  505145  505156  1012480  91542  0  126400  1  126400  1679  0  0  86708  0  91542  11  6163836  0  0  7925  0  99565  143043  0  0  5.54029208  0 0 0 
1439291861  0  3100  2828789  0  0  0  0  520101  520112  1042576  91542  0  126400  1  126400  1679  0  0  86708  0  91542  11  6343308  0  0  7925  0  99565  143043  0  0  5.54029208  0 0 0 
1439291871  0  3100  2884510  0  0  0  0  533915  533926  1072936  91542  0  126400  1  126400  1679  0  0  86708  0  91542  11  6509076  0  0  7925  0  99565  143043  0  0  5.54029208  0 0 0 
1439291881  0  3100  2930986  0  0  0  0  545949  545960  1098193  91542  0  126400  1  126400  1679  0  0  86708  0  91542  11  6653456  0  0  7925  0  99565  143043  0  0  5.54029208  0 0 0 
1439291891  0  3100  2986193  0  0  0  0  561798  561809  1129589  91542  0  126400  1  126400  1679  0  0  86708  0  91542  11  6843644  0  0  7925  0  99565  143043  0  0  5.54029208  0 0 0 
1439291902  0  3100  3036770  0  0  0  0  575912  575923  1157866  91542  0  126400  1  126400  1679  0  0  86708  0  91542  11  7013012  0  0  7925  0  99565  143043  0  0  5.54029208  0 0 0 
1439291912  0  3100  3092402  0  0  0  0  592473  592484  1190103  91542  0  126400  1  126400  1679  0  0  86708  0  91542  11  7211738  0  0  7925  0  99565  143043  0  0  5.54029208  0 0 0 
1439291922  0  3100  3150442  0  0  0  0  607994  608005  1222743  91542  0  126400  1  126400  1679  0  0  86708  0  91542  11  7397990  0  0  7925  0  99565  143043  0  0  5.54029208  0 0 0 
1439291932  0  3100  3204258  0  0  0  0  623157  623168  1253348  91542  0  126400  1  126400  1679  0  0  86708  0  91542  11  7579946  0  0  7925  0  99565  143043  0  0  5.54029208  0 0 0 
1439291942  0  3100  3247876  0  0  0  0  636883  636894  1279578  91542  0  126400  1  126400  1679  0  0  86708  0  91542  11  7744648  0  0  7925  0  99565  143043  0  0  5.54029208  0 0 0 
1439291952  0  3100  3292426  0  0  0  0  649237  649248  1304778  91542  0  126400  1  126400  1679  0  0  86708  0  91542  11  7892896  0  0  7925  0  99565  143043  0  0  5.54029208  0 0 0 
1439291962  0  3100  3338902  0  0  0  0  661882  661893  1329986  91542  0  126400  1  126400  1679  0  0  86708  0  91542  11  8044636  0  0  7925  0  99565  143043  0  0  5.54029208  0 0 0 
1439291972  0  3100  3382229  0  0  0  0  674498  674509  1355138  91542  0  126400  1  126400  1679  0  0  86708  0  91542  11  8196028  0  0  7925  0  99565  143043  0  0  5.54029208  0 0 0 
1439291982  0  3100  3430177  0  0  0  0  688795  688806  1382852  91542  0  126400  1  126400  1679  0  0  86708  0  91542  11  8367592  0  0  7925  0  99565  143043  0  0  5.54029208  0 0 0 
1439291992  0  3100  3477342  0  0  0  0  702959  702970  1410206  91542  0  126400  1  126400  1679  0  0  86708  0  91542  11  8537560  0  0  7925  0  99565  143043  0  0  5.54029208  0 0 0 
1439292002  0  3100  3526166  0  0  0  0  715997  716008  1437162  91542  0  126400  1  126400  1679  0  0  86708  0  91542  11  8694016  0  0  7925  0  99565  143043  0  0  5.54029208  0 0 0 
1439292012  0  3100  3580079  0  0  0  0  728669  728680  1465558  91542  0  126400  1  126400  1679  0  0  86708  0  91542  11  8846076  0  0  7925  0  99565  143043  0  0  5.54029208  0 0 0 
1439292022  0  3100  3628356  0  0  0  0  744411  744422  1494647  91542  0  126400  1  126400  1679  0  0  86708  0  91542  11  9034980  0  0  7925  0  99565  143043  0  0  5.54029208  0 0 0 
1439292032  0  3100  3673773  0  0  0  0  757395  757407  1520597  91542  0  126400  1  126400  1679  0  0  86708  0  91542  12  9190796  0  0  7925  0  99565  143043  0  0  5.54029208  0 0 0 
1439292042  0  3100  3719215  0  0  0  0  770222  770234  1546207  91542  0  126400  1  126400  1679  0  0  86708  0  91542  12  9344720  0  0  7925  0  99565  143043  0  0  5.54029208  0 0 0 
1439292052  0  3100  3762173  0  0  0  0  781700  781712  1570225  91542  0  126400  1  126400  1679  0  0  86708  0  91542  12  9482456  0  0  7925  0  99565  143043  0  0  5.54029208  0 0 0 
1439292062  0  3100  3809152  0  0  0  0  797035  797047  1598913  91542  0  126400  1  126400  1679  0  0  86708  0  91542  12  9666459  0  0  7925  0  99565  143043  0  0  5.54029208  0 0 0 
1439292072  0  3100  3853319  0  0  0  0  809148  809160  1622265  91542  0  126400  1  126400  1679  0  0  86708  0  91542  12  9811815  0  0  7925  0  99565  143043  0  0  5.54029208  0 0 0 
1439292082  0  3100  3901003  0  0  0  0  821525  821537  1648540  91542  0  126400  1  126400  1679  0  0  86708  0  91542  12  9960339  0  0  7925  0  99565  143043  0  0  5.54029208  0 0 0 
1439292092  0  3100  3952991  0  0  0  0  836421  836433  1679273  91542  0  126400  1  126400  1679  0  0  86708  0  91542  12  10139091  0  0  7925  0  99565  143043  0  0  5.54029208  0 0 0 
1439292102  0  3100  3993273  0  0  0  0  847179  847191  1700762  91542  0  126400  1  126400  1679  0  0  86708  0  91542  12  10268187  0  0  7925  0  99565  143043  0  0  5.54029208  0 0 0 
1439292112  0  3100  4037379  0  0  0  0  858736  858748  1724099  91542  0  126400  1  126400  1679  0  0  86708  0  91542  12  10406871  0  0  7925  0  99565  143043  0  0  5.54029208  0 0 0 
1439292122  0  3100  4076421  0  0  0  0  870100  870112  1746396  91542  0  126400  1  126400  1679  0  0  86708  0  91542  12  10543239  0  0  7925  0  99565  143043  0  0  5.54029208  0 0 0 
1439292132  0  3100  4127252  0  0  0  0  884897  884910  1775538  91542  0  126400  1  126400  1679  0  0  86708  0  91542  13  10720807  0  0  7925  0  99565  143043  0  0  5.54029208  0 0 0 
1439292142  0  3100  4166466  0  0  0  0  896354  896367  1798201  91542  0  126400  1  126400  1679  0  0  86708  0  91542  13  10858291  0  0  7925  0  99565  143043  0  0  5.54029208  0 0 0 
1439292152  0  3100  4214029  0  0  0  0  910481  910494  1824998  91542  0  126400  1  126400  1679  0  0  86708  0  91542  13  11027815  0  0  7925  0  99565  143043  0  0  5.54029208  0 0 0 
1439292162  0  3100  4263368  0  0  0  0  924836  924849  1852912  91542  0  126400  1  126400  1679  0  0  86708  0  91542  13  11200075  0  0  7925  0  99565  143043  0  0  5.54029208  0 0 0 
1439292172  0  3100  4311410  0  0  0  0  937935  937948  1880007  91542  0  126400  1  126400  1679  0  0  86708  0  91542  13  11357263  0  0  7925  0  99565  143043  0  0  5.54029208  0 0 0 
1439292182  0  3100  4358030  0  0  0  0  950167  950180  1905501  91542  0  126400  1  126400  1679  0  0  86708  0  91542  13  11504047  0  0  7925  0  99565  143043  0  0  5.54029208  0 0 0 
1439292192  0  3100  4400120  0  0  0  0  962293  962306  1928927  91542  0  126400  1  126400  1679  0  0  86708  0  91542  13  11649559  0  0  7925  0  99565  143043  0  0  5.54029208  0 0 0 
1439292202  0  3100  4446013  0  0  0  0  976042  976055  1956601  91542  0  126400  1  126400  1679  0  0  86708  0  91542  13  11814547  0  0  7925  0  99565  143043  0  0  5.54029208  0 0 0 
1439292212  0  3100  4499573  0  0  0  0  991011  991024  1985870  91542  0  126400  1  126400  1679  0  0  86708  0  91542  13  11994164  0  0  7925  0  99565  143043  0  0  5.54029208  0 0 0 
1439292222  0  3100  4546227  0  0  0  0  1003905  1003918  2011525  91542  0  126400  1  126400  1679  0  0  86708  0  91542  13  12148892  0  0  7925  0  99565  143043  0  0  5.54029208  0 0 0 
1439292232  0  3100  4587411  0  0  0  0  1015517  1015530  2035429  91542  0  126400  1  126400  1679  0  0  86708  0  91542  13  12288236  0  0  7925  0  99565  143043  0  0  5.54029208  0 0 0 
1439292242  0  3100  4636156  0  0  0  0  1028534  1028547  2062140  91542  0  126400  1  126400  1679  0  0  86708  0  91542  13  12444440  0  0  7925  0  99565  143043  0  0  5.54029208  0 0 0 
1439292252  0  3100  4683008  0  0  0  0  1040357  1040370  2087362  91542  0  126400  1  126400  1679  0  0  86708  0  91542  13  12586316  0  0  7925  0  99565  143043  0  0  5.54029208  0 0 0 
1439292262  0  3100  4727336  0  0  0  0  1052481  1052494  2111977  91542  0  126400  1  126400  1679  0  0  86708  0  91542  13  12731799  0  0  7925  0  99565  143043  0  0  5.54029208  0 0 0 
1439292272  0  3100  4772984  0  0  0  0  1066622  1066635  2139242  91542  0  126400  1  126400  1679  0  0  86708  0  91542  13  12901491  0  0  7925  0  99565  143043  0  0  5.54029208  0 0 0 
1439292282  0  3100  4819715  0  0  0  0  1079525  1079538  2165387  91542  0  126400  1  126400  1679  0  0  86708  0  91542  13  13056327  0  0  7925  0  99565  143043  0  0  5.54029208  0 0 0 
1439292292  0  3100  4860163  0  0  0  0  1091254  1091267  2188132  91542  0  126400  1  126400  1679  0  0  86708  0  91542  13  13197068  0  0  7925  0  99565  143043  0  0  5.54029208  0 0 0 
1439292302  0  3100  4907574  0  0  0  0  1103957  1103970  2214558  91542  0  126400  1  126400  1679  0  0  86708  0  91542  13  13349504  0  0  7925  0  99565  143043  0  0  5.54029208  0 0 0 
1439292312  0  3100  4956857  0  0  0  0  1119319  1119332  2243006  91542  0  126400  1  126400  1679  0  0  86708  0  91542  13  13533848  0  0  7925  0  99565  143043  0  0  5.54029208  0 0 0 
1439292322  0  3100  4997832  0  0  0  0  1131105  1131118  2265722  91542  0  126400  1  126400  1679  0  0  86708  0  91542  13  13675280  0  0  7925  0  99565  143043  0  0  5.54029208  0 0 0 
1439292332  0  3100  5048835  0  0  0  0  1145682  1145695  2294606  91542  0  126400  1  126400  1679  0  0  86708  0  91542  13  13850204  0  0  7925  0  99565  143043  0  0  5.54029208  0 0 0 
1439292342  0  3100  5087234  0  0  0  0  1154967  1154980  2315762  91542  0  126400  1  126400  1679  0  0  86708  0  91542  13  13961624  0  0  7925  0  99565  143043  0  0  5.54029208  0 0 0 
1439292352  0  3100  5117514  0  0  0  0  1161133  1161146  2331847  91542  0  126400  1  126400  1679  0  0  86708  0  91542  13  14035616  0  0  7925  0  99565  143043  0  0  5.54029208  0 0 0 
1439292362  0  3100  5153732  0  0  0  0  1172685  1172698  2353769  91542  0  126400  1  126400  1679  0  0  86708  0  91542  13  14174240  0  0  7925  0  99565  143043  0  0  5.54029208  0 0 0 
1439292372  0  3100  5187684  0  0  0  0  1182535  1182548  2372407  91542  0  126400  1  126400  1679  0  0  86708  0  91542  13  14292440  0  0  7925  0  99565  143043  0  0  5.54029208  0 0 0 
1439292383  0  3100  5221813  0  0  0  0  1190904  1190917  2390197  91542  0  126400  1  126400  1679  0  0  86708  0  91542  13  14392868  0  0  7925  0  99565  143043  0  0  5.54029208  0 0 0 
1439292393  0  3100  5256250  0  0  0  0  1199829  1199842  2408182  91542  0  126400  1  126400  1679  0  0  86708  0  91542  13  14499968  0  0  7925  0  99565  143043  0  0  5.54029208  0 0 0 
1439292403  0  3100  5297194  0  0  0  0  1211152  1211165  2431347  91542  0  126400  1  126400  1679  0  0  86708  0  91542  13  14635844  0  0  7925  0  99565  143043  0  0  5.54029208  0 0 0 
1439292413  0  3100  5329864  0  0  0  0  1220330  1220343  2449736  91542  0  126400  1  126400  1679  0  0  86708  0  91542  13  14745980  0  0  7925  0  99565  143043  0  0  5.54029208  0 0 0 
1439292423  0  3100  5360800  0  0  0  0  1231229  1231242  2469727  91542  0  126400  1  126400  1679  0  0  86708  0  91542  13  14876768  0  0  7925  0  99565  143043  0  0  5.54029208  0 0 0 
1439292433  0  3100  5361543  0  0  0  0  1231229  1231242  2470461  91542  0  126400  1  126400  1679  0  0  86708  0  91542  13  14876768  0  0  7925  0  99565  143043  0  0  5.54029208  0 0 0 
1439292443  0  3100  5404649  1  0  0  1  1231229  1231242  2470461  91542  0  126400  2  126401  1679  0  1  86708  1  91542  13  14882347  0  1  7925  2632  100029  143508  0  465  5.52234021797  0.0  100.0  35.7421875  
1439292453  0  3100  5448495  2  0  0  1  1231229  1231242  2470461  91542  0  126401  1  126401  1679  0  1  86708  1  91542  13  14891275  0  1  7925  4096  100773  144252  0  744  5.49385797077  0.0  100.0  0.0  
1439292463  0  3100  5540574  0  0  0  0  1232379  1232392  2478214  91542  0  126632  1  126632  1679  0  0  86708  0  91542  13  14908640  0  0  7925  0  101071  144549  0  297  5.48256992439  0 0 0 
1439292473  0  3100  5591132  0  0  0  0  1234355  1234368  2494986  91542  0  126632  1  126632  1679  0  0  86708  0  91542  13  14932352  0  0  7925  0  101071  144549  0  0  5.48256992439  0 0 0 
1439292483  0  3100  5635909  0  0  0  0  1249748  1249761  2524010  91542  0  126632  1  126632  1679  0  0  86708  0  91542  13  15117068  0  0  7925  0  101071  144549  0  0  5.48256992439  0 0 0 
1439292493  0  3100  5677820  0  0  0  0  1265171  1265184  2551787  91542  0  126632  1  126632  1679  0  0  86708  0  91542  13  15302144  0  0  7925  0  101071  144549  0  0  5.48256992439  0 0 0 
1439292503  0  3100  5726884  0  0  0  0  1281386  1281399  2581841  91542  0  126632  1  126632  1679  0  0  86708  0  91542  13  15496724  0  0  7925  0  101071  144549  0  0  5.48256992439  0 0 0 
1439292513  0  3100  5770199  0  0  0  0  1295633  1295646  2607794  91542  0  126632  1  126632  1679  0  0  86708  0  91542  13  15667688  0  0  7925  0  101071  144549  0  0  5.48256992439  0 0 0 
1439292523  0  3100  5817170  0  0  0  0  1310812  1310825  2637375  91542  0  126632  1  126632  1679  0  0  86708  0  91542  13  15849836  0  0  7925  0  101071  144549  0  0  5.48256992439  0 0 0 
1439292533  0  3100  5860432  0  0  0  0  1324748  1324761  2663759  91542  0  126632  1  126632  1679  0  0  86708  0  91542  13  16017068  0  0  7925  0  101071  144549  0  0  5.48256992439  0 0 0 
1439292543  0  3100  5898608  0  0  0  0  1336339  1336352  2686098  91542  0  126632  1  126632  1679  0  0  86708  0  91542  13  16156160  0  0  7925  0  101071  144549  0  0  5.48256992439  0 0 0 
1439292553  0  3100  5937807  0  0  0  0  1347091  1347104  2708403  91542  0  126632  1  126632  1679  0  0  86708  0  91542  13  16285184  0  0  7925  0  101071  144549  0  0  5.48256992439  0 0 0 
1439292563  0  3100  5970477  0  0  0  0  1356694  1356707  2726792  91542  0  126632  1  126632  1679  0  0  86708  0  91542  13  16400420  0  0  7925  0  101071  144549  0  0  5.48256992439  0 0 0 
1439292573  0  3100  6007974  0  0  0  0  1366732  1366745  2747172  91542  0  126632  1  126632  1679  0  0  86708  0  91542  13  16520876  0  0  7925  0  101071  144549  0  0  5.48256992439  0 0 0 
1439292583  0  3100  6050018  0  0  0  0  1379103  1379116  2770013  91542  0  126632  1  126632  1679  0  0  86708  0  91542  13  16669328  0  0  7925  0  101071  144549  0  0  5.48256992439  0 0 0 
1439292593  0  3100  6083152  0  0  0  0  1386969  1386982  2787261  91542  0  126632  1  126632  1679  0  0  86708  0  91542  13  16763720  0  0  7925  0  101071  144549  0  0  5.48256992439  0 0 0 
1439292603  0  3100  6120952  0  0  0  0  1396935  1396948  2807179  91542  0  126632  1  126632  1679  0  0  86708  0  91542  13  16883312  0  0  7925  0  101071  144549  0  0  5.48256992439  0 0 0 
1439292613  0  3100  6157293  0  0  0  0  1407286  1407299  2827209  91542  0  126632  1  126632  1679  0  0  86708  0  91542  13  17007524  0  0  7925  0  101071  144549  0  0  5.48256992439  0 0 0 
1439292623  0  3100  6191791  0  0  0  0  1417106  1417119  2846444  91542  0  126632  1  126632  1679  0  0  86708  0  91542  13  17125364  0  0  7925  0  101071  144549  0  0  5.48256992439  0 0 0 
1439292633  0  3100  6229601  0  0  0  0  1428060  1428073  2867480  91542  0  126632  1  126632  1679  0  0  86708  0  91542  13  17256812  0  0  7925  0  101071  144549  0  0  5.48256992439  0 0 0 
1439292643  0  3100  6264758  0  0  0  0  1435934  1435947  2885718  91542  0  126632  1  126632  1679  0  0  86708  0  91542  13  17351300  0  0  7925  0  101071  144549  0  0  5.48256992439  0 0 0 
1439292653  0  3100  6299934  0  0  0  0  1446672  1446685  2906280  91542  0  126632  1  126632  1679  0  0  86708  0  91542  13  17480156  0  0  7925  0  101071  144549  0  0  5.48256992439  0 0 0 
1439292663  0  3100  6333666  0  0  0  0  1456297  1456310  2925301  91542  0  126632  1  126632  1679  0  0  86708  0  91542  13  17595656  0  0  7925  0  101071  144549  0  0  5.48256992439  0 0 0 
1439292673  0  3100  6363935  0  0  0  0  1464367  1464380  2941527  91542  0  126632  1  126632  1679  0  0  86708  0  91542  13  17692496  0  0  7925  0  101071  144549  0  0  5.48256992439  0 0 0 
1439292683  0  3100  6396924  0  0  0  0  1474225  1474238  2960903  91542  0  126632  1  126632  1679  0  0  86708  0  91542  13  17810792  0  0  7925  0  101071  144549  0  0  5.48256992439  0 0 0 
1439292693  0  3100  6437221  0  0  0  0  1485557  1485570  2983412  91542  0  126632  1  126632  1679  0  0  86708  0  91542  13  17946776  0  0  7925  0  101071  144549  0  0  5.48256992439  0 0 0 
1439292703  0  3100  6466662  0  0  0  0  1493502  1493515  2999463  91542  0  126632  1  126632  1679  0  0  86708  0  91542  13  18042116  0  0  7925  0  101071  144549  0  0  5.48256992439  0 0 0 
1439292713  0  3100  6501688  0  0  0  0  1502550  1502563  3018084  91542  0  126632  1  126632  1679  0  0  86708  0  91542  13  18150692  0  0  7925  0  101071  144549  0  0  5.48256992439  0 0 0 
1439292723  0  3100  6533617  0  0  0  0  1511281  1511294  3035755  91542  0  126632  1  126632  1679  0  0  86708  0  91542  13  18255464  0  0  7925  0  101071  144549  0  0  5.48256992439  0 0 0 
1439292733  0  3100  6566619  0  0  0  0  1520789  1520802  3054869  91542  0  126632  1  126632  1679  0  0  86708  0  91542  13  18369560  0  0  7925  0  101071  144549  0  0  5.48256992439  0 0 0 
1439292743  0  3100  6597671  0  0  0  0  1529960  1529973  3072474  91542  0  126632  1  126632  1679  0  0  86708  0  91542  13  18479612  0  0  7925  0  101071  144549  0  0  5.48256992439  0 0 0 
1439292753  0  3100  6627773  0  0  0  0  1538707  1538720  3089259  91542  0  126632  1  126632  1679  0  0  86708  0  91542  13  18584576  0  0  7925  0  101071  144549  0  0  5.48256992439  0 0 0 
1439292763  0  3100  6660403  0  0  0  0  1546875  1546888  3106460  91542  0  126632  1  126632  1679  0  0  86708  0  91542  13  18682592  0  0  7925  0  101071  144549  0  0  5.48256992439  0 0 0 
1439292773  0  3100  6689155  0  0  0  0  1554672  1554685  3122146  91542  0  126632  1  126632  1679  0  0  86708  0  91542  13  18776156  0  0  7925  0  101071  144549  0  0  5.48256992439  0 0 0 
1439292783  0  3100  6719231  0  0  0  0  1562837  1562850  3138976  91542  0  126632  1  126632  1679  0  0  86708  0  91542  13  18874136  0  0  7925  0  101071  144549  0  0  5.48256992439  0 0 0 
1439292793  0  3100  6747906  0  0  0  0  1571643  1571656  3155700  91542  0  126632  1  126632  1679  0  0  86708  0  91542  13  18979808  0  0  7925  0  101071  144549  0  0  5.48256992439  0 0 0 
1439292803  0  3100  6777410  0  0  0  0  1579464  1579477  3171246  91542  0  126632  1  126632  1679  0  0  86708  0  91542  13  19073660  0  0  7925  0  101071  144549  0  0  5.48256992439  0 0 0 
1439292813  0  3100  6807906  0  0  0  0  1588527  1588540  3189003  91542  0  126632  1  126632  1679  0  0  86708  0  91542  13  19182416  0  0  7925  0  101071  144549  0  0  5.48256992439  0 0 0 
1439292823  0  3100  6845406  0  0  0  0  1599096  1599109  3210361  91542  0  126632  1  126632  1679  0  0  86708  0  91542  13  19309244  0  0  7925  0  101071  144549  0  0  5.48256992439  0 0 0 
1439292833  0  3100  6867867  0  0  0  0  1605058  1605071  3222377  91542  0  126632  1  126632  1679  0  0  86708  0  91542  13  19380788  0  0  7925  0  101071  144549  0  0  5.48256992439  0 0 0 
1439292843  0  3100  6899709  0  0  0  0  1613445  1613458  3239981  91542  0  126632  1  126632  1679  0  0  86708  0  91542  13  19481432  0  0  7925  0  101071  144549  0  0  5.48256992439  0 0 0 
1439292853  0  3100  6925929  0  0  0  0  1620949  1620962  3254573  91542  0  126632  1  126632  1679  0  0  86708  0  91542  13  19571480  0  0  7925  0  101071  144549  0  0  5.48256992439  0 0 0 
1439292863  0  3100  6953082  0  0  0  0  1627668  1627681  3269045  91542  0  126632  1  126632  1679  0  0  86708  0  91542  13  19652108  0  0  7925  0  101071  144549  0  0  5.48256992439  0 0 0 
1439292873  0  3100  6984218  0  0  0  0  1636549  1636562  3286631  91542  0  126632  1  126632  1679  0  0  86708  0  91542  13  19758680  0  0  7925  0  101071  144549  0  0  5.48256992439  0 0 0 
1439292883  0  3100  7007089  0  0  0  0  1642890  1642903  3299847  91542  0  126632  1  126632  1679  0  0  86708  0  91542  13  19834772  0  0  7925  0  101071  144549  0  0  5.48256992439  0 0 0 
1439292893  0  3100  7039067  0  0  0  0  1651912  1651925  3318104  91542  0  126632  1  126632  1679  0  0  86708  0  91542  13  19943036  0  0  7925  0  101071  144549  0  0  5.48256992439  0 0 0 
1439292903  0  3100  7064942  0  0  0  0  1659585  1659598  3332327  91542  0  126632  1  126632  1679  0  0  86708  0  91542  13  20035112  0  0  7925  0  101071  144549  0  0  5.48256992439  0 0 0 
1439292913  0  3100  7089125  0  0  0  0  1667242  1667255  3346732  91542  0  126632  1  126632  1679  0  0  86708  0  91542  13  20126996  0  0  7925  0  101071  144549  0  0  5.48256992439  0 0 0 
1439292923  0  3100  7110386  0  0  0  0  1672125  1672138  3357312  91542  0  126632  1  126632  1679  0  0  86708  0  91542  13  20185592  0  0  7925  0  101071  144549  0  0  5.48256992439  0 0 0 
1439292933  0  3100  7137298  0  0  0  0  1679800  1679813  3371783  91542  0  126632  1  126632  1679  0  0  86708  0  91542  13  20277692  0  0  7925  0  101071  144549  0  0  5.48256992439  0 0 0 
1439292943  0  3100  7163374  0  0  0  0  1687302  1687315  3386082  91542  0  126632  1  126632  1679  0  0  86708  0  91542  13  20367716  0  0  7925  0  101071  144549  0  0  5.48256992439  0 0 0 
1439292953  0  3100  7190758  0  0  0  0  1693779  1693792  3400716  91542  0  126632  1  126632  1679  0  0  86708  0  91542  13  20445440  0  0  7925  0  101071  144549  0  0  5.48256992439  0 0 0 
1439292963  0  3100  7216150  0  0  0  0  1700632  1700645  3414815  91542  0  126632  1  126632  1679  0  0  86708  0  91542  13  20527676  0  0  7925  0  101071  144549  0  0  5.48256992439  0 0 0 
1439292973  0  3100  7240452  0  0  0  0  1707148  1707161  3428413  91542  0  126632  1  126632  1679  0  0  86708  0  91542  13  20605868  0  0  7925  0  101071  144549  0  0  5.48256992439  0 0 0 
1439292983  0  3100  7268324  0  0  0  0  1715588  1715601  3444189  91542  0  126632  1  126632  1679  0  0  86708  0  91542  13  20707148  0  0  7925  0  101071  144549  0  0  5.48256992439  0 0 0 
1439292993  0  3100  7296551  0  0  0  0  1724046  1724059  3460894  91542  0  126632  1  126632  1679  0  0  86708  0  91542  13  20808644  0  0  7925  0  101071  144549  0  0  5.48256992439  0 0 0 
1439293003  0  3100  7325645  0  0  0  0  1732054  1732067  3477865  91542  0  126632  1  126632  1679  0  0  86708  0  91542  13  20904740  0  0  7925  0  101071  144549  0  0  5.48256992439  0 0 0 
1439293013  0  3100  7349711  0  0  0  0  1739098  1739111  3491271  91542  0  126632  1  126632  1679  0  0  86708  0  91542  13  20989268  0  0  7925  0  101071  144549  0  0  5.48256992439  0 0 0 
1439293023  0  3100  7375360  0  0  0  0  1747113  1747126  3506988  91542  0  126632  1  126632  1679  0  0  86708  0  91542  13  21085448  0  0  7925  0  101071  144549  0  0  5.48256992439  0 0 0 
1439293033  0  3100  7397712  0  0  0  0  1752199  1752212  3518927  91542  0  126632  1  126632  1679  0  0  86708  0  91542  13  21146480  0  0  7925  0  101071  144549  0  0  5.48256992439  0 0 0 
1439293043  0  3100  7421558  0  0  0  0  1759933  1759946  3533608  91542  0  126632  1  126632  1679  0  0  86708  0  91542  13  21239288  0  0  7925  0  101071  144549  0  0  5.48256992439  0 0 0 
1439293053  0  3100  7446973  0  0  0  0  1767176  1767189  3548289  91542  0  126632  1  126632  1679  0  0  86708  0  91542  13  21326204  0  0  7925  0  101071  144549  0  0  5.48256992439  0 0 0 
1439293063  0  3100  7470066  0  0  0  0  1773854  1773867  3561737  91542  0  126632  1  126632  1679  0  0  86708  0  91542  13  21406340  0  0  7925  0  101071  144549  0  0  5.48256992439  0 0 0 
1439293073  0  3100  7495208  0  0  0  0  1781313  1781326  3575935  91542  0  126632  1  126632  1679  0  0  86708  0  91542  13  21495848  0  0  7925  0  101071  144549  0  0  5.48256992439  0 0 0 
1439293084  0  3100  7522881  0  0  0  0  1788757  1788770  3591443  91542  0  126632  1  126632  1679  0  0  86708  0  91542  13  21585176  0  0  7925  0  101071  144549  0  0  5.48256992439  0 0 0 
1439293094  0  3100  7547959  0  0  0  0  1796328  1796341  3606139  91542  0  126632  1  126632  1679  0  0  86708  0  91542  13  21676028  0  0  7925  0  101071  144549  0  0  5.48256992439  0 0 0 
1439293104  0  3100  7575560  0  0  0  0  1804521  1804534  3621913  91542  0  126632  1  126632  1679  0  0  86708  0  91542  13  21774344  0  0  7925  0  101071  144549  0  0  5.48256992439  0 0 0 
1439293114  0  3100  7599239  0  0  0  0  1810219  1810232  3634054  91542  0  126632  1  126632  1679  0  0  86708  0  91542  13  21842720  0  0  7925  0  101071  144549  0  0  5.48256992439  0 0 0 
1439293124  0  3100  7625342  0  0  0  0  1818558  1818571  3649410  91542  0  126632  1  126632  1679  0  0  86708  0  91542  13  21942788  0  0  7925  0  101071  144549  0  0  5.48256992439  0 0 0 
1439293134  0  3100  7649452  0  0  0  0  1824625  1824638  3662372  91542  0  126632  1  126632  1679  0  0  86708  0  91542  13  22015592  0  0  7925  0  101071  144549  0  0  5.48256992439  0 0 0 
1439293144  0  3100  7668586  0  0  0  0  1829026  1829039  3672328  91542  0  126632  1  126632  1679  0  0  86708  0  91542  13  22068404  0  0  7925  0  101071  144549  0  0  5.48256992439  0 0 0 
1439293154  0  3100  7696418  0  0  0  0  1837371  1837384  3687943  91542  0  126632  1  126632  1679  0  0  86708  0  91542  13  22168544  0  0  7925  0  101071  144549  0  0  5.48256992439  0 0 0 
1439293164  0  3100  7719750  0  0  0  0  1844114  1844127  3701292  91542  0  126632  1  126632  1679  0  0  86708  0  91542  13  22249460  0  0  7925  0  101071  144549  0  0  5.48256992439  0 0 0 
1439293174  0  3100  7743689  0  0  0  0  1849973  1849986  3714143  91542  0  126632  1  126632  1679  0  0  86708  0  91542  13  22319768  0  0  7925  0  101071  144549  0  0  5.48256992439  0 0 0 
1439293184  0  3100  7763313  0  0  0  0  1855075  1855088  3724333  91542  0  126632  1  126632  1679  0  0  86708  0  91542  13  22380992  0  0  7925  0  101071  144549  0  0  5.48256992439  0 0 0 
1439293194  0  3100  7786656  0  0  0  0  1863169  1863182  3739015  91542  0  126632  1  126632  1679  0  0  86708  0  91542  13  22478120  0  0  7925  0  101071  144549  0  0  5.48256992439  0 0 0 
1439293204  0  3100  7811116  0  0  0  0  1869894  1869907  3752037  91542  0  126632  1  126632  1679  0  0  86708  0  91542  13  22558820  0  0  7925  0  101071  144549  0  0  5.48256992439  0 0 0 
1439293214  0  3100  7836449  0  0  0  0  1876336  1876349  3765521  91542  0  126632  1  126632  1679  0  0  86708  0  91542  13  22636124  0  0  7925  0  101071  144549  0  0  5.48256992439  0 0 0 
1439293224  0  3100  7856026  0  0  0  0  1882027  1882040  3776639  91542  0  126632  1  126632  1679  0  0  86708  0  91542  13  22704416  0  0  7925  0  101071  144549  0  0  5.48256992439  0 0 0 
1439293234  0  3100  7878533  0  0  0  0  1887638  1887651  3788892  91542  0  126632  1  126632  1679  0  0  86708  0  91542  13  22771748  0  0  7925  0  101071  144549  0  0  5.48256992439  0 0 0 
1439293244  0  3100  7900575  0  0  0  0  1894419  1894432  3801291  91542  0  126632  1  126632  1679  0  0  86708  0  91542  13  22853120  0  0  7925  0  101071  144549  0  0  5.48256992439  0 0 0 
1439293254  0  3100  7923972  0  0  0  0  1900556  1900569  3814491  91542  0  126632  1  126632  1679  0  0  86708  0  91542  13  22926764  0  0  7925  0  101071  144549  0  0  5.48256992439  0 0 0 
1439293264  0  3100  7948937  0  0  0  0  1908068  1908081  3828940  91542  0  126632  1  126632  1679  0  0  86708  0  91542  13  23016908  0  0  7925  0  101071  144549  0  0  5.48256992439  0 0 0 
1439293274  0  3100  7974232  0  0  0  0  1914989  1915002  3843021  91542  0  126632  1  126632  1679  0  0  86708  0  91542  13  23099960  0  0  7925  0  101071  144549  0  0  5.48256992439  0 0 0 
1439293284  0  3100  7992487  0  0  0  0  1920614  1920627  3853843  91542  0  126632  1  126632  1679  0  0  86708  0  91542  13  23167460  0  0  7925  0  101071  144549  0  0  5.48256992439  0 0 0 
1439293294  0  3100  8018485  0  0  0  0  1927816  1927829  3868537  91542  0  126632  1  126632  1679  0  0  86708  0  91542  13  23253884  0  0  7925  0  101071  144549  0  0  5.48256992439  0 0 0 
1439293304  0  3100  8041204  0  0  0  0  1934232  1934245  3881336  91542  0  126632  1  126632  1679  0  0  86708  0  91542  13  23330876  0  0  7925  0  101071  144549  0  0  5.48256992439  0 0 0 
1439293314  0  3100  8063100  0  0  0  0  1940112  1940125  3893487  91542  0  126632  1  126632  1679  0  0  86708  0  91542  13  23401436  0  0  7925  0  101071  144549  0  0  5.48256992439  0 0 0 
1439293324  0  3100  8085676  0  0  0  0  1946747  1946760  3906195  91542  0  126632  1  126632  1679  0  0  86708  0  91542  13  23481056  0  0  7925  0  101071  144549  0  0  5.48256992439  0 0 0 
1439293334  0  3100  8109279  0  0  0  0  1953816  1953829  3919552  91542  0  126632  1  126632  1679  0  0  86708  0  91542  13  23565884  0  0  7925  0  101071  144549  0  0  5.48256992439  0 0 0 
1439293344  0  3100  8128455  0  0  0  0  1958456  1958469  3929556  91542  0  126632  1  126632  1679  0  0  86708  0  91542  13  23621564  0  0  7925  0  101071  144549  0  0  5.48256992439  0 0 0 
1439293354  0  3100  8150553  0  0  0  0  1964545  1964558  3941994  91542  0  126632  1  126632  1679  0  0  86708  0  91542  13  23694632  0  0  7925  0  101071  144549  0  0  5.48256992439  0 0 0 
1439293364  0  3100  8170874  0  0  0  0  1969742  1969755  3953845  91542  0  126632  1  126632  1679  0  0  86708  0  91542  13  23756996  0  0  7925  0  101071  144549  0  0  5.48256992439  0 0 0 
