#Type:X;CI:3;ww:0;ca:0;co:0;fr:0;Type:X;CI:3;PI:0;PT:EP;U0:0;U1:0;Type:X;CI:3;PI:1;PT:EP;U0:0;U1:0;
#time  Pp  gt  gs  cn  cm  cb  Nc  Pc  cp  Tc  Nm  pr  ps  pt  px  pd  Pm  Om  fs  ft  Oc  Em  Gp  Ec  Ge  ot  os  Total_cycles_diff  Successful_get_diff  Total_get_diff  succ_put_diff  total_put_diff  get_hit  
1439291380  0  0  0  0  0  0  0  0  0  3195254  0  0  0  0  0  0  0  0  0  21  0  0  0  0  0  46  0  3195254  0  0  0  0  
1439291390  0  0  0  0  0  0  0  0  0  3197563  0  0  0  0  0  0  0  0  0  21  0  0  0  0  0  46  0  2309  0  0  0  0  0 
1439291400  0  551  342  0  0  0  188  2726  0  30327582  232  0  3408  3408  0  0  3408  351  0  142  199  3408  0  2726  342  3266  113  27130019  342  551  3408  3408  62.0689655172  
1439291410  0  551  342  0  0  0  217  3180  0  34363787  232  0  3862  3862  0  0  3408  351  0  3631  236  3408  0  3180  342  3266  113  4036205  0  0  454  454  62.0689655172  
1439291420  0  552  343  0  0  0  217  3179  0  71007031  232  0  3862  3862  0  0  3408  351  0  41595  235  3408  0  3179  343  3266  113  36643244  1  1  0  0  62.1376811594  
1439291430  0  563  343  0  0  0  160  3343  0  135458190  232  0  4640  4640  0  0  3408  351  0  100008  139  3408  0  3343  343  3468  209  64451159  0  11  778  778  60.9236234458  
1439291440  0  2349  548  0  0  0  115  2578  0  155604354  232  0  4761  4761  0  0  3408  351  0  136679  67  3408  0  2578  548  4274  286  20146164  205  1786  121  121  23.3290762026  
1439291450  0  11114  658  0  0  0  156  3129  0  193897236  232  0  5439  5439  0  0  3408  351  0  156105  98  3408  0  3129  658  4985  290  38292882  110  8765  678  678  5.92046068022  
1439291460  0  21052  658  0  0  0  208  4234  0  239673161  232  0  6572  6572  0  0  4234  351  0  177845  130  4234  0  4234  658  5497  296  45775925  0  9938  1133  1133  3.12559376781  
1439291470  0  27542  681  0  0  0  233  4682  0  268815879  233  0  7043  7043  0  0  4682  351  0  193102  149  4682  0  4682  681  5748  296  29142718  23  6490  471  471  2.47258732118  
1439291480  0  36593  693  0  0  0  511  12913  0  401863450  511  0  15286  15286  0  0  12913  351  0  204513  303  12913  0  12913  693  5966  296  133047571  12  9051  8243  8243  1.89380482606  
1439291490  0  44766  693  0  0  0  777  22505  0  560596180  777  0  25283  25283  0  0  22505  436  0  213024  436  22505  0  22505  693  6142  306  158732730  0  8173  9997  9997  1.54804985927  
1439291500  0  51661  1948  0  0  0  967  28588  0  700078490  967  0  33796  33796  0  0  28588  535  2  223120  535  28588  0  28588  1948  6342  331  139482310  1255  6895  8513  8513  3.77073614525  
1439291510  0  60780  4334  0  0  0  1143  34195  0  897255101  1143  0  44356  44356  0  0  34195  636  7  233733  636  34195  0  34195  4334  6584  368  197176611  2386  9119  10560  10560  7.13063507733  
1439291520  0  70620  6968  0  0  0  1295  39023  0  1021441507  1295  0  54456  54456  0  0  39233  704  15  246726  704  39233  0  39023  6968  6878  410  124186406  2634  9840  10100  10100  9.86689323138  
1439291531  0  76577  7838  0  0  0  1406  42898  0  1142305864  1406  0  60913  60913  0  0  42898  764  37  253980  760  42898  0  42898  7838  7044  443  120864357  870  5957  6457  6457  10.2354492863  
1439291541  0  83228  8879  0  0  0  0  0  0  1406344038  1486  0  69309  71673  2364  0  45347  799  53  263892  0  45347  0  0  8879  7343  459  264038174  1041  6651  8396  10760  10.6682847119  
1439291551  0  83228  8879  0  0  0  0  0  0  1491676753  1486  0  69309  78533  9224  0  45347  799  53  273122  0  45347  0  0  8879  7542  459  85332715  0  0  0  6860  10.6682847119  
1439291561  0  83228  8879  0  0  0  0  0  0  1603374817  1486  0  69309  87496  18187  0  45347  799  53  282181  0  45347  0  0  8879  7763  459  111698064  0  0  0  8963  10.6682847119  
1439291571  0  83228  8879  0  0  0  0  0  0  1717870294  1486  0  69309  96457  27148  0  45347  799  53  293179  0  45347  0  0  8879  8035  459  114495477  0  0  0  8961  10.6682847119  
1439291581  0  83228  8879  0  0  0  0  0  0  1826578796  1486  0  69309  104753  35444  0  45347  799  53  303061  0  45347  0  0  8879  8275  459  108708502  0  0  0  8296  10.6682847119  
1439291591  0  83228  8879  0  0  0  0  0  0  1910774486  1486  0  69309  111588  42279  0  45347  799  53  311613  0  45347  0  0  8879  8464  459  84195690  0  0  0  6835  10.6682847119  
1439291601  0  83228  8879  0  0  0  0  0  0  2036822626  1486  0  69309  121789  52480  0  45347  799  53  324004  0  45347  0  0  8879  8772  459  126048140  0  0  0  10201  10.6682847119  
1439291611  0  83228  8879  0  0  0  0  0  0  2141458575  1486  0  69309  129937  60628  0  45347  799  53  334058  0  45347  0  0  8879  8995  459  104635949  0  0  0  8148  10.6682847119  
1439291621  0  83228  8879  0  0  0  0  0  0  2182752078  1486  0  69309  133404  64095  0  45347  799  53  339819  0  45347  0  0  8879  9126  459  41293503  0  0  0  3467  10.6682847119  
1439291631  0  83228  8879  0  0  0  0  0  0  2234330976  1486  0  69309  138300  68990  0  45347  799  53  345275  0  45347  0  0  8879  9281  459  51578898  0  0  0  4896  10.6682847119  
1439291641  0  83228  8879  0  0  0  0  0  0  2301045883  1486  0  69309  143249  73939  0  45347  799  53  352102  0  45347  0  0  8879  9446  459  66714907  0  0  0  4949  10.6682847119  
1439291651  0  83228  8879  0  0  0  0  0  0  2363007488  1486  0  69309  148564  79254  0  45347  799  53  359807  0  45347  0  0  8879  9632  459  61961605  0  0  0  5315  10.6682847119  
1439291661  0  83228  8879  0  0  0  0  0  0  2446728264  1486  0  69309  155223  85913  0  45347  799  53  369876  0  45347  0  0  8879  9834  459  83720776  0  0  0  6659  10.6682847119  
1439291671  0  83228  8879  0  0  0  0  0  0  2531645571  1486  0  69309  161446  92136  0  45347  799  53  381259  0  45347  0  0  8879  10064  459  84917307  0  0  0  6223  10.6682847119  
1439291681  0  83228  8879  0  0  0  0  0  0  2603782324  1486  0  69309  166849  97539  0  45347  799  53  389420  0  45347  0  0  8879  10244  459  72136753  0  0  0  5403  10.6682847119  
1439291691  0  83228  8879  0  0  0  0  0  0  2678642501  1486  0  69309  172558  103248  0  45347  799  53  399906  0  45347  0  0  8879  10458  459  74860177  0  0  0  5709  10.6682847119  
1439291701  0  83228  8879  0  0  0  0  0  0  2734325200  1486  0  69309  176982  107672  0  45347  799  53  407565  0  45347  0  0  8879  10630  459  55682699  0  0  0  4424  10.6682847119  
1439291711  0  83228  8879  0  0  0  0  0  0  2804267591  1486  0  69309  182418  113108  0  45347  799  53  416444  0  45347  0  0  8879  10812  459  69942391  0  0  0  5436  10.6682847119  
1439291721  0  83228  8879  0  0  0  0  0  0  2876625633  1486  0  69309  188029  118719  0  45347  799  53  424121  0  45347  0  0  8879  11001  459  72358042  0  0  0  5611  10.6682847119  
1439291731  0  83228  8879  0  0  0  0  0  0  2956982606  1486  0  69309  194710  125400  0  45347  799  53  432287  0  45347  0  0  8879  11211  459  80356973  0  0  0  6681  10.6682847119  
1439291741  0  83228  8879  0  0  0  0  0  0  3020959692  1486  0  69309  200162  130852  0  45347  799  53  441568  0  45347  0  0  8879  11422  459  63977086  0  0  0  5452  10.6682847119  
1439291751  0  83228  8879  0  0  0  0  0  0  3089929656  1486  0  69309  205004  135693  0  45347  799  53  448518  0  45347  0  0  8879  11579  459  68969964  0  0  0  4842  10.6682847119  
1439291761  0  83228  8879  0  0  0  0  0  0  3157476425  1486  0  69309  210289  140977  0  45347  799  53  454448  0  45347  0  0  8879  11714  459  67546769  0  0  0  5285  10.6682847119  
1439291771  0  83228  8879  0  0  0  0  0  0  3207382988  1486  0  69309  214333  145021  0  45347  799  53  462426  0  45347  0  0  8879  11875  459  49906563  0  0  0  4044  10.6682847119  
1439291781  0  83228  8879  0  0  0  0  0  0  3270344325  1486  0  69309  219049  149737  0  45347  799  53  469511  0  45347  0  0  8879  12038  459  62961337  0  0  0  4716  10.6682847119  
1439291791  0  83228  8879  0  0  0  0  0  0  3351566887  1486  0  69309  225730  156418  0  45347  799  53  477647  0  45347  0  0  8879  12240  459  81222562  0  0  0  6681  10.6682847119  
1439291801  0  83228  8879  0  0  0  0  0  0  3420571520  1486  0  69309  231086  161774  0  45347  799  53  484392  0  45347  0  0  8879  12401  459  69004633  0  0  0  5356  10.6682847119  
1439291811  0  83228  8879  0  0  0  0  0  0  3499684251  1486  0  69309  236579  167266  0  45347  799  53  491915  0  45347  0  0  8879  12586  459  79112731  0  0  0  5493  10.6682847119  
1439291821  0  83228  8879  0  0  0  0  0  0  3591673914  1486  0  69309  243417  174103  0  45347  799  53  501148  0  45347  0  0  8879  12812  459  91989663  0  0  0  6838  10.6682847119  
1439291831  0  83228  8879  0  0  0  0  0  0  3659338925  1486  0  69309  249278  179963  0  45347  799  53  510302  0  45347  0  0  8879  13004  459  67665011  0  0  0  5861  10.6682847119  
1439291841  0  83228  8879  0  0  0  0  0  0  3729474452  1486  0  69309  255320  186005  0  45347  799  53  517473  0  45347  0  0  8879  13180  459  70135527  0  0  0  6042  10.6682847119  
1439291851  0  83228  8879  0  0  0  0  0  0  3782702095  1486  0  69309  259089  189774  0  45347  799  53  526324  0  45347  0  0  8879  13371  459  53227643  0  0  0  3769  10.6682847119  
1439291861  0  83228  8879  0  0  0  0  0  0  3852943981  1486  0  69309  264800  195485  0  45347  799  53  535303  0  45347  0  0  8879  13553  459  70241886  0  0  0  5711  10.6682847119  
1439291871  0  83228  8879  0  0  0  0  0  0  3918611830  1486  0  69309  269632  200317  0  45347  799  53  544761  0  45347  0  0  8879  13749  459  65667849  0  0  0  4832  10.6682847119  
1439291881  0  83228  8879  0  0  0  0  0  0  3970669479  1486  0  69309  273958  204643  0  45347  799  53  551424  0  45347  0  0  8879  13882  459  52057649  0  0  0  4326  10.6682847119  
1439291891  0  83228  8879  0  0  0  0  0  0  4041759565  1486  0  69309  280096  210781  0  45347  799  53  559116  0  45347  0  0  8879  14072  459  71090086  0  0  0  6138  10.6682847119  
1439291902  0  83228  8879  0  0  0  0  0  0  4105464976  1486  0  69309  285272  215957  0  45347  799  53  566294  0  45347  0  0  8879  14227  459  63705411  0  0  0  5176  10.6682847119  
1439291912  0  83228  8879  0  0  0  0  0  0  4183836489  1486  0  69309  291840  222525  0  45347  799  53  574982  0  45347  0  0  8879  14398  459  78371513  0  0  0  6568  10.6682847119  
1439291922  0  83228  8879  0  0  0  0  0  0  4249756177  1486  0  69309  297266  227951  0  45347  799  53  582970  0  45347  0  0  8879  14568  459  65919688  0  0  0  5426  10.6682847119  
1439291932  0  83228  8879  0  0  0  0  0  0  4311474932  1486  0  69309  301733  232418  0  45347  799  53  590317  0  45347  0  0  8879  14728  459  61718755  0  0  0  4467  10.6682847119  
1439291942  0  83228  8879  0  0  0  0  0  0  4371900140  1486  0  69309  306747  237432  0  45347  799  53  597058  0  45347  0  0  8879  14906  459  60425208  0  0  0  5014  10.6682847119  
1439291952  0  83228  8879  0  0  0  0  0  0  4442130692  1486  0  69309  312478  243163  0  45347  799  53  604585  0  45347  0  0  8879  15075  459  70230552  0  0  0  5731  10.6682847119  
1439291962  0  83228  8879  0  0  0  0  0  0  4498390284  1486  0  69309  317008  247693  0  45347  799  53  612012  0  45347  0  0  8879  15228  459  56259592  0  0  0  4530  10.6682847119  
1439291972  0  83228  8879  0  0  0  0  0  0  4559396792  1486  0  69309  321345  252030  0  45347  799  53  619421  0  45347  0  0  8879  15383  459  61006508  0  0  0  4337  10.6682847119  
1439291982  0  83228  8879  0  0  0  0  0  0  4614721392  1486  0  69309  325964  256649  0  45347  799  53  626390  0  45347  0  0  8879  15536  459  55324600  0  0  0  4619  10.6682847119  
1439291992  0  83228  8879  0  0  0  0  0  0  4676573519  1486  0  69309  331090  261775  0  45347  799  53  633786  0  45347  0  0  8879  15709  459  61852127  0  0  0  5126  10.6682847119  
1439292002  0  83228  8879  0  0  0  0  0  0  4750311024  1486  0  69309  336735  267420  0  45347  799  53  642584  0  45347  0  0  8879  15893  459  73737505  0  0  0  5645  10.6682847119  
1439292012  0  83228  8879  0  0  0  0  0  0  4810937655  1486  0  69309  341323  272008  0  45347  799  53  652341  0  45347  0  0  8879  16111  459  60626631  0  0  0  4588  10.6682847119  
1439292022  0  83228  8879  0  0  0  0  0  0  4874667649  1486  0  69309  346190  276875  0  45347  799  53  658755  0  45347  0  0  8879  16249  459  63729994  0  0  0  4867  10.6682847119  
1439292032  0  83228  8879  0  0  0  0  0  0  4929588707  1486  0  69309  350294  280978  0  45347  799  53  665323  0  45347  0  0  8879  16384  459  54921058  0  0  0  4104  10.6682847119  
1439292042  0  83228  8879  0  0  0  0  0  0  4984307291  1486  0  69309  354632  285316  0  45347  799  53  672301  0  45347  0  0  8879  16536  459  54718584  0  0  0  4338  10.6682847119  
1439292052  0  83228  8879  0  0  0  0  0  0  5037016458  1486  0  69309  358641  289325  0  45347  799  53  678618  0  45347  0  0  8879  16663  459  52709167  0  0  0  4009  10.6682847119  
1439292062  0  83228  8879  0  0  0  0  0  0  5096040419  1486  0  69309  363380  294064  0  45347  799  53  684357  0  45347  0  0  8879  16793  459  59023961  0  0  0  4739  10.6682847119  
1439292072  0  83228  8879  0  0  0  0  0  0  5147190414  1486  0  69309  367380  298064  0  45347  799  53  690253  0  45347  0  0  8879  16928  459  51149995  0  0  0  4000  10.6682847119  
1439292082  0  83228  8879  0  0  0  0  0  0  5197188322  1486  0  69309  371174  301858  0  45347  799  53  696820  0  45347  0  0  8879  17077  459  49997908  0  0  0  3794  10.6682847119  
1439292092  0  83228  8879  0  0  0  0  0  0  5276118855  1486  0  69309  377735  308419  0  45347  799  53  704841  0  45347  0  0  8879  17265  459  78930533  0  0  0  6561  10.6682847119  
1439292102  0  83228  8879  0  0  0  0  0  0  5333354278  1486  0  69309  381951  312635  0  45347  799  53  711653  0  45347  0  0  8879  17393  459  57235423  0  0  0  4216  10.6682847119  
1439292112  0  83228  8879  0  0  0  0  0  0  5384554765  1486  0  69309  386320  317004  0  45347  799  53  720131  0  45347  0  0  8879  17585  459  51200487  0  0  0  4369  10.6682847119  
1439292122  0  83228  8879  0  0  0  0  0  0  5435611589  1486  0  69309  390000  320684  0  45347  799  53  725575  0  45347  0  0  8879  17714  459  51056824  0  0  0  3680  10.6682847119  
1439292132  0  83228  8879  0  0  0  0  0  0  5508350873  1486  0  69309  395331  326014  0  45347  799  53  733482  0  45347  0  0  8879  17893  459  72739284  0  0  0  5331  10.6682847119  
1439292142  0  83228  8879  0  0  0  0  0  0  5562080610  1486  0  69309  399453  330136  0  45347  799  53  739399  0  45347  0  0  8879  18024  459  53729737  0  0  0  4122  10.6682847119  
1439292152  0  83228  8879  0  0  0  0  0  0  5618481476  1486  0  69309  403689  334372  0  45347  799  53  746228  0  45347  0  0  8879  18169  459  56400866  0  0  0  4236  10.6682847119  
1439292162  0  83228  8879  0  0  0  0  0  0  5684241497  1486  0  69309  408708  339391  0  45347  799  53  752655  0  45347  0  0  8879  18326  459  65760021  0  0  0  5019  10.6682847119  
1439292172  0  83228  8879  0  0  0  0  0  0  5743754800  1486  0  69309  413397  344080  0  45347  799  53  760506  0  45347  0  0  8879  18514  459  59513303  0  0  0  4689  10.6682847119  
1439292182  0  83228  8879  0  0  0  0  0  0  5800429580  1486  0  69309  417697  348380  0  45347  799  53  766953  0  45347  0  0  8879  18660  459  56674780  0  0  0  4300  10.6682847119  
1439292192  0  83228  8879  0  0  0  0  0  0  5842888344  1486  0  69309  421534  352217  0  45347  799  53  771806  0  45347  0  0  8879  18762  459  42458764  0  0  0  3837  10.6682847119  
1439292202  0  83228  8879  0  0  0  0  0  0  5902131017  1486  0  69309  426475  357158  0  45347  799  53  779497  0  45347  0  0  8879  18930  459  59242673  0  0  0  4941  10.6682847119  
1439292212  0  83228  8879  0  0  0  0  0  0  5959400266  1486  0  69309  430830  361513  0  45347  799  53  787280  0  45347  0  0  8879  19088  459  57269249  0  0  0  4355  10.6682847119  
1439292222  0  83228  8879  0  0  0  0  0  0  6018527580  1486  0  69309  435767  366450  0  45347  799  53  794803  0  45347  0  0  8879  19271  459  59127314  0  0  0  4937  10.6682847119  
1439292232  0  83228  8879  0  0  0  0  0  0  6073865610  1486  0  69309  440217  370900  0  45347  799  53  801462  0  45347  0  0  8879  19417  459  55338030  0  0  0  4450  10.6682847119  
1439292242  0  83228  8879  0  0  0  0  0  0  6125261829  1486  0  69309  443866  374549  0  45347  799  53  808204  0  45347  0  0  8879  19552  459  51396219  0  0  0  3649  10.6682847119  
1439292252  0  83228  8879  0  0  0  0  0  0  6183796406  1486  0  69309  448672  379355  0  45347  799  53  816959  0  45347  0  0  8879  19724  459  58534577  0  0  0  4806  10.6682847119  
1439292262  0  83228  8879  0  0  0  0  0  0  6229465334  1486  0  69309  452098  382781  0  45347  799  53  822635  0  45347  0  0  8879  19867  459  45668928  0  0  0  3426  10.6682847119  
1439292272  0  83228  8879  0  0  0  0  0  0  6283475556  1486  0  69309  456350  387033  0  45347  799  53  828561  0  45347  0  0  8879  20002  459  54010222  0  0  0  4252  10.6682847119  
1439292282  0  83228  8879  0  0  0  0  0  0  6336131880  1486  0  69309  460585  391268  0  45347  799  53  835857  0  45347  0  0  8879  20181  459  52656324  0  0  0  4235  10.6682847119  
1439292292  0  83228  8879  0  0  0  0  0  0  6388234575  1486  0  69309  464745  395428  0  45347  799  53  841870  0  45347  0  0  8879  20307  459  52102695  0  0  0  4160  10.6682847119  
1439292302  0  83228  8879  0  0  0  0  0  0  6469897511  1486  0  69309  471401  402084  0  45347  799  53  850836  0  45347  0  0  8879  20532  459  81662936  0  0  0  6656  10.6682847119  
1439292312  0  83228  8879  0  0  0  0  0  0  6553778686  1486  0  69309  478134  408817  0  45347  799  53  859795  0  45347  0  0  8879  20721  459  83881175  0  0  0  6733  10.6682847119  
1439292322  0  83228  8879  0  0  0  0  0  0  6595259728  1486  0  69309  481574  412257  0  45347  799  53  865237  0  45347  0  0  8879  20830  459  41481042  0  0  0  3440  10.6682847119  
1439292332  0  83228  8879  0  0  0  0  0  0  6643932749  1486  0  69309  485741  416424  0  45347  799  53  871336  0  45347  0  0  8879  20970  459  48673021  0  0  0  4167  10.6682847119  
1439292342  0  83228  8879  0  0  0  0  0  0  6672399517  1486  0  69309  487616  418299  0  45347  799  53  876149  0  45347  0  0  8879  21045  459  28466768  0  0  0  1875  10.6682847119  
1439292352  0  83228  8879  0  0  0  0  0  0  6673138939  1486  0  69309  487616  418299  0  45347  799  53  876401  0  45347  0  0  8879  21047  459  739422  0  0  0  0  10.6682847119  
1439292362  0  83228  8879  0  0  0  0  0  0  6673693066  1486  0  69309  487616  418299  0  45347  799  53  876401  0  45347  0  0  8879  21047  459  554127  0  0  0  0  10.6682847119  
1439292372  0  83228  8879  0  0  0  0  0  0  6673693066  1486  0  69309  487616  418299  0  45347  799  53  876401  0  45347  0  0  8879  21047  459  0  0  0  0  0  10.6682847119  
1439292383  0  83228  8879  0  0  0  0  0  0  6673693066  1486  0  69309  487616  418299  0  45347  799  53  876401  0  45347  0  0  8879  21047  459  0  0  0  0  0  10.6682847119  
1439292393  0  83228  8879  0  0  0  0  0  0  6673693066  1486  0  69309  487616  418299  0  45347  799  53  876401  0  45347  0  0  8879  21047  459  0  0  0  0  0  10.6682847119  
1439292403  0  83228  8879  0  0  0  0  0  0  6673693066  1486  0  69309  487616  418299  0  45347  799  53  876401  0  45347  0  0  8879  21047  459  0  0  0  0  0  10.6682847119  
1439292413  0  83228  8879  0  0  0  0  0  0  6673693066  1486  0  69309  487616  418299  0  45347  799  53  876401  0  45347  0  0  8879  21047  459  0  0  0  0  0  10.6682847119  
1439292423  0  83228  8879  0  0  0  0  0  0  6673693066  1486  0  69309  487616  418299  0  45347  799  53  876401  0  45347  0  0  8879  21047  459  0  0  0  0  0  10.6682847119  
1439292433  0  83228  8879  0  0  0  0  0  0  6673693066  1486  0  69309  487616  418299  0  45347  799  53  876401  0  45347  0  0  8879  21047  459  0  0  0  0  0  10.6682847119  
1439292443  0  83228  8879  0  0  0  0  0  0  6673693066  1486  0  69309  487616  418299  0  45347  799  53  876401  0  45347  0  0  8879  21047  459  0  0  0  0  0  10.6682847119  
1439292453  0  83228  8879  0  0  0  0  0  0  6673693066  1486  0  69309  487616  418299  0  45347  799  53  876401  0  45347  0  0  8879  21047  459  0  0  0  0  0  10.6682847119  
1439292463  0  83228  8879  0  0  0  0  0  0  6673693066  1486  0  69309  487616  418299  0  45347  799  53  876401  0  45347  0  0  8879  21047  459  0  0  0  0  0  10.6682847119  
1439292473  0  83228  8879  0  0  0  0  0  0  6673693066  1486  0  69309  487616  418299  0  45347  799  53  876401  0  45347  0  0  8879  21047  459  0  0  0  0  0  10.6682847119  
1439292483  0  83228  8879  0  0  0  0  0  0  6673693066  1486  0  69309  487616  418299  0  45347  799  53  876401  0  45347  0  0  8879  21047  459  0  0  0  0  0  10.6682847119  
1439292493  0  83228  8879  0  0  0  0  0  0  6673693066  1486  0  69309  487616  418299  0  45347  799  53  876401  0  45347  0  0  8879  21047  459  0  0  0  0  0  10.6682847119  
1439292503  0  83228  8879  0  0  0  0  0  0  6673693066  1486  0  69309  487616  418299  0  45347  799  53  876401  0  45347  0  0  8879  21047  459  0  0  0  0  0  10.6682847119  
1439292513  0  83228  8879  0  0  0  0  0  0  6673693066  1486  0  69309  487616  418299  0  45347  799  53  876401  0  45347  0  0  8879  21047  459  0  0  0  0  0  10.6682847119  
1439292523  0  83228  8879  0  0  0  0  0  0  6673693066  1486  0  69309  487616  418299  0  45347  799  53  876401  0  45347  0  0  8879  21047  459  0  0  0  0  0  10.6682847119  
1439292533  0  83228  8879  0  0  0  0  0  0  6673693066  1486  0  69309  487616  418299  0  45347  799  53  876401  0  45347  0  0  8879  21047  459  0  0  0  0  0  10.6682847119  
1439292543  0  83228  8879  0  0  0  0  0  0  6673693066  1486  0  69309  487616  418299  0  45347  799  53  876401  0  45347  0  0  8879  21047  459  0  0  0  0  0  10.6682847119  
1439292553  0  83228  8879  0  0  0  0  0  0  6673693066  1486  0  69309  487616  418299  0  45347  799  53  876401  0  45347  0  0  8879  21047  459  0  0  0  0  0  10.6682847119  
1439292563  0  83228  8879  0  0  0  0  0  0  6673693066  1486  0  69309  487616  418299  0  45347  799  53  876401  0  45347  0  0  8879  21047  459  0  0  0  0  0  10.6682847119  
1439292573  0  83228  8879  0  0  0  0  0  0  6673693066  1486  0  69309  487616  418299  0  45347  799  53  876401  0  45347  0  0  8879  21047  459  0  0  0  0  0  10.6682847119  
1439292583  0  83228  8879  0  0  0  0  0  0  6673693066  1486  0  69309  487616  418299  0  45347  799  53  876401  0  45347  0  0  8879  21047  459  0  0  0  0  0  10.6682847119  
1439292593  0  83228  8879  0  0  0  0  0  0  6673693066  1486  0  69309  487616  418299  0  45347  799  53  876401  0  45347  0  0  8879  21047  459  0  0  0  0  0  10.6682847119  
1439292603  0  83228  8879  0  0  0  0  0  0  6673693066  1486  0  69309  487616  418299  0  45347  799  53  876401  0  45347  0  0  8879  21047  459  0  0  0  0  0  10.6682847119  
1439292613  0  83228  8879  0  0  0  0  0  0  6673693066  1486  0  69309  487616  418299  0  45347  799  53  876401  0  45347  0  0  8879  21047  459  0  0  0  0  0  10.6682847119  
1439292623  0  83228  8879  0  0  0  0  0  0  6673693066  1486  0  69309  487616  418299  0  45347  799  53  876401  0  45347  0  0  8879  21047  459  0  0  0  0  0  10.6682847119  
1439292633  0  83228  8879  0  0  0  0  0  0  6673693066  1486  0  69309  487616  418299  0  45347  799  53  876401  0  45347  0  0  8879  21047  459  0  0  0  0  0  10.6682847119  
1439292643  0  83228  8879  0  0  0  0  0  0  6673693066  1486  0  69309  487616  418299  0  45347  799  53  876401  0  45347  0  0  8879  21047  459  0  0  0  0  0  10.6682847119  
1439292653  0  83228  8879  0  0  0  0  0  0  6673693066  1486  0  69309  487616  418299  0  45347  799  53  876401  0  45347  0  0  8879  21047  459  0  0  0  0  0  10.6682847119  
1439292663  0  83228  8879  0  0  0  0  0  0  6673693066  1486  0  69309  487616  418299  0  45347  799  53  876401  0  45347  0  0  8879  21047  459  0  0  0  0  0  10.6682847119  
1439292673  0  83228  8879  0  0  0  0  0  0  6673693066  1486  0  69309  487616  418299  0  45347  799  53  876401  0  45347  0  0  8879  21047  459  0  0  0  0  0  10.6682847119  
1439292683  0  83228  8879  0  0  0  0  0  0  6673693066  1486  0  69309  487616  418299  0  45347  799  53  876401  0  45347  0  0  8879  21047  459  0  0  0  0  0  10.6682847119  
1439292693  0  83228  8879  0  0  0  0  0  0  6673693066  1486  0  69309  487616  418299  0  45347  799  53  876401  0  45347  0  0  8879  21047  459  0  0  0  0  0  10.6682847119  
1439292703  0  83228  8879  0  0  0  0  0  0  6673693066  1486  0  69309  487616  418299  0  45347  799  53  876401  0  45347  0  0  8879  21047  459  0  0  0  0  0  10.6682847119  
1439292713  0  83228  8879  0  0  0  0  0  0  6673693066  1486  0  69309  487616  418299  0  45347  799  53  876401  0  45347  0  0  8879  21047  459  0  0  0  0  0  10.6682847119  
1439292723  0  83228  8879  0  0  0  0  0  0  6673693066  1486  0  69309  487616  418299  0  45347  799  53  876401  0  45347  0  0  8879  21047  459  0  0  0  0  0  10.6682847119  
1439292733  0  83228  8879  0  0  0  0  0  0  6673693066  1486  0  69309  487616  418299  0  45347  799  53  876401  0  45347  0  0  8879  21047  459  0  0  0  0  0  10.6682847119  
1439292743  0  83228  8879  0  0  0  0  0  0  6673693066  1486  0  69309  487616  418299  0  45347  799  53  876401  0  45347  0  0  8879  21047  459  0  0  0  0  0  10.6682847119  
1439292753  0  83228  8879  0  0  0  0  0  0  6673693066  1486  0  69309  487616  418299  0  45347  799  53  876401  0  45347  0  0  8879  21047  459  0  0  0  0  0  10.6682847119  
1439292763  0  83228  8879  0  0  0  0  0  0  6673693066  1486  0  69309  487616  418299  0  45347  799  53  876401  0  45347  0  0  8879  21047  459  0  0  0  0  0  10.6682847119  
1439292773  0  83228  8879  0  0  0  0  0  0  6673693066  1486  0  69309  487616  418299  0  45347  799  53  876401  0  45347  0  0  8879  21047  459  0  0  0  0  0  10.6682847119  
1439292783  0  83228  8879  0  0  0  0  0  0  6673693066  1486  0  69309  487616  418299  0  45347  799  53  876401  0  45347  0  0  8879  21047  459  0  0  0  0  0  10.6682847119  
1439292793  0  83228  8879  0  0  0  0  0  0  6673693066  1486  0  69309  487616  418299  0  45347  799  53  876401  0  45347  0  0  8879  21047  459  0  0  0  0  0  10.6682847119  
1439292803  0  83228  8879  0  0  0  0  0  0  6673693066  1486  0  69309  487616  418299  0  45347  799  53  876401  0  45347  0  0  8879  21047  459  0  0  0  0  0  10.6682847119  
1439292813  0  83228  8879  0  0  0  0  0  0  6673693066  1486  0  69309  487616  418299  0  45347  799  53  876401  0  45347  0  0  8879  21047  459  0  0  0  0  0  10.6682847119  
1439292823  0  83228  8879  0  0  0  0  0  0  6673693066  1486  0  69309  487616  418299  0  45347  799  53  876401  0  45347  0  0  8879  21047  459  0  0  0  0  0  10.6682847119  
1439292833  0  83228  8879  0  0  0  0  0  0  6673693066  1486  0  69309  487616  418299  0  45347  799  53  876401  0  45347  0  0  8879  21047  459  0  0  0  0  0  10.6682847119  
1439292843  0  83228  8879  0  0  0  0  0  0  6673693066  1486  0  69309  487616  418299  0  45347  799  53  876401  0  45347  0  0  8879  21047  459  0  0  0  0  0  10.6682847119  
1439292853  0  83228  8879  0  0  0  0  0  0  6673693066  1486  0  69309  487616  418299  0  45347  799  53  876401  0  45347  0  0  8879  21047  459  0  0  0  0  0  10.6682847119  
1439292863  0  83228  8879  0  0  0  0  0  0  6673693066  1486  0  69309  487616  418299  0  45347  799  53  876401  0  45347  0  0  8879  21047  459  0  0  0  0  0  10.6682847119  
1439292873  0  83228  8879  0  0  0  0  0  0  6673693066  1486  0  69309  487616  418299  0  45347  799  53  876401  0  45347  0  0  8879  21047  459  0  0  0  0  0  10.6682847119  
1439292883  0  83228  8879  0  0  0  0  0  0  6673693066  1486  0  69309  487616  418299  0  45347  799  53  876401  0  45347  0  0  8879  21047  459  0  0  0  0  0  10.6682847119  
1439292893  0  83228  8879  0  0  0  0  0  0  6673693066  1486  0  69309  487616  418299  0  45347  799  53  876401  0  45347  0  0  8879  21047  459  0  0  0  0  0  10.6682847119  
1439292903  0  83228  8879  0  0  0  0  0  0  6673693066  1486  0  69309  487616  418299  0  45347  799  53  876401  0  45347  0  0  8879  21047  459  0  0  0  0  0  10.6682847119  
1439292913  0  83228  8879  0  0  0  0  0  0  6673693066  1486  0  69309  487616  418299  0  45347  799  53  876401  0  45347  0  0  8879  21047  459  0  0  0  0  0  10.6682847119  
1439292923  0  83228  8879  0  0  0  0  0  0  6673693066  1486  0  69309  487616  418299  0  45347  799  53  876401  0  45347  0  0  8879  21047  459  0  0  0  0  0  10.6682847119  
1439292933  0  83228  8879  0  0  0  0  0  0  6673693066  1486  0  69309  487616  418299  0  45347  799  53  876401  0  45347  0  0  8879  21047  459  0  0  0  0  0  10.6682847119  
1439292943  0  83228  8879  0  0  0  0  0  0  6673693066  1486  0  69309  487616  418299  0  45347  799  53  876401  0  45347  0  0  8879  21047  459  0  0  0  0  0  10.6682847119  
1439292953  0  83228  8879  0  0  0  0  0  0  6673693066  1486  0  69309  487616  418299  0  45347  799  53  876401  0  45347  0  0  8879  21047  459  0  0  0  0  0  10.6682847119  
1439292963  0  83228  8879  0  0  0  0  0  0  6673693066  1486  0  69309  487616  418299  0  45347  799  53  876401  0  45347  0  0  8879  21047  459  0  0  0  0  0  10.6682847119  
1439292973  0  83228  8879  0  0  0  0  0  0  6673693066  1486  0  69309  487616  418299  0  45347  799  53  876401  0  45347  0  0  8879  21047  459  0  0  0  0  0  10.6682847119  
1439292983  0  83228  8879  0  0  0  0  0  0  6673693066  1486  0  69309  487616  418299  0  45347  799  53  876401  0  45347  0  0  8879  21047  459  0  0  0  0  0  10.6682847119  
1439292993  0  83228  8879  0  0  0  0  0  0  6673693066  1486  0  69309  487616  418299  0  45347  799  53  876401  0  45347  0  0  8879  21047  459  0  0  0  0  0  10.6682847119  
1439293003  0  83228  8879  0  0  0  0  0  0  6673693066  1486  0  69309  487616  418299  0  45347  799  53  876401  0  45347  0  0  8879  21047  459  0  0  0  0  0  10.6682847119  
1439293013  0  83228  8879  0  0  0  0  0  0  6673693066  1486  0  69309  487616  418299  0  45347  799  53  876401  0  45347  0  0  8879  21047  459  0  0  0  0  0  10.6682847119  
1439293023  0  83228  8879  0  0  0  0  0  0  6673693066  1486  0  69309  487616  418299  0  45347  799  53  876401  0  45347  0  0  8879  21047  459  0  0  0  0  0  10.6682847119  
1439293033  0  83228  8879  0  0  0  0  0  0  6673693066  1486  0  69309  487616  418299  0  45347  799  53  876401  0  45347  0  0  8879  21047  459  0  0  0  0  0  10.6682847119  
1439293043  0  83228  8879  0  0  0  0  0  0  6673693066  1486  0  69309  487616  418299  0  45347  799  53  876401  0  45347  0  0  8879  21047  459  0  0  0  0  0  10.6682847119  
1439293053  0  83228  8879  0  0  0  0  0  0  6673693066  1486  0  69309  487616  418299  0  45347  799  53  876401  0  45347  0  0  8879  21047  459  0  0  0  0  0  10.6682847119  
1439293063  0  83228  8879  0  0  0  0  0  0  6673693066  1486  0  69309  487616  418299  0  45347  799  53  876401  0  45347  0  0  8879  21047  459  0  0  0  0  0  10.6682847119  
1439293073  0  83228  8879  0  0  0  0  0  0  6673693066  1486  0  69309  487616  418299  0  45347  799  53  876401  0  45347  0  0  8879  21047  459  0  0  0  0  0  10.6682847119  
1439293084  0  83228  8879  0  0  0  0  0  0  6673693066  1486  0  69309  487616  418299  0  45347  799  53  876401  0  45347  0  0  8879  21047  459  0  0  0  0  0  10.6682847119  
1439293094  0  83228  8879  0  0  0  0  0  0  6673693066  1486  0  69309  487616  418299  0  45347  799  53  876401  0  45347  0  0  8879  21047  459  0  0  0  0  0  10.6682847119  
1439293104  0  83228  8879  0  0  0  0  0  0  6673693066  1486  0  69309  487616  418299  0  45347  799  53  876401  0  45347  0  0  8879  21047  459  0  0  0  0  0  10.6682847119  
1439293114  0  83228  8879  0  0  0  0  0  0  6673693066  1486  0  69309  487616  418299  0  45347  799  53  876401  0  45347  0  0  8879  21047  459  0  0  0  0  0  10.6682847119  
1439293124  0  83228  8879  0  0  0  0  0  0  6673693066  1486  0  69309  487616  418299  0  45347  799  53  876401  0  45347  0  0  8879  21047  459  0  0  0  0  0  10.6682847119  
1439293134  0  83228  8879  0  0  0  0  0  0  6673693066  1486  0  69309  487616  418299  0  45347  799  53  876401  0  45347  0  0  8879  21047  459  0  0  0  0  0  10.6682847119  
1439293144  0  83228  8879  0  0  0  0  0  0  6673693066  1486  0  69309  487616  418299  0  45347  799  53  876401  0  45347  0  0  8879  21047  459  0  0  0  0  0  10.6682847119  
1439293154  0  83228  8879  0  0  0  0  0  0  6673693066  1486  0  69309  487616  418299  0  45347  799  53  876401  0  45347  0  0  8879  21047  459  0  0  0  0  0  10.6682847119  
1439293164  0  83228  8879  0  0  0  0  0  0  6673693066  1486  0  69309  487616  418299  0  45347  799  53  876401  0  45347  0  0  8879  21047  459  0  0  0  0  0  10.6682847119  
1439293174  0  83228  8879  0  0  0  0  0  0  6673693066  1486  0  69309  487616  418299  0  45347  799  53  876401  0  45347  0  0  8879  21047  459  0  0  0  0  0  10.6682847119  
1439293184  0  83228  8879  0  0  0  0  0  0  6673693066  1486  0  69309  487616  418299  0  45347  799  53  876401  0  45347  0  0  8879  21047  459  0  0  0  0  0  10.6682847119  
1439293194  0  83228  8879  0  0  0  0  0  0  6673693066  1486  0  69309  487616  418299  0  45347  799  53  876401  0  45347  0  0  8879  21047  459  0  0  0  0  0  10.6682847119  
1439293204  0  83228  8879  0  0  0  0  0  0  6673693066  1486  0  69309  487616  418299  0  45347  799  53  876401  0  45347  0  0  8879  21047  459  0  0  0  0  0  10.6682847119  
1439293214  0  83228  8879  0  0  0  0  0  0  6673693066  1486  0  69309  487616  418299  0  45347  799  53  876401  0  45347  0  0  8879  21047  459  0  0  0  0  0  10.6682847119  
1439293224  0  83228  8879  0  0  0  0  0  0  6673693066  1486  0  69309  487616  418299  0  45347  799  53  876401  0  45347  0  0  8879  21047  459  0  0  0  0  0  10.6682847119  
1439293234  0  83228  8879  0  0  0  0  0  0  6673693066  1486  0  69309  487616  418299  0  45347  799  53  876401  0  45347  0  0  8879  21047  459  0  0  0  0  0  10.6682847119  
1439293244  0  83228  8879  0  0  0  0  0  0  6673693066  1486  0  69309  487616  418299  0  45347  799  53  876401  0  45347  0  0  8879  21047  459  0  0  0  0  0  10.6682847119  
1439293254  0  83228  8879  0  0  0  0  0  0  6673693066  1486  0  69309  487616  418299  0  45347  799  53  876401  0  45347  0  0  8879  21047  459  0  0  0  0  0  10.6682847119  
1439293264  0  83228  8879  0  0  0  0  0  0  6673693066  1486  0  69309  487616  418299  0  45347  799  53  876401  0  45347  0  0  8879  21047  459  0  0  0  0  0  10.6682847119  
1439293274  0  83228  8879  0  0  0  0  0  0  6673693066  1486  0  69309  487616  418299  0  45347  799  53  876401  0  45347  0  0  8879  21047  459  0  0  0  0  0  10.6682847119  
1439293284  0  83228  8879  0  0  0  0  0  0  6673693066  1486  0  69309  487616  418299  0  45347  799  53  876401  0  45347  0  0  8879  21047  459  0  0  0  0  0  10.6682847119  
1439293294  0  83228  8879  0  0  0  0  0  0  6673693066  1486  0  69309  487616  418299  0  45347  799  53  876401  0  45347  0  0  8879  21047  459  0  0  0  0  0  10.6682847119  
1439293304  0  83228  8879  0  0  0  0  0  0  6673693066  1486  0  69309  487616  418299  0  45347  799  53  876401  0  45347  0  0  8879  21047  459  0  0  0  0  0  10.6682847119  
1439293314  0  83228  8879  0  0  0  0  0  0  6673693066  1486  0  69309  487616  418299  0  45347  799  53  876401  0  45347  0  0  8879  21047  459  0  0  0  0  0  10.6682847119  
1439293324  0  83228  8879  0  0  0  0  0  0  6673693066  1486  0  69309  487616  418299  0  45347  799  53  876401  0  45347  0  0  8879  21047  459  0  0  0  0  0  10.6682847119  
1439293334  0  83228  8879  0  0  0  0  0  0  6673693066  1486  0  69309  487616  418299  0  45347  799  53  876401  0  45347  0  0  8879  21047  459  0  0  0  0  0  10.6682847119  
1439293344  0  83228  8879  0  0  0  0  0  0  6673693066  1486  0  69309  487616  418299  0  45347  799  53  876401  0  45347  0  0  8879  21047  459  0  0  0  0  0  10.6682847119  
1439293354  0  83228  8879  0  0  0  0  0  0  6673693066  1486  0  69309  487616  418299  0  45347  799  53  876401  0  45347  0  0  8879  21047  459  0  0  0  0  0  10.6682847119  
1439293364  0  83228  8879  0  0  0  0  0  0  6673693066  1486  0  69309  487616  418299  0  45347  799  53  876401  0  45347  0  0  8879  21047  459  0  0  0  0  0  10.6682847119  
