#type:T;
#time  gt  cn  Pt  Px  gx  cx  gn  gm  Pn  Pm  Ft  cm  pt  Fx  px  ct  pn  Fm  Fn  pm  dn  On  Om  dm  dx  Ox  dt  Ot  Gt  Cn  Cm  Gx  Cx  Gn  Gm  Ct  
1439417299  9996591  0  0  0  29610  0  17148  154  0  2147483647  56432  2147483647  0  3116  0  0  0  208  84  2147483647  0  184  254  2147483647  0  5564  0  172785  0  0  2147483647  0  0  0  2147483647  0  
1439417309  10005160  0  0  0  29610  0  17152  154  0  2147483647  56432  2147483647  0  3116  0  0  0  208  84  2147483647  0  184  254  2147483647  0  5564  0  172785  0  0  2147483647  0  0  0  2147483647  0  
1439417319  11188857  10226  666410226  219568  29610  218503  18022  154  10211  6324  145445  5641  1076175  3116  117216  657324943  15  208  405  59015  860  15078  236  3097  145468  52047  58663971  20581072  61889208  45  414  155310  6262  866  4140  51197  
1439417329  11407528  10682  746051626  478500  29610  475385  18233  154  10653  6324  14430796  5641  2409437  31077  410564  736922203  29  205  18423  59015  1003  15163  236  3097  145561  52047  70908637  20883359  74760737  72  414  155310  32734  1012  3669  101242  
1439417339  11407528  11140  777581571  659132  29610  475385  18233  154  11097  6324  61861524  5641  3401950  49801  410564  768212004  43  205  70546  59015  1005  15217  236  3097  145561  52047  71086391  21097979  74975164  96  399  155310  32734  1014  3669  116401  
1439417349  11407528  12334  927856575  659132  29610  475385  18233  154  12276  6324  125042632  5641  4781249  49801  410564  917301657  58  205  149824  59015  1005  15456  236  3097  145561  126697  71086391  23074427  74975164  122  399  155310  32734  1014  3669  138047  
1439417359  11445210  13152  1042957066  659132  29610  509485  18262  154  13093  6324  190775534  5641  4888896  49801  410564  1030522937  59  205  232728  59015  1005  16029  236  3097  145561  131673  71086391  27149554  74975164  130  399  155310  32734  1014  3669  146071  
1439417369  11595682  13172  1046820708  659132  29610  509485  18424  154  13113  6324  258522687  5641  4888896  49801  410564  1034192250  59  205  331989  59015  1250  17201  208  3097  145561  131673  92089349  29055127  96760218  130  399  155310  32734  1259  3669  146071  
1439417379  20084908  14592  1064330750  659132  30559  509485  31898  154  14533  6046  309872333  5513  4888896  56783  410564  1049614310  59  205  425137  59015  1422  18730  208  3097  145561  131673  97624801  30737444  102575350  130  399  155310  32734  1431  3669  146071  
1439417389  38533873  17764  1179772196  659132  30559  509485  52835  154  17704  6046  369666891  5513  4977033  56783  410564  1157607525  60  205  519917  59015  1497  20566  205  3097  145561  136043  100401135  34402868  105544281  135  399  155310  32734  1506  3669  148802  
1439417399  58306176  24230  1404528214  659132  31822  560418  72635  154  24168  6046  414320885  5513  5882605  56783  476966  1364640242  62  205  572068  59015  1526  21750  205  3097  145561  136043  102613852  36531210  107877278  135  399  155310  32734  1535  3669  148802  
1439417409  76694601  37174  1743129283  659132  31822  560418  90861  154  37112  6046  454935521  5513  5882605  56783  476966  1668678590  62  205  615554  59015  1532  22593  205  3097  145561  136043  103119416  39103889  108433527  135  399  155310  32734  1541  3669  148802  
1439417419  95606142  58560  2321228932  659132  31822  560418  109010  154  58496  6046  488832063  5513  6709267  56783  476966  2193438216  64  205  651374  59015  2257  23872  205  3097  145561  239661  161162334  43069208  168787472  135  399  155310  32734  2266  3669  148802  
1439417429  112060029  79931  2858728710  659132  31822  608143  124817  154  79867  6046  517771033  5465  6709267  56783  476966  2675966269  64  205  682875  59015  4170  24973  205  3097  145561  248790  304459162  48757025  317654833  135  399  155310  32734  4179  3669  148802  
1439417439  124175224  100998  3240176751  659132  31822  608143  141166  154  100934  6046  542721336  5465  6709267  56783  476966  3018026147  64  205  715794  59015  6485  25549  205  3097  145561  261764  427733015  53055718  445748618  135  399  155310  32734  6494  3669  148802  
1439417449  135944291  122911  3616738582  659132  31822  608143  158152  154  122847  6046  570770787  5465  6709267  56783  476966  3356219556  64  205  768805  59015  9071  27289  205  3097  145561  325314  556770988  65778552  580144406  135  399  155310  32734  9080  3669  148802  
1439417459  155316134  140266  4037220117  659132  37146  608143  177790  154  140202  6046  605146259  5465  6709267  56783  476966  3732495721  64  205  805204  59015  13199  28297  205  3097  145561  325314  839409490  73109578  873952895  135  399  155310  32734  13208  3669  148802  
1439417469  171450066  158874  4494178418  659132  37146  608143  192984  154  158810  6046  635230601  5465  6709267  56783  476966  4142018557  64  205  835454  59015  17906  29368  205  3097  145561  388771  1155358725  84208451  1202304893  135  399  155310  32734  17915  3669  148802  
1439417479  190277807  174485  4854899945  659132  37146  608143  210729  154  174421  6046  667171080  5465  6709267  56783  476966  4464526768  64  205  868978  59015  21549  30349  205  3097  145561  388771  1386587356  91935613  1442786297  135  399  155310  32734  21558  3669  148802  
1439417489  207073827  193320  5302192994  659132  37146  608143  227235  154  193256  6046  697123255  5465  6709267  56783  476966  4864823387  64  205  900575  59015  26174  31121  205  3097  145561  388771  1711981544  102467443  1781338561  135  399  155310  32734  26183  3669  148802  
1439417499  222190929  214988  5858516775  659132  37146  613800  242186  154  214922  6046  725885182  5465  7300925  56783  497194  5366815787  66  205  930102  59015  32656  32072  205  3097  145561  388771  2120076603  110624128  2206013560  135  399  155310  32734  32665  3669  148802  
1439417509  236498991  236740  6369324143  659132  37146  613800  256023  154  236674  6046  748290995  5465  7300925  56783  497194  5823929077  66  205  954989  59015  36821  32844  205  3097  145561  388771  2362614507  119348084  2458433519  135  399  155310  32734  36830  3669  148802  
1439417519  253337708  259290  6931554070  659132  37146  613800  271702  154  259224  6046  774831530  5465  7300925  56783  497194  6326546083  66  205  981613  59015  41390  33669  205  3097  145561  663431  2676248162  130793843  2784711521  135  399  155310  32734  41399  3669  148802  
1439417529  268945402  280288  7422569241  659132  37146  613800  286482  154  280222  6046  802708887  5465  7300925  56783  497194  6765541484  66  205  1010137  59015  46949  34397  205  3097  145561  663431  3059646400  140319377  3183805102  135  399  155310  32734  46958  3669  148802  
1439417539  281979925  299658  7917200818  659132  37146  613800  299161  154  299592  6046  825223836  5465  7300925  56783  497194  7211903212  66  205  1033646  59015  52542  34969  205  3097  145561  663431  3414050048  148962092  3552262578  135  399  155310  32734  52551  3669  148802  
1439417550  297810979  320973  8444654130  659132  37146  613800  314120  154  320907  6046  851220499  5465  7300925  56783  497194  7684240899  66  205  1059296  59015  57328  35882  205  3097  145561  663431  3729731097  167709354  3880762534  135  399  155310  32734  57337  3669  148802  
1439417560  309908388  339818  8898862305  659132  37146  613800  325338  154  339752  6046  876717650  5465  7300925  56783  497194  8091296619  66  205  1085317  59015  61837  36780  205  3097  145561  663431  4026153776  185135822  4189261582  135  399  155310  32734  61846  3669  148802  
1439417570  322643970  357607  9343755018  659132  37146  613800  336983  154  357541  6046  902093038  5465  7300925  56783  497194  8490096537  66  205  1109318  59015  67554  37526  205  3097  145561  663431  4460742381  196908893  4641240001  135  399  155310  32734  67563  3669  148802  
1439417580  336816795  376424  9825454429  659132  37146  613800  350072  154  376358  6046  931187403  5465  7300925  56783  497194  8923940369  66  205  1137204  59015  75939  38289  205  3097  145561  663431  5030640019  210457800  5233776320  135  399  155310  32734  75948  3669  148802  
1439417590  347720466  396779  10261751799  659132  37146  613800  361431  154  396713  6046  954615047  5453  7300925  56783  497194  9314276367  66  205  1162019  59015  83133  38929  205  3097  145561  663431  5495677273  221653556  5717593577  135  399  155310  32734  83142  3669  148802  
1439417600  361599092  417002  10757647397  659132  37146  613800  374924  154  416936  6046  983120541  5453  7300925  56783  497194  9758374140  66  205  1190176  59015  90563  39594  205  3097  145561  663431  5986649528  233809072  6228845492  135  399  155310  32734  90572  3669  148802  
1439417610  372598871  437599  11229440025  659132  37146  613800  386114  154  437533  6046  1008800199  5453  7300925  56783  497194  10181634763  66  205  1217706  59015  100287  40360  205  3097  145561  663431  6584215222  247146338  6850735132  135  399  155310  32734  100296  3669  148802  
1439417620  382381112  456749  11694966420  659132  37146  613800  395593  154  456683  6046  1031287052  5453  7300925  56783  497194  10598616323  66  205  1239358  59015  106612  40926  205  3097  145561  663431  7000586076  258562470  7284113522  135  399  155310  32734  106621  3669  148802  
1439417630  393314704  474197  12119471892  659132  37146  613800  405597  154  474131  6046  1057281781  5453  7300925  56783  497194  10978905814  66  205  1264556  59015  113331  41518  205  3097  145561  663431  7451665720  271594056  7753290926  135  399  155310  32734  113340  3669  148802  
1439417640  405468471  492730  12552261922  659132  37146  613800  416883  154  492664  6046  1082010909  5453  7300925  56783  497194  11366620414  66  205  1288975  59015  120125  42119  205  3097  145561  745752  7943045562  286454680  8264759311  135  399  155310  32734  120134  3669  148802  
1439417650  418685171  512743  13038319556  659132  37146  613800  429203  154  512677  6046  1114034619  5432  7300925  56783  497194  11801555626  66  205  1320643  59015  128123  42897  205  3097  178607  745752  8501624647  301030535  8845757114  135  399  181923  32734  128132  3669  148802  
1439417660  430150898  532265  13523048964  659132  37146  613800  440091  154  532199  6046  1137199121  5432  7300925  56783  497194  12235687314  66  205  1345061  59015  137427  43491  205  3097  516668  745752  9156301592  314755432  9526095268  135  399  517603  32734  137436  3669  148802  
1439417670  441823236  550344  13965745398  659132  38545  613800  450886  154  550278  6046  1166216560  5432  7300925  56783  497194  12632170766  66  205  1373565  59015  145990  44139  205  3097  516668  745752  9728866077  327028179  10121368687  135  399  517603  32734  145999  3669  148802  
1439417680  452377558  569764  14415461304  659132  38545  613800  460775  154  569698  6046  1188195204  5432  7300925  56783  497194  13034220644  66  205  1396334  59015  152975  44757  205  3097  516668  745752  10166544331  339944833  10577439422  135  399  517603  32734  152984  3669  148802  
1439417690  462924521  586662  14820226414  659132  38545  613800  470840  154  586596  6046  1212379179  5432  7300925  56783  497194  13396747002  66  205  1421121  59015  159922  45338  205  3097  516668  745752  10625658746  351348251  11054852716  135  399  517603  32734  159931  3669  148802  
1439417700  474614243  605721  15352608017  659132  38545  613800  482061  154  605656  6046  1237229359  5432  7300925  56783  497194  13880847622  66  205  1445873  59015  167024  45970  205  3097  516668  745752  11113288526  366454813  11562313389  137  384  517603  32734  167034  3669  149854  
1439417710  487395917  627213  15873855059  659132  38545  613800  493538  154  627148  6046  1264879689  5432  7300925  56783  497194  14347304629  66  205  1472527  59015  175166  46631  205  3097  516668  745752  11665205010  383067606  12136849959  137  384  517603  32734  175176  3669  149854  
1439417720  498415996  642629  16227310591  659132  38545  613800  503853  154  642564  6046  1287908637  5432  7300925  56783  497194  14663414575  66  205  1495806  59015  182957  47192  205  3097  516668  745752  12161963694  395240225  12653555096  137  384  517603  32734  182967  3669  149854  
1439417730  509613563  661406  16647400370  659132  38545  613800  514321  154  661341  6046  1311155550  5432  7300925  56783  497194  15039415054  66  205  1520486  59015  190243  47923  205  3097  516668  745752  12632725990  412110720  13143570475  137  384  517603  32734  190253  3669  149854  
1439417740  519091837  678594  17039916395  659132  38545  613800  523141  154  678529  6046  1330893293  5432  7300925  56783  497194  15390765152  66  205  1541124  59015  197045  48468  205  3097  516668  1036439  13083581955  424233815  13612624087  137  384  517603  32734  197055  3669  149854  
1439417750  529352575  695459  17439549628  659132  38545  613800  532810  154  695394  6046  1356697860  5432  7300925  56783  497194  15747053094  66  205  1565975  59015  205010  49241  205  3097  516668  1036439  13589990830  446901001  14139063813  137  384  517603  32734  205020  3669  149854  
1439417760  539033159  711029  17905176735  659132  38545  613800  542040  154  710964  6046  1377163715  5432  7300925  56783  497194  16173743617  66  205  1586325  59015  210505  49721  205  3097  516668  1036439  13965598697  457367641  14529671057  139  384  517603  32734  210515  3669  152724  
1439417770  549891963  730122  18339013330  659132  38545  613800  552590  154  730057  6046  1401791495  5432  7300925  56783  497194  16562220967  66  205  1611304  59015  216745  50572  205  3097  516668  1036439  14383495782  476861740  14964472043  139  384  517603  32734  216755  3669  152724  
1439417781  561288970  746236  18733055785  659132  38545  613800  562973  154  746171  5994  1426197737  5422  7300925  56783  497194  16915180156  66  205  1635258  59015  223821  51175  205  3097  516668  1036439  14864038147  489936176  15464174977  139  384  517603  32734  223831  3669  152724  
1439417791  570682285  765360  19151784730  659132  38545  613800  572380  154  765295  5994  1450638337  5422  7300925  56783  497194  17290274934  66  205  1660841  59015  234130  51821  205  3097  516668  1036439  15501028851  501896463  16126808747  139  384  517603  32734  234140  3669  152724  
1439417801  579125741  780981  19504272764  659132  38545  613800  580574  154  780916  5994  1469253491  5422  7300925  56783  497194  17606105676  66  205  1681561  59015  240288  52477  205  3097  516668  1036439  15875515049  518598793  16516553294  139  384  517603  32734  240298  3669  152724  
1439417811  591289443  795761  19860290345  659132  38545  613800  591151  154  795696  5994  1493067887  5422  7300925  56783  497194  17924871782  66  205  1703770  59015  246437  53001  205  3097  516668  1036439  16307642494  528463828  16966167709  139  384  517603  32734  246447  3669  152724  
1439417821  601682737  813209  20267016576  659132  38545  613800  601618  154  813144  5994  1518038828  5422  7300925  56783  497194  18288404464  66  205  1728373  59015  253572  53619  205  3097  516668  1036439  16756948439  543102047  17433538519  139  384  517603  32734  253582  3669  152724  
1439417831  611958914  831142  20697247849  659132  38545  613800  610836  154  831077  5994  1540657475  5422  7300925  56783  497194  18672659474  66  205  1752222  59015  262409  54230  205  3097  516668  1036439  17318194823  554091015  18017093618  139  384  517603  32734  262419  3669  152724  
1439417841  621501845  846480  21060799480  659132  38545  613800  619197  154  846415  5994  1560831346  5422  7300925  58218  497194  18997819493  66  205  1771542  59015  268990  54756  205  3097  516668  1036439  17760258215  567096376  18476537366  139  384  517603  32734  269000  3669  152724  
1439417851  629614272  862409  21447954933  659132  38545  613800  626603  154  862344  5994  1582027777  5422  7300925  58218  497194  19344463296  66  205  1791219  59015  275999  55290  205  3097  516668  1036439  18274460462  578596355  19011779746  139  384  517603  32734  276009  3669  152724  
1439417861  640032961  879288  21838077183  659132  38545  613800  636442  154  879223  5994  1603041011  5422  7300925  58218  497194  19693661535  66  205  1812071  59015  282094  55852  205  3097  516668  1036439  18655351011  592785284  19407955310  139  384  517603  32734  282104  3669  152724  
1439417871  647425005  895631  22188909200  659132  109073  613800  644881  154  895566  5994  1624274424  5422  7300925  58218  497194  20007736454  66  205  1835304  59015  289329  56455  205  3097  516668  1036439  19104160440  603454963  19875011703  139  384  517603  32734  289339  3669  152724  
1439417881  656713348  908484  22486334159  659132  109073  613800  653949  154  908419  5994  1643592508  5422  7300925  58218  497194  20273897822  66  205  1853882  59015  294056  56892  205  3097  516668  1036439  19409623991  612576772  20192833661  139  384  517603  32734  294066  3669  152724  
1439417891  666759452  924644  22901749385  659132  109073  613800  663335  154  924579  5994  1665357377  5422  7300925  58218  497194  20645351844  66  205  1874413  59015  300582  57468  205  3097  516668  1036439  19833743809  627980611  20633843074  139  384  517603  32734  300592  3669  152724  
1439417901  679260402  942979  23363265117  659132  109073  613800  675386  154  942914  5994  1688879124  5422  7300925  58218  497194  21061048604  66  205  1898006  59015  307765  58124  205  3097  516668  1036439  20273281470  644084163  21091100863  139  384  517603  32734  307775  3669  152724  
1439417911  688683270  958162  23739853454  659132  109073  613800  684499  154  958097  5994  1712392023  5422  7300925  58218  497194  21398222896  66  205  1921812  59015  314475  58826  205  3097  516668  1036439  20718907542  659194461  21554609716  139  384  517603  32734  314485  3669  152724  
1439417921  697370355  974755  24127811000  659132  109073  613800  692697  154  974690  5994  1732146373  5422  7300925  58218  497194  21745560925  66  205  1941641  59015  320947  59322  205  3097  516668  1036439  21147559692  671716208  22000813843  139  384  517603  32734  320957  3669  152724  
1439417931  707258221  991690  24509559674  659132  109073  613800  702037  154  991625  5994  1753386952  5422  7300925  58218  497194  22087214150  66  205  1964546  59015  329215  59893  205  3097  516668  1036439  21642467551  684512057  22515315210  139  384  517603  32734  329225  3669  152724  
1439417941  718131032  1007920  24909556269  659132  109073  613800  712379  154  1007855  5994  1778053237  5422  7300925  58218  497194  22445233404  66  205  1989421  59015  335358  60482  205  3097  516668  1036439  22037545391  698369794  22926496250  139  384  517603  32734  335368  3669  152724  
1439417951  727067801  1021834  25248509492  659132  109073  613800  720742  154  1021769  5994  1796344915  5422  7300925  58218  497194  22748828149  66  205  2006399  59015  341338  60949  205  3097  516668  1036439  22487020771  710244391  23393886111  139  384  517603  32734  341348  3669  152724  
1439417961  737927522  1041068  25690472270  659132  109073  613800  731071  154  1041003  5994  1821727311  5422  7300925  58218  497194  23143872225  66  205  2031476  59015  350127  61622  205  3097  516668  1036439  23022563224  727585048  23950710136  139  384  517603  32734  350137  3669  152724  
1439417971  747981372  1058301  26116555459  659132  109073  613800  740361  154  1058236  5994  1847214299  5422  7300925  58218  497194  23525233242  66  205  2056426  59015  359231  62347  205  3097  516668  1036439  23635570172  750948328  24587922396  139  384  517603  32734  359241  3669  152724  
1439417981  758242650  1072696  26469378492  659132  109073  613800  749598  154  1072631  5994  1868330480  5422  7300925  58218  497194  23841148648  66  205  2077310  59015  364977  62911  205  3097  516668  1036439  24047280400  760650667  25016076714  139  384  517603  32734  364987  3669  152724  
1439417991  766809262  1088670  26830567946  659132  109073  613800  757413  154  1088605  5994  1888363617  5422  7300925  58218  497194  24164798213  66  205  2098420  59015  372029  63466  205  3097  516668  1036439  24496968393  773481465  25484091730  139  384  517603  32734  372039  3669  152724  
1439418001  774674486  1104502  27222271595  659132  109073  613800  764922  154  1104437  5994  1907692673  5422  7300925  58218  497194  24515445497  66  205  2118944  59015  379664  64089  205  3097  516668  1036439  24933370540  788996191  25938019512  139  384  517603  32734  379674  3669  152724  
1439418011  783768050  1120426  27589589705  659132  109073  613800  773370  154  1120361  5994  1925395558  5422  7300925  58218  497194  24843771884  66  205  2137525  59015  384597  64665  205  3097  516668  1036439  25246733302  807321840  26264212895  139  384  517603  32734  384607  3669  152724  
1439418021  793693431  1135091  27923943569  659132  109073  613800  782553  154  1135026  5994  1951630446  5422  7300925  58218  497194  25142709279  66  205  2163826  59015  391764  65415  205  3097  516668  1036439  25708307185  826653579  26744379383  139  384  517603  32734  391774  3669  152724  
1439418031  804130575  1149160  28241788084  659132  109073  613800  792232  154  1149095  5994  1974708127  5422  7300925  58218  497194  25427272502  66  205  2187266  59015  398160  66088  205  3097  516668  1036439  26137929462  841223098  27191212473  139  384  517603  32734  398170  3669  152724  
1439418041  813142576  1164339  28609443258  659132  109073  613800  800733  154  1164274  5994  1995206727  5422  7300925  58218  497194  25756173408  66  205  2207515  59015  404213  66667  205  3097  516668  1036439  26544952269  855051636  27614712186  139  384  517603  32734  404223  3669  152724  
1439418051  822056997  1179990  28970581486  659132  109073  613800  809037  154  1179925  5994  2014669052  5422  7300925  58218  497194  26079116922  66  205  2227517  59015  410001  67196  205  3097  516668  1036439  26901061802  871327666  27985194568  139  384  517603  32734  410011  3669  152724  
1439418061  832571903  1196554  29367730388  659132  109073  613800  818600  154  1196489  5994  2038138150  5422  7300925  58218  497194  26434256339  66  205  2251281  59015  416995  67869  205  3097  516668  1036439  27340167918  890445997  28442022973  139  384  517603  32734  417005  3669  152724  
1439418071  844780176  1211806  29748336533  659132  109073  613800  829243  154  1211741  5994  2064179871  5422  7300925  58218  497194  26774469616  66  205  2278435  59015  423766  68602  205  3097  516668  1036439  27802560843  904410814  28922745756  139  384  517603  32734  423776  3669  152724  
1439418081  852682771  1222965  30016969490  659132  109073  613800  836594  154  1222900  5994  2083011552  5422  7300925  58218  497194  27014802551  66  205  2299268  59015  430236  69183  205  3097  516668  1036439  28259383393  917674692  29397660073  139  384  517603  32734  430246  3669  152724  
1439418091  861171856  1240431  30384043376  659132  109073  613800  844740  154  1240366  5994  2102445859  5422  7300925  58218  497194  27343598434  66  205  2321595  59015  437526  69799  205  3097  516668  1036439  28664823146  928319870  29819216401  139  384  517603  32734  437536  3669  152724  
1439418101  872865190  1256079  30737702744  659132  109073  613800  856225  154  1256014  5994  2126474318  5422  7300925  58218  497194  27659808959  66  205  2345882  59015  443435  70511  205  3097  516668  1036439  29070245541  942275536  30241406360  139  384  517603  32734  443446  3669  152724  
1439418111  883141538  1270014  31083562666  659132  109073  613800  865815  154  1269949  5994  2149872236  5422  7300925  58218  497194  27969062286  66  205  2368855  59015  448674  71370  205  3097  516668  1036439  29425932024  969390072  30611373208  139  384  517603  32734  448685  3669  152724  
1439418121  894545880  1287262  31507825212  659132  109073  613800  876007  154  1287197  5994  2174085029  5422  7300925  58218  497194  28349159353  66  205  2391793  59015  455097  71936  205  3097  516668  1036439  29859040299  985119500  31061455872  139  384  517603  32734  455108  3669  152724  
1439418131  906583949  1304089  31885691822  659132  109073  613800  887495  154  1304024  5994  2197946660  5422  7300925  58218  497194  28687816739  66  205  2417703  59015  461623  72664  205  3097  516668  1036439  30267598575  1002778976  31486322390  139  384  517603  32734  461634  3669  152724  
1439418141  917253432  1320630  32267342105  659132  109073  613800  897719  154  1320565  5994  2217980307  5422  7300925  58218  497194  29029654188  66  205  2438586  59015  467066  73362  205  3097  516668  1036439  30607113777  1022227505  31839486355  139  384  517603  32734  467077  3669  152724  
1439418151  928602916  1338667  32690264857  659132  109073  613800  908881  154  1338602  5994  2244942985  5422  7300925  58218  497194  29407655866  66  205  2464643  59015  474144  74225  205  3097  516668  1036439  31061850425  1048135282  32312164638  139  384  517603  32734  474155  3669  152724  
1439418161  939705909  1352404  33019080277  659132  109073  613800  919067  154  1352339  5994  2261472654  5422  7300925  58218  497194  29701799050  66  205  2481769  59015  478021  74686  205  3097  516668  1036439  31324927862  1056693810  32585680430  139  384  517603  32734  478032  3669  152724  
1439418171  952949607  1368891  33421478388  659132  109073  613800  931156  154  1368826  5973  2285221261  5422  7300925  58218  497194  30061356007  66  205  2505963  59015  482473  75489  205  3097  516668  1036439  31610607015  1075569550  32883068584  139  384  517603  32734  482484  3669  152724  
1439418181  963932370  1383928  33779186391  659132  109073  613800  941699  154  1383863  5973  2308223826  5422  7300925  58218  497194  30381662546  66  205  2528061  59015  487615  76212  205  3097  516668  1036439  31933606748  1092716384  33219023136  139  384  517603  32734  487626  3669  152724  
1439418191  974995559  1402572  34226370969  659132  109073  613800  951824  154  1402507  5973  2329492023  5422  7300925  58218  497194  30782254987  66  205  2550218  59015  494649  77012  205  3097  516668  1036439  32404405341  1107196897  33708577292  139  384  517603  32734  494661  3669  152724  
1439418201  987526442  1419879  34634510652  659132  109073  613800  963814  154  1419814  5973  2351025423  5422  7300925  58218  497194  31147096805  66  205  2571022  59015  499029  77713  205  3097  516668  1036439  32689037263  1126223399  34004957435  139  384  517603  32734  499041  3669  152724  
1439418212  994998155  1431666  34899792517  659132  109073  613800  971984  154  1431601  5973  2367381789  5422  7300925  58218  497194  31384614545  66  205  2588888  59015  503929  78264  205  3097  516668  1036439  33037764615  1133617304  34367443632  139  384  517603  32734  503941  3669  152724  
1439418222  1006405805  1447994  35300799235  659132  109073  613800  982872  154  1447929  5973  2391116122  5422  7300925  58218  497194  31743569844  66  205  2612567  59015  509806  79079  205  3097  516668  1036439  33452934383  1154975126  34798886366  139  384  517603  32734  509818  3669  152724  
1439418232  1015564773  1466639  35723861604  659132  109073  613800  991784  154  1466574  5973  2411466763  5422  7300925  58218  497194  32122043065  66  205  2633303  59015  516489  79641  205  3097  516668  1036439  33830426569  1168729850  35191437347  139  384  517603  32734  516501  3669  152724  
1439418242  1024848262  1479893  36031811793  659132  109073  613800  1000914  154  1479828  5973  2431548867  5422  7300925  58218  497194  32397783424  66  205  2653778  59015  520812  80281  205  3097  516668  1036439  34131668328  1186170557  35504955786  139  384  517603  32734  520824  3669  152724  
1439418252  1036569031  1496584  36455323618  659132  109073  613800  1012205  154  1496519  5973  2454623146  5422  7300925  58218  497194  32777302859  66  205  2675755  59015  526858  81006  205  3097  516668  1036439  34538938218  1204654440  35928451599  139  384  517603  32734  526870  3669  152724  
1439418262  1044837560  1511484  36806896019  659132  109073  613800  1020133  154  1511419  5973  2473890406  5422  7300925  58218  497194  33092262244  66  205  2695408  59015  533721  81578  205  3097  516668  1036439  34955989609  1217573208  36362216564  139  384  517603  32734  533733  3669  152724  
1439418272  1054663388  1527274  37176293506  659132  109073  613800  1029154  154  1527209  5973  2497080257  5422  7300925  58218  497194  33422913173  66  205  2718827  59015  540559  82183  205  3097  516668  1036439  35403268427  1230633254  36827110884  140  384  517603  32734  540572  3669  157281  
1439418282  1064295480  1543793  37580283679  659132  109073  613800  1037672  154  1543728  5973  2517773288  5422  7300925  58218  497194  33784583743  66  205  2738039  59015  548217  82693  205  3097  516668  1036439  35930432838  1244418425  37374957372  146  384  517603  32734  548236  3015  174034  
1439418292  1072183682  1556834  37907790257  659132  109073  613800  1045013  154  1556769  5973  2533030404  5422  7300925  58218  497194  34077934004  66  205  2752838  59015  553831  83150  205  3097  516668  1036439  36304614003  1254372520  37763570054  153  384  517603  32734  553857  2861  194497  
1439418302  1082649500  1569936  38229823447  659132  109073  613800  1054176  154  1569871  5973  2552496199  5422  7300925  58218  497194  34366258210  66  205  2771343  59015  558766  83737  205  3097  516668  1036439  36626113087  1266869074  38097976057  153  384  517603  32734  558792  2861  194497  
1439418312  1092486286  1587560  38639186378  659132  109073  613800  1062987  154  1587495  5973  2573277861  5422  7300925  58218  497194  34733155610  66  205  2792033  59015  565864  84377  205  3097  516668  1036439  37078189835  1278674745  38567783012  153  384  517603  32734  565890  2861  194497  
1439418322  1100709251  1597068  39022529087  659132  109073  613800  1070135  154  1597003  5973  2587461829  5422  7300925  58218  497194  35091309808  66  205  2805508  59015  569486  84818  205  3097  516668  1036439  37342512734  1286153471  38842434498  155  384  517603  32734  569512  2861  197047  
1439418332  1108462909  1609893  39330247977  659132  109073  613800  1076832  154  1609828  5973  2605266421  5422  7300925  58218  497194  35366912551  66  205  2822907  59015  575267  85359  205  3097  516668  1036439  37750111093  1294882057  39266143892  155  384  517603  32734  575293  2861  197047  
1439418342  1116443972  1622297  39649280062  659132  109073  613800  1083741  154  1622232  5973  2623848466  5422  7300925  58218  497194  35652571269  66  205  2839329  59015  580295  85946  205  3097  516668  1036439  38108881493  1304071300  39639055332  155  384  517603  32734  580321  2861  197047  
1439418352  1121359193  1632075  40033122414  659132  109073  613800  1087915  154  1632005  5973  2632833131  5422  7656790  58218  497194  36015873830  71  205  2848831  55990  585761  86454  205  3097  516668  1036439  38486184639  1308998269  40030877050  178  384  517603  32734  585797  2834  224249  
1439418362  1121359193  1632075  40033122414  659132  109073  613800  1087915  154  1632005  5973  2632833131  5422  7656790  58218  497194  36015873830  71  205  2848831  55990  585761  86454  205  3097  516668  1036439  38486184639  1308998269  40030877050  178  384  517603  32734  585797  2834  224249  
1439418372  1121359193  1632540  40063934228  659132  109073  613800  1087915  154  1632456  5973  2656785416  5422  8567256  58218  497194  36047003233  85  205  2876867  55990  585761  86454  205  3097  516668  1036439  38486184639  1308998269  40030877050  202  384  517603  32734  585797  2834  238288  
1439418382  1121359193  1632540  40063934228  659132  109073  613800  1087915  154  1632456  5973  2687141431  5422  8567256  58218  497194  36047003233  85  205  2918651  55990  585761  86454  205  3097  516668  1036439  38486184639  1308998269  40030877050  202  384  517603  32734  585797  2834  238288  
1439418392  1121392901  1633327  40163747817  659132  109073  613800  1087952  154  1633242  5973  2721273080  5422  8691035  58218  497194  36145255089  86  205  2961376  55990  585761  86731  205  3097  516668  1036439  38486184639  1310227668  40030877050  207  384  517603  32734  585797  2834  248270  
1439418402  1121400805  1633343  40165939133  659132  109073  613800  1087958  154  1633258  5973  2759704276  5422  8691035  58218  497194  36147352351  86  205  3014270  55990  585764  87830  205  3097  516668  1036439  38486222871  1311532037  40030922987  207  384  517603  32734  585800  2834  248270  
1439418412  1134758759  1635407  40219296681  659132  109073  613800  1101666  154  1635322  5973  2796481788  5422  8691035  58218  497194  36194930267  86  205  3075343  55990  585997  89516  205  3097  516668  1036439  38501294548  1313202730  40046559193  207  384  517603  32734  586033  2834  248270  
1439418422  1149614930  1637433  40318098197  659132  109073  613800  1115927  154  1637346  5973  2825611866  5422  9628801  58218  497194  36288606733  88  205  3106218  55990  585997  90650  205  3097  516668  1036439  38501294548  1314968010  40046559193  207  384  517603  32734  586033  2834  248270  
1439418432  1166110516  1658837  40877624443  659132  109073  613800  1131596  154  1658750  5973  2843092788  5422  9628801  58218  497194  36792575332  88  205  3123547  55990  586051  91576  205  3097  516668  1036439  38503653239  1317165035  40049125078  207  384  517603  32734  586087  2834  248270  
1439418442  1181322290  1673673  41257419508  659132  109073  613800  1145231  154  1673586  5973  2858156071  5422  9628801  58218  497194  37134036538  88  205  3138506  55990  586064  91893  205  3097  516668  1036439  38504436238  1318424781  40049983921  207  384  517603  32734  586100  2834  248270  
1439418452  1199149665  1692426  41754801685  659132  109073  613800  1161546  154  1692339  5973  2879048671  5422  9628801  58218  497194  37580737213  88  205  3160096  55990  586571  93045  205  3097  516668  1036439  38545357362  1332356975  40092525540  207  384  517603  32734  586607  2834  248270  
1439418462  1212945463  1709374  42157499097  659132  109073  613800  1174523  154  1709287  5973  2896470268  5422  9628801  58218  497194  37942005405  88  205  3177813  55990  588802  93527  205  3097  516668  1036439  38689196503  1340887030  40242025418  207  384  517603  32734  588838  2834  248270  
1439418472  1225208842  1723785  42511820672  659132  109073  613800  1185729  154  1723698  5973  2912923880  5422  9628801  58218  497194  38259576230  88  205  3193932  55990  590851  94025  205  3097  516668  1036439  38816637661  1350187022  40374609769  207  384  517603  32734  590887  2834  248270  
1439418482  1236865837  1738769  42876374001  659132  109073  613800  1196523  154  1738682  5973  2932832138  5422  9628801  58218  497194  38586182844  88  205  3213348  55990  595108  94478  205  3097  516668  1036439  39126495416  1359891603  40696660417  207  384  517603  32734  595144  2834  248270  
1439418492  1246346644  1751680  43176300803  659132  109073  613800  1204918  154  1751593  5973  2948796935  5422  9628801  58218  497194  38855064323  88  205  3229015  55990  597566  94865  205  3097  516668  1036439  39313653483  1366464784  40891334815  207  384  517603  32734  597602  2834  248270  
1439418502  1255924981  1765071  43505704987  659132  109073  613800  1213944  154  1764984  5973  2966717302  5422  9628801  58218  497194  39153127262  88  205  3247853  55990  603055  95341  205  3097  516668  1036439  39634657675  1373884873  41225114365  207  384  517603  32734  603091  2834  248270  
1439418512  1262362878  1775651  43769806454  659132  109073  613800  1219721  154  1775564  5973  2979223181  5422  9628801  58218  497194  39389968476  88  205  3260917  55990  607831  95697  205  3097  516668  1036439  39972364899  1383014534  41576449011  207  384  517603  32734  607868  2834  248270  
1439418522  1273008033  1791110  44158624598  659132  109073  613800  1229327  154  1791023  5973  3002230481  5422  9628801  58218  497194  39738975438  88  205  3282852  55990  614538  96217  205  3097  516668  1036439  40450135760  1394419913  42073428550  207  384  517603  32734  614575  2834  248270  
1439418532  1281086658  1803812  44476567478  659132  109073  613800  1236128  154  1803725  5973  3019840204  5422  9628801  58218  497194  40025028347  88  205  3299639  55990  619136  96615  205  3097  516668  1036439  40788459656  1404142387  42425759915  207  384  517603  32734  619173  2834  248270  
1439418542  1291761824  1818163  44852628622  659132  109073  613800  1245328  154  1818076  5973  3041162455  5422  9628801  58218  497194  40362014618  88  205  3319094  55990  624169  97094  205  3097  516668  1036439  41179066217  1414221515  42832056128  207  384  517603  32734  624206  2834  248270  
1439418552  1299926248  1830241  45144318733  659132  109073  613800  1252379  154  1830154  5973  3059587485  5422  9628801  58218  497194  40623272883  88  205  3337709  55990  629288  97537  205  3097  516668  1036439  41543938692  1423778399  43212090465  207  384  517603  32734  629325  2834  248270  
1439418562  1306809629  1843240  45469029845  659132  109073  613800  1258462  154  1843153  5973  3077044670  5422  9628801  58218  497194  40915154303  88  205  3355188  55990  634881  97918  205  3097  516668  1036439  41936756607  1432950966  43620819108  207  384  517603  32734  634918  2834  248270  
1439418572  1314882642  1853325  45766356103  659132  109073  613800  1265193  154  1853238  5973  3096541811  5422  9628801  58218  497194  41184520943  88  205  3372658  55990  639246  98344  205  3097  516668  1036439  42268584084  1445250974  43966565034  208  384  517603  32734  639283  2834  250347  
1439418582  1322608559  1866273  46175981637  659132  109073  613800  1271847  154  1866186  5973  3114667992  5422  9628801  58218  497194  41561525407  88  205  3389960  55990  644408  98761  205  3097  516668  1036439  42629369362  1453632265  44341987421  209  384  517603  32734  644445  2834  252439  
1439418592  1331629504  1880617  46534890751  659132  109073  613800  1279441  154  1880530  5973  3136607476  5422  9628801  58218  497194  41883222526  88  205  3409555  55990  650485  99247  205  3097  516668  1036439  43079726285  1467577034  44810602397  209  384  517603  32734  650522  2834  252439  
1439418602  1339119116  1889820  46773643544  659132  109073  613800  1285774  154  1889733  5973  3153846872  5422  9628801  58218  497194  42096830894  88  205  3425217  55990  655305  99571  205  3097  516668  1036439  43426863677  1475359547  45171970483  209  384  517603  32734  655342  2834  252439  
1439418612  1345847751  1900383  47047372089  659132  109073  613800  1291297  154  1900296  5973  3168576170  5422  9628801  58218  497194  42341853953  88  205  3438324  55990  659038  99894  205  3097  516668  1036439  43720985827  1486295250  45478178951  209  384  517603  32734  659075  2834  252439  
1439418622  1355359489  1914099  47401013266  659132  109073  613800  1299496  154  1914012  5973  3189819211  5422  9628801  58218  497194  42659492388  88  205  3458506  55990  665059  100335  205  3097  516668  1036439  44133828587  1498433419  45908010910  209  384  517603  32734  665096  2834  252439  
1439418632  1367062861  1925218  47694473654  659132  109073  613800  1309655  154  1925131  5973  3212048214  5422  9628801  58218  497194  42922304461  88  205  3478281  55990  669284  100825  205  3097  516668  1036439  44456937803  1511659338  46244263996  209  384  517603  32734  669321  2834  252439  
1439418642  1376003371  1935534  47948671861  659132  109073  613800  1317663  154  1935447  5973  3226686905  5422  9628801  58218  497194  43149838984  88  205  3491941  55990  671896  101399  205  3097  516668  1036439  44634849561  1530187157  46429280526  209  384  517603  32734  671933  2834  252439  
1439418652  1385315207  1946578  48236586658  659132  109073  613800  1325617  154  1946491  5973  3239126145  5422  9628801  58218  497194  43408899913  88  205  3505696  55990  674134  101891  205  3097  516668  1036439  44782513145  1541299928  46583189391  209  384  517603  32734  674171  2834  252439  
1439418663  1395403291  1959583  48579888954  659132  109073  613800  1333908  154  1959496  5973  3255798127  5422  9628801  58218  497194  43716148985  88  205  3520970  55990  678027  102351  205  3097  516668  1036439  45071745482  1557065536  46884091458  209  384  517603  32734  678064  2834  252439  
1439418673  1403071468  1971466  48865701302  659132  109073  613800  1340540  154  1971379  5973  3269152411  5422  9628801  58218  497194  43971964028  88  205  3534558  55990  682204  102740  205  3097  516668  1036439  45362324592  1567735475  47186477518  209  384  517603  32734  682241  2834  252439  
1439418683  1411959114  1984601  49203700816  659132  109073  613800  1348413  154  1984514  5973  3286444325  5401  9628801  58218  497194  44275598086  88  205  3551996  55990  688185  103188  205  3097  516668  1036439  45760380801  1578474951  47600587168  209  384  517603  32734  688222  2834  252439  
1439418693  1422495054  1996596  49524115781  659132  109073  613800  1357116  154  1996509  5973  3302859666  5401  9628801  58218  497194  44562701850  88  205  3566648  55990  692205  103653  205  3097  516668  1036439  46055580737  1591854461  47907456090  209  384  517603  32734  692242  2834  252439  
1439418703  1432144513  2010089  49877407468  659132  109073  613800  1365282  154  2010002  5973  3319443779  5401  9628801  58218  497194  44878960622  88  205  3581682  55990  696810  104070  205  3097  516668  1036439  46359882469  1602323950  48223812582  209  384  517603  32734  696847  2834  252439  
1439418713  1440355085  2022392  50194300243  659132  109073  613800  1372202  154  2022305  5973  3336185710  5401  9628801  58218  497194  45163803733  88  205  3597619  55990  701167  104423  205  3097  516668  1036439  46639320420  1610652861  48514491748  209  384  517603  32734  701204  2834  252439  
1439418723  1448199606  2033886  50496693267  659132  109073  613800  1378973  154  2033799  5973  3351140962  5401  9628801  58218  497194  45434874712  88  205  3611778  55990  707137  104777  205  3097  516668  1036439  47075016382  1619654886  48967772514  209  384  517603  32734  707174  2834  252439  
1439418733  1455295875  2046145  50809383748  659132  109073  613800  1384962  154  2046058  5973  3365513053  5401  9628801  58218  497194  45714844202  88  205  3625425  55990  711456  105138  205  3097  516668  1036439  47400898700  1629989095  49306892377  209  384  517603  32734  711493  2834  252439  
1439418743  1462211253  2055772  51061763229  659132  109073  613800  1391248  154  2055685  5973  3377732505  5401  9628801  58218  497194  45941744703  88  205  3637142  55990  714938  105443  205  3097  516668  1036439  47655062060  1637916663  49571491744  209  384  517603  32734  714975  2834  252439  
1439418753  1469570186  2066367  51351916512  659132  109073  613800  1397452  154  2066280  5973  3395441581  5401  9628801  58218  497194  46201538929  88  205  3653026  55990  719866  105823  205  3097  516668  1036439  48002711013  1646345739  49933403720  209  384  517603  32734  719903  2834  252439  
1439418763  1478406303  2080720  51690284455  659132  109073  613800  1405078  154  2080633  5973  3414382630  5401  9628801  58218  497194  46503800689  88  205  3671001  55990  725618  106311  205  3097  516668  1036439  48395541869  1661008391  50342508824  209  384  517603  32734  725655  2834  252439  
1439418773  1485173950  2090677  51945711990  659132  109073  613800  1410763  154  2090590  5973  3429565334  5401  9628801  58218  497194  46733492175  88  205  3684808  55990  730157  106602  205  3097  516668  1036439  48723230488  1669826611  50683656066  209  384  517603  32734  730194  2834  252439  
1439418783  1490307794  2099863  52171832251  659132  109073  613800  1414844  154  2099776  5973  3443378941  5401  9628801  58218  497194  46935943611  88  205  3698711  55990  735101  106923  205  3097  516668  1036439  49066934484  1677289166  51041554244  209  384  517603  32734  735138  2834  252439  
1439418793  1495981992  2110059  52445757730  659132  109073  613800  1419576  154  2109972  5973  3458893691  5401  9628801  58218  497194  47181025659  88  205  3712441  55990  740346  107248  205  3097  516668  1036439  49468226895  1688150559  51459206379  209  384  517603  32734  740383  2834  252439  
1439418803  1503852106  2119658  52700029370  659132  109073  613800  1425962  154  2119571  5973  3476996443  5401  9628801  58218  497194  47409075532  88  205  3728961  55990  745182  107618  205  3097  516668  1036439  49847593226  1699295928  51854140837  209  384  517603  32734  745219  2834  252439  
1439418813  1510141652  2129696  52947881103  659132  109073  613800  1431601  154  2129609  5973  3490024103  5401  9628801  58218  497194  47631108857  88  205  3740851  55990  748717  107916  205  3097  516668  1036439  50098158132  1706281603  52115154648  209  384  517603  32734  748754  2834  252439  
1439418823  1515998001  2138031  53162389479  659132  109073  613800  1436221  154  2137944  5973  3503424134  5401  9628801  58218  497194  47822820689  88  205  3753060  55990  752952  108176  205  3097  516668  1036439  50401285419  1711995165  52430466232  209  384  517603  32734  752989  2834  252439  
1439418833  1526858683  2148790  53464176791  659132  109073  613800  1445119  154  2148703  5973  3524227169  5401  9628801  58218  497194  48093470372  88  205  3771028  55990  757706  108497  205  3097  516668  1036439  50776006892  1723128620  52820406487  209  384  517603  32734  757743  2834  252439  
1439418843  1533077238  2160933  53765927402  697035  109073  693439  1450436  154  2160846  5973  3536689459  5401  9628801  62726  497194  48364037670  88  205  3782323  55990  762329  108795  205  3097  516668  1036439  51122691184  1732307752  53181278650  209  384  517603  32734  762366  2834  252439  
1439418853  1538922617  2173669  54079440903  697035  109073  693439  1455266  154  2173582  5973  3552358550  5401  9628801  62726  497194  48644439008  88  205  3797509  55990  767132  109181  205  3097  516668  1036439  51462695646  1742514293  53535235360  209  384  517603  32734  767169  2834  252439  
1439418863  1545526640  2183181  54340358304  697035  109073  693439  1460823  154  2183094  5973  3569856711  5401  9628801  62726  497194  48878877426  88  205  3813794  55990  772556  109583  205  3097  516668  1036439  51877101020  1753134488  53966258492  209  384  517603  32734  772593  2834  252439  
1439418873  1550893885  2192403  54579606319  697035  109073  693439  1465299  154  2192316  5973  3584210470  5401  9628801  62726  497194  49093276819  88  205  3827288  55990  778165  109912  205  3097  516668  1036439  52266299945  1761843032  54370852503  209  384  517603  32734  778202  2834  252439  
1439418883  1556301314  2201079  54800431475  697035  109073  693439  1469586  154  2200992  5973  3596058738  5401  9628801  62726  497194  49290661470  88  205  3838501  55990  782835  110180  205  3097  516668  1036439  52616335204  1771015954  54734589423  209  384  517603  32734  782872  2834  252439  
1439418893  1564269695  2210405  55058132328  697035  109073  693439  1476346  154  2210318  5973  3611936320  5401  9628801  62726  497194  49522270008  88  205  3852728  55990  787418  110527  205  3097  516668  1036439  52966578692  1784676283  55099044692  209  384  517603  32734  787455  2834  252439  
1439418903  1571774099  2220763  55331036717  697035  109073  693439  1482447  154  2220676  5973  3622413206  5401  9628801  62726  497194  49766336092  88  205  3862678  55990  789754  110833  205  3097  516668  1036439  53134717493  1790277543  55274194341  209  384  517603  32734  789791  2834  252439  
1439418913  1579108613  2231082  55602784128  697035  109073  693439  1488739  154  2230995  5973  3637116922  5401  9628801  62726  497194  50010665008  88  205  3880208  55990  793862  111274  205  3097  516668  1036439  53422274793  1799243875  55573740948  209  384  517603  32734  793899  2834  252439  
1439418923  1587133543  2242067  55909142409  697035  109073  693439  1495448  154  2241980  5973  3654360156  5401  9628801  62726  497194  50285286983  88  205  3895292  55990  799554  111620  205  3097  516668  1036439  53849909166  1808353360  56018132659  209  384  517603  32734  799591  2834  252439  
1439418933  1591993020  2253423  56185810712  697035  109073  693439  1499473  154  2253336  5973  3665934271  5401  9628801  62726  497194  50533122048  88  205  3906662  55990  804848  111936  205  3097  516668  1036439  54228784674  1816492371  56411969196  209  384  517603  32734  804885  2834  252439  
1439418943  1596811181  2263182  56430657985  697035  109073  693439  1503330  154  2263095  5973  3677996431  5401  9628801  62726  497194  50752185240  88  205  3918296  55990  810217  112212  205  3097  516668  1036439  54622808125  1824851770  56821428393  209  384  517603  32734  810254  2834  252439  
1439418953  1605058537  2273399  56681952916  697035  109073  693439  1510120  154  2273312  5973  3693160519  5401  9628801  62726  497194  50977177024  88  205  3933081  55990  816288  112509  205  3097  516668  1036439  54992694475  1832569720  57206143581  209  384  517603  32734  816325  2834  252439  
1439418963  1611918137  2285162  56999677010  697035  109073  693439  1515632  154  2285075  5973  3706731700  5401  9628801  62726  497194  51261601284  88  205  3944689  55990  820145  112853  205  3097  516668  1036439  55290000212  1843164592  57515396030  209  384  517603  32734  820182  2834  252439  
1439418973  1619887364  2295562  57274850829  697035  109073  693439  1522141  154  2295475  5973  3722555480  5401  9628801  62726  497194  51507853549  88  205  3958851  55990  825089  113208  205  3097  516668  1036439  55670653762  1854329563  57911444105  209  384  517603  32734  825126  2834  252439  
1439418983  1625581599  2305121  57540431786  697035  109073  693439  1527065  154  2305034  5973  3735520269  5401  9628801  62726  497194  51746856420  88  205  3970742  55990  828865  113483  205  3097  516668  1036439  55933142473  1860463560  58184590363  209  384  517603  32734  828902  2834  252439  
1439418993  1631063433  2315215  57803660611  697035  109073  693439  1531612  154  2315128  5973  3749788971  5401  9628801  62726  497194  51982285670  88  205  3984481  55990  834895  113799  205  3097  516668  1036439  56372537261  1866776630  58641381968  209  384  517603  32734  834932  2834  252439  
1439419003  1637221666  2326106  58100306788  697035  109073  693439  1536692  154  2326019  5973  3765547789  5401  9628801  62726  497194  52248990336  88  205  3998679  55990  841239  114078  205  3097  516668  1036439  56818848858  1876117934  59105666514  209  384  517603  32734  841276  2834  252439  
1439419013  1644539081  2337320  58365363154  697035  109073  693439  1542708  154  2337233  5973  3780078497  5401  9628801  62726  497194  52486359615  88  205  4012725  55990  846454  114479  205  3097  516668  1036439  57155846273  1890753877  59456194336  209  384  517603  32734  846491  2834  252439  
1439419023  1651476260  2347776  58620075098  697035  109073  693439  1548476  154  2347689  5973  3792806711  5401  9628801  62726  497194  52714370935  88  205  4025088  55990  850203  114817  205  3097  516668  1036439  57427634071  1898404863  59739019870  209  384  517603  32734  850240  2834  252439  
1439419033  1659301782  2357288  58853781544  697035  109073  693439  1555021  154  2357201  5973  3811384692  5401  9628801  62726  497194  52923140643  88  205  4042701  55990  856003  115203  205  3097  516668  1036439  57814405576  1906941125  60141254537  209  384  517603  32734  856040  2834  252439  
1439419043  1665303347  2367504  59123405057  703762  109073  700181  1560373  154  2367417  5973  3824012623  5401  9628801  62726  497194  53165740013  88  205  4054534  55990  859623  115531  205  3097  516668  1036439  58029393654  1915317962  60365064721  209  384  517603  32734  859660  2834  252439  
1439419053  1672599251  2378316  59400724081  703762  109073  700181  1566425  154  2378229  5973  3834876797  5401  9628801  62726  497194  53413869527  88  205  4064486  55990  863304  115784  205  3097  516668  1036439  58307399383  1924288666  60654125974  209  384  517603  32734  863341  2834  252439  
1439419063  1677739564  2388105  59653178953  703762  109073  700181  1570425  154  2388018  5973  3847693416  5401  9628801  77628  497194  53639504083  88  205  4076075  55990  867935  116066  205  3097  516668  1036439  58637384936  1933728809  60997752257  209  384  517603  32734  867972  2834  252439  
1439419073  1683879583  2396487  59862684805  703762  109073  700181  1575483  154  2396400  5973  3859775200  5401  9628801  77628  497194  53826775509  88  205  4087196  55990  872365  116305  205  2734  516668  1036439  58913204512  1943023727  61284612254  209  384  517603  32734  872402  2834  252439  
1439419083  1690276938  2405444  60099468741  703762  109073  700181  1580694  154  2405357  5973  3873726112  5401  9628801  77628  497194  54038453963  88  205  4099500  55990  876484  116608  205  2734  516668  1036439  59216609400  1949978573  61600220014  209  384  517603  32734  876521  2834  252439  
1439419093  1696124544  2414059  60319114047  703762  109073  700181  1585565  154  2413972  5973  3884077975  5401  9628801  77628  497194  54234864665  88  205  4109393  55990  880332  116869  205  2734  516668  1036439  59488415664  1955672606  61883081686  209  384  517603  32734  880369  2834  252439  
1439419103  1702331163  2427235  60665611001  703762  109073  700181  1590875  154  2427148  5973  3900809408  5401  9628801  77628  497194  54546296742  88  205  4124285  55990  887085  117232  205  2734  516668  1036439  59975922870  1966407358  62389859159  209  384  517603  32734  887122  2834  252439  
1439419113  1708063643  2437445  60915773801  703762  109073  700181  1595536  154  2437358  5973  3914150196  5401  9628801  77628  497194  54770197160  88  205  4137238  55990  891988  117530  205  2734  516668  1036439  60335986504  1974950903  62764314175  209  384  517603  32734  892025  2834  252439  
1439419123  1711696207  2445404  61123715764  703762  109073  700181  1598627  154  2445317  5973  3925698731  5401  9628801  77628  497194  54956018283  88  205  4147666  55990  896273  117783  205  2734  516668  1036439  60629130963  1981410793  63069335428  209  384  517603  32734  896310  2834  252439  
1439419133  1716922195  2453190  61316265255  703762  109073  700181  1602933  154  2453103  5973  3937935455  5401  9628801  77628  497194  55127979725  88  205  4159614  55990  901020  118074  205  2734  516668  1036439  60972350813  1990704905  63426472134  209  384  517603  32734  901057  2834  252439  
1439419143  1723497731  2462299  61561513935  703762  109073  700181  1608178  154  2462212  5973  3951536096  5401  9628801  77628  497194  55348207301  88  205  4171880  55990  904477  118351  205  2734  516668  1036439  61229092681  1998531964  63693777286  209  384  517603  32734  904514  2834  252439  
1439419153  1728952884  2470417  61776890453  703762  109073  700181  1612405  154  2470330  5973  3966196086  5401  9628801  77628  497194  55541027435  88  205  4184495  55990  908837  118648  205  2734  516668  1036439  61572285920  2006072561  64050927129  209  384  517603  32734  908874  2834  252439  
1439419163  1734831242  2479476  62021412184  703762  109073  700181  1617001  154  2479389  5973  3979380035  5401  9628801  77628  497194  55760602287  88  205  4196345  55990  913324  118904  205  2734  516668  1036439  61922674300  2014894092  64415527120  209  384  517603  32734  913361  2834  252439  
1439419173  1740959378  2487930  62242726388  703762  109073  700181  1621774  154  2487843  5973  3990811993  5401  9628801  77628  497194  55958381975  88  205  4206190  55990  916698  119155  205  2734  516668  1036439  62187137684  2024379676  64691135378  209  384  517603  32734  916735  2834  252439  
1439419183  1749490780  2496714  62474772953  703762  109073  700181  1628757  154  2496627  5973  4006037133  5401  9628801  77628  497194  56165756933  88  205  4219486  55990  920817  119383  205  2734  516668  1036439  62491381719  2031283527  65007531675  209  384  517603  32734  920854  2834  252439  
1439419193  1755945049  2506139  62702952841  703762  109073  700181  1633850  154  2506052  5973  4018201706  5401  9628801  77628  497194  56369727696  88  205  4230829  55990  925192  119616  205  2734  516668  1036439  62826369046  2038501542  65355756712  209  384  517603  32734  925229  2834  252439  
1439419203  1761957544  2518633  63025998473  703762  109073  700181  1638629  154  2518546  5973  4031265154  5401  9628801  77628  497194  56659950829  88  205  4243349  55990  930865  119925  205  2734  516668  1036439  63213759200  2047323204  65758472385  209  384  517603  32734  930902  2834  252439  
1439419213  1768988037  2528521  63284946547  703762  109073  700181  1644250  154  2528434  5973  4045212043  5401  9628801  77628  497194  56891676411  88  205  4255977  55990  934754  120213  205  2734  516668  1036439  63517087266  2057691348  66074106390  209  384  517603  32734  934791  2834  252439  
1439419223  1775738817  2536819  63509341247  703762  109073  700181  1649729  154  2536732  5973  4058485815  5401  9628801  77628  497194  57093432126  88  205  4268158  55990  939400  120450  205  2734  516668  1036439  63832699673  2063762079  66402595585  209  384  517603  32734  939437  2834  252439  
1439419234  1783047017  2548778  63820850394  703762  109073  700181  1655701  154  2548691  5973  4074026561  5401  9628801  77628  497194  57371932089  88  205  4282231  55990  945986  120771  205  2734  516668  1036439  64288002494  2073338908  66876414812  209  384  517603  32734  946023  2834  252439  
1439419244  1787651741  2561950  64148356253  703762  109073  700181  1659401  154  2561863  5973  4084963976  5401  9628801  77628  497194  57665312114  88  205  4292923  55990  952766  121075  205  2734  516668  1036439  64748000630  2083289540  67354536810  209  384  517603  32734  952803  2834  252439  
1439419254  1793567647  2568727  64333914016  703762  109073  700181  1664133  154  2568640  5973  4096514138  5401  9628801  77628  497194  57832076904  88  205  4303261  55990  956050  121279  205  2734  516668  1036439  64985804826  2088347380  67601989944  209  384  517603  32734  956087  2834  252439  
1439419264  1799815638  2578311  64579096004  703762  109073  700181  1669286  154  2578224  5973  4110969330  5401  9628801  77628  497194  58051384464  88  205  4316433  55990  961150  121559  205  2734  516668  1036439  65357458428  2096896550  67988442541  209  384  517603  32734  961187  2834  252439  
1439419274  1804470398  2587780  64802703430  703762  109073  700181  1673066  154  2587693  5973  4122431921  5401  9628801  77628  497194  58251376164  88  205  4327498  55990  965952  121856  205  2734  516668  1036439  65663856640  2104141274  68307378008  209  384  517603  32734  965989  2834  252439  
1439419284  1809436216  2596919  65044016394  703762  109073  700181  1676913  154  2596832  5973  4134967745  5401  9628801  77628  497194  58467313938  88  205  4338239  55990  970054  122153  205  2734  516668  1036439  65965783207  2114284926  68621711882  209  384  517603  32734  970091  2834  252439  
1439419294  1817208875  2606713  65306863931  703762  109073  700181  1683218  154  2606626  5973  4150460723  5401  9628801  77628  497194  58703337910  88  205  4352676  55990  974933  122488  205  2734  516668  1036439  66313423485  2123031060  68983373692  209  384  517603  32734  974970  2834  252439  
1439419304  1823735132  2616771  65580885583  703762  109073  700181  1688616  154  2616684  5973  4164191437  5401  9628801  77628  497194  58948617037  88  205  4364653  55990  979810  122757  205  2734  516668  1036439  66695477580  2132406446  69380882950  209  384  517603  32734  979847  2834  252439  
