#Type:X;CI:4;ww:0;ca:0;co:1;fr:0;Type:X;CI:4;PI:0;PT:EP;U0:0;U1:0;Type:X;CI:4;PI:1;PT:EP;U0:0;U1:0;
#time  Pp  gt  gs  cn  cm  cb  Nc  Pc  cp  Tc  Nm  pr  ps  pt  px  pd  Pm  Om  fs  ft  Oc  Em  Gp  Ec  Ge  ot  os  Total_cycles_diff  Successful_get_diff  Total_get_diff  succ_put_diff  total_put_diff  get_hit  
1439417299  0  0  0  0  0  0  0  0  0  4279169  0  0  0  0  0  0  0  0  0  21  0  0  0  0  0  46  0  4279169  0  0  0  0  
1439417309  0  0  0  0  0  0  0  0  0  4281931  0  0  0  0  0  0  0  0  0  21  0  0  0  0  0  46  0  2762  0  0  0  0  0 
1439417319  0  551  337  13  5  6427522  188  2733  2727  255766575  232  0  3411  3416  5  0  3411  350  0  125  199  3411  0  2733  337  5459  112  251484644  337  551  3411  3416  61.1615245009  
1439417329  0  551  337  13  5  6427522  188  2733  2727  255766575  232  0  3411  3416  5  0  3411  350  0  125  199  3411  0  2733  337  5459  112  0  0  0  0  0  61.1615245009  
1439417339  0  552  338  37  19  7523793  217  3176  3146  308496729  232  0  3855  3874  19  0  3411  350  0  21698  235  3411  0  3176  338  5459  112  52730154  1  1  444  458  61.231884058  
1439417349  0  552  338  37  19  7523793  217  3176  3146  343092442  232  0  3855  3874  19  0  3411  350  0  60283  235  3411  0  3176  338  5459  112  34595713  0  0  0  0  61.231884058  
1439417359  0  564  338  42  20  7794041  153  3224  3189  481796039  232  0  4626  4646  20  0  3411  350  0  96124  138  3411  0  3224  338  5659  209  138703597  0  12  771  772  59.9290780142  
1439417369  0  939  564  42  20  5917781  110  2435  2400  528790885  232  0  4638  4658  20  0  3411  350  0  125133  66  3411  0  2435  564  5961  281  46994846  226  375  12  12  60.0638977636  
1439417379  0  14363  580  42  20  5941269  194  3820  3785  579366731  232  0  6058  6078  20  0  3820  350  0  179509  122  3820  0  3820  580  7302  287  50575846  16  13424  1420  1420  4.03815358908  
1439417389  0  25777  580  42  20  5931186  255  5130  5095  634186539  255  0  7397  7417  20  0  5131  350  0  204854  161  5131  0  5130  580  7693  294  54819808  0  11414  1339  1339  2.25006788998  
1439417399  0  34687  588  42  22  6561501  426  10443  10408  847528899  426  0  12718  12740  22  0  10443  350  0  219865  254  10443  0  10443  588  7907  294  213342360  8  8910  5321  5323  1.69515956987  
1439417409  0  44840  590  42  22  6922879  778  22540  22505  1185990531  778  0  24828  24850  22  0  22540  436  0  230422  436  22540  0  22540  590  8121  296  338461632  2  10153  12110  12110  1.31578947368  
1439417419  0  55066  1302  42  22  7242177  1100  32584  32549  1558268384  1107  0  36479  36501  22  0  32775  613  0  241081  610  32775  0  32584  1302  8366  308  372277853  712  10226  11651  11651  2.36443540479  
1439417429  0  62004  3214  42  22  7450233  1259  37814  37779  1955856962  1264  0  45530  45552  22  0  37932  679  1  250398  677  37932  0  37814  3214  8575  342  397588578  1912  6938  9051  9051  5.18353654603  
1439417439  0  70471  5364  42  22  7607620  1410  42887  42852  2265928511  1412  0  54754  54776  22  0  42989  744  7  260257  742  42989  0  42887  5364  8795  374  310071549  2150  8467  9224  9224  7.6116416682  
1439417449  0  76751  7396  42  22  7748068  1529  47111  47076  2498014455  1535  0  62614  62636  22  0  47220  811  32  269307  811  47220  0  47111  7396  8991  402  232085944  2032  6280  7860  7860  9.63635652956  
1439417459  0  84222  9892  42  22  7885543  1667  51752  51717  2930725423  1667  0  71499  71521  22  0  51752  882  68  278722  882  51752  0  51752  9892  9225  434  432710968  2496  7471  8885  8885  11.7451497234  
1439417469  0  91603  12503  42  22  8003770  1774  55563  55528  3348329495  1776  0  80117  80139  22  0  55589  948  106  288279  946  55589  0  55563  12503  9465  469  417604072  2611  7381  8618  8618  13.6491162953  
1439417479  0  98412  14305  42  22  8118242  1877  59145  59110  3613953939  1879  0  87119  87141  22  0  59179  1013  139  296535  1012  59179  0  59145  14305  9641  500  265624444  1802  6809  7002  7002  14.5358289639  
1439417489  0  103229  16333  42  22  8149793  1907  60129  60094  3892080829  1909  0  92192  92214  22  0  60209  1023  163  302919  1020  60209  0  60129  16333  9778  535  278126890  2028  4817  5073  5073  15.8221042536  
1439417499  0  111706  20589  42  22  8272985  2032  64005  63970  4443760330  2034  0  102333  102355  22  0  64072  1071  200  314755  1069  64072  0  64005  20589  10068  577  551679501  4256  8477  10141  10141  18.431418187  
1439417509  0  117487  23478  42  22  8305209  2077  64966  64931  4790134059  2077  0  108980  109002  22  0  64966  1093  230  322838  1093  64966  0  64966  23478  10282  622  346373729  2889  5781  6647  6647  19.9834875348  
1439417519  0  125148  26231  42  22  8359220  2120  66830  66795  5221193051  2125  0  117196  117218  22  0  66953  1128  269  333317  1122  66953  0  66830  26231  10519  679  431058992  2753  7661  8216  8216  20.9599833797  
1439417529  0  132252  29173  42  22  8420527  2184  68852  68817  5607299447  2184  0  124496  124518  22  0  68930  1162  304  343902  1162  68930  0  68852  29173  10776  720  386106396  2942  7104  7300  7300  22.0586456159  
1439417539  0  137878  31488  42  22  8749360  2241  70712  70677  5906867998  2246  0  130392  130414  22  0  70802  1190  335  351931  1187  70802  0  70712  31488  10975  752  299568551  2315  5626  5896  5896  22.8375810499  
1439417550  0  142970  33506  42  22  8798242  2297  72251  72216  6189832262  2320  0  135781  135803  22  0  72916  1229  363  357411  1220  72916  0  72251  33506  11120  780  282964264  2018  5092  5389  5389  23.4356858082  
1439417560  0  146915  35410  42  22  8802395  2300  72400  72365  6403534449  2320  0  139669  139691  22  0  73073  1229  382  365304  1212  73073  0  72400  35410  11264  812  213702187  1904  3945  3888  3888  24.1023721199  
1439417570  0  153187  38005  42  22  8839366  2337  73614  73579  6815727992  2355  0  146743  146765  22  0  74242  1235  420  374747  1225  74242  0  73614  38005  11485  860  412193543  2595  6272  7074  7074  24.809546502  
1439417580  0  160231  40864  42  22  8864122  2373  74212  74177  7159678308  2376  0  152496  152518  22  0  74507  1246  450  385058  1242  74507  0  74212  40864  11690  900  343950316  2859  7044  5753  5753  25.5031797842  
1439417590  0  168251  45011  42  22  8912521  2439  75662  75627  7670385663  2444  0  161592  161614  22  0  75754  1284  497  397183  1284  75754  0  75662  45011  12008  955  510707355  4147  8020  9096  9096  26.7522927055  
1439417600  0  177362  49442  42  22  8913379  2421  75296  75261  8148351330  2453  0  168954  168976  22  0  76685  1284  532  410523  1267  76685  0  75296  49442  12282  1011  477965667  4431  9111  7362  7362  27.8763207451  
1439417610  0  184595  53338  42  22  8919737  2421  75712  75677  8581056495  2453  0  176589  176611  22  0  76685  1284  565  421163  1279  76685  0  75712  53338  12539  1063  432705165  3896  7233  7635  7635  28.8946071129  
1439417620  0  190177  56121  42  22  8961634  2475  77063  77028  8956531640  2487  0  183621  183643  22  0  77261  1308  596  428772  1296  77261  0  77063  56121  12755  1103  375475145  2783  5582  7032  7032  29.5098776403  
1439417630  0  196377  59064  42  22  8959584  2481  77130  77095  9297396921  2488  0  189528  189550  22  0  77432  1308  640  439250  1304  77432  0  77130  59064  12970  1147  340865281  2943  6200  5907  5907  30.0768419927  
1439417640  0  204112  62425  42  22  8948567  2487  76375  76340  9733974037  2507  0  196585  196607  22  0  77843  1322  685  450811  1322  77843  0  76375  62425  13217  1196  436577116  3361  7735  7057  7057  30.5836991456  
1439417650  0  212620  66523  42  22  8942663  2469  76250  76215  10253215530  2507  0  204450  204472  22  0  77843  1330  723  464818  1316  77843  0  76250  66523  13519  1265  519241493  4098  8508  7865  7865  31.2872730693  
1439417660  0  221673  71598  42  22  8973578  2503  77086  77051  10890827147  2519  0  213567  213589  22  0  77843  1343  766  476028  1336  77843  0  77086  71598  13765  1326  637611617  5075  9053  9117  9117  32.2989267976  
1439417670  0  228143  74858  42  22  8986633  2510  77791  77756  11289466591  2527  0  220028  220050  22  0  78022  1347  800  485678  1336  78022  0  77791  74858  13979  1369  398639444  3260  6470  6461  6461  32.8118767615  
1439417680  0  234605  77949  42  22  8999540  2518  78186  78151  11686679163  2556  0  227117  227139  22  0  79101  1350  832  494723  1333  79101  0  78186  77949  14211  1424  397212572  3091  6462  7089  7089  33.2256345773  
1439417690  0  240918  81095  42  22  9019071  2526  78958  78923  12082909552  2556  0  233212  233234  22  0  79274  1350  860  504245  1334  79274  0  78958  81095  14396  1468  396230389  3146  6313  6095  6095  33.6608306561  
1439417700  0  246505  83414  44  22  10810557  2525  79601  79564  12423182158  2556  0  238893  238915  22  0  79896  1350  882  511024  1333  79896  0  79601  83414  14565  1510  340272606  2319  5587  5681  5681  33.8386645301  
1439417710  0  252844  86398  44  22  10850495  2569  80770  80733  12872591641  2569  0  246606  246628  22  0  80770  1350  912  520019  1350  80770  0  80770  86398  14790  1563  449409483  2984  6339  7713  7713  34.1704766575  
1439417720  0  259521  89657  44  22  10845353  2573  80707  80670  13259976859  2583  0  252121  252143  22  0  81152  1351  942  528611  1337  81152  0  80707  89657  14981  1606  387385218  3259  6677  5515  5515  34.5471079412  
1439417730  0  265839  92406  44  22  10783996  2503  78550  78513  13598540735  2583  0  258411  258433  22  0  81152  1351  967  537140  1334  81152  0  78550  92406  15219  1684  338563876  2749  6318  6290  6290  34.7601367745  
1439417740  0  269382  93957  44  22  10792523  2489  79079  79042  13794171978  2583  0  262181  262203  22  0  81152  1351  981  541861  1327  81152  0  79079  93957  15332  1710  195631243  1551  3543  3770  3770  34.8787224091  
1439417750  0  274500  96113  44  22  10649529  2354  74460  74423  14071403964  2583  0  267269  267291  22  0  81152  1354  1001  550303  1264  81152  0  74460  96113  15601  1826  277231986  2156  5118  5088  5088  35.0138433515  
1439417760  0  278695  96873  44  22  10721429  2434  76798  76761  14235144429  2583  0  271159  271181  22  0  81152  1354  1016  556103  1293  81152  0  76798  96873  15733  1845  163740465  760  4195  3890  3890  34.7595041174  
1439417770  0  284443  98477  44  22  10673158  2388  75314  75277  14486271425  2583  0  276897  276919  22  0  81152  1354  1040  564634  1259  81152  0  75314  98477  16020  1945  251126996  1604  5748  5738  5738  34.6209961222  
1439417781  0  291203  102022  44  22  10666503  2373  75202  75165  14956683096  2583  0  283669  283691  22  0  81152  1354  1059  572752  1242  81152  0  75202  102022  16216  2000  470411671  3545  6760  6772  6772  35.0346665385  
1439417791  0  298876  106025  44  22  10679320  2395  75496  75459  15429281410  2583  0  291166  291188  22  0  81152  1354  1081  582471  1252  81152  0  75496  106025  16463  2059  472598314  4003  7673  7497  7497  35.4745780859  
1439417801  0  304249  108525  44  22  10581878  2298  72434  72397  15753753680  2583  0  297491  297513  22  0  81152  1354  1117  590520  1195  81152  0  72434  108525  16771  2169  324472270  2500  5373  6325  6325  35.6697967783  
1439417811  0  310611  110358  44  22  10681429  2394  75716  75679  16052183520  2583  0  303812  303834  22  0  81152  1354  1142  598384  1226  81152  0  75716  110358  16957  2196  298429840  1833  6362  6321  6321  35.52932768  
1439417821  0  317452  113966  44  22  10662869  2378  75114  75077  16450379495  2583  0  310523  310545  22  0  81152  1354  1172  609402  1232  81152  0  75114  113966  17210  2257  398195975  3608  6841  6711  6711  35.900230586  
1439417831  0  323734  117275  44  22  10682053  2400  75699  75662  16797839329  2583  0  315983  316005  22  0  81152  1354  1184  616759  1247  81152  0  75699  117275  17378  2276  347459834  3309  6282  5460  5460  36.2257285302  
1439417841  0  330544  119973  44  22  10711904  2435  76785  76748  17135056562  2583  0  322904  322926  22  0  81152  1354  1219  625721  1274  81152  0  76785  119973  17626  2340  337217233  2698  6810  6921  6921  36.2956217629  
1439417851  0  336342  122505  44  22  10767734  2470  78441  78404  17492179586  2583  0  329255  329277  22  0  81152  1354  1254  633606  1274  81152  0  78441  122505  17828  2382  357123024  2532  5798  6351  6351  36.4227482741  
1439417861  0  342874  125301  44  22  10717969  2438  77039  77002  17820221514  2583  0  335561  335583  22  0  81152  1354  1284  642248  1250  81152  0  77039  125301  18040  2450  328041928  2796  6532  6306  6306  36.5443282372  
1439417871  0  348093  127523  44  22  10690812  2409  76104  76067  18081076015  2583  0  340586  340608  22  0  81152  1354  1309  649816  1234  81152  0  76104  127523  18237  2504  260854501  2222  5219  5025  5025  36.6347499088  
1439417881  0  352865  128873  44  22  10760552  2465  78393  78356  18288161007  2583  0  345660  345682  22  0  81152  1354  1332  656205  1259  81152  0  78393  128873  18389  2532  207084992  1350  4772  5074  5074  36.5218993099  
1439417891  0  358823  130965  44  22  10785161  2487  79234  79197  18600087819  2583  0  352020  352042  22  0  81152  1354  1352  663836  1264  81152  0  79234  130965  18597  2587  311926812  2092  5958  6360  6360  36.4984964732  
1439417901  0  365475  133058  44  22  10757602  2467  78369  78332  18902811875  2583  0  358094  358116  22  0  81152  1354  1375  672411  1258  81152  0  78369  133058  18837  2667  302724056  2093  6652  6074  6074  36.4068677748  
1439417911  0  374286  136331  44  22  10657122  2385  75034  74997  19357701716  2583  0  365873  365895  22  0  81152  1354  1419  684728  1218  81152  0  75034  136331  19238  2783  454889841  3273  8811  7779  7779  36.4242851723  
1439417921  0  379364  138279  44  22  10711345  2458  76985  76948  19685321876  2583  0  372309  372331  22  0  81152  1354  1443  691533  1243  81152  0  76985  138279  19401  2826  327620160  1948  5078  6436  6436  36.4502166784  
1439417931  0  388597  143349  44  22  10727850  2465  77476  77439  20254502710  2583  0  381635  381657  22  0  81152  1354  1465  703114  1252  81152  0  77476  143349  19651  2887  569180834  5070  9233  9326  9326  36.8888591523  
1439417941  0  395030  146487  44  22  10688599  2435  76036  75999  20596678985  2583  0  387008  387030  22  0  81152  1354  1502  712151  1236  81152  0  76036  146487  19877  2951  342176275  3138  6433  5373  5373  37.0825000633  
1439417951  0  400160  148440  44  22  10736143  2469  77519  77482  20894503079  2583  0  392627  392649  22  0  81152  1354  1530  718597  1244  81152  0  77519  148440  20056  2986  297824094  1953  5130  5619  5619  37.0951619352  
1439417961  0  406082  151306  44  22  10749763  2479  77596  77559  21249611711  2583  0  398841  398863  22  0  81152  1354  1555  726236  1257  81152  0  77596  151306  20230  3033  355108632  2866  5922  6214  6214  37.2599622736  
1439417971  0  411269  153588  44  22  10588801  2326  72402  72365  21551274579  2583  0  403249  403271  22  0  81152  1354  1568  733614  1188  81152  0  72402  153588  20501  3148  301662868  2282  5187  4408  4408  37.3449007827  
1439417981  0  416731  154989  44  22  10650856  2397  74887  74850  21809097218  2583  0  408074  408096  22  0  81152  1354  1590  741078  1228  81152  0  74887  154989  20662  3165  257822639  1401  5462  4825  4825  37.1916176142  
1439417991  0  422578  157569  44  22  10666543  2420  75404  75367  22131462173  2583  0  413637  413659  22  0  81152  1354  1606  748758  1236  81152  0  75404  157569  20863  3205  322364955  2580  5847  5563  5563  37.2875540137  
1439418001  0  427149  159659  44  22  10678490  2422  75692  75655  22423935177  2583  0  419012  419034  22  0  81152  1354  1618  754533  1238  81152  0  75692  159659  21040  3252  292473004  2090  4571  5375  5375  37.3778236634  
1439418011  0  431123  161303  44  22  10623393  2378  73900  73863  22677543584  2583  0  424412  424434  22  0  81152  1354  1630  759858  1224  81152  0  73900  161303  21217  3320  253608407  1644  3974  5400  5400  37.4146125352  
1439418021  0  436895  163843  44  22  10536088  2294  71214  71177  22984594450  2583  0  430183  430205  22  0  81152  1354  1663  768315  1176  81152  0  71214  163843  21446  3409  307050866  2540  5772  5771  5771  37.5016880486  
1439418031  0  442677  166179  44  22  10529416  2272  70858  70821  23285836166  2583  0  434648  434670  22  0  81152  1354  1684  776958  1173  81152  0  70858  166179  21652  3452  301241716  2336  5782  4465  4465  37.539560447  
1439418041  0  446703  167673  44  22  10515172  2261  70291  70254  23514930586  2583  0  438991  439013  22  0  81152  1354  1699  783116  1168  81152  0  70291  167673  21858  3507  229094420  1494  4026  4343  4343  37.535678068  
1439418051  0  450680  169425  44  22  10529332  2283  70668  70631  23765152545  2583  0  445445  445467  22  0  81152  1354  1725  789190  1193  81152  0  70668  169425  22045  3564  250221959  1752  3977  6454  6454  37.5931925091  
1439418061  0  456439  171187  44  22  10446206  2205  68098  68061  24017487042  2583  0  450417  450439  22  0  81152  1354  1757  797643  1153  81152  0  68098  171187  22331  3656  252334497  1762  5759  4972  4972  37.5049020789  
1439418071  0  462978  173121  44  22  10487768  2267  69286  69249  24324679037  2583  0  455687  455709  22  0  81152  1354  1777  807504  1196  81152  0  69286  173121  22552  3692  307191995  1934  6539  5270  5270  37.3929214779  
1439418081  0  467643  174918  44  22  10372965  2155  65646  65609  24566171546  2583  0  459414  459436  22  0  81152  1354  1797  815051  1134  81152  0  65646  174918  22794  3792  241492509  1797  4665  3727  3727  37.4041736966  
1439418091  0  471821  176253  44  22  10400177  2202  66510  66473  24727270458  2583  0  464512  464534  22  0  81152  1354  1810  821189  1148  81152  0  66510  176253  22991  3841  161098912  1335  4178  5098  5098  37.3559040399  
1439418101  0  477488  177804  44  22  10356441  2158  65222  65185  24987252095  2583  0  470280  470302  22  0  81152  1354  1828  829452  1109  81152  0  65222  177804  23272  3936  259981637  1551  5667  5768  5768  37.237375599  
1439418111  0  482888  179366  44  22  10285373  2075  63033  62996  25229690280  2583  0  475446  475468  22  0  81152  1354  1846  837260  1052  81152  0  63033  179366  23563  4034  242438185  1562  5400  5166  5166  37.1444310068  
1439418121  0  488536  181437  44  22  10267828  2065  62412  62375  25585574869  2583  0  482098  482120  22  0  81152  1354  1867  846039  1059  81152  0  62412  181437  23807  4118  355884589  2071  5648  6652  6652  37.1389211849  
1439418131  0  494848  183881  44  22  10260919  2031  62119  62082  25914919920  2583  0  488656  488678  22  0  81152  1354  1889  855463  1059  81152  0  62119  183881  24079  4186  329345051  2444  6312  6558  6558  37.1590872349  
1439418141  0  499969  185123  44  22  10233481  1998  61261  61224  26102397796  2583  0  492743  492765  22  0  81152  1354  1900  863494  1044  81152  0  61261  185123  24296  4251  187477876  1242  5121  4087  4087  37.0268956675  
1439418151  0  504765  186352  44  22  10195047  1956  60129  60092  26302613808  2583  0  497858  497880  22  0  81152  1354  1916  870963  1029  81152  0  60129  186352  24525  4322  200216012  1229  4796  5115  5115  36.9185660654  
1439418161  0  510128  187996  44  22  10286636  2033  62973  62936  26557555056  2583  0  504250  504272  22  0  81152  1354  1936  877758  1081  81152  0  62973  187996  24687  4350  254941248  1644  5363  6392  6392  36.8527114763  
1439418171  0  515078  189074  44  22  10200126  1958  60081  60044  26723872032  2583  0  509150  509172  22  0  81152  1354  1952  885615  1051  81152  0  60081  189074  24955  4449  166316976  1078  4950  4900  4900  36.7078384245  
1439418181  0  520649  190763  44  22  10229769  1993  61074  61037  26949003740  2583  0  513948  513970  22  0  81152  1354  1974  893767  1070  81152  0  61074  190763  25129  4483  225131708  1689  5571  4798  4798  36.6394634389  
1439418191  0  526560  193127  44  22  10208859  1978  60402  60365  27247400518  2583  0  518849  518871  22  0  81152  1354  1991  901235  1056  81152  0  60402  193127  25335  4538  298396778  2364  5911  4901  4901  36.6771118201  
1439418201  0  531925  194488  44  22  10188466  1964  59748  59711  27531187041  2583  0  525018  525040  22  0  81152  1354  2007  909620  1045  81152  0  59748  194488  25621  4626  283786523  1361  5365  6169  6169  36.5630493021  
1439418212  0  535737  195324  44  22  10274432  2038  62455  62418  27692408949  2583  0  529144  529166  22  0  81152  1354  2027  915452  1077  81152  0  62455  195324  25764  4640  161221908  836  3812  4126  4126  36.4589341412  
1439418222  0  540909  196510  44  22  10148066  1899  58445  58408  27919087157  2583  0  533227  533249  22  0  81152  1354  2045  922357  1006  81152  0  58445  196510  26095  4757  226678208  1186  5172  4083  4083  36.3295859377  
1439418232  0  544996  197452  44  22  10222187  2042  60936  60899  28107282531  2583  0  538288  538310  22  0  81152  1354  2056  928777  1090  81152  0  60936  197452  26225  4781  188195374  942  4087  5061  5061  36.2299906788  
1439418242  0  548956  198541  44  22  10211421  1995  60526  60489  28291765429  2583  0  541943  541965  22  0  81152  1354  2070  936079  1076  81152  0  60526  198541  26405  4824  184482898  1089  3960  3655  3655  36.167015207  
1439418252  0  552909  199410  44  22  10251511  1994  61843  61806  28457441122  2583  0  546262  546284  22  0  81152  1354  2074  941138  1067  81152  0  61843  199410  26559  4861  165675693  869  3953  4319  4319  36.0656093498  
1439418262  0  557017  200685  44  22  10242409  1976  61590  61553  28663087097  2583  0  550376  550398  22  0  81152  1354  2091  947087  1050  81152  0  61590  200685  26743  4918  205645975  1275  4108  4114  4114  36.0285233664  
1439418272  0  561327  202317  44  22  8944781  2039  62728  62692  28868647131  2583  0  554355  554377  22  0  81152  1354  2105  953190  1091  81152  0  62728  202317  26879  4936  205560034  1632  4310  3979  3979  36.0426275593  
1439418282  0  562652  203604  44  22  5713504  1997  61361  61331  28922333465  2583  0  554355  554377  22  0  81152  1354  2105  953466  1072  81152  0  61361  203604  26881  4937  53686334  1287  1325  0  0  36.1864882734  
1439418292  0  562652  203604  44  22  5713504  1997  61361  61331  28922333465  2583  0  554355  554377  22  0  81152  1354  2105  953466  1072  81152  0  61361  203604  26881  4937  0  0  0  0  0  36.1864882734  
1439418302  0  562652  203604  44  22  5713504  1997  61361  61331  28922333465  2583  0  554355  554377  22  0  81152  1354  2105  953466  1072  81152  0  61361  203604  26881  4937  0  0  0  0  0  36.1864882734  
1439418312  0  562652  203604  44  22  5713504  1997  61361  61331  28922333465  2583  0  554355  554377  22  0  81152  1354  2105  953466  1072  81152  0  61361  203604  26881  4937  0  0  0  0  0  36.1864882734  
1439418322  0  562652  203604  44  22  5713504  1997  61361  61331  28922333465  2583  0  554355  554377  22  0  81152  1354  2105  953466  1072  81152  0  61361  203604  26881  4937  0  0  0  0  0  36.1864882734  
1439418332  0  562652  203604  44  22  5713504  1997  61361  61331  28922333465  2583  0  554355  554377  22  0  81152  1354  2105  953466  1072  81152  0  61361  203604  26881  4937  0  0  0  0  0  36.1864882734  
1439418342  0  562652  203604  44  22  5713504  1997  61361  61331  28922333465  2583  0  554355  554377  22  0  81152  1354  2105  953466  1072  81152  0  61361  203604  26881  4937  0  0  0  0  0  36.1864882734  
1439418352  0  562652  203604  44  22  5713504  1997  61361  61331  28922333465  2583  0  554355  554377  22  0  81152  1354  2105  953466  1072  81152  0  61361  203604  26881  4937  0  0  0  0  0  36.1864882734  
1439418362  0  562652  203604  44  22  5713504  1997  61361  61331  28922333465  2583  0  554355  554377  22  0  81152  1354  2105  953466  1072  81152  0  61361  203604  26881  4937  0  0  0  0  0  36.1864882734  
1439418372  0  562652  203604  44  22  5713504  1997  61361  61331  28922333465  2583  0  554355  554377  22  0  81152  1354  2105  953466  1072  81152  0  61361  203604  26881  4937  0  0  0  0  0  36.1864882734  
1439418382  0  562652  203604  44  22  5713504  1997  61361  61331  28922333465  2583  0  554355  554377  22  0  81152  1354  2105  953466  1072  81152  0  61361  203604  26881  4937  0  0  0  0  0  36.1864882734  
1439418392  0  562652  203604  44  22  5713504  1997  61361  61331  28922333465  2583  0  554355  554377  22  0  81152  1354  2105  953466  1072  81152  0  61361  203604  26881  4937  0  0  0  0  0  36.1864882734  
1439418402  0  562652  203604  44  22  5713504  1997  61361  61331  28922333465  2583  0  554355  554377  22  0  81152  1354  2105  953466  1072  81152  0  61361  203604  26881  4937  0  0  0  0  0  36.1864882734  
1439418412  0  562652  203604  44  22  5713504  1997  61361  61331  28922333465  2583  0  554355  554377  22  0  81152  1354  2105  953466  1072  81152  0  61361  203604  26881  4937  0  0  0  0  0  36.1864882734  
1439418422  0  562652  203604  44  22  5713504  1997  61361  61331  28922333465  2583  0  554355  554377  22  0  81152  1354  2105  953466  1072  81152  0  61361  203604  26881  4937  0  0  0  0  0  36.1864882734  
1439418432  0  562652  203604  44  22  5713504  1997  61361  61331  28922333465  2583  0  554355  554377  22  0  81152  1354  2105  953466  1072  81152  0  61361  203604  26881  4937  0  0  0  0  0  36.1864882734  
1439418442  0  562652  203604  44  22  5713504  1997  61361  61331  28922333465  2583  0  554355  554377  22  0  81152  1354  2105  953466  1072  81152  0  61361  203604  26881  4937  0  0  0  0  0  36.1864882734  
1439418452  0  562652  203604  44  22  5713504  1997  61361  61331  28922333465  2583  0  554355  554377  22  0  81152  1354  2105  953466  1072  81152  0  61361  203604  26881  4937  0  0  0  0  0  36.1864882734  
1439418462  0  562652  203604  44  22  5713504  1997  61361  61331  28922333465  2583  0  554355  554377  22  0  81152  1354  2105  953466  1072  81152  0  61361  203604  26881  4937  0  0  0  0  0  36.1864882734  
1439418472  0  562652  203604  44  22  5713504  1997  61361  61331  28922333465  2583  0  554355  554377  22  0  81152  1354  2105  953466  1072  81152  0  61361  203604  26881  4937  0  0  0  0  0  36.1864882734  
1439418482  0  562652  203604  44  22  5713504  1997  61361  61331  28922333465  2583  0  554355  554377  22  0  81152  1354  2105  953466  1072  81152  0  61361  203604  26881  4937  0  0  0  0  0  36.1864882734  
1439418492  0  562652  203604  44  22  5713504  1997  61361  61331  28922333465  2583  0  554355  554377  22  0  81152  1354  2105  953466  1072  81152  0  61361  203604  26881  4937  0  0  0  0  0  36.1864882734  
1439418502  0  562652  203604  44  22  5713504  1997  61361  61331  28922333465  2583  0  554355  554377  22  0  81152  1354  2105  953466  1072  81152  0  61361  203604  26881  4937  0  0  0  0  0  36.1864882734  
1439418512  0  562778  203730  44  22  5368512  1996  61235  61205  28936962319  2583  0  554355  554377  22  0  81152  1354  2105  953466  1072  81152  0  61235  203730  26881  4937  14628854  126  126  0  0  36.200775439  
1439418522  0  562778  203730  44  22  5368512  1996  61235  61205  28936962319  2583  0  554355  554377  22  0  81152  1354  2105  953466  1072  81152  0  61235  203730  26881  4937  0  0  0  0  0  36.200775439  
1439418532  0  562778  203730  44  22  5368512  1996  61235  61205  28936962319  2583  0  554355  554377  22  0  81152  1354  2105  953466  1072  81152  0  61235  203730  26881  4937  0  0  0  0  0  36.200775439  
1439418542  0  562778  203730  44  22  5368512  1996  61235  61205  28936962319  2583  0  554355  554377  22  0  81152  1354  2105  953466  1072  81152  0  61235  203730  26881  4937  0  0  0  0  0  36.200775439  
1439418552  0  562778  203730  44  22  5368512  1996  61235  61205  28936962319  2583  0  554355  554377  22  0  81152  1354  2105  953466  1072  81152  0  61235  203730  26881  4937  0  0  0  0  0  36.200775439  
1439418562  0  562778  203730  44  22  5368512  1996  61235  61205  28936962319  2583  0  554355  554377  22  0  81152  1354  2105  953466  1072  81152  0  61235  203730  26881  4937  0  0  0  0  0  36.200775439  
1439418572  0  562778  203730  44  22  5368512  1996  61235  61205  28936962319  2583  0  554355  554377  22  0  81152  1354  2105  953466  1072  81152  0  61235  203730  26881  4937  0  0  0  0  0  36.200775439  
1439418582  0  562778  203730  44  22  5368512  1996  61235  61205  28936962319  2583  0  554355  554377  22  0  81152  1354  2105  953466  1072  81152  0  61235  203730  26881  4937  0  0  0  0  0  36.200775439  
1439418592  0  562778  203730  44  22  5368512  1996  61235  61205  28936962319  2583  0  554355  554377  22  0  81152  1354  2105  953466  1072  81152  0  61235  203730  26881  4937  0  0  0  0  0  36.200775439  
1439418602  0  562778  203730  44  22  5368512  1996  61235  61205  28936962319  2583  0  554355  554377  22  0  81152  1354  2105  953466  1072  81152  0  61235  203730  26881  4937  0  0  0  0  0  36.200775439  
1439418612  0  562778  203730  44  22  5368512  1996  61235  61205  28936962319  2583  0  554355  554377  22  0  81152  1354  2105  953466  1072  81152  0  61235  203730  26881  4937  0  0  0  0  0  36.200775439  
1439418622  0  562778  203730  44  22  5368512  1996  61235  61205  28936962319  2583  0  554355  554377  22  0  81152  1354  2105  953466  1072  81152  0  61235  203730  26881  4937  0  0  0  0  0  36.200775439  
1439418632  0  562778  203730  44  22  5368512  1996  61235  61205  28936962319  2583  0  554355  554377  22  0  81152  1354  2105  953466  1072  81152  0  61235  203730  26881  4937  0  0  0  0  0  36.200775439  
1439418642  0  562778  203730  44  22  5368512  1996  61235  61205  28936962319  2583  0  554355  554377  22  0  81152  1354  2105  953466  1072  81152  0  61235  203730  26881  4937  0  0  0  0  0  36.200775439  
1439418652  0  562778  203730  44  22  5368512  1996  61235  61205  28936962319  2583  0  554355  554377  22  0  81152  1354  2105  953466  1072  81152  0  61235  203730  26881  4937  0  0  0  0  0  36.200775439  
1439418663  0  562778  203730  44  22  5368512  1996  61235  61205  28936962319  2583  0  554355  554377  22  0  81152  1354  2105  953466  1072  81152  0  61235  203730  26881  4937  0  0  0  0  0  36.200775439  
1439418673  0  562778  203730  44  22  5368512  1996  61235  61205  28936962319  2583  0  554355  554377  22  0  81152  1354  2105  953466  1072  81152  0  61235  203730  26881  4937  0  0  0  0  0  36.200775439  
1439418683  0  562778  203730  44  22  5368512  1996  61235  61205  28936962319  2583  0  554355  554377  22  0  81152  1354  2105  953466  1072  81152  0  61235  203730  26881  4937  0  0  0  0  0  36.200775439  
1439418693  0  562778  203730  44  22  5368512  1996  61235  61205  28936962319  2583  0  554355  554377  22  0  81152  1354  2105  953466  1072  81152  0  61235  203730  26881  4937  0  0  0  0  0  36.200775439  
1439418703  0  562778  203730  44  22  5368512  1996  61235  61205  28936962319  2583  0  554355  554377  22  0  81152  1354  2105  953466  1072  81152  0  61235  203730  26881  4937  0  0  0  0  0  36.200775439  
1439418713  0  562778  203730  44  22  5368512  1996  61235  61205  28936962319  2583  0  554355  554377  22  0  81152  1354  2105  953466  1072  81152  0  61235  203730  26881  4937  0  0  0  0  0  36.200775439  
1439418723  0  562778  203730  44  22  5368512  1996  61235  61205  28936962319  2583  0  554355  554377  22  0  81152  1354  2105  953466  1072  81152  0  61235  203730  26881  4937  0  0  0  0  0  36.200775439  
1439418733  0  562778  203730  44  22  5368512  1996  61235  61205  28936962319  2583  0  554355  554377  22  0  81152  1354  2105  953466  1072  81152  0  61235  203730  26881  4937  0  0  0  0  0  36.200775439  
1439418743  0  562778  203730  44  22  5368512  1996  61235  61205  28936962319  2583  0  554355  554377  22  0  81152  1354  2105  953466  1072  81152  0  61235  203730  26881  4937  0  0  0  0  0  36.200775439  
1439418753  0  562778  203730  44  22  5368512  1996  61235  61205  28936962319  2583  0  554355  554377  22  0  81152  1354  2105  953466  1072  81152  0  61235  203730  26881  4937  0  0  0  0  0  36.200775439  
1439418763  0  562778  203730  44  22  5368512  1996  61235  61205  28936962319  2583  0  554355  554377  22  0  81152  1354  2105  953466  1072  81152  0  61235  203730  26881  4937  0  0  0  0  0  36.200775439  
1439418773  0  562778  203730  44  22  5368512  1996  61235  61205  28936962319  2583  0  554355  554377  22  0  81152  1354  2105  953466  1072  81152  0  61235  203730  26881  4937  0  0  0  0  0  36.200775439  
1439418783  0  562778  203730  44  22  5368512  1996  61235  61205  28936962319  2583  0  554355  554377  22  0  81152  1354  2105  953466  1072  81152  0  61235  203730  26881  4937  0  0  0  0  0  36.200775439  
1439418793  0  562778  203730  44  22  5368512  1996  61235  61205  28936962319  2583  0  554355  554377  22  0  81152  1354  2105  953466  1072  81152  0  61235  203730  26881  4937  0  0  0  0  0  36.200775439  
1439418803  0  562778  203730  44  22  5368512  1996  61235  61205  28936962319  2583  0  554355  554377  22  0  81152  1354  2105  953466  1072  81152  0  61235  203730  26881  4937  0  0  0  0  0  36.200775439  
1439418813  0  562778  203730  44  22  5368512  1996  61235  61205  28936962319  2583  0  554355  554377  22  0  81152  1354  2105  953466  1072  81152  0  61235  203730  26881  4937  0  0  0  0  0  36.200775439  
1439418823  0  562778  203730  44  22  5368512  1996  61235  61205  28936962319  2583  0  554355  554377  22  0  81152  1354  2105  953466  1072  81152  0  61235  203730  26881  4937  0  0  0  0  0  36.200775439  
1439418833  0  562778  203730  44  22  5368512  1996  61235  61205  28936962319  2583  0  554355  554377  22  0  81152  1354  2105  953466  1072  81152  0  61235  203730  26881  4937  0  0  0  0  0  36.200775439  
1439418843  0  562778  203730  44  22  5368512  1996  61235  61205  28936962319  2583  0  554355  554377  22  0  81152  1354  2105  953466  1072  81152  0  61235  203730  26881  4937  0  0  0  0  0  36.200775439  
1439418853  0  562778  203730  44  22  5368512  1996  61235  61205  28936962319  2583  0  554355  554377  22  0  81152  1354  2105  953466  1072  81152  0  61235  203730  26881  4937  0  0  0  0  0  36.200775439  
1439418863  0  562778  203730  44  22  5368512  1996  61235  61205  28936962319  2583  0  554355  554377  22  0  81152  1354  2105  953466  1072  81152  0  61235  203730  26881  4937  0  0  0  0  0  36.200775439  
1439418873  0  562778  203730  44  22  5368512  1996  61235  61205  28936962319  2583  0  554355  554377  22  0  81152  1354  2105  953466  1072  81152  0  61235  203730  26881  4937  0  0  0  0  0  36.200775439  
1439418883  0  562778  203730  44  22  5368512  1996  61235  61205  28936962319  2583  0  554355  554377  22  0  81152  1354  2105  953466  1072  81152  0  61235  203730  26881  4937  0  0  0  0  0  36.200775439  
1439418893  0  562778  203730  44  22  5368512  1996  61235  61205  28936962319  2583  0  554355  554377  22  0  81152  1354  2105  953466  1072  81152  0  61235  203730  26881  4937  0  0  0  0  0  36.200775439  
1439418903  0  562778  203730  44  22  5368512  1996  61235  61205  28936962319  2583  0  554355  554377  22  0  81152  1354  2105  953466  1072  81152  0  61235  203730  26881  4937  0  0  0  0  0  36.200775439  
1439418913  0  562778  203730  44  22  5368512  1996  61235  61205  28936962319  2583  0  554355  554377  22  0  81152  1354  2105  953466  1072  81152  0  61235  203730  26881  4937  0  0  0  0  0  36.200775439  
1439418923  0  562778  203730  44  22  5368512  1996  61235  61205  28936962319  2583  0  554355  554377  22  0  81152  1354  2105  953466  1072  81152  0  61235  203730  26881  4937  0  0  0  0  0  36.200775439  
1439418933  0  562778  203730  44  22  5368512  1996  61235  61205  28936962319  2583  0  554355  554377  22  0  81152  1354  2105  953466  1072  81152  0  61235  203730  26881  4937  0  0  0  0  0  36.200775439  
1439418943  0  562778  203730  44  22  5368512  1996  61235  61205  28936962319  2583  0  554355  554377  22  0  81152  1354  2105  953466  1072  81152  0  61235  203730  26881  4937  0  0  0  0  0  36.200775439  
1439418953  0  562778  203730  44  22  5368512  1996  61235  61205  28936962319  2583  0  554355  554377  22  0  81152  1354  2105  953466  1072  81152  0  61235  203730  26881  4937  0  0  0  0  0  36.200775439  
1439418963  0  562778  203730  44  22  5368512  1996  61235  61205  28936962319  2583  0  554355  554377  22  0  81152  1354  2105  953466  1072  81152  0  61235  203730  26881  4937  0  0  0  0  0  36.200775439  
1439418973  0  562778  203730  44  22  5368512  1996  61235  61205  28936962319  2583  0  554355  554377  22  0  81152  1354  2105  953466  1072  81152  0  61235  203730  26881  4937  0  0  0  0  0  36.200775439  
1439418983  0  562778  203730  44  22  5368512  1996  61235  61205  28936962319  2583  0  554355  554377  22  0  81152  1354  2105  953466  1072  81152  0  61235  203730  26881  4937  0  0  0  0  0  36.200775439  
1439418993  0  562778  203730  44  22  5368512  1996  61235  61205  28936962319  2583  0  554355  554377  22  0  81152  1354  2105  953466  1072  81152  0  61235  203730  26881  4937  0  0  0  0  0  36.200775439  
1439419003  0  562778  203730  44  22  5368512  1996  61235  61205  28936962319  2583  0  554355  554377  22  0  81152  1354  2105  953466  1072  81152  0  61235  203730  26881  4937  0  0  0  0  0  36.200775439  
1439419013  0  562778  203730  44  22  5368512  1996  61235  61205  28936962319  2583  0  554355  554377  22  0  81152  1354  2105  953466  1072  81152  0  61235  203730  26881  4937  0  0  0  0  0  36.200775439  
1439419023  0  562778  203730  44  22  5368512  1996  61235  61205  28936962319  2583  0  554355  554377  22  0  81152  1354  2105  953466  1072  81152  0  61235  203730  26881  4937  0  0  0  0  0  36.200775439  
1439419033  0  562778  203730  44  22  5368512  1996  61235  61205  28936962319  2583  0  554355  554377  22  0  81152  1354  2105  953466  1072  81152  0  61235  203730  26881  4937  0  0  0  0  0  36.200775439  
1439419043  0  562778  203730  44  22  5368512  1996  61235  61205  28936962319  2583  0  554355  554377  22  0  81152  1354  2105  953466  1072  81152  0  61235  203730  26881  4937  0  0  0  0  0  36.200775439  
1439419053  0  562778  203730  44  22  5368512  1996  61235  61205  28936962319  2583  0  554355  554377  22  0  81152  1354  2105  953466  1072  81152  0  61235  203730  26881  4937  0  0  0  0  0  36.200775439  
1439419063  0  562778  203730  44  22  5368512  1996  61235  61205  28936962319  2583  0  554355  554377  22  0  81152  1354  2105  953466  1072  81152  0  61235  203730  26881  4937  0  0  0  0  0  36.200775439  
1439419073  0  562778  203730  44  22  5368512  1996  61235  61205  28936962319  2583  0  554355  554377  22  0  81152  1354  2105  953466  1072  81152  0  61235  203730  26881  4937  0  0  0  0  0  36.200775439  
1439419083  0  562778  203730  44  22  5368512  1996  61235  61205  28936962319  2583  0  554355  554377  22  0  81152  1354  2105  953466  1072  81152  0  61235  203730  26881  4937  0  0  0  0  0  36.200775439  
1439419093  0  562778  203730  44  22  5368512  1996  61235  61205  28936962319  2583  0  554355  554377  22  0  81152  1354  2105  953466  1072  81152  0  61235  203730  26881  4937  0  0  0  0  0  36.200775439  
1439419103  0  562778  203730  44  22  5368512  1996  61235  61205  28936962319  2583  0  554355  554377  22  0  81152  1354  2105  953466  1072  81152  0  61235  203730  26881  4937  0  0  0  0  0  36.200775439  
1439419113  0  562778  203730  44  22  5368512  1996  61235  61205  28936962319  2583  0  554355  554377  22  0  81152  1354  2105  953466  1072  81152  0  61235  203730  26881  4937  0  0  0  0  0  36.200775439  
1439419123  0  562778  203730  44  22  5368512  1996  61235  61205  28936962319  2583  0  554355  554377  22  0  81152  1354  2105  953466  1072  81152  0  61235  203730  26881  4937  0  0  0  0  0  36.200775439  
1439419133  0  562778  203730  44  22  5368512  1996  61235  61205  28936962319  2583  0  554355  554377  22  0  81152  1354  2105  953466  1072  81152  0  61235  203730  26881  4937  0  0  0  0  0  36.200775439  
1439419143  0  562778  203730  44  22  5368512  1996  61235  61205  28936962319  2583  0  554355  554377  22  0  81152  1354  2105  953466  1072  81152  0  61235  203730  26881  4937  0  0  0  0  0  36.200775439  
1439419153  0  562778  203730  44  22  5368512  1996  61235  61205  28936962319  2583  0  554355  554377  22  0  81152  1354  2105  953466  1072  81152  0  61235  203730  26881  4937  0  0  0  0  0  36.200775439  
1439419163  0  562778  203730  44  22  5368512  1996  61235  61205  28936962319  2583  0  554355  554377  22  0  81152  1354  2105  953466  1072  81152  0  61235  203730  26881  4937  0  0  0  0  0  36.200775439  
1439419173  0  562778  203730  44  22  5368512  1996  61235  61205  28936962319  2583  0  554355  554377  22  0  81152  1354  2105  953466  1072  81152  0  61235  203730  26881  4937  0  0  0  0  0  36.200775439  
1439419183  0  562778  203730  44  22  5368512  1996  61235  61205  28936962319  2583  0  554355  554377  22  0  81152  1354  2105  953466  1072  81152  0  61235  203730  26881  4937  0  0  0  0  0  36.200775439  
1439419193  0  562778  203730  44  22  5368512  1996  61235  61205  28936962319  2583  0  554355  554377  22  0  81152  1354  2105  953466  1072  81152  0  61235  203730  26881  4937  0  0  0  0  0  36.200775439  
1439419203  0  562778  203730  44  22  5368512  1996  61235  61205  28936962319  2583  0  554355  554377  22  0  81152  1354  2105  953466  1072  81152  0  61235  203730  26881  4937  0  0  0  0  0  36.200775439  
1439419213  0  562778  203730  44  22  5368512  1996  61235  61205  28936962319  2583  0  554355  554377  22  0  81152  1354  2105  953466  1072  81152  0  61235  203730  26881  4937  0  0  0  0  0  36.200775439  
1439419223  0  562778  203730  44  22  5368512  1996  61235  61205  28936962319  2583  0  554355  554377  22  0  81152  1354  2105  953466  1072  81152  0  61235  203730  26881  4937  0  0  0  0  0  36.200775439  
1439419234  0  562778  203730  44  22  5368512  1996  61235  61205  28936962319  2583  0  554355  554377  22  0  81152  1354  2105  953466  1072  81152  0  61235  203730  26881  4937  0  0  0  0  0  36.200775439  
1439419244  0  562778  203730  44  22  5368512  1996  61235  61205  28936962319  2583  0  554355  554377  22  0  81152  1354  2105  953466  1072  81152  0  61235  203730  26881  4937  0  0  0  0  0  36.200775439  
1439419254  0  562778  203730  44  22  5368512  1996  61235  61205  28936962319  2583  0  554355  554377  22  0  81152  1354  2105  953466  1072  81152  0  61235  203730  26881  4937  0  0  0  0  0  36.200775439  
1439419264  0  562778  203730  44  22  5368512  1996  61235  61205  28936962319  2583  0  554355  554377  22  0  81152  1354  2105  953466  1072  81152  0  61235  203730  26881  4937  0  0  0  0  0  36.200775439  
1439419274  0  562778  203730  44  22  5368512  1996  61235  61205  28936962319  2583  0  554355  554377  22  0  81152  1354  2105  953466  1072  81152  0  61235  203730  26881  4937  0  0  0  0  0  36.200775439  
1439419284  0  562778  203730  44  22  5368512  1996  61235  61205  28936962319  2583  0  554355  554377  22  0  81152  1354  2105  953466  1072  81152  0  61235  203730  26881  4937  0  0  0  0  0  36.200775439  
1439419294  0  562778  203730  44  22  5368512  1996  61235  61205  28936962319  2583  0  554355  554377  22  0  81152  1354  2105  953466  1072  81152  0  61235  203730  26881  4937  0  0  0  0  0  36.200775439  
1439419304  0  562778  203730  44  22  5368512  1996  61235  61205  28936962319  2583  0  554355  554377  22  0  81152  1354  2105  953466  1072  81152  0  61235  203730  26881  4937  0  0  0  0  0  36.200775439  
