#type:G;
#time  Rt  Nm  Tt  Nc  Rx  Gz  Pc  Pf  Ra  Te  Pm  Fp  Fc  Ta  Fm  Om  Lm  Oc  Sm  Sc  Em  Af  Ea  Cf  Ec  Gd  Zt  Et  Ep  dedup_put_diff  total_eph_put_diff  dedup_factor  dedup_curr  compression_saving  tze_saving  
1436793509  0  0  2608  0  0  0  0  0  0  2534  0  0  0  0  0  0  0  0  0  0  0  0  0  0  0  0  0  0  0  0  0  
1436793521  0  231  51060  202  0  0  3103  0  0  2812  3258  0  3101  162  3256  287  0  200  3256  3101  3258  0  0  0  3103  2  0  0  3355  2  3355  0.0596125186289  0.0644537544312  100.0  100.0  
1436793531  0  231  82316  164  0  0  3528  0  0  2812  3967  0  3526  457  3965  287  0  129  3965  3526  3967  0  0  0  3528  2  0  0  4424  0  1069  0.0452079566004  0.0566893424036  100.0  100.0  
1436793541  0  231  201473  120  0  0  3394  0  0  2812  3967  0  3258  751  3965  287  0  50  3965  3258  3967  0  0  0  3394  138  0  0  5732  136  1308  2.40753663643  4.0070713023  100.0  100.0  
1436793551  0  231  212767  126  0  0  3562  0  0  2812  3967  0  3395  603  3965  287  0  50  3965  3395  3967  0  0  0  3562  737  0  0  10727  599  4995  6.87051365713  4.68837731611  100.0  100.0  
1436793561  0  2783  1013415  2275  0  0  39483  0  0  2812  48840  0  6411  624  6981  2722  0  2207  6980  6411  48840  0  0  0  39483  154165  0  0  387142  153428  376415  39.8213058774  83.7626320188  100.0  100.0  
1436793571  0  3420  2228973  3302  0  0  57196  0  0  2812  57208  0  7382  131  7493  3354  0  3266  7492  7382  57208  0  0  0  57196  459576  0  0  960404  305411  573262  47.8523621309  87.0935030422  100.0  100.0  
1436793581  0  3420  2467690  3140  0  0  53108  0  0  2812  57457  0  6710  950  7493  3354  0  3074  7492  6710  57457  0  0  0  53108  531762  0  0  1072605  72186  112201  49.5766848001  87.3653686827  100.0  100.0  
1436793591  0  3982  2619010  3605  0  0  60714  0  0  2812  65483  0  7098  446  7493  3938  0  3569  7492  7098  65483  0  0  0  60714  594211  0  0  1143557  62449  70952  51.9616424892  88.3091214547  100.0  100.0  
1436793601  0  4214  2775564  3926  0  0  66528  0  0  2812  70927  0  7440  253  7698  4164  0  3857  7697  7440  70927  0  0  0  66528  659440  0  0  1216060  65229  72503  54.2275874546  88.8167388167  100.0  100.0  
1436793611  0  4214  2870578  3887  0  0  64835  0  0  2812  70927  0  7373  347  7698  4164  0  3831  7697  7373  70927  0  0  0  64835  698118  0  0  1259746  38678  43686  55.4173619126  88.628055834  100.0  100.0  
1436793621  0  4389  3084022  3676  0  0  62444  0  0  2812  72869  0  7164  1050  8038  4349  0  3637  8037  7164  72869  0  0  0  62444  786153  0  0  1359448  88035  99702  57.8288393524  88.5273204791  100.0  100.0  
1436793631  0  4877  3844642  3839  0  0  65563  0  0  2812  80858  0  7944  1065  8596  4823  0  3820  8595  7944  80858  0  0  0  65563  1073684  0  0  1721708  287531  362260  62.3615618909  87.8834098501  100.0  100.0  
1436793641  0  4877  4675838  4183  0  0  70188  0  0  2812  80858  0  7390  1577  8596  4823  0  4128  8595  7390  80858  0  0  0  70188  1428475  0  0  2114324  354791  392616  67.5617833407  89.4711346669  100.0  100.0  
1436793651  0  4877  5473684  4146  0  0  68898  0  0  2812  80858  0  7347  1398  8596  4823  0  4084  8595  7347  80858  0  0  0  68898  1780436  0  0  2495743  351961  381419  71.338915906  89.3364103457  100.0  100.0  
1436793661  0  4877  6374096  4266  0  0  71844  0  0  2812  80858  0  7633  1248  8596  4823  0  4225  8595  7633  80858  0  0  0  71844  2177154  0  0  2925225  396718  429482  74.4268902392  89.3755915595  100.0  100.0  
1436793672  0  4877  7218089  4101  0  0  68055  0  0  2812  81662  0  7434  1319  8596  4845  0  4046  8595  7434  81662  0  0  0  68055  2549829  0  0  3328522  372675  403297  76.6054422954  89.076482257  100.0  100.0  
1436793682  0  4953  8063320  4283  0  0  72064  0  0  2812  81662  0  7563  1116  8596  4910  0  4250  8595  7563  81662  0  0  0  72064  2922406  0  0  3731127  372577  402605  78.3250208315  89.5051620782  100.0  100.0  
1436793692  0  4953  8840687  4084  0  0  68680  0  0  2812  81683  0  7332  1538  8596  4910  0  4026  8595  7332  81683  0  0  0  68680  3265207  0  0  4101214  342801  370087  79.6156211307  89.3244030285  100.0  100.0  
1436793702  0  4953  9208591  4384  0  0  73619  0  0  2812  81683  0  7840  794  8596  4910  0  4327  8595  7840  81683  0  0  0  73619  3426766  0  0  4276394  161559  175180  80.1321393679  89.3505752591  100.0  100.0  
1436793712  0  4953  9265122  4072  0  0  67893  0  0  2812  81683  0  7454  1375  8596  4910  0  4017  8595  7454  81683  0  0  0  67893  3449448  0  0  4301506  22682  25112  80.1916352087  89.0209594509  100.0  100.0  
1436793722  0  4953  9394292  3501  0  0  58905  0  0  2812  81683  0  6851  2171  8596  4910  0  3466  8595  6851  81683  0  0  0  58905  3503302  0  0  4360664  53854  59158  80.3387282304  88.3694083694  100.0  100.0  
1436793732  0  4953  9524073  3336  0  0  55598  0  0  2812  81683  0  6568  2544  8596  4910  0  3270  8595  6568  81683  0  0  0  55598  3557800  0  0  4420022  54498  59358  80.4928120267  88.1866254182  100.0  100.0  
1436793742  0  4953  9608829  3630  0  0  60783  0  0  2812  81683  0  6968  2171  8596  4910  0  3565  8595  6968  81683  0  0  0  60783  3593738  0  0  4459366  35938  39344  80.5885410617  88.5362683645  100.0  100.0  
1436793752  0  4953  9774383  3871  0  0  65204  0  0  2812  81683  0  7200  1941  8596  4910  0  3841  8595  7200  81683  0  0  0  65204  3664833  0  0  4536773  71095  77407  80.7806121223  88.9577326544  100.0  100.0  
1436793762  0  4953  10134394  4112  0  0  68877  0  0  2812  81683  0  7335  1690  8596  4910  0  4092  8595  7335  81683  0  0  0  68877  3821929  0  0  4707119  157096  170346  81.1946543098  89.3505814713  100.0  100.0  
1436793772  0  4953  11074187  4338  0  0  71314  0  0  2812  81683  0  7514  1235  8596  4910  0  4288  8595  7514  81683  0  0  0  71314  4238921  0  0  5156805  416992  449686  82.2005292036  89.4634994531  100.0  100.0  
1436793782  0  4953  11880162  3879  0  0  65494  0  0  2812  81683  0  7180  1694  8596  4910  0  3851  8595  7180  81683  0  0  0  65494  4594254  0  0  5542148  355333  385343  82.8966314144  89.0371637097  100.0  100.0  
1436793792  0  4953  12758683  4283  0  0  70948  0  0  2812  81683  0  7477  1447  8596  4910  0  4231  8595  7477  81683  0  0  0  70948  4984287  0  0  5963304  390033  421156  83.582641435  89.4612955968  100.0  100.0  
1436793802  0  4953  13639345  4445  0  0  74925  0  0  2812  81683  0  7737  995  8596  4910  0  4416  8595  7737  81683  0  0  0  74925  5376264  0  0  6385795  391977  422491  84.1909895322  89.6736736737  100.0  100.0  
1436793812  0  4972  14481023  4657  0  0  77228  0  0  2812  83370  0  7854  821  8596  4955  0  4601  8595  7854  83370  0  0  0  77228  5751427  0  0  6789772  375163  403977  84.7072184456  89.8301134304  100.0  100.0  
1436793822  0  4972  15358261  4441  0  0  75212  0  0  2812  83370  0  7818  877  8596  4955  0  4412  8595  7818  83370  0  0  0  75212  6141759  0  0  7211499  390332  421727  85.1661908294  89.6053821199  100.0  100.0  
1436793832  0  4972  16143181  4436  0  0  74303  0  0  2812  83370  0  7700  1105  8596  4955  0  4376  8595  7700  83370  0  0  0  74303  6488616  0  0  7586719  346857  375220  85.525982971  89.6370267688  100.0  100.0  
1436793842  0  4972  16658239  4705  0  0  78078  0  0  2812  83370  0  7919  698  8596  4955  0  4681  8595  7919  83370  0  0  0  78078  6716209  0  0  7832777  227593  246058  85.7449280121  89.8575783191  100.0  100.0  
1436793852  0  4972  16858314  4094  0  0  68732  0  0  2812  83370  0  7488  1265  8596  4955  0  4037  8595  7488  83370  0  0  0  68732  6803660  0  0  7928246  87451  95469  85.8154502269  89.1055112611  100.0  100.0  
1436793862  0  4972  16949787  4386  0  0  72200  0  0  2812  83370  0  7665  1212  8596  4955  0  4338  8595  7665  83370  0  0  0  72200  6842075  0  0  7970242  38415  41996  85.8452604074  89.3836565097  100.0  100.0  
1436793872  0  4972  17077499  3860  0  0  65404  0  0  2812  83370  0  7280  1579  8596  4955  0  3828  8595  7280  83370  0  0  0  65404  6895662  0  0  8029163  53587  58921  85.8827003512  88.869182313  100.0  100.0  
1436793882  0  4972  17174507  3940  0  0  66293  0  0  2812  83370  0  7337  1623  8596  4955  0  3874  8595  7337  83370  0  0  0  66293  6936566  0  0  8074253  40904  45090  85.9096934416  88.9324664746  100.0  100.0  
1436793892  0  4972  17253232  3869  0  0  64405  0  0  2812  83370  0  7238  1735  8596  4955  0  3808  8595  7238  83370  0  0  0  64405  6969123  0  0  8110093  32557  35840  85.9314806871  88.7617421008  100.0  100.0  
1436793902  0  4972  17421697  3565  0  0  60123  0  0  2812  83370  0  6914  2136  8596  4955  0  3542  8595  6914  83370  0  0  0  60123  7041249  0  0  8188669  72126  78576  85.9877105791  88.5002411723  100.0  100.0  
1436793912  0  4972  17912611  4082  0  0  68448  0  0  2812  83370  0  7334  1582  8596  4955  0  4025  8595  7334  83370  0  0  0  68448  7257801  0  0  8423463  216552  234794  86.1617246968  89.2852968677  100.0  100.0  
1436793922  0  4972  18796089  4263  0  0  71712  0  0  2812  83370  0  7567  1206  8596  4955  0  4239  8595  7567  83370  0  0  0  71712  7651761  0  0  8848278  393960  424815  86.4774027217  89.448070058  100.0  100.0  
1436793932  0  4972  19612955  4550  0  0  76111  0  0  2812  83370  0  7736  943  8596  4955  0  4499  8595  7736  83370  0  0  0  76111  8014225  0  0  9241042  362464  392764  86.7242568533  89.8358975707  100.0  100.0  
1436793942  0  4980  20438544  4338  0  0  71534  0  0  2812  83370  0  7695  949  8596  4955  0  4288  8595  7695  83370  0  0  0  71534  8378913  0  0  9635987  364688  394945  86.9543825661  89.2428775128  100.0  100.0  
1436793952  0  5111  21373447  4024  0  0  67758  0  0  2812  85308  0  7401  1478  8596  5064  0  3966  8595  7401  85308  0  0  0  67758  8794179  0  0  10084181  415266  448194  87.2076671373  89.0773045249  100.0  100.0  
1436793962  0  5111  22198036  4412  0  0  73250  0  0  2812  85561  0  7641  1136  8596  5087  0  4384  8595  7641  85561  0  0  0  73250  9162236  0  0  10481453  368057  397272  87.4137965414  89.5686006826  100.0  100.0  
1436793972  0  5275  23001950  4405  0  0  74056  0  0  2812  87793  0  7609  1370  8773  5253  0  4375  8772  7609  87793  0  0  0  74056  9519585  0  0  10867482  357349  386029  87.596970485  89.7253429837  100.0  100.0  
1436793982  0  5275  23468145  4076  0  0  67348  0  0  2812  87793  0  7372  1866  8773  5253  0  4020  8772  7372  87793  0  0  0  67348  9723358  0  0  11090066  203773  222584  87.6762861465  89.0538694542  100.0  100.0  
1436793992  0  5275  23775835  3696  0  0  62018  0  0  2812  87793  0  7052  2173  8773  5253  0  3640  8772  7052  87793  0  0  0  62018  9858965  0  0  11237256  135607  147190  87.7346302336  88.6291076784  100.0  100.0  
1436794002  0  5275  23863224  3911  0  0  64496  0  0  2812  87793  0  7326  2039  8773  5253  0  3854  8772  7326  87793  0  0  0  64496  9896049  0  0  11278458  37084  41202  87.7429254957  88.6411560407  100.0  100.0  
1436794012  0  5275  23978322  3365  0  0  57180  0  0  2812  87793  0  6760  2705  8773  5253  0  3334  8772  6760  87793  0  0  0  57180  9943983  0  0  11330992  47934  52534  87.7591564799  88.1776845051  100.0  100.0  
1436794022  0  5275  24085448  3360  0  0  56864  0  0  2812  87793  0  6716  2846  8773  5253  0  3290  8772  6716  87793  0  0  0  56864  9989227  0  0  11380602  45244  49610  87.7741528963  88.1893640968  100.0  100.0  
1436794032  0  5275  24155571  3317  0  0  55752  0  0  2812  87793  0  6687  2925  8773  5253  0  3251  8772  6687  87793  0  0  0  55752  10017919  0  0  11412435  28692  31833  87.7807321575  88.0058114507  100.0  100.0  
1436794042  0  5275  24318548  3523  0  0  59841  0  0  2812  87793  0  6782  2977  8773  5253  0  3490  8772  6782  87793  0  0  0  59841  10088037  0  0  11488561  70118  76126  87.8094045024  88.6666332448  100.0  100.0  
1436794052  0  5275  24527331  3939  0  0  65488  0  0  2812  87793  0  7144  2487  8773  5253  0  3880  8772  7144  87793  0  0  0  65488  10179586  0  0  11587788  91549  99227  87.8475339728  89.0911311996  100.0  100.0  
1436794062  0  5275  25331890  4544  0  0  75527  0  0  2812  87793  0  7828  1422  8773  5253  0  4517  8772  7828  87793  0  0  0  75527  10537467  0  0  11976169  357881  388381  87.9869597699  89.6354945913  100.0  100.0  
1436794072  0  5275  26139585  3740  0  0  62986  0  0  2812  87793  0  7042  2250  8773  5253  0  3685  8772  7042  87793  0  0  0  62986  10895115  0  0  12364090  357648  387921  88.1190204859  88.8197377195  100.0  100.0  
1436794082  0  5365  26947401  4672  0  0  77950  0  0  2812  88568  0  8178  773  8773  5323  0  4615  8772  8178  88568  0  0  0  77950  11254508  0  0  12753233  359393  389143  88.2482739867  89.508659397  100.0  100.0  
1436794092  0  5365  27791654  4131  0  0  69426  0  0  2812  88568  0  7379  1984  8773  5323  0  4113  8772  7379  88568  0  0  0  69426  11628547  0  0  13158336  374039  405103  88.3739934898  89.3714170484  100.0  100.0  
1436794102  0  5365  28616045  4054  0  0  67963  0  0  2812  88568  0  7418  1836  8773  5323  0  3995  8772  7418  88568  0  0  0  67963  11994472  0  0  13554301  365925  395965  88.4919996981  89.0852375557  100.0  100.0  
1436794112  0  5365  29227315  4359  0  0  73448  0  0  2812  88568  0  7591  1550  8773  5323  0  4332  8772  7591  88568  0  0  0  73448  12265580  0  0  13848671  271108  294370  88.5686431572  89.6647968631  100.0  100.0  
1436794122  0  5365  29638978  4211  0  0  71007  0  0  2812  88568  0  7732  1564  8773  5323  0  4147  8772  7732  88568  0  0  0  71007  12446416  0  0  14045695  180836  197024  88.6137425026  89.1109327249  100.0  100.0  
1436794132  0  5365  29702415  3769  0  0  62544  0  0  2812  88568  0  7237  2065  8773  5323  0  3706  8772  7237  88568  0  0  0  62544  12472567  0  0  14074885  26151  29190  88.615764889  88.428946022  100.0  100.0  
1436794142  0  5365  29802517  3683  0  0  60803  0  0  2812  88568  0  7070  2433  8773  5323  0  3631  8772  7070  88568  0  0  0  60803  12514040  0  0  14120190  41473  45305  88.625153061  88.3722842623  100.0  100.0  
1436794152  0  5365  29913408  3515  0  0  59615  0  0  2812  88568  0  6875  2733  8773  5323  0  3471  8772  6875  88568  0  0  0  59615  12561294  0  0  14172124  47254  51934  88.6338138165  88.4676675333  100.0  100.0  
1436794162  0  5365  30001731  3177  0  0  53556  0  0  2812  88568  0  6482  3239  8773  5323  0  3118  8772  6482  88568  0  0  0  53556  12598183  0  0  14212312  36889  40188  88.6427415891  87.8967809396  100.0  100.0  
