#type:T;
#time  gt  cn  Pt  Px  gx  cx  gn  gm  Pn  Pm  Ft  cm  pt  Fx  px  ct  pn  Fm  Fn  pm  dn  On  Om  dm  dx  Ox  dt  Ot  Gt  Cn  Cm  Gx  Cx  Gn  Gm  Ct  
1438984296  6211817  0  0  0  7657  0  7385  157  0  2147483647  29291  2147483647  0  2217  0  0  0  245  42  2147483647  0  92  245  2147483647  0  4572  0  85920  0  0  2147483647  0  0  0  2147483647  0  
1438984306  6215625  0  0  0  7657  0  7387  157  0  2147483647  29291  2147483647  0  2217  0  0  0  245  42  2147483647  0  92  245  2147483647  0  4572  0  85920  0  0  2147483647  0  0  0  2147483647  0  
1438984316  6704252  0  23420598  23400  7967  0  7821  157  6818  2211  70493  2147483647  0  2643  0  0  0  214  170  2147483647  0  8193  236  2147483647  0  22284  0  13576074  3998702  7321  862  27900  18884  503  2099  13552339  
1438984326  6704252  0  26166849  34023  7967  0  7821  157  7224  2211  40518437  2147483647  0  10618  0  0  0  205  47417  2147483647  0  8518  236  2147483647  0  55072  0  15302281  3998702  7727  862  27900  32609  503  2099  14729464  
1438984336  6820672  0  32739338  34023  7967  0  8006  157  8120  2211  99326907  2147483647  0  30765  0  0  0  205  123657  2147483647  0  11651  208  2147483647  0  73206  0  18662413  5816037  8853  862  27900  32609  733  2099  18343939  
1438984346  44702884  0  61149345  40346  11780  0  42595  157  11061  2211  131514392  2147483647  0  31004  0  0  0  205  163058  2147483647  0  14021  208  2147483647  0  73206  0  21475623  6134814  11826  862  27900  32609  765  2099  28915910  
1438984356  111290670  0  375317824  51267  38626  0  98844  157  45408  2211  153649199  2147483647  0  31004  0  0  0  205  184927  2147483647  0  15963  208  2147483647  0  73206  0  24919211  6134814  46173  862  27900  49848  765  2099  149110390  
1438984366  188938009  0  932548399  59101  38626  0  159737  157  106845  2211  154182263  2147483647  0  31004  0  0  0  205  185254  2147483647  0  17385  208  2147483647  0  166765  0  42791990  6457080  107645  862  27900  52080  800  2099  365939336  
1438984376  248538272  0  1323395813  59101  38626  0  204163  157  151660  2211  154197670  2147483647  0  31004  0  0  0  205  185262  2147483647  0  18991  208  2147483647  0  166765  0  85686339  6969119  152512  862  27900  52080  852  2099  522890888  
1438984386  330626565  0  1885119197  107105  38626  0  268081  157  215353  2211  155422782  2147483647  0  31004  0  0  0  205  186187  2147483647  0  21587  208  2147483647  0  180916  0  145279901  7086951  216219  862  27900  101494  866  2099  745967400  
1438984396  406160622  0  2446096684  107105  38626  0  327257  157  274662  2211  155991222  2147483647  0  31004  0  0  0  205  186443  2147483647  0  23889  208  2147483647  0  180916  0  161800396  7359144  275555  862  27900  101494  893  2099  956674793  
1438984406  458962006  0  2835002691  107105  38626  0  366753  157  314598  2211  155996073  2147483647  0  31004  0  0  0  205  186444  2147483647  0  25320  208  2147483647  0  180916  0  165196046  7772326  315532  862  27900  101494  934  2099  1097504254  
1438984416  535619893  0  3405075473  107492  38626  0  425436  157  373795  2211  156069397  2147483647  0  31004  0  0  0  205  186521  2147483647  0  27741  208  2147483647  0  180916  0  171100053  7772326  374729  862  27900  101494  934  2099  1306963901  
1438984426  615491530  0  4006391378  107492  101603  0  487473  157  435491  2211  157158017  2147483647  0  31004  0  0  0  205  187415  2147483647  0  30229  208  2147483647  0  180916  0  177809920  7984660  436448  862  27900  101494  957  2099  1527610640  
1438984436  687938087  0  4550199639  107492  101603  0  542140  157  490378  2211  157435184  2147483647  0  31004  0  0  0  205  187561  2147483647  0  32285  208  2147483647  0  180916  0  182778742  8569519  491391  862  29016  101494  1013  2099  1724775267  
1438984446  764174733  0  5119720116  107492  101603  0  599476  157  548313  2211  157532946  2147483647  0  31004  0  0  0  205  187617  2147483647  0  34646  208  2147483647  0  180916  0  189025551  8569519  549326  862  29016  101494  1013  2099  1932832777  
1438984456  844045372  0  5730602834  107492  101603  0  660978  157  609376  2211  158295016  2147483647  0  31004  0  0  0  205  188453  2147483647  0  37319  208  2147483647  0  180916  0  195813082  8800375  610412  862  29016  101494  1036  2099  2155670502  
1438984466  901723799  0  6169682044  107492  101603  0  704093  157  652883  2211  158767817  2147483647  0  31004  0  0  0  205  188676  2147483647  0  39258  208  2147483647  0  180916  0  200694192  9048250  653940  862  29016  101494  1057  2099  2314221936  
1438984476  963522661  0  6622104245  107492  101603  0  749995  157  699155  2211  158934984  2147483647  0  31004  0  0  0  205  188748  2147483647  0  40769  208  2147483647  0  180916  0  204455800  9390944  700245  862  29016  101494  1090  2099  2477964330  
1438984486  1048600913  0  7276775132  107492  101603  0  815527  157  764986  2211  159023103  2147483647  0  31004  0  0  0  205  188809  2147483647  0  43283  208  2147483647  0  180916  0  211024238  9491398  766085  862  29016  101494  1099  2099  2716809018  
1438984496  1125508308  0  7850100611  107492  101603  0  873504  157  822724  2211  160215057  2147483647  0  31004  0  0  0  205  189735  2147483647  0  45535  208  2147483647  0  180916  0  217081559  9706025  823853  862  29016  101494  1129  2099  2924768116  
1438984506  1184285948  0  8284940949  107492  101603  0  917855  157  867395  2211  160523259  2147483647  0  31004  0  0  0  205  189854  2147483647  0  47401  208  2147483647  0  180916  0  222023055  10087263  868559  862  29016  101494  1164  2099  3081662407  
1438984516  1258795219  0  8866952830  107492  101603  0  976497  157  926259  2211  160631770  2147483647  0  31004  0  0  0  205  189931  2147483647  0  49293  208  2147483647  0  180916  0  227229779  10184449  927432  862  29016  101494  1173  2099  3293963065  
1438984526  1332156973  0  9422224897  107492  101603  0  1033672  157  983337  2211  161483957  2147483647  0  31004  0  0  0  205  190688  2147483647  0  51629  208  2147483647  0  180916  0  233658600  10320742  984524  862  29016  101494  1187  2099  3496740575  
1438984536  1384057938  0  9808778768  107492  101603  0  1072350  157  1022212  2211  162048200  2147483647  0  31004  0  0  0  205  190929  2147483647  0  53165  208  2147483647  0  180916  0  236906220  10726868  1023450  862  29605  101494  1238  2099  3635379841  
1438984546  1466663994  0  10439306986  107492  101603  0  1135257  157  1085481  2211  162312787  2147483647  0  31004  0  0  0  205  191051  2147483647  0  55659  208  2147483647  0  180916  0  243624534  10818458  1086728  862  29605  101494  1247  2099  3864683215  
1438984556  1549180308  0  11078881930  107492  101603  0  1198351  157  1149160  2211  162316445  2147483647  0  31004  0  0  0  205  191052  2147483647  0  58248  208  2147483647  0  180916  0  250854226  10981593  1150428  862  30783  101494  1268  2099  4096813938  
1438984566  1607918764  0  11515556383  107492  101603  0  1243379  157  1193560  2211  163551128  2147483647  0  31004  0  0  0  205  191952  2147483647  0  59996  208  2147483647  0  180916  0  255215984  11268341  1194856  862  30783  101494  1296  2099  4254870784  
1438984576  1682606084  0  12072292803  107492  101603  0  1299204  157  1249630  2211  164023993  2147483647  0  31004  0  0  0  205  192192  2147483647  0  62187  208  2147483647  0  180916  0  260724857  11849634  1250981  862  31791  101494  1351  2099  4457375284  
1438984586  1766242316  0  12729026084  107492  101603  0  1363953  157  1315103  2211  164050453  2147483647  0  31004  0  0  0  205  192199  2147483647  0  65023  208  2147483647  0  180916  0  267606480  11982950  1316468  862  31791  101494  1365  2099  4696374174  
1438984596  1830174093  0  13208836428  107492  101603  0  1412567  157  1363095  2211  165073836  2147483647  0  31004  0  0  0  205  193040  2147483647  0  66929  208  2147483647  0  180916  0  272495314  12179490  1364478  862  31791  101494  1383  2099  4869549597  
1438984606  1892521269  0  13672440876  107492  101603  0  1459412  157  1410236  2211  165684191  2147483647  0  31004  0  0  0  205  193342  2147483647  0  68816  208  2147483647  0  180916  0  276521313  12521279  1411652  862  31791  101494  1416  2099  5037635399  
1438984616  1993749099  0  14458304811  107492  101603  0  1536873  157  1488324  2211  165834543  2147483647  0  31004  0  0  0  205  193433  2147483647  0  71819  208  2147483647  0  180916  0  284129744  12576670  1489754  862  31791  101494  1430  2099  5323859830  
1438984626  2057202080  0  14941725839  107492  101603  0  1585009  157  1536821  2211  165840023  2147483647  0  31004  0  0  0  205  193434  2147483647  0  73897  208  2147483647  0  180916  0  288750029  12775550  1538269  862  31791  101494  1448  2099  5497713658  
1438984636  2124598726  0  15431563937  107492  101603  0  1634640  157  1586042  2211  167330168  2147483647  0  31004  0  0  0  205  194511  2147483647  0  75824  208  2147483647  0  180916  0  292950018  13232491  1587537  862  31791  101494  1495  2099  5674796931  
1438984646  2209722272  0  16099317513  107492  101603  0  1700870  157  1652395  2211  167640442  2147483647  0  31004  0  0  0  205  194664  2147483647  0  79021  208  2147483647  0  180916  0  300934215  13232491  1653890  862  31791  101494  1495  2099  5918226359  
1438984656  2272266928  0  16574527124  107492  101603  0  1748694  157  1700712  2211  167677815  2147483647  0  31004  0  0  0  205  194695  2147483647  0  80845  208  2147483647  0  180916  0  305943140  13632438  1702247  862  31791  101494  1535  2099  6089979212  
1438984666  2330974936  0  17001559964  107492  101603  0  1792217  157  1743697  2211  168629900  2147483647  0  31004  0  0  0  205  195493  2147483647  0  82669  208  2147483647  0  180916  0  310337217  14103920  1745277  862  31791  101494  1580  2099  6244020001  
1438984676  2413621412  0  17644531636  107492  101603  0  1856490  157  1808385  2211  169293779  2147483647  0  31004  0  0  0  205  195804  2147483647  0  85255  208  2147483647  0  180916  0  317295058  14208682  1809974  862  31992  101494  1589  2099  6478335225  
1438984686  2495509547  0  18284649427  107492  101603  0  1919681  157  1872285  2211  169345163  2147483647  0  31004  0  0  0  205  195837  2147483647  0  87964  208  2147483647  0  180916  0  324143026  14494658  1873902  862  31992  101494  1617  2099  6710800121  
1438984696  2550768991  0  18695237366  107539  101603  0  1960190  157  1913022  2211  169345163  2147483647  0  31004  0  0  0  205  195837  2147483647  0  89586  208  2147483647  0  180916  0  328192997  14912663  1914680  862  31992  101494  1658  2099  6857602976  
1438984706  2636161530  0  19343541518  107539  101603  0  2026352  157  1978648  2211  170906176  2147483647  0  31004  0  0  0  205  196973  2147483647  0  92804  208  2147483647  0  180916  0  336579126  15083690  1980338  862  31992  101494  1690  2099  7093746329  
1438984716  2716526450  0  19966375548  107539  101603  0  2089055  157  2041787  2211  171077095  2147483647  0  31004  0  0  0  205  197059  2147483647  0  95461  208  2147483647  0  180916  0  343063661  15198144  2043489  862  31992  101494  1702  2099  7320918294  
1438984726  2766693139  0  20343320385  107539  101603  0  2126945  157  2080113  2211  171080954  2147483647  0  31004  0  0  0  205  197060  2147483647  0  97282  208  2147483647  0  180916  0  346924549  15680095  2081868  862  31992  101494  1755  2099  7456422489  
1438984736  2854823735  0  21010333768  107539  101603  0  2194541  157  2147275  2211  172215073  2147483647  0  31004  0  0  0  205  197995  2147483647  0  100311  208  2147483647  0  180916  0  353081991  15973015  2149055  862  31992  101494  1780  2099  7699232377  
1438984746  2930856954  0  21593884528  107539  101603  0  2252428  157  2205145  2211  172706070  2147483647  0  31004  0  0  0  205  198243  2147483647  0  103001  208  2147483647  0  180916  0  359524541  16073455  2206935  862  31992  101494  1790  2099  7911021866  
1438984756  2985370239  0  22009369163  107539  101603  0  2293919  157  2247155  2211  172710193  2147483647  0  31004  0  0  0  205  198244  2147483647  0  104768  208  2147483647  0  180916  0  363737737  16488843  2248982  862  31992  101494  1827  2099  8061122400  
1438984766  3054368787  0  22525828780  151248  101603  0  2346882  157  2300466  2211  172800264  2147483647  0  31004  0  0  0  205  198301  2147483647  0  107110  208  2147483647  0  180916  0  369401205  16844523  2302327  862  31992  101494  1861  2099  8248928825  
1438984776  3142923431  0  23196980576  151248  101603  0  2414139  157  2367318  2211  174123628  2147483647  0  31004  0  0  0  205  199275  2147483647  0  110091  208  2147483647  0  180916  0  380841379  16844523  2369179  862  31992  101494  1861  2099  8493861915  
1438984786  3208711326  0  23683935566  151248  101603  0  2464527  157  2417876  2211  174312947  2147483647  0  31004  0  0  0  205  199362  2147483647  0  112835  208  2147483647  0  183675  0  409650462  17191875  2419771  862  31992  101494  1895  2099  8675009127  
1438984796  3270781403  0  24130348988  151248  101603  0  2511228  157  2464916  2211  174335667  2147483647  0  31004  0  0  0  205  199378  2147483647  0  114891  208  2147483647  0  183675  0  435118760  17563063  2466847  862  31992  101494  1931  2099  8842773883  
1438984806  3345058239  0  24681360104  151248  102688  0  2569271  157  2522530  2211  175268237  2147483647  0  31004  0  0  0  205  200190  2147483647  0  117524  208  2147483647  0  183675  0  472230237  17563063  2524461  862  31992  101494  1931  2099  9052688492  
1438984816  3417882307  0  25209061542  151248  102688  0  2625274  157  2578940  2211  175750985  2147483647  0  31004  0  0  0  205  200434  2147483647  0  120053  208  2147483647  0  183675  0  516785115  17935268  2580905  862  31992  101494  1965  2099  9254966930  
1438984826  3477295274  0  25632429090  151248  102688  0  2669171  157  2623182  2005  175795609  2147483647  0  31004  0  0  0  205  200451  2147483647  0  121754  208  2147483647  0  210769  0  542185155  18244738  2625186  638  31992  101494  2004  2099  9414348218  
1438984836  3556335835  0  26229395017  151248  102688  0  2729883  157  2684403  2005  175830179  2147483647  0  31004  0  0  0  205  200471  2147483647  0  124523  208  2147483647  0  210769  0  575957352  18315233  2686412  638  31992  101494  2009  2099  9639759702  
1438984846  3638811183  0  26821905606  151248  102688  0  2792293  157  2746371  2005  177118704  2147483647  0  31004  0  0  0  205  201474  2147483647  0  127483  208  2147483647  0  210769  0  629606940  18553745  2748402  638  31992  101494  2031  2099  9866896909  
1438984856  3690392209  0  27191042471  151248  102688  0  2831220  157  2785556  2005  177404422  2147483647  0  31004  0  0  0  205  201610  2147483647  0  129208  208  2147483647  0  210769  0  649283090  18817228  2787613  638  31992  101494  2057  2099  10001640849  
1438984866  3765731992  0  27745914029  151248  102688  0  2889459  157  2844288  2005  177497661  2147483647  0  31004  0  0  0  205  201669  2147483647  0  131658  208  2147483647  0  210769  0  677711037  19027573  2846365  638  31992  101494  2077  2099  10206678363  
1438984876  3837567912  0  28265588659  151248  102688  0  2944457  157  2898818  2005  178448530  2147483647  0  31004  0  0  0  205  202471  2147483647  0  134333  208  2147483647  0  210769  0  711575158  19118110  2900904  638  31992  101494  2086  2099  10400268535  
1438984886  3896495915  0  28692882145  151248  102688  0  2989815  157  2944234  2005  178875971  2147483647  0  31004  0  0  0  205  202677  2147483647  0  136310  208  2147483647  0  210769  0  737653407  19385701  2946345  638  31992  101494  2111  2099  10556936671  
1438984896  3957497881  0  29140514941  151248  102688  0  3036084  157  2990795  2005  178986288  2147483647  0  31004  0  0  0  205  202741  2147483647  0  137914  208  2147483647  0  210769  0  748035425  19743427  2992940  638  31992  102393  2145  2099  10717890834  
1438984906  3995946055  0  29434444917  151248  102688  0  3066797  157  3022121  2005  183550943  2147483647  0  31004  0  0  0  205  207902  2147483647  0  139420  208  2147483647  0  210769  0  760222602  19831454  3024285  638  31992  102393  2164  2099  10824718938  
1438984916  4013846819  0  29562857990  151248  102688  0  3081017  157  3035765  2005  203296410  2147483647  0  31004  0  0  0  205  234161  2147483647  0  140137  208  2147483647  0  210769  0  766064258  19831454  3037929  638  31992  102393  2164  2099  10871449889  
1438984926  4037287149  0  29739742812  151248  102688  0  3099969  157  3055096  2005  222211403  2147483647  0  31004  0  0  0  205  261878  2147483647  0  141075  208  2147483647  0  210769  0  771136100  19831454  3057260  638  31992  102393  2164  2099  10936299886  
1438984936  4057758206  0  29902450277  151248  102688  0  3115432  157  3071174  2005  248306523  2147483647  0  31004  0  0  0  205  289641  2147483647  0  142904  208  2147483647  0  210769  0  774392026  19831454  3073338  638  31992  102393  2164  2099  10993155292  
1438984946  4068171283  0  29985025997  151248  102688  0  3126961  157  3082526  2005  270111008  2147483647  0  31004  0  0  0  205  315872  2147483647  0  144470  208  2147483647  0  210769  0  776493537  21211499  3084876  638  33018  102393  2350  2099  11023948541  
1438984956  4117427601  0  30288004669  151248  102688  0  3167707  157  3115259  2005  285243756  2147483647  0  31004  0  0  0  205  349577  2147483647  0  147700  202  2147483647  0  210769  0  782589242  21413212  3117634  638  33018  102393  2375  2099  11133208271  
1438984966  4168542403  0  30540213044  151248  102688  0  3209068  157  3140434  2005  301021430  2147483647  0  31004  0  0  0  205  365993  2147483647  0  148814  202  2147483647  0  210769  0  784336133  21990987  3142864  638  33018  102393  2430  2099  11221114235  
1438984976  4228496322  0  30834336401  151248  102688  0  3258973  157  3171260  2005  320186028  2147483647  0  31004  0  0  0  205  385504  2147483647  0  150900  202  2147483647  0  210769  0  790136763  22287038  3173719  638  33018  102393  2459  2099  11325295467  
1438984986  4308812001  0  31450200521  151248  102688  0  3324202  157  3233384  2005  324056316  2147483647  0  31004  0  0  0  205  389149  2147483647  0  153292  202  2147483647  0  210769  0  797202877  22437170  3235860  638  33018  102393  2476  2099  11544464616  
1438984996  4382883673  0  32036507430  151248  102688  0  3383261  157  3293073  2005  324489805  2147483647  0  31004  0  0  0  205  389376  2147483647  0  155729  202  2147483647  0  210769  0  801741543  22570187  3295561  638  33018  102393  2488  2099  11753979241  
1438985006  4445919697  0  32533685315  151248  102688  0  3435117  157  3345089  2005  324758022  2147483647  0  31004  0  0  0  205  389532  2147483647  0  157849  202  2147483647  0  210769  0  806019991  22597901  3347579  638  33018  102393  2490  2099  11930912677  
1438985016  4494870454  0  32903992731  151248  102688  0  3473485  157  3383611  2005  325170725  2147483647  0  31004  0  0  0  205  389901  2147483647  0  158738  202  2147483647  0  210769  0  808132596  22667017  3386107  638  33018  102393  2496  2099  12061009531  
1438985026  4560905591  0  33415688006  151248  102688  0  3525693  157  3435757  2005  325857204  2147483647  0  31004  0  0  0  205  390311  2147483647  0  160929  202  2147483647  0  210769  0  813089333  22942622  3438281  638  33018  102393  2524  2099  12242975466  
1438985036  4643875551  0  34075087037  151248  102688  0  3592455  157  3503000  2005  326317372  2147483647  0  31004  0  0  0  205  390549  2147483647  0  163584  202  2147483647  0  210769  0  817672471  22942622  3505524  638  33018  102393  2524  2099  12478627676  
1438985046  4716196124  0  34643466673  151248  102688  0  3649812  157  3560725  2005  326451057  2147483647  0  31004  0  0  0  205  390616  2147483647  0  165973  202  2147483647  0  210769  0  822794829  22942622  3563249  638  33018  102393  2524  2099  12680454507  
1438985057  4771297785  0  35074266759  151248  102688  0  3693985  157  3604717  2005  327424075  2147483647  0  31004  0  0  0  205  391402  2147483647  0  167370  202  2147483647  0  210769  0  825552521  23222661  3607270  638  33018  102393  2553  2099  12833174170  
1438985067  4826540346  0  35509142501  151248  102688  0  3738876  157  3649671  2005  327902295  2147483647  0  31004  0  0  0  205  391658  2147483647  0  169618  202  2147483647  0  210769  0  830260571  23265516  3652230  638  33018  102393  2559  2099  12985825627  
1438985077  4881474208  0  35929585485  151248  102688  0  3781951  157  3693144  2005  328194822  2147483647  0  31004  0  0  0  205  391805  2147483647  0  171064  202  2147483647  0  210769  0  832974506  23265516  3695703  638  33018  102780  2559  2099  13134346420  
1438985087  4942535656  0  36409001084  151248  102688  0  3830881  157  3741832  2005  328752695  2147483647  0  31004  0  0  0  205  392356  2147483647  0  173465  202  2147483647  0  210769  0  838033078  23265516  3744391  638  33018  102780  2559  2099  13304849867  
1438985097  5035345793  0  37145152949  151248  102688  0  3905810  157  3816680  2005  329412698  2147483647  0  31004  0  0  0  205  392693  2147483647  0  176456  202  2147483647  0  210769  0  844307706  23265516  3819238  638  33018  102780  2559  2099  13567290581  
1438985107  5096489385  0  37623062197  151248  102688  0  3956925  157  3868455  2005  329572794  2147483647  0  31004  0  0  0  205  392777  2147483647  0  178439  202  2147483647  0  210769  0  848332296  23360003  3871022  638  33018  102780  2568  2099  13738905941  
1438985117  5152319839  0  38050185369  151248  102688  0  4000894  157  3912236  2005  329640677  2147483647  0  31004  0  0  0  205  392811  2147483647  0  180148  202  2147483647  0  210769  0  851672873  23453422  3914810  638  33018  102780  2575  2099  13890897205  
1438985127  5204334548  0  38446729106  151248  102688  0  4041737  157  3953371  2005  330286700  2147483647  0  31004  0  0  0  205  393393  2147483647  0  181660  202  2147483647  0  210769  0  854816376  23635670  3955964  638  33018  102780  2594  2099  14031124508  
1438985137  5255437654  0  38837957650  151248  102688  0  4082772  157  3994375  2005  330745064  2147483647  0  31004  0  0  0  205  393643  2147483647  0  183811  202  2147483647  0  210769  0  858698555  23635670  3996968  638  33018  102780  2594  2099  14169686085  
1438985147  5334627783  0  39462853700  151248  102688  0  4146579  157  4058492  2005  331118026  2147483647  0  31004  0  0  0  205  393842  2147483647  0  186648  202  2147483647  0  210769  0  864171331  23782951  4061098  638  33018  102780  2607  2099  14392949006  
1438985157  5415477932  0  40083570351  151248  102688  0  4211480  157  4123359  2005  331792639  2147483647  0  31004  0  0  0  205  394407  2147483647  0  189288  202  2147483647  0  210769  0  870152069  23782951  4125965  638  33018  102780  2607  2099  14615298009  
1438985167  5473103817  0  40537011383  151248  102688  0  4258310  157  4170346  2005  332311571  2147483647  0  31004  0  0  0  205  394678  2147483647  0  191158  202  2147483647  0  210769  0  873695267  23782951  4172952  638  33018  102780  2607  2099  14776579516  
1438985177  5522299877  0  40919269318  151248  102688  0  4297407  157  4209522  2005  332717545  2147483647  0  31004  0  0  0  205  394883  2147483647  0  192468  202  2147483647  0  210769  0  876410272  23782951  4212128  638  33018  102780  2607  2099  14911450172  
1438985187  5580663543  0  41369710212  151248  102688  0  4343189  157  4255728  2005  332854417  2147483647  0  31004  0  0  0  205  394945  2147483647  0  194465  202  2147483647  0  210769  0  880846931  23812061  4258340  638  33018  102780  2613  2099  15071579148  
1438985197  5651605084  0  41920572670  151248  102688  0  4400829  157  4312895  2005  333661807  2147483647  0  31004  0  0  0  205  395541  2147483647  0  197073  202  2147483647  0  210769  0  886431522  23919552  4315517  638  33018  102780  2623  2099  15268113541  
1438985207  5735633305  0  42585340872  151248  102688  0  4468212  157  4380952  2005  334138738  2147483647  0  31004  0  0  0  205  395774  2147483647  0  199855  202  2147483647  0  210769  0  892730172  24052311  4383584  638  33018  102780  2634  2099  15506102120  
1438985217  5809857561  0  43174188204  151248  102688  0  4528526  157  4441244  2005  334263448  2147483647  0  31004  0  0  0  205  395848  2147483647  0  202223  202  2147483647  0  210769  0  897467272  24092766  4443880  638  33018  102780  2638  2099  15716353700  
1438985227  5854105949  0  43524940503  151248  102688  0  4564785  157  4477567  2005  334597219  2147483647  0  31004  0  0  0  205  396403  2147483647  0  203842  202  2147483647  0  210769  0  900623269  24178668  4480213  638  33018  102780  2648  2099  15840162505  
1438985237  5902696962  0  43893055914  151248  102688  0  4603885  157  4516870  2005  335013647  2147483647  0  31004  0  0  0  205  396634  2147483647  0  205547  202  2147483647  0  210769  0  903764763  24212458  4519517  638  33790  102780  2649  2099  15970554626  
1438985247  5940812424  0  44172655517  151248  102688  0  4634826  157  4547000  2005  335834844  2147483647  0  31004  0  0  0  205  397262  2147483647  0  206687  202  2147483647  0  210769  0  905869124  24212458  4549647  638  33790  102780  2649  2099  16070865853  
1438985257  5976637256  0  44445568436  151248  102688  0  4663201  157  4575631  2005  335840858  2147483647  0  31004  0  0  0  205  397263  2147483647  0  207807  202  2147483647  0  210769  0  908449509  24212458  4578278  638  33790  102780  2649  2099  16167699541  
1438985267  6020224842  0  44770553727  151248  102688  0  4696185  157  4608389  2005  336174093  2147483647  0  31004  0  0  0  205  397635  2147483647  0  209209  202  2147483647  0  210769  0  911894382  24232562  4611037  638  33790  102780  2650  2099  16282604833  
1438985277  6061247180  0  45066384413  151248  102688  0  4727012  157  4639539  2005  336454777  2147483647  0  31004  0  0  0  205  397772  2147483647  0  210663  202  2147483647  0  210769  0  924430240  24482732  4642213  638  33790  102780  2676  2099  16390143986  
1438985287  6099053851  0  45352383454  151248  102688  0  4756315  157  4668902  2005  336466093  2147483647  0  31004  0  0  0  205  397777  2147483647  0  211631  202  2147483647  0  210769  0  925996034  24631207  4671592  638  33790  102780  2692  2099  16490454824  
1438985297  6135997741  0  45627530260  151248  102688  0  4785290  157  4697923  2005  336897945  2147483647  0  31004  0  0  0  205  398151  2147483647  0  212946  202  2147483647  0  210769  0  928901818  24981570  4700648  638  33790  102780  2727  2099  16587375617  
1438985307  6175650638  0  45909504109  151248  102688  0  4814672  157  4727442  2005  337196174  2147483647  0  31004  0  0  0  205  398314  2147483647  0  214430  202  2147483647  0  210769  0  939185714  24981570  4730167  638  33790  102780  2727  2099  16688749359  
1438985317  6219382777  0  46234245922  151248  102688  0  4848235  157  4761175  2005  337386984  2147483647  0  31004  0  0  0  205  398407  2147483647  0  215626  202  2147483647  0  210769  0  942020569  24981570  4763900  638  33790  102780  2727  2099  16803786484  
1438985327  6260890479  0  46541023172  151248  102688  0  4880018  157  4793214  2005  337386984  2147483647  0  31004  0  0  0  205  398407  2147483647  0  216972  202  2147483647  0  210769  0  945015989  25205529  4795963  638  33790  102780  2751  2099  16912519138  
1438985337  6303107183  0  46837900573  151248  102688  0  4910969  157  4824083  2005  338019328  2147483647  0  31004  0  0  0  205  398854  2147483647  0  218448  202  2147483647  0  210769  0  957405442  25368356  4826846  638  33790  102780  2765  2099  17019563567  
1438985347  6339247039  0  47111661965  151248  102688  0  4938945  157  4852159  2005  338318854  2147483647  0  31004  0  0  0  205  398996  2147483647  0  219332  202  2147483647  0  210769  0  959256419  25610113  4854946  638  33790  102780  2789  2099  17116022467  
1438985357  6383351929  0  47446942819  151248  102688  0  4973374  157  4886935  2005  338364617  2147483647  0  31004  0  0  0  205  399050  2147483647  0  220698  202  2147483647  0  210769  0  962805305  25823966  4889744  638  33790  102780  2811  2099  17234456394  
1438985367  6417416689  0  47691974319  151248  102688  0  4999563  157  4912912  2005  338783011  2147483647  0  31004  0  0  0  205  399393  2147483647  0  222184  202  2147483647  0  210769  0  971248515  25823966  4915721  638  33790  102780  2811  2099  17321639088  
1438985377  6461378781  0  48016752565  151248  102688  0  5033338  157  4946687  2005  339141121  2147483647  0  31004  0  0  0  205  399585  2147483647  0  223350  202  2147483647  0  210769  0  977336357  25843853  4949497  638  33790  102780  2812  2099  17437713095  
1438985387  6499407506  0  48299422416  151248  102688  0  5061991  157  4975650  2005  339280544  2147483647  0  31004  0  0  0  205  399647  2147483647  0  224353  202  2147483647  0  210769  0  979761756  26186443  4978499  638  33790  102780  2851  2099  17537516815  
1438985397  6538284501  0  48590984462  151248  102688  0  5092591  157  5006609  2005  339280544  2147483647  0  31004  0  0  0  205  399647  2147483647  0  225640  202  2147483647  0  210769  0  982361823  26506798  5009487  638  33790  102780  2880  2099  17640032062  
1438985407  6574014534  0  48851921149  151248  102688  0  5120097  157  5033817  2005  339947767  2147483647  0  31004  0  0  0  205  400143  2147483647  0  227062  202  2147483647  0  210769  0  990597239  26845150  5036730  638  33790  102780  2915  2099  17733137039  
1438985417  6615273567  0  49165891803  151248  102688  0  5152318  157  5066100  2005  340315972  2147483647  0  31004  0  0  0  205  400321  2147483647  0  228408  202  2147483647  0  210769  0  993668736  26845150  5069013  638  33790  102780  2915  2099  17843593051  
1438985427  6655529482  0  49467840351  151248  102688  0  5183468  157  5097617  2005  340338261  2147483647  0  31004  0  0  0  205  400333  2147483647  0  229667  202  2147483647  0  210769  0  996250753  26845150  5100530  638  33790  102780  2915  2099  17950580741  
1438985437  6697789035  0  49782081106  151248  102688  0  5216280  157  5130272  2005  340774215  2147483647  0  31004  0  0  0  205  400699  2147483647  0  231076  202  2147483647  0  210769  0  1004687889  26871376  5133186  638  33790  102780  2916  2099  18063221919  
1438985447  6735813324  0  50061003863  151248  102688  0  5245173  157  5159254  2005  341126700  2147483647  0  31004  0  0  0  205  400869  2147483647  0  232051  202  2147483647  0  210769  0  1007157226  27312117  5162214  638  33790  102780  2962  2099  18161913953  
1438985457  6775850456  0  50358489421  151248  102688  0  5275707  157  5189862  2005  341285677  2147483647  0  31004  0  0  0  205  400941  2147483647  0  233397  202  2147483647  0  210769  0  1009557218  27411262  5192841  638  33790  102780  2981  2099  18266181535  
1438985467  6812546655  0  50637281676  151248  102688  0  5304165  157  5218617  2005  341312568  2147483647  0  31004  0  0  0  205  400957  2147483647  0  234820  202  2147483647  0  210769  0  1016063659  27743890  5221631  638  33790  102780  3016  2099  18364763372  
1438985477  6862137075  0  50994910369  151248  102688  0  5341167  157  5255570  2005  342052552  2147483647  0  31004  0  0  0  205  401526  2147483647  0  236118  202  2147483647  0  210769  0  1019121663  27743890  5258584  638  33790  102780  3016  2099  18491162019  
1438985487  6904731935  0  51316261807  151248  102688  0  5373180  157  5287742  2005  342384589  2147483647  0  31004  0  0  0  205  401680  2147483647  0  237426  202  2147483647  0  210769  0  1022255346  27743890  5290756  638  33790  102780  3016  2099  18604515835  
1438985497  6941077126  0  51587462992  151248  102688  0  5401102  157  5315808  2005  342384589  2147483647  0  31004  0  0  0  205  401680  2147483647  0  238853  202  2147483647  0  210769  0  1029193180  27743890  5318822  638  33790  102780  3016  2099  18701762840  
1438985507  6986267477  0  51913388978  151248  102688  0  5434496  157  5349154  2005  342861157  2147483647  0  31004  0  0  0  205  402101  2147483647  0  240153  202  2147483647  0  210769  0  1032195808  28305289  5352221  638  33852  102780  3069  2099  18816599297  
1438985517  7021771535  0  52180390336  151248  102688  0  5461920  157  5376670  2005  343144787  2147483647  0  31004  0  0  0  205  402234  2147483647  0  241162  202  2147483647  0  210769  0  1033813819  28427878  5379750  638  33852  102780  3082  2099  18909769652  
1438985527  7069152053  0  52535544482  151248  102688  0  5498289  157  5413292  2005  343409647  2147483647  0  31004  0  0  0  205  402380  2147483647  0  242869  202  2147483647  0  210769  0  1037513519  28637948  5416394  638  33852  102780  3104  2099  19035411709  
1438985537  7106381265  0  52809272809  151248  102688  0  5526202  157  5441306  2005  343432678  2147483647  0  31004  0  0  0  205  402392  2147483647  0  243783  202  2147483647  0  210769  0  1039565303  28637948  5444408  638  33852  102780  3104  2099  19131559198  
1438985547  7143521433  0  53086665283  151248  102688  0  5554625  157  5469770  2005  343873263  2147483647  0  31004  0  0  0  205  402855  2147483647  0  245152  202  2147483647  0  210769  0  1042944157  28637948  5472872  638  33852  102780  3104  2099  19229585557  
1438985557  7185875912  0  53400426402  151248  102688  0  5586479  157  5501371  2005  344204325  2147483647  0  31004  0  0  0  205  403001  2147483647  0  246576  202  2147483647  0  210769  0  1046382258  28679683  5504483  638  33852  102780  3114  2099  19339973782  
1438985567  7225390659  0  53703675616  151248  102688  0  5616413  157  5531689  2005  344210540  2147483647  0  31004  0  0  0  205  403002  2147483647  0  247509  202  2147483647  0  210769  0  1048411877  28950886  5534829  638  33852  102780  3142  2099  19446180434  
1438985577  7266272917  0  54004275369  151248  102688  0  5647604  157  5562686  2005  344740750  2147483647  0  31004  0  0  0  205  403439  2147483647  0  248901  202  2147483647  0  210769  0  1051228101  29292597  5565861  638  33852  102780  3177  2099  19550617355  
1438985587  7309112384  0  54326111207  151248  102688  0  5681340  157  5596747  2005  345135374  2147483647  0  31004  0  0  0  205  403628  2147483647  0  250656  202  2147483647  0  210769  0  1054263592  29292597  5599922  638  33852  102780  3177  2099  19664403812  
1438985597  7346479057  0  54602534114  151248  102688  0  5709146  157  5624460  2005  345254680  2147483647  0  31004  0  0  0  205  403679  2147483647  0  251554  202  2147483647  0  210769  0  1056414590  29292597  5627635  638  33852  102780  3177  2099  19761345001  
1438985607  7386058919  0  54905628242  151248  102688  0  5740463  157  5656282  2005  345254680  2147483647  0  31004  0  0  0  205  403679  2147483647  0  252945  202  2147483647  0  210769  0  1059746466  29292597  5659457  638  33852  102780  3177  2099  19869056443  
1438985617  7421125806  0  55158303782  151248  102688  0  5766906  157  5682281  2005  345779013  2147483647  0  31004  0  0  0  205  404071  2147483647  0  253886  202  2147483647  0  210769  0  1062160363  29443645  5685469  638  33852  102780  3190  2099  19958466643  
1438985627  7464198165  0  55479210673  151248  102688  0  5798874  157  5714315  2005  346114079  2147483647  0  31004  0  0  0  205  404228  2147483647  0  255291  202  2147483647  0  210769  0  1065301822  29679849  5717528  638  33852  102780  3215  2099  20070526272  
1438985637  7504209100  0  55783735896  151248  102688  0  5829586  157  5745415  2005  346166503  2147483647  0  31004  0  0  0  205  404277  2147483647  0  256700  202  2147483647  0  210769  0  1068276703  30029730  5748663  638  33852  102780  3250  2099  20177309184  
1438985647  7545908203  0  56095114234  151248  102688  0  5861169  157  5777014  2005  346619717  2147483647  0  31004  0  0  0  205  404653  2147483647  0  257951  202  2147483647  0  210769  0  1070808791  30029730  5780262  638  33852  102780  3250  2099  20286733902  
1438985657  7581120610  0  56353162249  151248  102688  0  5887806  157  5803855  2005  346853969  2147483647  0  31004  0  0  0  205  404768  2147483647  0  259016  202  2147483647  0  210769  0  1073796312  30029730  5807103  638  33852  102780  3250  2099  20378033443  
1438985667  7624536796  0  56685710058  151248  102688  0  5921092  157  5837210  2005  347018393  2147483647  0  31004  0  0  0  205  404840  2147483647  0  260429  202  2147483647  0  210769  0  1076979194  30029730  5840458  638  33852  102780  3250  2099  20495305979  
1438985677  7668885905  0  57012652405  151248  102688  0  5954786  157  5871029  2005  347030809  2147483647  0  31004  0  0  0  205  404846  2147483647  0  261637  202  2147483647  0  210769  0  1080067127  30484185  5874324  638  33852  102780  3297  2099  20610652727  
1438985687  7707113137  0  57291919592  151248  102688  0  5983722  157  5899762  2005  347706323  2147483647  0  31004  0  0  0  205  405323  2147483647  0  263040  202  2147483647  0  210769  0  1082898568  30566397  5903063  638  33852  102780  3303  2099  20707775262  
1438985697  7745499219  0  57584037347  151248  102688  0  6013469  157  5929466  2005  347981340  2147483647  0  31004  0  0  0  205  405452  2147483647  0  264476  202  2147483647  0  210769  0  1085355688  31056133  5932817  638  33852  102780  3353  2099  20810130557  
1438985707  7786960828  0  57895336607  151248  102688  0  6044410  157  5961120  2005  348000638  2147483647  0  31004  0  0  0  205  405463  2147483647  0  265348  202  2147483647  0  210769  0  1087507220  31119946  5964477  638  33852  102780  3359  2099  20919799186  
1438985717  7827954755  0  58203021701  151248  110158  0  6075976  157  5992493  2005  348530168  2147483647  0  31004  0  0  0  205  405883  2147483647  0  266787  202  2147483647  0  210769  0  1090902108  31119946  5995850  638  33852  102780  3359  2099  21028207375  
1438985727  7866252689  0  58485773926  151248  110158  0  6104949  157  6021514  2005  348943334  2147483647  0  31004  0  0  0  205  406062  2147483647  0  268055  202  2147483647  0  210769  0  1094114430  31119946  6024871  638  33852  102780  3359  2099  21127670653  
1438985737  7912086591  0  58821499297  151248  110158  0  6139100  157  6055790  2005  349074135  2147483647  0  31004  0  0  0  205  406120  2147483647  0  269435  202  2147483647  0  210769  0  1096614671  31534446  6059186  638  33852  102780  3398  2099  21245247709  
1438985748  7947154588  0  59089979347  151248  110158  0  6166520  157  6083575  2005  349074135  2147483647  0  31004  0  0  0  205  406120  2147483647  0  270864  202  2147483647  0  210769  0  1098471134  31745124  6086992  638  33852  102780  3419  2099  21339399169  
1438985758  7990325877  0  59415826732  151248  110158  0  6200604  157  6117479  2005  349901089  2147483647  0  31004  0  0  0  205  406721  2147483647  0  272142  202  2147483647  0  210769  0  1101451858  31950637  6120917  638  33852  102780  3440  2099  21454518933  
1438985768  8026870110  0  59684628051  151248  110158  0  6228444  157  6145253  2005  350203233  2147483647  0  31004  0  0  0  205  406855  2147483647  0  273190  202  2147483647  0  210769  0  1103531370  31950637  6148691  638  33852  102780  3440  2099  21548645957  
1438985778  8065789792  0  59978662609  151248  110158  0  6257850  157  6175135  2005  350203233  2147483647  0  31004  0  0  0  205  406855  2147483647  0  274662  202  2147483647  0  210769  0  1106349871  31950637  6178573  638  33852  102780  3440  2099  21653048892  
1438985788  8108329021  0  60290511452  151248  110158  0  6290612  157  6207446  2005  350648250  2147483647  0  31004  0  0  0  205  407240  2147483647  0  275860  202  2147483647  0  210769  0  1108967054  32223544  6210910  638  33852  102780  3466  2099  21763722049  
1438985798  8149515323  0  60594229592  151248  110158  0  6321895  157  6239126  2005  350955814  2147483647  0  31004  0  0  0  205  407396  2147483647  0  277255  202  2147483647  0  210769  0  1111637106  32491957  6242614  638  33852  102780  3490  2099  21870122411  
1438985808  8185345664  0  60870098777  151248  110158  0  6349616  157  6267059  2005  351091549  2147483647  0  31004  0  0  0  205  407460  2147483647  0  278245  202  2147483647  0  210769  0  1113651633  32813859  6270587  638  33852  102780  3530  2099  21966386215  
1438985818  8227205554  0  61187718968  151248  110158  0  6382314  157  6299802  2005  351190282  2147483647  0  31004  0  0  0  205  407517  2147483647  0  279617  202  2147483647  0  210769  0  1116733860  32813859  6303330  638  33852  102780  3530  2099  22078168964  
1438985828  8264079653  0  61457219727  151248  110158  0  6410178  157  6327592  2005  351778833  2147483647  0  31004  0  0  0  205  407966  2147483647  0  281053  202  2147483647  0  210769  0  1120224616  32813859  6331120  638  33852  102780  3530  2099  22173061802  
1438985838  8308032742  0  61787827659  151248  110158  0  6444255  157  6361652  2005  352045892  2147483647  0  31004  0  0  0  205  408101  2147483647  0  282326  202  2147483647  0  210769  0  1123353721  32813859  6365180  638  33852  102780  3530  2099  22289519473  
1438985848  8344383438  0  62051498549  151248  110158  0  6470926  157  6388507  2005  352045892  2147483647  0  31004  0  0  0  205  408101  2147483647  0  283365  202  2147483647  0  210769  0  1125935894  32896427  6392043  638  33852  102780  3538  2099  22382742237  
