#type:T;
#time  gt  cn  Pt  Px  gx  cx  gn  gm  Pn  Pm  Ft  cm  pt  Fx  px  ct  pn  Fm  Fn  pm  dn  On  Om  dm  dx  Ox  dt  Ot  Gt  Cn  Cm  Gx  Cx  Gn  Gm  Ct  
1438630317  2310429  0  0  0  29087  0  2523  157  0  2147483647  21491  2147483647  0  2480  0  0  0  375  23  2147483647  0  50  251  2147483647  0  6588  0  56504  0  0  2147483647  0  0  0  2147483647  0  
1438630327  2310429  0  0  0  29087  0  2523  157  0  2147483647  21491  2147483647  0  2480  0  0  0  375  23  2147483647  0  50  251  2147483647  0  6588  0  56504  0  0  2147483647  0  0  0  2147483647  0  
1438630337  2464145  3404  220081097  168311  29087  167252  2637  157  3399  7041  36770  6224  302671  2480  62955  217602386  5  208  73  57727  0  3010  236  2147483647  0  76777  0  10873227  14384898  13  529  151791  2138  184  4851  10565  
1438630347  2464145  3404  220081097  168311  29087  167252  2637  157  3399  7041  36770  6224  302671  2480  62955  217602386  5  208  73  57727  0  6192  236  2147483647  0  76777  0  22368793  14384898  13  529  151791  2138  184  4851  10565  
1438630357  2709836  3404  220081097  168311  29087  167252  2848  157  3399  7041  36770  6224  302671  2480  62955  217602386  5  208  73  57727  0  7549  236  2147483647  0  76777  0  27365638  24181051  16  529  165679  3859  326  4851  21214  
1438630367  2709836  3849  297030502  478469  29087  460180  2848  157  3830  7041  48052053  6224  1481120  38812  278457  294253293  19  205  54361  57727  0  8368  236  2147483647  0  250031  0  34408396  24181051  40  406  165679  3859  326  4851  35444  
1438630377  2709836  3859  298976220  478469  29087  460180  2848  157  3840  7041  56818379  6224  1481120  38812  278457  296132420  19  205  63467  57727  0  8766  236  2147483647  0  250031  0  34869623  24181051  40  406  165679  3859  326  4851  35444  
1438630387  2856378  4637  500483180  559085  29087  541989  2970  157  4617  7041  104096376  6224  1812541  38812  331421  495372032  20  205  113406  57727  0  11061  208  2147483647  0  250031  0  37035572  44036117  45  406  165679  3859  497  4851  41924  
1438630397  30642118  7279  575970064  559085  34938  541989  28280  157  7259  6336  133854242  5695  1812541  38812  331421  561991049  20  205  162309  57727  0  13457  205  2147483647  0  250031  0  38649114  47130714  45  406  165679  3859  567  4851  41924  
1438630407  74914000  25361  1108646629  559085  34938  541989  65678  157  25339  6336  154222910  5695  2810880  38890  529805  1041607195  22  205  181818  57727  0  14736  205  2147483647  0  250031  0  39881457  50191143  45  406  165679  3859  618  4851  41924  
1438630417  113053217  54795  1921670173  559085  36561  541989  96431  157  54773  6248  155074930  5643  2810880  38890  529805  1767608848  22  205  182394  57727  0  15061  205  2147483647  0  250031  0  40567333  50191143  45  406  165679  3859  618  4851  41924  
1438630427  165165012  89519  2907148057  559085  110004  541989  133407  157  89497  6248  158369678  5643  2810880  38890  529805  2646681256  22  205  185158  57727  0  16199  205  2147483647  0  250031  0  71426846  52166451  45  406  165679  3859  650  4851  41924  
1438630437  207764937  121813  3788886832  559085  110004  541989  165555  157  121791  6221  158766281  5532  2810880  38890  529805  3433537573  22  205  185477  57727  0  16867  205  2147483647  0  250031  0  90967842  56887486  45  406  165679  3859  705  4851  41924  
1438630447  246642091  153120  4638746982  559085  110004  541989  196369  157  153098  6215  159047508  5532  2810880  38890  529805  4191453268  22  205  185626  57727  0  17702  205  2147483647  0  250031  0  108558724  61441769  45  406  165679  3859  769  4851  41924  
1438630457  301365958  193075  5751518543  559085  110004  541989  236304  157  193053  6215  159326503  5532  2810880  38890  529805  5185894296  22  205  185772  57727  0  19268  205  2147483647  0  250031  0  163072327  61899423  45  406  165679  3859  774  4851  41924  
1438630467  357192197  235174  6890246176  559085  110004  541989  278449  157  235152  6215  159786025  5532  2810880  38890  529805  6203694414  22  205  186162  57727  0  20733  205  2147483647  0  250031  0  214403511  66489048  45  406  165679  3859  818  4851  41924  
1438630477  415343740  276472  8047995001  559085  110004  541989  319461  157  276450  6215  160196621  5532  2810880  38890  529805  7237169073  22  205  186364  57727  0  22437  205  2147483647  0  250031  0  274945856  67800799  45  406  165679  3859  841  4851  41924  
1438630487  459407269  308397  8928458941  559085  110004  541989  351119  157  308375  6215  160312670  5532  2810880  38890  529805  8022958297  22  205  186415  57727  0  23893  205  2147483647  0  250031  0  324997745  68059367  45  406  165679  3859  857  4851  41924  
1438630497  507060610  344360  9915370933  559085  121892  541989  386896  157  344338  6215  160348280  5532  2810880  38890  529805  8903700176  22  205  186446  57727  0  25264  205  2147483647  0  250031  0  366677628  72886936  45  406  165679  3859  920  4851  41924  
1438630507  566010090  386504  11111240111  559085  121892  541989  429025  157  386482  6215  161133388  5532  2810880  38890  529805  9972835000  22  205  187087  57727  0  27199  205  2147483647  0  250031  0  427870019  79087524  45  406  165679  3859  988  4851  41924  
1438630517  615557468  423596  12116313731  559085  121892  541989  466115  157  423574  6215  161521236  5510  2810880  38890  529805  10869894217  22  205  187276  57727  0  28717  205  2147483647  0  250031  0  479893850  79087524  45  406  165679  3859  988  4851  41924  
1438630528  670621734  464413  13203767112  559085  121892  541989  506519  157  464391  6215  161543494  5510  2810880  38890  529805  11840197880  22  205  187291  57727  0  30169  205  2147483647  0  250031  0  518392066  84110564  45  406  165679  3859  1054  4851  41924  
1438630538  710279489  494309  14031010662  559085  131037  541989  536600  157  494287  6215  162091647  5510  2810880  38890  529805  12578172714  22  205  187764  57727  0  31537  205  2147483647  0  250031  0  565688939  87372137  45  406  165679  3859  1098  4851  41924  
1438630548  765889945  535879  15176437415  559085  131037  541989  578067  157  535857  6215  162514298  5510  2810880  38890  529805  13601114082  22  205  187987  57727  0  33272  205  2147483647  0  250031  0  618323055  89951584  45  406  165679  3859  1132  4851  41924  
1438630558  823767583  577194  16312216637  559085  131037  541989  618982  157  577172  6215  162617464  5510  2810880  38890  529805  14615840966  22  205  188036  57727  0  34905  205  2147483647  0  250031  0  662075831  91125554  45  406  165679  3859  1141  4851  41924  
1438630568  873967847  613152  17312857046  559085  131037  541989  654837  157  613130  6182  162617464  5510  2810880  38890  529805  15508590837  22  205  188036  57727  0  36752  205  2147483647  0  250031  0  726675282  94280013  45  406  165679  3859  1198  4851  41924  
1438630578  926544217  649451  18341326884  559085  131037  541989  691352  157  649429  6146  163447923  5510  2810880  38890  529805  16426633198  22  205  188646  57727  0  37924  205  2147483647  0  250031  0  767689245  95353250  45  406  165679  3859  1216  4851  41924  
1438630588  966383567  681141  19195862120  559085  131037  541989  722971  157  681119  6146  163702111  5510  2810880  38890  529805  17188855789  22  205  188773  57727  0  39288  205  2147483647  0  250031  0  813232863  98168909  45  406  165679  3859  1268  4851  41924  
1438630598  1020649139  721713  20276746556  559085  131037  541989  763200  157  721691  6146  163825630  5510  2810880  38890  529805  18154491253  22  205  188845  57727  0  41025  205  2147483647  0  250031  0  867493912  100122774  45  406  165679  3859  1309  4851  41924  
1438630608  1080549506  763720  21461117708  559085  131037  541989  805079  157  763698  6146  164379857  5510  2810880  38890  529805  19212369670  22  205  189290  57727  0  42928  205  2147483647  0  250031  0  928568165  100829125  45  406  165679  3859  1317  4851  41924  
1438630618  1132295351  802316  22539787872  559085  131037  541989  843534  157  802294  6146  164772266  5510  2810880  38890  529805  20175004475  22  205  189457  57727  0  44231  205  2147483647  0  250031  0  960077561  102870740  45  406  165679  3859  1347  4851  41924  
1438630628  1172731537  832287  23373904278  559085  131037  541989  873588  157  832265  6146  164907316  5510  2810880  38890  529805  20917954996  22  205  189520  57727  0  45636  205  2147483647  0  250031  0  996873580  104379371  45  406  165679  3859  1369  4851  41924  
1438630638  1221742886  870697  24425023101  559085  147281  541989  911729  157  870675  6146  164939370  5510  2810880  38890  529805  21855266441  22  205  189537  57727  0  47323  205  2147483647  0  250031  0  1044983588  109340099  45  406  165679  3859  1434  4851  41924  
1438630648  1278553903  910398  25541467565  559085  147281  541989  951365  157  910376  6146  165691948  5510  2810880  38890  529805  22852988337  22  205  190089  57727  0  49078  205  2147483647  0  250031  0  1107788521  109698908  45  406  165679  3859  1439  4851  41924  
1438630658  1333090925  950814  26666511200  559085  147281  541989  991711  157  950792  6146  165989664  5510  2810880  38890  529805  23857931048  22  205  190234  57727  0  50602  205  2147483647  0  250031  0  1161941475  109970081  45  406  165679  3859  1442  4851  41924  
1438630668  1381338142  986764  27617700615  559085  147281  541989  1027407  157  986742  6146  165989664  5510  2810880  38890  529805  24706571077  22  205  190234  57727  0  51944  205  2147483647  0  250031  0  1210037679  112121788  45  406  165679  3859  1473  4851  41924  
1438630678  1421066077  1017014  28442599134  559085  147281  541989  1057918  157  1016992  6146  166505299  5510  2810880  38890  529805  25440547119  22  205  190682  57727  0  53403  205  2147483647  0  250031  0  1260717002  119462450  45  406  165679  3859  1569  4851  41924  
1438630688  1480061177  1061689  29664121810  559085  147281  541989  1102300  157  1061667  6130  166945781  5510  2810880  38890  529805  26531121908  22  205  190910  57727  0  55384  205  2147483647  0  250031  0  1307596127  121170239  45  406  165679  3859  1597  4851  41924  
1438630698  1539746746  1102561  30810457051  559085  147281  541989  1142827  157  1102539  6130  167021312  5510  2810880  38890  529805  27555210706  22  205  190943  57727  0  57141  205  2147483647  0  250031  0  1370081351  121525608  45  406  165679  3859  1601  4851  41924  
1438630708  1592778970  1140207  31866681851  559085  147622  541989  1180086  157  1140185  6130  167024443  5510  2810880  38890  529805  28498027131  22  205  190944  57727  0  58663  205  2147483647  0  250031  0  1423549810  123236560  45  406  165679  3859  1627  4851  41924  
1438630718  1637259747  1172780  32755770799  559085  147622  541989  1213097  157  1172758  6130  167732890  5510  2810880  38890  529805  29290358623  22  205  191527  57727  0  60031  205  2147483647  0  250031  0  1470620794  124307983  45  406  165679  3859  1645  4851  41924  
1438630728  1674647480  1203141  33568579623  559085  147622  541989  1243136  157  1203119  6130  167926530  5510  2810880  38890  529805  30014470132  22  205  191629  57727  0  61174  205  2147483647  0  250031  0  1496732698  125484696  45  406  165679  3859  1664  4851  41924  
1438630738  1734161607  1247654  34777543137  559085  147622  541989  1287514  157  1247632  6130  168081896  5510  2810880  38890  529805  31093621873  22  205  191719  57727  0  63095  205  2147483647  0  250031  0  1562987579  125899553  45  406  165679  3859  1670  4851  41924  
1438630748  1791691218  1288514  35911001585  559085  147622  541989  1328445  157  1288492  6130  168742018  5510  2810880  38890  529805  32105256485  22  205  192284  57727  0  64914  205  2147483647  0  250031  0  1619657492  127618676  45  406  165679  3859  1689  4851  41924  
1438630758  1841739091  1325721  36918945084  559085  147622  541989  1365435  157  1325699  6130  169098830  5510  2810880  38890  529805  33004801966  22  205  192458  57727  0  66061  205  2147483647  0  250031  0  1652865481  131763780  45  406  165679  3859  1754  4851  41924  
1438630768  1885360537  1358512  37820369135  559085  147622  541989  1397788  157  1358490  6130  169270266  5510  2810880  38890  529805  33808372754  22  205  192564  57727  0  67737  205  2147483647  0  250031  0  1695882602  137467737  45  406  165679  3859  1826  4851  41924  
1438630778  1925907233  1388743  38654867974  559085  147622  541989  1428140  157  1388721  6130  169324873  5510  2810880  38890  529805  34552000764  22  205  192596  57727  0  68930  205  2147483647  0  250031  0  1737021949  138755534  45  406  165679  3859  1851  4851  41924  
1438630788  1990212813  1433597  39899437852  559085  147622  541989  1473352  157  1433575  6130  170197799  5510  2810880  38890  529805  35663298727  22  205  193223  57727  0  70775  205  2147483647  0  250031  0  1793292906  139773008  45  406  165679  3859  1900  4851  41924  
1438630798  2045797145  1474181  41007251514  559085  147622  541989  1513494  157  1474159  6130  170446393  5510  2810880  38890  529805  36652119160  22  205  193344  57727  0  72410  205  2147483647  0  250031  0  1842883051  139773008  45  406  165679  3859  1900  4851  41924  
1438630808  2096277193  1510842  42003960100  559085  147622  541989  1549585  157  1510820  6130  170446393  5510  2810880  38890  529805  37541175199  22  205  193344  57727  0  73785  205  2147483647  0  250031  0  1892671612  146397309  45  406  165679  3859  2004  4851  41924  
1438630818  2143440104  1544287  42937497357  559085  147622  541989  1583417  157  1544265  6130  171018356  5510  2810880  38890  529805  38373167411  22  205  193810  57727  0  75513  205  2147483647  0  250031  0  1952514560  148524990  45  406  165679  3859  2035  4851  41924  
1438630828  2194387318  1582043  43969215485  559085  147622  541989  1621237  157  1582021  6130  171369534  5510  2810880  38890  529805  39293515708  22  205  194009  57727  0  76986  205  2147483647  0  250031  0  2001533808  156349278  45  406  165679  3859  2132  4851  41924  
1438630838  2257788485  1629192  45262988872  559085  147622  541989  1667852  157  1629170  6130  171509748  5510  2810880  38890  529805  40448685948  22  205  194088  57727  0  78915  205  2147483647  0  250031  0  2040699943  159684804  45  406  165679  3859  2171  4851  41924  
1438630848  2309747244  1666274  46288762199  559085  147622  541989  1704459  157  1666252  6130  171555784  5510  2810880  38890  529805  41363856199  22  205  194119  57727  0  80503  205  2147483647  0  250031  0  2096415896  161779851  45  406  165679  3859  2204  4851  41924  
1438630858  2356858373  1699001  47205678855  559085  147622  541989  1737515  157  1698979  6130  172364409  5510  2810880  38890  529805  42181653760  22  205  194750  57727  0  81902  205  2147483647  0  250031  0  2146295225  163652178  45  406  165679  3859  2247  4851  41924  
1438630868  2394501941  1728989  48005499060  559085  147622  541989  1767345  157  1728967  6130  172624442  5510  2810880  38890  529805  42894277156  22  205  194892  57727  0  82986  205  2147483647  0  250031  0  2178558046  165274909  45  406  165679  3859  2280  4851  41924  
1438630878  2451674647  1771799  49159466907  559085  147622  541989  1810073  157  1771777  6130  172754071  5510  2810880  38890  529805  43924167689  22  205  194976  57727  0  85086  205  2147483647  0  250031  0  2244801248  167552653  45  406  165679  3859  2309  4851  41924  
1438630888  2510135070  1810709  50235350220  559085  147622  541989  1849179  157  1810687  6130  173273145  5510  2810880  38890  529805  44884508341  22  205  195421  57727  0  86564  205  2147483647  0  250031  0  2297656801  167659820  45  406  165679  3859  2310  4851  41924  
1438630898  2566836413  1851122  51350413398  559085  147622  541989  1889298  157  1851100  6130  173706578  5510  2810880  38890  529805  45879353112  22  205  195642  57727  0  87930  205  2147483647  0  250031  0  2337617239  168290624  45  406  165679  3859  2320  4851  41924  
1438630908  2608552958  1881361  52196311787  559085  147622  541989  1919340  157  1881339  6130  173747056  5510  2810880  38890  529805  46633647101  22  205  195660  57727  0  89347  205  2147483647  0  250031  0  2387130509  171232926  45  406  165679  3859  2363  4851  41924  
1438630918  2648608391  1912895  53049432407  559085  147622  547583  1950659  157  1912873  6130  173768238  5510  2810880  38890  529805  47393576521  22  205  195679  57727  0  90608  205  2147483647  0  250031  0  2423439629  175658689  45  406  165679  3859  2426  4851  41924  
1438630928  2701403324  1952691  54134920175  559085  147622  547583  1990466  157  1952669  6130  174593819  5510  2810880  38890  529805  48362559453  22  205  196262  57727  0  92318  205  2147483647  0  250031  0  2468309739  179522515  45  406  165679  3859  2470  4851  41924  
1438630938  2759370175  1994410  55304225999  559085  147622  547583  2032055  157  1994388  6130  174910224  5510  2810880  38890  529805  49405990079  22  205  196405  57727  0  94010  205  2147483647  0  250031  0  2528893110  179522515  45  406  165679  3859  2470  4851  41924  
1438630948  2818224362  2036748  56486308399  559085  147622  547583  2074031  157  2036726  6130  174957237  5510  2810880  38890  529805  50460308165  22  205  196432  57727  0  95731  205  2147483647  0  250031  0  2584137524  181467330  45  406  165679  3859  2503  4851  41924  
1438630958  2858542736  2066797  57298612726  559085  147622  547583  2104240  157  2066775  6130  175534384  5510  2810880  38890  529805  51183910460  22  205  196905  57727  0  97187  205  2147483647  0  250031  0  2630080431  185531452  45  406  165679  3859  2559  4851  41924  
1438630968  2897247710  2098676  58137330527  559085  147622  547583  2136294  157  2098654  6130  175893310  5510  2810880  38890  529805  51931216316  22  205  197097  57727  0  98419  205  2147483647  0  250031  0  2665984374  189285936  45  406  165679  3859  2611  4851  41924  
1438630978  2953999943  2140777  59286176003  559085  147622  547583  2177927  157  2140755  6130  176048222  5510  2810880  38890  529805  52957701298  22  205  197200  57727  0  100112  205  2147483647  0  250031  0  2719539279  189372922  45  406  165679  3859  2612  4851  41924  
1438630988  3007446854  2180627  60385505022  559085  147622  547583  2217316  157  2180605  6130  176048222  5510  2810880  38890  529805  53938634918  22  205  197200  57727  0  101832  205  2147483647  0  250031  0  2768853332  192331609  45  406  165679  3859  2645  4851  41924  
1438630998  3056283506  2216175  61354024995  559085  147622  547583  2253165  157  2216153  6130  176865821  5510  2810880  38890  529805  54802251608  22  205  197818  57727  0  103568  205  2147483647  0  250031  0  2819373028  195322260  45  406  165679  3859  2690  4851  41924  
1438631008  3102009409  2251457  62300394554  559085  147622  547583  2288380  157  2251435  6130  177167326  5510  2810880  38890  529805  55645509176  22  205  197982  57727  0  104859  205  2147483647  0  250031  0  2863648329  195322260  45  406  165679  3859  2690  4851  41924  
1438631018  3157677863  2293329  63438041712  559085  147622  547583  2330100  157  2293307  6130  177281733  5510  2810880  38890  529805  56660643531  22  205  198060  57727  0  106540  205  2147483647  0  250031  0  2923350782  196785352  45  406  165679  3859  2713  4851  41924  
1438631028  3212280432  2333437  64537263707  559085  147622  547583  2370342  157  2333415  6130  178049771  5510  2810880  38890  529805  57642232139  22  205  198653  57727  0  108272  205  2147483647  0  250031  0  2958582362  201141051  45  406  165679  3859  2764  4851  41924  
1438631038  3261468069  2370101  65518394199  559085  147622  547583  2406661  157  2370079  6130  178372612  5510  2810880  38890  529805  58517548829  22  205  198807  57727  0  110006  205  2147483647  0  250031  0  3011379362  201141051  45  406  165679  3859  2764  4851  41924  
1438631048  3308599963  2403025  66431116392  559085  147622  547583  2439145  157  2403003  6130  178479902  5510  2810880  38890  529805  59331673780  22  205  198867  57727  0  111444  205  2147483647  0  250031  0  3053913163  206866322  45  406  165679  3859  2843  4851  41924  
1438631058  3349830606  2436511  67329439642  559085  147622  547583  2472608  157  2436489  6130  178479902  5510  2810880  38890  529805  60132052554  22  205  198867  57727  0  112707  205  2147483647  0  250031  0  3083129954  211406049  45  406  165679  3859  2911  4851  41924  
1438631068  3409763221  2478197  68478101284  559085  147622  547583  2514445  157  2478175  6130  179404507  5510  2810880  38890  529805  61157819999  22  205  199537  57727  0  114755  205  2147483647  0  250031  0  3155937522  214998129  45  406  165679  3859  2957  4851  41924  
1438631078  3465770431  2518128  69592976783  559085  149652  547583  2554256  157  2518106  6130  179599334  5510  2810880  38890  529805  62153261296  22  205  199644  57727  0  116452  205  2147483647  0  250031  0  3210912367  214998129  45  406  165679  3859  2957  4851  41924  
1438631088  3517815841  2557289  70651958607  559085  149652  547583  2592973  157  2557267  6130  179599334  5510  2810880  38890  529805  63097918646  22  205  199644  57727  0  118152  205  2147483647  0  250031  0  3264596270  215633458  45  406  165679  3859  2967  4851  41924  
1438631098  3561414042  2588468  71506635829  559085  149652  547583  2624428  157  2588446  6130  180114302  5510  2810880  38890  529805  63859216769  22  205  200207  57727  0  119533  205  2147483647  0  250031  0  3313043748  217600897  45  406  165679  3859  2997  4851  41924  
1438631108  3603988563  2622183  72418654462  559085  149652  547583  2658165  157  2622161  6130  180485568  5510  2810880  38890  529805  64672079859  22  205  200396  57727  0  120864  205  2147483647  0  250031  0  3335355587  219677060  45  406  165679  3859  3027  4851  41924  
1438631118  3661657979  2665293  73594714819  559085  149652  547583  2700834  157  2665271  6130  180615086  5510  2810880  38890  529805  65721744652  22  205  200484  57727  0  122550  205  2147483647  0  250031  0  3390684610  221803946  45  406  165679  3859  3071  4851  41924  
1438631128  3718309444  2706378  74745728046  559085  149652  547583  2741565  157  2706356  6130  180653805  5510  2810880  38890  529805  66749289575  22  205  200511  57727  0  124199  205  2147483647  0  250031  0  3449827194  223263643  45  406  165679  3859  3088  4851  41924  
1438631138  3769838947  2742272  75722214948  702181  149652  698260  2777710  157  2742250  6130  181584162  5510  2810880  38890  529805  67620610922  22  205  201173  57727  0  125865  205  2147483647  0  250031  0  3510571650  227031580  45  406  165679  3859  3143  4851  41924  
1438631148  3812148881  2775615  76605814452  702181  149652  698260  2810975  157  2775593  6130  181828403  5510  2810880  38890  529805  68407781617  22  205  201287  57727  0  127235  205  2147483647  0  250031  0  3548338684  232137048  45  406  165679  3859  3209  4851  41924  
1438631158  3876345847  2821368  77862069269  702181  149652  698260  2856406  157  2821346  6130  181973675  5504  2810880  38890  529805  69529078235  22  205  201378  57727  0  129224  205  2147483647  0  250031  0  3611222839  237906704  45  406  165679  3859  3289  4851  41924  
1438631168  3934320904  2862130  78963720643  702181  160658  698260  2897391  157  2862108  6130  182694952  5504  2810880  38890  529805  70513101281  22  205  201939  57727  0  130876  205  2147483647  0  250031  0  3672215202  241803110  45  406  165679  3859  3332  4851  41924  
1438631178  3985059288  2900042  80009100121  702181  160658  698260  2934988  157  2900020  6130  183097433  5504  2810880  38890  529805  71446402856  22  205  202123  57727  0  132555  205  2147483647  0  250031  0  3733051676  242736924  45  406  165679  3859  3343  4851  41924  
1438631188  4029000182  2932324  80889429114  702181  160658  698260  2966825  157  2932302  6130  183140289  5504  2810880  38890  529805  72231206202  22  205  202149  57727  0  133894  205  2147483647  0  250031  0  3780626397  244591423  45  406  165679  3859  3374  4851  41924  
1438631198  4067221175  2962973  81726784573  702181  160658  698260  2997365  157  2962951  6130  183148069  5504  2810880  38890  529805  72977232666  22  205  202151  57727  0  135247  205  2147483647  0  250031  0  3820064569  245670223  45  406  165679  3859  3391  4851  41924  
1438631209  4125206074  3005146  82885869598  702181  167942  698260  3039926  157  3005124  6130  184050778  5504  2810880  38890  529805  74012330555  22  205  202826  57727  0  136912  205  2147483647  0  250031  0  3879879847  248690184  45  406  165679  3859  3431  4851  41924  
1438631219  4185998457  3049682  84090513450  702181  167942  698260  3084175  157  3049660  6130  184226906  5504  2810880  38890  529805  75088254489  22  205  202923  57727  0  138871  205  2147483647  0  250031  0  3950920376  248690184  45  406  165679  3859  3431  4851  41924  
1438631229  4237101158  3086805  85098935429  702181  167942  698260  3120832  157  3086783  6130  184262927  5504  2810880  38890  529805  75988379264  22  205  202951  57727  0  140539  205  2147483647  0  250031  0  4011303058  271648650  45  406  165679  3859  3642  4851  41924  
1438631239  4281494227  3117937  86013715743  702181  167942  698260  3152222  157  3117915  6130  184976845  5504  2810880  38890  529805  76808168268  22  205  203521  57727  0  141894  205  2147483647  0  250031  0  4058761051  273148227  45  406  165679  3859  3668  4851  41924  
1438631249  4318164240  3148113  86828454128  702181  167942  698260  3182521  157  3148091  6130  185299215  5504  2810880  38890  529805  77534346350  22  205  203686  57727  0  142882  205  2147483647  0  250031  0  4086387642  276401591  45  406  165679  3859  3719  4851  41924  
1438631259  4372242516  3188132  87959028107  702181  167942  698260  3221959  157  3188110  6130  185478777  5504  2810880  38890  529805  78544797096  22  205  203783  57727  0  144525  205  2147483647  0  250031  0  4144633529  279776342  45  406  165679  3859  3763  4851  41924  
1438631269  4431892820  3230985  89152306849  702181  170252  698260  3264433  157  3230963  6130  185527275  5504  2810880  38890  529805  79609985310  22  205  203815  57727  0  146498  205  2147483647  0  250031  0  4207481060  281828729  45  406  165679  3859  3787  4851  41924  
1438631279  4488354374  3270585  90247597987  702181  170252  698260  3304322  157  3270563  6130  186402647  5504  2810880  38890  529805  80587065830  22  205  204422  57727  0  148178  205  2147483647  0  250031  0  4261173578  284981026  45  406  165679  3859  3832  4851  41924  
1438631289  4532193557  3303134  91154603118  702181  170252  698260  3336809  157  3303112  6130  186676377  5504  2810880  38890  529805  81395501514  22  205  204545  57727  0  149539  205  2147483647  0  250031  0  4309264773  287899828  45  406  165679  3859  3870  4851  41924  
1438631299  4583077038  3340951  92212332028  702181  170252  698260  3374366  157  3340929  6130  186767782  5504  2810880  38890  529805  82338843318  22  205  204593  57727  0  151200  205  2147483647  0  250031  0  4368468870  290427739  45  406  165679  3859  3906  4851  41924  
1438631309  4634908588  3378604  93227835368  702181  170252  698260  3411984  157  3378582  6130  187420472  5504  2810880  38890  529805  83245783142  22  205  205141  57727  0  152474  205  2147483647  0  250031  0  4415040686  292094606  45  406  165679  3859  3925  4851  41924  
1438631319  4688450797  3417130  94289912846  702181  170252  698260  3450402  157  3417108  6130  187790266  5504  2810880  38890  529805  84194008454  22  205  205327  57727  0  154146  205  2147483647  0  250031  0  4475863818  292094606  45  406  165679  3859  3925  4851  41924  
1438631329  4747388632  3456871  95405986371  702181  170252  698260  3489751  157  3456849  6130  187827625  5504  2810880  38890  529805  85189559956  22  205  205358  57727  0  155813  205  2147483647  0  250031  0  4535862226  294100880  45  406  165679  3859  3958  4851  41924  
1438631339  4785888146  3486941  96236127116  702181  170252  698260  3519843  157  3486919  6130  187840599  5504  2810880  38890  529805  85929282015  22  205  205361  57727  0  157128  205  2147483647  0  250031  0  4582494650  297916237  45  406  165679  3859  4007  4851  41924  
1438631349  4843969584  3529305  97398342518  702181  170252  698260  3562394  157  3529283  6130  188763275  5504  2810880  38890  529805  86967443517  22  205  206043  57727  0  158805  205  2147483647  0  250031  0  4641800558  299268398  45  406  165679  3859  4026  4851  41924  
1438631359  4900113480  3570196  98508964496  702181  170252  698260  3603137  157  3570174  6130  188907223  5504  2810880  38890  529805  87958895365  22  205  206115  57727  0  160445  205  2147483647  0  250031  0  4702136368  299268398  45  406  165679  3859  4026  4851  41924  
1438631369  4951955619  3607349  99522613779  702181  170252  698260  3639956  157  3607327  6130  188952917  5504  2810880  38890  529805  88863165707  22  205  206146  57727  0  162087  205  2147483647  0  250031  0  4762007347  299268398  45  406  165679  3859  4026  4851  41924  
1438631379  4997928278  3639954  100422795712  702181  170252  698260  3672773  157  3639932  6130  189612626  5504  2810880  38890  529805  89666070844  22  205  206695  57727  0  163464  205  2147483647  0  250031  0  4802868433  302483903  45  406  165679  3859  4074  4851  41924  
1438631389  5040133237  3673605  101339075250  702181  170252  698260  3706357  157  3673583  6130  189949010  5504  2810880  38890  529805  90482642409  22  205  206863  57727  0  165129  205  2147483647  0  250031  0  4844024254  304579790  45  406  165679  3859  4109  4851  41924  
1438631399  5094515308  3713805  102433417172  702181  170252  698260  3746165  157  3713783  6130  190161979  5504  2810880  38890  529805  91459638669  22  205  206995  57727  0  166771  205  2147483647  0  250031  0  4896842970  306853285  45  406  165679  3859  4139  4851  41924  
1438631409  5153028470  3756479  103590007513  702181  170252  698260  3788391  157  3756457  6130  190166490  5504  2810880  38890  529805  92492049874  22  205  206996  57727  0  168424  205  2147483647  0  250031  0  4956920223  312103303  45  406  165679  3859  4203  4851  41924  
1438631419  5205599937  3794562  104608874310  702181  170252  698260  3826708  157  3794540  6130  191145859  5504  2810880  38890  529805  93401071249  22  205  207675  57727  0  170075  205  2147483647  0  250031  0  5008722203  314299779  45  406  165679  3859  4238  4851  41924  
1438631429  5245952860  3824355  105448343324  702181  170252  698260  3856341  157  3824333  6130  191321722  5504  2810880  38890  529805  94148969792  22  205  207769  57727  0  171107  205  2147483647  0  250031  0  5044652995  316787853  45  406  165679  3859  4273  4851  41924  
1438631439  5296399037  3863923  106536085435  702181  170252  698260  3895647  157  3863901  6130  191350706  5504  2810880  38890  529805  95118952483  22  205  207785  57727  0  172768  205  2147483647  0  250031  0  5095101621  318693176  45  406  165679  3859  4302  4851  41924  
1438631449  5351311475  3903918  107629607270  702181  170252  698260  3935831  157  3903896  6130  192002192  5504  2810880  38890  529805  96095800037  22  205  208417  57727  0  174400  205  2147483647  0  250031  0  5154057442  318781433  45  406  165679  3859  4303  4851  41924  
1438631459  5406866534  3944633  108768864676  702181  170252  698260  3976653  157  3944611  6130  192348237  5504  2810880  38890  529805  97112780556  22  205  208593  57727  0  176093  205  2147483647  0  250031  0  5215644965  318781433  45  406  165679  3859  4303  4851  41924  
1438631469  5456271594  3979999  109740593879  702181  170252  698260  4011452  157  3979977  6130  192348237  5504  2810880  38890  529805  97979448218  22  205  208593  57727  0  177732  205  2147483647  0  250031  0  5274039417  320056643  45  406  165679  3859  4325  4851  41924  
1438631479  5496018594  4010972  110575473897  702181  170252  698260  4042259  157  4010950  6130  192412747  5504  2810880  38890  529805  98723533166  22  205  208633  57727  0  179085  205  2147483647  0  250031  0  5322935604  322059211  45  406  165679  3859  4354  4851  41924  
1438631489  5550701623  4052199  111682575498  702181  170252  698260  4083824  157  4052177  6130  193337725  5504  2810880  38890  529805  99711469288  22  205  209307  57727  0  180776  205  2147483647  0  250031  0  5367534833  327455652  45  406  165679  3859  4441  4851  41924  
1438631499  5617381174  4097858  112967837069  702181  170252  698260  4129103  157  4097836  6130  193633008  5504  2810880  38890  529805  100859262434  22  205  209458  57727  0  182747  205  2147483647  0  250031  0  5438936517  327455652  45  406  165679  3859  4441  4851  41924  
1438631509  5667209965  4134885  113985084489  702181  170252  698260  4165684  157  4134863  6130  193694296  5504  2810880  38890  529805  101766575591  22  205  209488  57727  0  184085  205  2147483647  0  250031  0  5479808276  328386689  45  406  165679  3859  4452  4851  41924  
1438631519  5713937125  4167139  114892942794  702181  170252  698260  4198208  157  4167117  6130  194554501  5504  2810880  38890  529805  102576368104  22  205  210169  57727  0  185419  205  2147483647  0  250031  0  5527480849  331419775  45  406  165679  3859  4495  4851  41924  
1438631529  5751537282  4196842  115698385314  702181  170252  698260  4228056  157  4196820  6130  194797601  5504  2810880  38890  529805  103294358231  22  205  210308  57727  0  186762  205  2147483647  0  250031  0  5559461679  333013934  45  406  165679  3859  4517  4851  41924  
1438631539  5808512818  4239558  116863999367  702181  170252  698260  4270335  157  4239536  6130  195007717  5504  2810880  38890  529805  104335248283  22  205  210435  57727  0  188429  205  2147483647  0  250031  0  5619155906  334728972  45  406  165679  3859  4551  4851  41924  
1438631549  5870445715  4284606  118130435960  702181  170252  698260  4315060  157  4284584  6130  195007717  5504  2810880  38890  529805  105466010190  22  205  210435  57727  0  190376  205  2147483647  0  250031  0  5658044543  334728972  45  406  165679  3859  4551  4851  41924  
1438631559  5923511701  4323357  119192230409  702181  170252  698260  4354136  157  4323335  6130  195988460  5504  2810880  38890  529805  106412981104  22  205  211156  57727  0  192082  205  2147483647  0  250031  0  5711340853  335841903  45  406  165679  3859  4570  4851  41924  
1438631569  5964388606  4352899  119997878113  702181  170252  698260  4383312  157  4352877  6130  196096949  5504  2810880  38890  529805  107130561785  22  205  211216  57727  0  193033  205  2147483647  0  250031  0  5737806114  336471508  45  406  165679  3859  4587  4851  41924  
1438631579  6002386483  4383465  120820646830  702181  170252  698260  4413919  157  4383443  6130  196190958  5504  2810880  38890  529805  107863584231  22  205  211278  57727  0  194377  205  2147483647  0  250031  0  5769367006  337261092  45  406  165679  3859  4599  4851  41924  
1438631589  6058578492  4424515  121950601728  702181  170252  698260  4455037  157  4424493  6130  196868909  5504  2810880  38890  529805  108873075166  22  205  211816  57727  0  196094  205  2147483647  0  250031  0  5821061154  344796417  45  406  165679  3859  4691  4851  41924  
