#Type:X;CI:2;ww:0;ca:0;co:1;fr:0;Type:X;CI:2;PI:0;PT:EP;U0:0;U1:0;
#time  Pp  gt  gs  cn  cm  cb  Nc  Pc  cp  Tc  Nm  pr  ps  pt  px  pd  Pm  Om  fs  ft  Oc  Em  Gp  Ec  Ge  ot  os  Total_cycles_diff  Successful_get_diff  Total_get_diff  succ_put_diff  total_put_diff  get_hit  
1439614002  0  0  0  0  0  0  0  0  0  1040523  0  0  0  0  0  0  0  0  0  0  0  0  0  0  0  0  0  1040523  0  0  0  0  
1439614012  0  0  0  0  0  0  0  0  0  1040523  0  0  0  0  0  0  0  0  0  0  0  0  0  0  0  0  0  0  0  0  0  0  0 
1439614022  0  0  0  0  0  0  0  0  0  1040523  0  0  0  0  0  0  0  0  0  0  0  0  0  0  0  0  0  0  0  0  0  0  0 
1439614032  0  0  0  0  0  0  0  0  0  1040523  0  0  0  0  0  0  0  0  0  0  0  0  0  0  0  0  0  0  0  0  0  0  0 
1439614042  0  0  0  0  0  0  0  0  0  1040523  0  0  0  0  0  0  0  0  0  0  0  0  0  0  0  0  0  0  0  0  0  0  0 
1439614052  0  0  0  0  0  0  0  0  0  1040523  0  0  0  0  0  0  0  0  0  0  0  0  0  0  0  0  0  0  0  0  0  0  0 
1439614062  0  0  0  0  0  0  0  0  0  1040523  0  0  0  0  0  0  0  0  0  0  0  0  0  0  0  0  0  0  0  0  0  0  0 
1439614072  0  0  0  0  0  0  0  0  0  1040523  0  0  0  0  0  0  0  0  0  0  0  0  0  0  0  0  0  0  0  0  0  0  0 
1439614082  0  0  0  0  0  0  0  0  0  1040523  0  0  0  0  0  0  0  0  0  0  0  0  0  0  0  0  0  0  0  0  0  0  0 
1439614092  0  0  0  0  0  0  0  0  0  1952311  0  0  0  0  0  0  0  0  0  0  0  0  0  0  0  0  0  911788  0  0  0  0  0 
1439614102  0  0  0  0  0  0  0  0  0  1955287  0  0  0  0  0  0  0  0  0  0  0  0  0  0  0  0  0  2976  0  0  0  0  0 
1439614112  0  0  0  0  0  0  0  0  0  1955287  0  0  0  0  0  0  0  0  0  0  0  0  0  0  0  0  0  0  0  0  0  0  0 
1439614122  0  0  0  0  0  0  0  0  0  1955287  0  0  0  0  0  0  0  0  0  0  0  0  0  0  0  0  0  0  0  0  0  0  0 
1439614132  0  0  0  0  0  0  0  0  0  1955287  0  0  0  0  0  0  0  0  0  0  0  0  0  0  0  0  0  0  0  0  0  0  0 
1439614142  0  0  0  0  0  0  0  0  0  1955287  0  0  0  0  0  0  0  0  0  0  0  0  0  0  0  0  0  0  0  0  0  0  0 
1439614152  0  0  0  0  0  0  0  0  0  1955287  0  0  0  0  0  0  0  0  0  0  0  0  0  0  0  0  0  0  0  0  0  0  0 
1439614162  0  0  0  0  0  0  0  0  0  1955287  0  0  0  0  0  0  0  0  0  0  0  0  0  0  0  0  0  0  0  0  0  0  0 
1439614172  0  0  0  0  0  0  0  0  0  1955287  0  0  0  0  0  0  0  0  0  0  0  0  0  0  0  0  0  0  0  0  0  0  0 
1439614182  0  0  0  0  0  0  0  0  0  1955287  0  0  0  0  0  0  0  0  0  0  0  0  0  0  0  0  0  0  0  0  0  0  0 
1439614192  0  0  0  0  0  0  0  0  0  1955287  0  0  0  0  0  0  0  0  0  0  0  0  0  0  0  0  0  0  0  0  0  0  0 
1439614202  0  0  0  0  0  0  0  0  0  1955287  0  0  0  0  0  0  0  0  0  0  0  0  0  0  0  0  0  0  0  0  0  0  0 
1439614212  0  0  0  0  0  0  0  0  0  1955287  0  0  0  0  0  0  0  0  0  0  0  0  0  0  0  0  0  0  0  0  0  0  0 
1439614222  0  0  0  0  0  0  0  0  0  1955287  0  0  0  0  0  0  0  0  0  0  0  0  0  0  0  0  0  0  0  0  0  0  0 
1439614232  0  0  0  0  0  0  0  0  0  1955287  0  0  0  0  0  0  0  0  0  0  0  0  0  0  0  0  0  0  0  0  0  0  0 
1439614242  0  0  0  0  0  0  0  0  0  1955287  0  0  0  0  0  0  0  0  0  0  0  0  0  0  0  0  0  0  0  0  0  0  0 
1439614252  0  0  0  0  0  0  0  0  0  1955287  0  0  0  0  0  0  0  0  0  0  0  0  0  0  0  0  0  0  0  0  0  0  0 
1439614262  0  0  0  0  0  0  0  0  0  1955287  0  0  0  0  0  0  0  0  0  0  0  0  0  0  0  0  0  0  0  0  0  0  0 
1439614272  0  0  0  0  0  0  0  0  0  1955287  0  0  0  0  0  0  0  0  0  0  0  0  0  0  0  0  0  0  0  0  0  0  0 
1439614282  0  0  0  0  0  0  0  0  0  1955287  0  0  0  0  0  0  0  0  0  0  0  0  0  0  0  0  0  0  0  0  0  0  0 
1439614292  0  0  0  0  0  0  0  0  0  1955287  0  0  0  0  0  0  0  0  0  0  0  0  0  0  0  0  0  0  0  0  0  0  0 
