#Type:X;CI:2;ww:0;ca:0;co:0;fr:0;Type:X;CI:2;PI:0;PT:EP;U0:0;U1:0;Type:X;CI:2;PI:1;PT:EP;U0:0;U1:0;
#time  Pp  gt  gs  cn  cm  cb  Nc  Pc  cp  Tc  Nm  pr  ps  pt  px  pd  Pm  Om  fs  ft  Oc  Em  Gp  Ec  Ge  ot  os  Total_cycles_diff  Successful_get_diff  Total_get_diff  succ_put_diff  total_put_diff  get_hit  
1438937898  0  0  0  0  0  0  0  0  0  4256375  0  0  0  0  0  0  0  0  0  21  0  0  0  0  0  46  0  4256375  0  0  0  0  
1438937908  0  0  0  0  0  0  0  0  0  4256375  0  0  0  0  0  0  0  0  0  21  0  0  0  0  0  46  0  0  0  0  0  0  0 
1438937918  0  19040  0  0  0  0  469  18143  0  340585500  469  0  18143  18143  0  0  18143  272  0  104  272  18143  0  18143  0  46  0  336329125  0  19040  18143  18143  0.0  
1438937928  0  109760  0  0  0  0  2073  108247  0  2049925589  2085  0  108857  108857  0  0  108247  272  0  104  204  108247  0  108247  0  46  0  1709340089  0  90720  90714  90714  0.0  
1438937938  0  177521  14797  0  0  0  2591  106385  0  3625054311  2599  0  174764  174764  0  0  112897  272  0  104  3  112897  0  106385  14797  46  0  1575128722  14797  67761  65907  65907  8.33535187386  
1438937948  0  249645  42788  0  0  0  2123  81363  0  5424225780  2639  0  246661  246661  0  0  112897  272  0  104  6  112897  0  81363  42788  46  0  1799171469  27991  72124  71897  71897  17.1395381442  
1438937958  0  314251  68355  0  0  0  2026  71478  0  7053331976  2639  0  311101  311101  0  0  112897  272  0  104  6  112897  0  71478  68355  46  0  1629106196  25567  64606  64440  64440  21.7517207582  
1438937968  0  367962  92549  0  0  0  1884  63673  0  8423361121  2639  0  364676  364676  0  0  112897  272  0  124  179  112897  0  63673  92549  46  0  1370029145  24194  53711  53575  53575  25.1517819775  
1438937978  0  420590  114634  0  0  0  1677  61640  0  9767018708  2639  0  417288  417288  0  0  112897  272  0  124  3  112897  0  61640  114634  46  0  1343657587  22085  52628  52612  52612  27.2555220048  
1438937988  0  502337  150381  0  0  0  2010  79127  0  11813253886  2639  0  498948  498948  0  0  112897  272  0  124  4  112897  0  79127  150381  46  0  2046235178  35747  81747  81660  81660  29.9362778374  
1438937998  0  577469  189291  0  0  0  2129  78283  0  13754836855  2639  0  574065  574065  0  0  112897  272  0  124  41  112897  0  78283  189291  46  0  1941582969  38910  75132  75117  75117  32.7794219257  
1438938008  0  634525  214064  0  0  0  2012  74340  0  15181926606  2639  0  631305  631305  0  0  112897  272  0  124  30  112897  0  74340  214064  46  0  1427089751  24773  57056  57240  57240  33.7361018084  
1438938018  0  710499  248264  0  0  0  1940  73674  0  17086454795  2639  0  707254  707254  0  0  112897  272  0  124  5  112897  0  73674  248264  46  0  1904528189  34200  75974  75949  75949  34.9422025928  
1438938028  0  770114  277922  0  0  0  1889  68876  0  18632311622  2639  0  766668  766668  0  0  112897  272  0  124  6  112897  0  68876  277922  46  0  1545856827  29658  59615  59414  59414  36.0884232724  
1438938038  0  854063  318709  0  0  0  1973  75650  0  20787245409  2639  0  850815  850815  0  0  112897  272  0  124  3  112897  0  75650  318709  46  0  2154933787  40787  83949  84147  84147  37.3168021563  
1438938048  0  928951  357244  0  0  0  2092  77571  0  22745154380  2639  0  925740  925740  0  0  112897  272  0  124  3  112897  0  77571  357244  46  0  1957908971  38535  74888  74925  74925  38.4567108491  
1438938058  0  1010549  396915  0  0  0  2193  83180  0  24871290113  2639  0  1007125  1007125  0  0  112897  272  0  124  7  112897  0  83180  396915  46  0  2126135733  39671  81598  81385  81385  39.2771651845  
1438938068  0  1063944  422531  0  0  0  2002  70991  0  26264685187  2639  0  1060638  1060638  0  0  112897  272  0  124  5  112897  0  70991  422531  46  0  1393395074  25616  53395  53513  53513  39.7136503425  
1438938078  0  1132854  454598  0  0  0  1980  73998  0  28008711971  2639  0  1129492  1129492  0  0  112897  272  0  124  5  112897  0  73998  454598  46  0  1744026784  32067  68910  68854  68854  40.1285602558  
1438938088  0  1220410  496251  0  0  0  2210  83663  0  30225749683  2639  0  1216868  1216868  0  0  112897  272  0  124  5  112897  0  83663  496251  46  0  2217037712  41653  87556  87376  87376  40.6626461599  
1438938098  0  1280406  526073  0  0  0  2096  76543  0  31788820627  2639  0  1277221  1277221  0  0  112897  272  0  124  3  112897  0  76543  526073  46  0  1563070944  29822  59996  60353  60353  41.0864210258  
1438938108  0  1344741  554432  0  0  0  1960  71212  0  33392490161  2639  0  1341315  1341315  0  0  112897  272  0  124  5  112897  0  71212  554432  46  0  1603669534  28359  64335  64094  64094  41.2296494269  
1438938118  0  1409160  585399  0  0  0  2069  75999  0  35042768124  2639  0  1405955  1405955  0  0  112897  272  0  124  6  112897  0  75999  585399  46  0  1650277963  30967  64419  64640  64640  41.5424082432  
1438938128  0  1467521  613792  0  0  0  2062  76419  0  36514582601  2639  0  1464280  1464280  0  0  112897  272  0  124  7  112897  0  76419  613792  46  0  1471814477  28393  58361  58325  58325  41.8250914297  
1438938138  0  1519825  636056  0  0  0  2019  72578  0  37745490170  2639  0  1516249  1516249  0  0  112897  272  0  124  5  112897  0  72578  636056  46  0  1230907569  22264  52304  51969  51969  41.8506078002  
1438938148  0  1602662  676753  0  0  0  2124  80365  0  39849458928  2639  0  1599196  1599196  0  0  112897  272  0  124  7  112897  0  80365  676753  46  0  2103968758  40697  82837  82947  82947  42.2268076488  
1438938158  0  1680857  715179  0  0  0  2335  89859  0  41891904487  2639  0  1677597  1677597  0  0  112897  272  0  124  6  112897  0  89859  715179  46  0  2042445559  38426  78195  78401  78401  42.5484737845  
1438938168  0  1736436  742724  0  0  0  2187  79448  0  43388988148  2639  0  1733212  1733212  0  0  112897  272  0  124  5  112897  0  79448  742724  46  0  1497083661  27545  55579  55615  55615  42.772898051  
1438938178  0  1796018  772391  0  0  0  2013  74052  0  44951731091  2639  0  1792688  1792688  0  0  112897  272  0  124  5  112897  0  74052  772391  46  0  1562742943  29667  59582  59476  59476  43.0057493856  
1438938188  0  1858993  802850  0  0  0  2056  76149  0  46602906346  2639  0  1855765  1855765  0  0  112897  272  0  124  6  112897  0  76149  802850  46  0  1651175255  30459  62975  63077  63077  43.1873600385  
1438938198  0  1930144  838386  0  0  0  2154  82518  0  48440665947  2639  0  1926645  1926645  0  0  112897  272  0  124  5  112897  0  82518  838386  46  0  1837759601  35536  71151  70880  70880  43.436448265  
1438938208  0  2004678  875409  0  0  0  2215  84413  0  50435465282  2639  0  2001283  2001283  0  0  112897  272  0  124  6  112897  0  84413  875409  46  0  1994799335  37023  74534  74638  74638  43.6683098233  
1438938218  0  2076457  912483  0  0  0  2326  88065  0  52297114959  2639  0  2073228  2073228  0  0  112897  272  0  124  6  112897  0  88065  912483  46  0  1861649677  37074  71779  71945  71945  43.944228077  
1438938228  0  2148583  951102  0  0  0  2312  87326  0  54197821496  2639  0  2145115  2145115  0  0  112897  272  0  124  6  112897  0  87326  951102  46  0  1900706537  38619  72126  71887  71887  44.2664770223  
1438938238  0  2205303  981838  0  0  0  2156  79854  0  55673041807  2639  0  2202112  2202112  0  0  112897  272  0  124  5  112897  0  79854  981838  46  0  1475220311  30736  56720  56997  56997  44.521682508  
1438938248  0  2258145  1007534  0  0  0  2095  75096  0  57028738374  2639  0  2254629  2254629  0  0  112897  272  0  124  7  112897  0  75096  1007534  46  0  1355696567  25696  52842  52517  52517  44.6177725522  
1438938258  0  2324365  1037795  0  0  0  2091  78132  0  58741261547  2639  0  2320925  2320925  0  0  112897  272  0  124  7  112897  0  78132  1037795  46  0  1712523173  30261  66220  66296  66296  44.648538418  
1438938268  0  2389803  1070834  0  0  0  2094  76421  0  60422702321  2639  0  2386340  2386340  0  0  112897  272  0  124  7  112897  0  76421  1070834  46  0  1681440774  33039  65438  65415  65415  44.8084632917  
1438938279  0  2468384  1110606  0  0  0  2228  86878  0  62481024941  2639  0  2465161  2465161  0  0  112897  272  0  124  5  112897  0  86878  1110606  46  0  2058322620  39772  78581  78821  78821  44.9932425425  
1438938289  0  2529719  1142462  0  0  0  2284  86654  0  64086978981  2639  0  2526417  2526417  0  0  112897  272  0  124  6  112897  0  86654  1142462  46  0  1605954040  31856  61335  61256  61256  45.1616167645  
1438938299  0  2577553  1166008  0  0  0  1977  73275  0  65378315913  2639  0  2574224  2574224  0  0  112897  272  0  124  4  112897  0  73275  1166008  46  0  1291336932  23546  47834  47807  47807  45.2370135551  
1438938309  0  2647426  1197965  0  0  0  2172  85587  0  67159422058  2639  0  2644011  2644011  0  0  112897  272  0  124  6  112897  0  85587  1197965  46  0  1781106145  31957  69873  69787  69787  45.250178853  
1438938319  0  2730427  1242453  0  0  0  2236  86119  0  69331916160  2639  0  2727119  2727119  0  0  112897  272  0  124  7  112897  0  86119  1242453  46  0  2172494102  44488  83001  83108  83108  45.5039816117  
1438938329  0  2801708  1278221  0  0  0  2262  82626  0  71214400045  2639  0  2798157  2798157  0  0  112897  272  0  124  2  112897  0  82626  1278221  46  0  1882483885  35768  71281  71038  71038  45.6229200188  
1438938339  0  2864715  1310329  0  0  0  2121  79364  0  72862699423  2639  0  2861378  2861378  0  0  112897  272  0  124  2  112897  0  79364  1310329  46  0  1648299378  32108  63007  63221  63221  45.7402917917  
1438938349  0  2937454  1347543  0  0  0  2239  85795  0  74754381581  2639  0  2934031  2934031  0  0  112897  272  0  124  5  112897  0  85795  1347543  46  0  1891682158  37214  72739  72653  72653  45.8745226308  
1438938359  0  3007429  1385189  0  0  0  2243  85137  0  76635449581  2639  0  3004046  3004046  0  0  112897  272  0  124  4  112897  0  85137  1385189  46  0  1881068000  37646  69975  70015  70015  46.0589094539  
1438938369  0  3085895  1425773  0  0  0  2311  89039  0  78682124924  2639  0  3082665  3082665  0  0  112897  272  0  124  5  112897  0  89039  1425773  46  0  2046675343  40584  78466  78619  78619  46.2029006172  
1438938379  0  3161833  1467280  0  0  0  2257  86431  0  80662161750  2639  0  3158598  3158598  0  0  112897  272  0  124  6  112897  0  86431  1467280  46  0  1980036826  41507  75938  75933  75933  46.4059929794  
1438938389  0  3240149  1508621  0  0  0  2166  81316  0  82727482401  2639  0  3236909  3236909  0  0  112897  272  0  124  5  112897  0  81316  1508621  46  0  2065320651  41341  78316  78311  78311  46.5602353472  
1438938399  0  3324386  1552290  0  0  0  2253  86572  0  84877163129  2639  0  3321158  3321158  0  0  112897  272  0  124  4  112897  0  86572  1552290  46  0  2149680728  43669  84237  84249  84249  46.6940361318  
1438938409  0  3374822  1576940  0  0  0  2156  75815  0  86208782903  2639  0  3371301  3371301  0  0  112897  272  0  124  3  112897  0  75815  1576940  46  0  1331619774  24650  50436  50143  50143  46.7266125443  
1438938419  0  3449881  1611309  0  0  0  2111  79255  0  88151977791  2639  0  3446489  3446489  0  0  112897  272  0  124  6  112897  0  79255  1611309  46  0  1943194888  34369  75059  75188  75188  46.7062197218  
1438938429  0  3533468  1652387  0  0  0  2306  89953  0  90356657699  2639  0  3530144  3530144  0  0  112897  272  0  124  5  112897  0  89953  1652387  46  0  2204679908  41078  83587  83655  83655  46.7638874896  
1438938439  0  3597943  1687906  0  0  0  2264  84686  0  92078246722  2639  0  3594702  3594702  0  0  112897  272  0  124  5  112897  0  84686  1687906  46  0  1721589023  35519  64475  64558  64558  46.9130833924  
1438938449  0  3683256  1730170  0  0  0  2067  75947  0  94315923588  2639  0  3679953  3679953  0  0  112897  272  0  124  6  112897  0  75947  1730170  46  0  2237676866  42264  85313  85251  85251  46.9739274164  
1438938459  0  3743467  1756789  0  0  0  1914  70691  0  95851180690  2639  0  3740131  3740131  0  0  112897  272  0  124  3  112897  0  70691  1756789  46  0  1535257102  26619  60211  60178  60178  46.9294640503  
1438938469  0  3806843  1786185  0  0  0  2003  75116  0  97470017931  2639  0  3803581  3803581  0  0  112897  272  0  124  4  112897  0  75116  1786185  46  0  1618837241  29396  63376  63450  63450  46.9203747042  
1438938479  0  3878859  1819509  0  0  0  2076  79194  0  99339632182  2639  0  3875646  3875646  0  0  112897  272  0  124  6  112897  0  79194  1819509  46  0  1869614251  33324  72016  72065  72065  46.9083562976  
1438938489  0  3941927  1849754  0  0  0  2038  74836  0  100987425244  2639  0  3938598  3938598  0  0  112897  272  0  124  5  112897  0  74836  1849754  46  0  1647793062  30245  63068  62952  62952  46.9251206326  
1438938499  0  4005202  1879184  0  0  0  1938  71212  0  102606042305  2639  0  4001877  4001877  0  0  112897  272  0  124  6  112897  0  71212  1879184  46  0  1618617061  29430  63275  63279  63279  46.9185823836  
1438938509  0  4075755  1912574  0  0  0  1960  72015  0  104406230895  2639  0  4072190  4072190  0  0  112897  272  0  124  6  112897  0  72015  1912574  46  0  1800188590  33390  70553  70313  70313  46.9256370906  
1438938519  0  4158502  1952529  0  0  0  2083  79004  0  106557923921  2639  0  4155263  4155263  0  0  112897  272  0  124  4  112897  0  79004  1952529  46  0  2151693026  39955  82747  83073  83073  46.9527007562  
1438938529  0  4224943  1985325  0  0  0  1977  72383  0  108258442176  2639  0  4221570  4221570  0  0  112897  272  0  124  6  112897  0  72383  1985325  46  0  1700518255  32796  66441  66307  66307  46.9905747841  
1438938539  0  4240567  1991839  0  0  0  1530  47878  0  108644832260  2639  0  4236753  4236753  0  0  112897  272  0  124  5  112897  0  47878  1991839  46  0  386390084  6514  15624  15183  15183  46.971053635  
1438938549  0  4242108  1992171  0  0  0  958  25059  0  108686815923  2639  0  4238412  4238412  0  0  112897  272  0  124  3  112897  0  25059  1992171  46  0  41983663  332  1541  1659  1659  46.9618170966  
1438938559  0  4242517  1992171  0  0  0  208  4537  0  108699754119  2639  0  4238996  4238996  0  0  112897  272  0  124  2  112897  0  4537  1992171  46  0  12938196  0  409  584  584  46.957289741  
1438938569  0  4242735  1992171  0  0  0  51  1071  0  108706459214  2639  0  4239310  4239310  0  0  112897  272  0  124  2  112897  0  1071  1992171  46  0  6705095  0  218  314  314  46.9548769838  
1438938579  0  4242735  1992171  0  0  0  28  390  0  108706459214  2639  0  4239310  4239310  0  0  112897  272  0  124  2  112897  0  390  1992171  46  0  0  0  0  0  0  46.9548769838  
