#Type:X;CI:1;ww:0;ca:0;co:0;fr:0;Type:X;CI:1;PI:0;PT:EP;U0:0;U1:0;
#time  Pp  gt  gs  cn  cm  cb  Nc  Pc  cp  Tc  Nm  pr  ps  pt  px  pd  Pm  Om  fs  ft  Oc  Em  Gp  Ec  Ge  ot  os  Total_cycles_diff  Successful_get_diff  Total_get_diff  succ_put_diff  total_put_diff  get_hit  
1439122712  0  0  0  0  0  0  0  0  0  2165817  0  0  0  0  0  0  0  0  0  21  0  0  0  0  0  46  0  2165817  0  0  0  0  
1439122722  0  0  0  0  0  0  0  0  0  2168125  0  0  0  0  0  0  0  0  0  21  0  0  0  0  0  46  0  2308  0  0  0  0  0 
1439122732  0  185  184  0  0  0  181  2718  0  17390039  232  0  3418  3418  0  0  3418  350  0  72  186  3418  0  2718  184  597  130  15221914  184  185  3418  3418  99.4594594595  
1439122742  0  185  184  0  0  0  181  2718  0  17711953  232  0  3418  3418  0  0  3418  350  0  72  186  3418  0  2718  184  681  130  321914  0  0  0  0  99.4594594595  
1439122752  0  186  185  0  0  0  181  2717  0  18356431  232  0  3418  3418  0  0  3418  350  0  72  185  3418  0  2717  185  829  130  644478  1  1  0  0  99.4623655914  
1439122762  0  186  185  0  0  0  181  2717  0  19247881  232  0  3418  3418  0  0  3418  350  0  72  185  3418  0  2717  185  1143  130  891450  0  0  0  0  99.4623655914  
1439122772  0  186  185  0  0  0  181  2717  0  19484381  232  0  3418  3418  0  0  3418  350  0  72  185  3418  0  2717  185  1202  130  236500  0  0  0  0  99.4623655914  
1439122782  0  186  185  0  0  0  0  0  0  19993564  232  0  3418  3418  0  0  3418  350  0  72  0  3418  0  0  185  1340  130  509183  0  0  0  0  99.4623655914  
1439122792  0  186  185  0  0  0  0  0  0  20102017  232  0  3418  3418  0  0  3418  350  0  72  0  3418  0  0  185  1368  130  108453  0  0  0  0  99.4623655914  
1439122802  0  186  185  0  0  0  0  0  0  20247479  232  0  3418  3418  0  0  3418  350  0  72  0  3418  0  0  185  1410  130  145462  0  0  0  0  99.4623655914  
1439122812  0  186  185  0  0  0  0  0  0  20728759  232  0  3418  3418  0  0  3418  350  0  72  0  3418  0  0  185  1561  130  481280  0  0  0  0  99.4623655914  
1439122822  0  186  185  0  0  0  0  0  0  20860663  232  0  3418  3418  0  0  3418  350  0  72  0  3418  0  0  185  1599  130  131904  0  0  0  0  99.4623655914  
1439122832  0  186  185  0  0  0  0  0  0  21154124  232  0  3418  3418  0  0  3418  350  0  72  0  3418  0  0  185  1693  130  293461  0  0  0  0  99.4623655914  
1439122842  0  186  185  0  0  0  0  0  0  21668871  232  0  3418  3418  0  0  3418  350  0  72  0  3418  0  0  185  1866  130  514747  0  0  0  0  99.4623655914  
1439122852  0  186  185  0  0  0  0  0  0  21968389  232  0  3418  3418  0  0  3418  350  0  72  0  3418  0  0  185  1952  130  299518  0  0  0  0  99.4623655914  
1439122862  0  186  185  0  0  0  0  0  0  22119975  232  0  3418  3418  0  0  3418  350  0  72  0  3418  0  0  185  2001  130  151586  0  0  0  0  99.4623655914  
1439122872  0  186  185  0  0  0  0  0  0  22443855  232  0  3418  3418  0  0  3418  350  0  72  0  3418  0  0  185  2104  130  323880  0  0  0  0  99.4623655914  
1439122882  0  186  185  0  0  0  0  0  0  23194021  232  0  3418  3418  0  0  3418  350  0  72  0  3418  0  0  185  2356  130  750166  0  0  0  0  99.4623655914  
1439122892  0  186  185  0  0  0  0  0  0  23277516  232  0  3418  3418  0  0  3418  350  0  72  0  3418  0  0  185  2380  130  83495  0  0  0  0  99.4623655914  
1439122902  0  186  185  0  0  0  0  0  0  23442436  232  0  3418  3418  0  0  3418  350  0  72  0  3418  0  0  185  2427  130  164920  0  0  0  0  99.4623655914  
1439122912  0  186  185  0  0  0  0  0  0  23929557  232  0  3418  3418  0  0  3418  350  0  72  0  3418  0  0  185  2593  130  487121  0  0  0  0  99.4623655914  
1439122922  0  186  185  0  0  0  0  0  0  24016526  232  0  3418  3418  0  0  3418  350  0  72  0  3418  0  0  185  2617  130  86969  0  0  0  0  99.4623655914  
1439122932  0  186  185  0  0  0  0  0  0  24262695  232  0  3418  3418  0  0  3418  350  0  72  0  3418  0  0  185  2695  130  246169  0  0  0  0  99.4623655914  
1439122942  0  186  185  0  0  0  0  0  0  24729740  232  0  3418  3418  0  0  3418  350  0  72  0  3418  0  0  185  2834  130  467045  0  0  0  0  99.4623655914  
1439122953  0  186  185  0  0  0  0  0  0  24955193  232  0  3418  3418  0  0  3418  350  0  72  0  3418  0  0  185  2903  130  225453  0  0  0  0  99.4623655914  
1439122963  0  186  185  0  0  0  0  0  0  25158392  232  0  3418  3418  0  0  3418  350  0  72  0  3418  0  0  185  2965  130  203199  0  0  0  0  99.4623655914  
1439122973  0  186  185  0  0  0  0  0  0  25530645  232  0  3418  3418  0  0  3418  350  0  72  0  3418  0  0  185  3079  130  372253  0  0  0  0  99.4623655914  
1439122983  0  186  185  0  0  0  0  0  0  25932368  232  0  3418  3418  0  0  3418  350  0  72  0  3418  0  0  185  3199  130  401723  0  0  0  0  99.4623655914  
1439122993  0  186  185  0  0  0  0  0  0  25997565  232  0  3418  3418  0  0  3418  350  0  72  0  3418  0  0  185  3216  130  65197  0  0  0  0  99.4623655914  
1439123003  0  186  185  0  0  0  0  0  0  26142096  232  0  3418  3418  0  0  3418  350  0  72  0  3418  0  0  185  3268  130  144531  0  0  0  0  99.4623655914  
1439123013  0  186  185  0  0  0  0  0  0  27293192  232  0  3418  3418  0  0  3418  350  0  72  0  3418  0  0  185  3672  130  1151096  0  0  0  0  99.4623655914  
1439123023  0  186  185  0  0  0  0  0  0  27369903  232  0  3418  3418  0  0  3418  350  0  72  0  3418  0  0  185  3692  130  76711  0  0  0  0  99.4623655914  
1439123033  0  186  185  0  0  0  0  0  0  28160877  232  0  3418  3418  0  0  3418  350  0  72  0  3418  0  0  185  3980  130  790974  0  0  0  0  99.4623655914  
1439123043  0  186  185  0  0  0  0  0  0  28369246  232  0  3418  3418  0  0  3418  350  0  72  0  3418  0  0  185  4040  130  208369  0  0  0  0  99.4623655914  
1439123053  0  186  185  0  0  0  0  0  0  28859221  232  0  3418  3418  0  0  3418  350  0  72  0  3418  0  0  185  4229  130  489975  0  0  0  0  99.4623655914  
1439123063  0  186  185  0  0  0  0  0  0  28928102  232  0  3418  3418  0  0  3418  350  0  72  0  3418  0  0  185  4246  130  68881  0  0  0  0  99.4623655914  
1439123073  0  186  185  0  0  0  0  0  0  29386209  232  0  3418  3418  0  0  3418  350  0  72  0  3418  0  0  185  4409  130  458107  0  0  0  0  99.4623655914  
1439123083  0  186  185  0  0  0  0  0  0  29691192  232  0  3418  3418  0  0  3418  350  0  72  0  3418  0  0  185  4512  130  304983  0  0  0  0  99.4623655914  
1439123093  0  186  185  0  0  0  0  0  0  29803645  232  0  3418  3418  0  0  3418  350  0  72  0  3418  0  0  185  4549  130  112453  0  0  0  0  99.4623655914  
1439123103  0  186  185  0  0  0  0  0  0  29940384  232  0  3418  3418  0  0  3418  350  0  72  0  3418  0  0  185  4586  130  136739  0  0  0  0  99.4623655914  
1439123113  0  186  185  0  0  0  0  0  0  30896157  232  0  3418  3418  0  0  3418  350  0  72  0  3418  0  0  185  4897  130  955773  0  0  0  0  99.4623655914  
1439123123  0  186  185  0  0  0  0  0  0  30968317  232  0  3418  3418  0  0  3418  350  0  72  0  3418  0  0  185  4918  130  72160  0  0  0  0  99.4623655914  
1439123133  0  186  185  0  0  0  0  0  0  31174119  232  0  3418  3418  0  0  3418  350  0  72  0  3418  0  0  185  4975  130  205802  0  0  0  0  99.4623655914  
1439123143  0  186  185  0  0  0  0  0  0  31788954  232  0  3418  3418  0  0  3418  350  0  72  0  3418  0  0  185  5187  130  614835  0  0  0  0  99.4623655914  
1439123153  0  186  185  0  0  0  0  0  0  32093216  232  0  3418  3418  0  0  3418  350  0  72  0  3418  0  0  185  5288  130  304262  0  0  0  0  99.4623655914  
1439123163  0  186  185  0  0  0  0  0  0  32307964  232  0  3418  3418  0  0  3418  350  0  72  0  3418  0  0  185  5363  130  214748  0  0  0  0  99.4623655914  
1439123173  0  186  185  0  0  0  0  0  0  32819466  232  0  3418  3418  0  0  3418  350  0  72  0  3418  0  0  185  5526  130  511502  0  0  0  0  99.4623655914  
1439123183  0  186  185  0  0  0  0  0  0  33178510  232  0  3418  3418  0  0  3418  350  0  72  0  3418  0  0  185  5652  130  359044  0  0  0  0  99.4623655914  
1439123193  0  186  185  0  0  0  0  0  0  33326094  232  0  3418  3418  0  0  3418  350  0  72  0  3418  0  0  185  5689  130  147584  0  0  0  0  99.4623655914  
1439123203  0  186  185  0  0  0  0  0  0  33663485  232  0  3418  3418  0  0  3418  350  0  72  0  3418  0  0  185  5799  130  337391  0  0  0  0  99.4623655914  
1439123213  0  186  185  0  0  0  0  0  0  34243451  232  0  3418  3418  0  0  3418  350  0  72  0  3418  0  0  185  6006  130  579966  0  0  0  0  99.4623655914  
1439123223  0  186  185  0  0  0  0  0  0  34316735  232  0  3418  3418  0  0  3418  350  0  72  0  3418  0  0  185  6033  130  73284  0  0  0  0  99.4623655914  
1439123233  0  186  185  0  0  0  0  0  0  34546036  232  0  3418  3418  0  0  3418  350  0  72  0  3418  0  0  185  6099  130  229301  0  0  0  0  99.4623655914  
1439123243  0  186  185  0  0  0  0  0  0  35103004  232  0  3418  3418  0  0  3418  350  0  72  0  3418  0  0  185  6276  130  556968  0  0  0  0  99.4623655914  
1439123253  0  186  185  0  0  0  0  0  0  35191520  232  0  3418  3418  0  0  3418  350  0  72  0  3418  0  0  185  6299  130  88516  0  0  0  0  99.4623655914  
1439123263  0  186  185  0  0  0  0  0  0  35386090  232  0  3418  3418  0  0  3418  350  0  72  0  3418  0  0  185  6354  130  194570  0  0  0  0  99.4623655914  
1439123273  0  186  185  0  0  0  0  0  0  35856501  232  0  3418  3418  0  0  3418  350  0  72  0  3418  0  0  185  6509  130  470411  0  0  0  0  99.4623655914  
1439123283  0  186  185  0  0  0  0  0  0  36459112  232  0  3418  3418  0  0  3418  350  0  72  0  3418  0  0  185  6721  130  602611  0  0  0  0  99.4623655914  
1439123293  0  186  185  0  0  0  0  0  0  36578894  232  0  3418  3418  0  0  3418  350  0  72  0  3418  0  0  185  6755  130  119782  0  0  0  0  99.4623655914  
1439123303  0  186  185  0  0  0  0  0  0  37022106  232  0  3418  3418  0  0  3418  350  0  72  0  3418  0  0  185  6901  130  443212  0  0  0  0  99.4623655914  
1439123313  0  186  185  0  0  0  0  0  0  37402253  232  0  3418  3418  0  0  3418  350  0  72  0  3418  0  0  185  7024  130  380147  0  0  0  0  99.4623655914  
1439123323  0  186  185  0  0  0  0  0  0  37633475  232  0  3418  3418  0  0  3418  350  0  72  0  3418  0  0  185  7101  130  231222  0  0  0  0  99.4623655914  
1439123333  0  186  185  0  0  0  0  0  0  38027918  232  0  3418  3418  0  0  3418  350  0  72  0  3418  0  0  185  7252  130  394443  0  0  0  0  99.4623655914  
1439123343  0  186  185  0  0  0  0  0  0  38388427  232  0  3418  3418  0  0  3418  350  0  72  0  3418  0  0  185  7364  130  360509  0  0  0  0  99.4623655914  
1439123353  0  186  185  0  0  0  0  0  0  38480620  232  0  3418  3418  0  0  3418  350  0  72  0  3418  0  0  185  7388  130  92193  0  0  0  0  99.4623655914  
1439123363  0  186  185  0  0  0  0  0  0  38687432  232  0  3418  3418  0  0  3418  350  0  72  0  3418  0  0  185  7436  130  206812  0  0  0  0  99.4623655914  
1439123373  0  186  185  0  0  0  0  0  0  39127103  232  0  3418  3418  0  0  3418  350  0  72  0  3418  0  0  185  7573  130  439671  0  0  0  0  99.4623655914  
1439123383  0  186  185  0  0  0  0  0  0  39418969  232  0  3418  3418  0  0  3418  350  0  72  0  3418  0  0  185  7575  130  291866  0  0  0  0  99.4623655914  
1439123393  0  186  185  0  0  0  57  501  0  50404564  232  0  3919  3919  0  0  3418  350  0  8585  33  3418  0  501  185  7675  130  10985595  0  0  501  501  99.4623655914  
1439123403  0  186  185  0  0  0  57  501  0  58408960  232  0  3919  3919  0  0  3418  350  0  17803  33  3418  0  501  185  7675  130  8004396  0  0  0  0  99.4623655914  
1439123413  0  186  185  0  0  0  57  503  0  80694164  232  0  3921  3921  0  0  3418  350  0  43131  35  3418  0  503  185  7768  130  22285204  0  0  2  2  99.4623655914  
1439123423  0  186  185  0  0  0  3  29  0  97177495  232  0  3948  3948  0  0  3418  350  0  64061  16  3418  0  29  185  8362  130  16483331  0  0  27  27  99.4623655914  
1439123433  0  186  185  0  0  0  65  754  0  118641040  232  0  4693  4693  0  0  3418  350  0  83204  39  3418  0  754  185  9165  138  21463545  0  0  745  745  99.4623655914  
1439123443  0  248  199  0  0  0  63  751  0  137109425  232  0  4713  4713  0  0  3418  350  0  101499  30  3418  0  751  199  9623  146  18468385  14  62  20  20  80.2419354839  
1439123453  0  479  280  0  0  0  60  670  0  147391672  232  0  4713  4713  0  0  3418  350  0  112130  28  3418  0  670  280  10117  146  10282247  81  231  0  0  58.4551148225  
1439123463  0  2522  290  0  0  0  18  176  0  160123523  232  0  4896  4896  0  0  3418  350  0  138850  15  3418  0  176  290  11555  151  12731851  10  2043  183  183  11.4988104679  
1439123473  0  18962  297  0  0  0  104  1630  0  206451619  232  0  6357  6357  0  0  3418  350  0  153879  99  3418  0  1630  297  11941  151  46328096  7  16440  1461  1461  1.56629047569  
1439123483  0  37398  312  0  0  0  200  3508  0  264059201  232  0  8369  8369  0  0  3508  350  0  170554  189  3508  0  3508  312  12367  151  57607582  15  18436  2012  2012  0.834269212257  
1439123493  0  53220  351  0  0  0  281  4689  0  315339840  281  0  10279  10279  0  0  4689  350  0  184778  250  4689  0  4689  351  13170  151  51280639  39  15822  1910  1910  0.659526493799  
1439123503  0  61748  356  0  0  0  548  10616  0  405809598  548  0  18518  18518  0  0  10616  494  0  184844  494  10616  0  10616  356  13541  151  90469758  5  8528  8239  8239  0.576536891883  
1439123513  0  76225  436  0  0  0  1115  22717  0  568013819  1188  0  33433  33433  0  0  23690  1092  0  184924  1037  23690  0  22717  436  13885  151  162204221  80  14477  14915  14915  0.571990816661  
1439123523  0  90467  443  0  0  0  742  15155  0  714875752  1188  0  47679  47679  0  0  23690  1092  0  184979  667  23690  0  15155  443  14436  151  146861933  7  14242  14246  14246  0.48968132026  
1439123533  0  111422  499  0  0  0  1562  31627  0  944080494  1562  0  68665  68665  0  0  31627  1421  0  185146  1421  31627  0  31627  499  15213  151  229204742  56  20955  20986  20986  0.447846924306  
1439123543  0  128206  513  0  0  0  1787  36780  0  1121788730  1835  0  85572  85572  0  0  37823  1687  0  185224  1647  37823  0  36780  513  15754  151  177708236  14  16784  16907  16907  0.400137279067  
1439123553  0  146637  562  0  0  0  1436  30767  0  1315918344  1838  0  104098  104098  0  0  37823  1695  0  185308  1336  37823  0  30767  562  16579  151  194129614  49  18431  18526  18526  0.383259341094  
1439123563  0  163291  651  0  0  0  1135  24919  0  1495590472  1838  0  120775  120775  0  0  37823  1695  0  185378  1054  37823  0  24919  651  17406  151  179672128  89  16654  16677  16677  0.39867475856  
1439123573  0  179494  729  0  0  0  1279  26406  0  1671607662  1838  0  136707  136707  0  0  37823  1695  0  185484  1164  37823  0  26406  729  17915  151  176017190  78  16203  15932  15932  0.406141709472  
1439123583  0  205250  782  0  0  0  1692  35351  0  1947595255  2094  0  162739  162739  0  0  43702  1913  0  185673  1544  43702  0  35351  782  18706  151  275987593  53  25756  26032  26032  0.380998781973  
1439123593  0  220750  849  0  0  0  1673  35696  0  2108336947  2094  0  178219  178219  0  0  43702  1913  0  185721  1529  43702  0  35696  849  19817  151  160741692  67  15500  15480  15480  0.384597961495  
1439123603  0  234571  908  0  0  0  1386  29134  0  2260393172  2094  0  191999  191999  0  0  43702  1913  0  185901  1288  43702  0  29134  908  20627  151  152056225  59  13821  13780  13780  0.387089623184  
1439123613  0  255131  955  0  0  0  1402  29031  0  2482754700  2094  0  212782  212782  0  0  43702  1913  0  186044  1309  43702  0  29031  955  21229  151  222361528  47  20560  20783  20783  0.374317507477  
1439123623  0  275305  1053  0  0  0  1104  23245  0  2698931057  2094  0  232941  232941  0  0  43702  1913  0  186150  1015  43702  0  23245  1053  22115  151  216176357  98  20174  20159  20159  0.382484880405  
1439123634  0  298505  1197  0  0  0  1573  32314  0  2952946229  2094  0  256038  256038  0  0  43702  1913  0  186300  1445  43702  0  32314  1197  23207  151  254015172  144  23200  23097  23097  0.400998308236  
1439123644  0  310638  1215  0  0  0  1687  34327  0  3090785759  2094  0  268353  268353  0  0  43702  1913  0  186366  1549  43702  0  34327  1215  24018  151  137839530  18  12133  12315  12315  0.391130512043  
1439123654  0  330220  1329  0  0  0  1492  31733  0  3293264775  2094  0  287902  287902  0  0  43702  1913  0  186447  1393  43702  0  31733  1329  24743  151  202479016  114  19582  19549  19549  0.402458966749  
1439123664  0  353509  1423  0  0  0  2059  44684  0  3546869535  2094  0  311268  311268  0  0  44684  1913  0  186493  1902  44684  0  44684  1423  25661  151  253604760  94  23289  23366  23366  0.402535720448  
1439123674  0  387764  1516  0  0  0  2739  59490  0  3924919248  2832  0  345338  345338  0  0  61875  2597  0  186825  2522  61875  0  59490  1516  26947  718  378049713  93  34255  34070  34070  0.390959449562  
1439123684  0  411777  1616  0  0  0  2836  62147  0  4197121516  2923  0  369720  369720  0  0  63808  2690  0  186953  2604  63808  0  62147  1616  27934  1618  272202268  100  24013  24382  24382  0.392445425558  
1439123694  0  452782  1761  0  0  0  2469  54033  0  4654131748  3015  0  410888  410888  0  0  65818  2776  0  186969  2271  65818  0  54033  1761  30058  3597  457010232  145  41005  41168  41168  0.388928888516  
1439123704  0  484156  1909  0  0  0  2343  49641  0  5012634793  3015  0  441953  441953  0  0  65818  2776  0  187407  2171  65818  0  49641  1909  31573  5029  358503045  148  31374  31065  31065  0.394294400978  
1439123714  0  517324  2019  0  0  0  2743  61389  0  5369804245  3015  0  475286  475286  0  0  65818  2776  0  187578  2538  65818  0  61389  2019  32486  5897  357169452  110  33168  33333  33333  0.390277659648  
1439123724  0  543801  2115  0  0  0  2793  63935  0  5666275559  3015  0  502075  502075  0  0  67858  2776  0  187655  2566  67858  0  63935  2115  33505  6871  296471314  96  26477  26789  26789  0.38892903838  
1439123734  0  577043  2189  0  0  0  2813  63300  0  6045793736  3102  0  535576  535576  0  0  70798  2841  0  187671  2574  70798  0  63300  2189  34907  8200  379518177  74  33242  33501  33501  0.379347812901  
1439123744  0  608331  2219  0  0  0  3152  69830  0  6389249484  3153  0  566671  566671  0  0  70798  2905  0  188158  2904  70798  0  69830  2219  35938  9171  343455748  30  31288  31095  31095  0.3647685224  
1439123754  0  647245  2337  0  0  0  2886  63085  0  6823281829  3231  0  605734  605734  0  0  71576  2974  0  188294  2659  71576  0  63085  2337  37856  10992  434032345  118  38914  39063  39063  0.361068837921  
1439123764  0  681851  2503  0  0  0  2874  64048  0  7216667548  3231  0  640689  640689  0  0  71576  2974  0  188294  2659  71576  0  64048  2503  39296  12360  393385719  166  34606  34955  34955  0.36708899745  
1439123774  0  706356  2542  0  0  0  2819  63330  0  7488412645  3231  0  664863  664863  0  0  71576  2974  0  188693  2589  71576  0  63330  2542  40357  13374  271745097  39  24505  24174  24174  0.359875190414  
1439123784  0  740893  2641  0  0  0  2992  67157  0  7863091575  3231  0  699340  699340  0  0  71576  2974  0  188938  2725  71576  0  67157  2641  41635  14592  374678930  99  34537  34477  34477  0.356461729292  
1439123794  0  764942  2669  0  0  0  3048  67516  0  8141028171  3349  0  723614  723614  0  0  74837  3056  0  189005  2791  74837  0  67516  2669  42615  15516  277936596  28  24049  24274  24274  0.348915342601  
1439123804  0  805003  2767  0  0  0  3254  72397  0  8590822973  3569  0  764343  764343  0  0  79991  3274  0  189021  2986  79991  0  72397  2767  44101  16932  449794802  98  40061  40729  40729  0.34372542711  
1439123814  0  835393  2904  0  0  0  2916  64139  0  8939142317  3569  0  794197  794197  0  0  79991  3274  0  189508  2682  79991  0  64139  2904  45713  18456  348319344  137  30390  29854  29854  0.34762082038  
1439123824  0  868145  3081  0  0  0  3393  76203  0  9282516960  3569  0  827169  827169  0  0  79991  3274  0  189636  3134  79991  0  76203  3081  46590  19281  343374643  177  32752  32972  32972  0.354894631657  
1439123834  0  897506  3208  0  0  0  3348  76474  0  9617665903  3621  0  856766  856766  0  0  81255  3327  0  189652  3075  81255  0  76474  3208  47832  20472  335148943  127  29361  29597  29597  0.357434936368  
1439123844  0  927903  3279  0  0  0  3218  71765  0  9970455374  3621  0  887041  887041  0  0  81255  3327  0  190104  2934  81255  0  71765  3279  49274  21840  352789471  71  30397  30275  30275  0.353377454324  
1439123854  0  959670  3350  0  0  0  3473  77158  0  10320746490  3633  0  918997  918997  0  0  81280  3327  0  190266  3189  81280  0  77158  3350  50386  22895  350291116  71  31767  31956  31956  0.349078329009  
1439123864  0  997529  3426  0  0  0  2890  63301  0  10757994934  3708  0  956894  956894  0  0  82869  3402  0  190311  2645  82869  0  63301  3426  52562  24961  437248444  76  37859  37897  37897  0.343448661643  
1439123874  0  1033202  3554  0  0  0  2091  46125  0  11188314998  3708  0  992861  992861  0  0  82869  3402  0  190313  1931  82869  0  46125  3554  54787  27073  430320064  128  35673  35967  35967  0.343979202518  
1439123884  0  1061446  3650  0  0  0  2401  54055  0  11486130855  3708  0  1020646  1020646  0  0  82869  3402  0  190882  2212  82869  0  54055  3650  55618  27865  297815857  96  28244  27785  27785  0.343870531332  
1439123894  0  1092496  3671  0  0  0  2752  62162  0  11820049704  3708  0  1051829  1051829  0  0  82869  3402  0  191029  2514  82869  0  62162  3671  56596  28793  333918849  21  31050  31183  31183  0.336019536914  
1439123904  0  1117839  3726  0  0  0  3106  69498  0  12096839396  3708  0  1077675  1077675  0  0  82869  3402  0  191057  2842  82869  0  69498  3726  57374  29534  276789692  55  25343  25846  25846  0.333321703752  
1439123914  0  1157975  3902  0  0  0  2876  63539  0  12540584249  3708  0  1117712  1117712  0  0  82869  3402  0  191508  2651  82869  0  63539  3902  59263  31325  443744853  176  40136  40037  40037  0.336967551113  
1439123924  0  1190209  3984  0  0  0  3181  70146  0  12889429536  3708  0  1149899  1149899  0  0  82869  3402  0  191662  2928  82869  0  70146  3984  60352  32354  348845287  82  32234  32187  32187  0.334731127054  
1439123934  0  1224866  4145  0  0  0  3370  75467  0  13259725189  3708  0  1184765  1184765  0  0  82869  3402  0  191705  3106  82869  0  75467  4145  61597  33530  370295653  161  34657  34866  34866  0.338404364232  
1439123944  0  1251635  4270  0  0  0  3070  69651  0  13571269192  3708  0  1211701  1211701  0  0  82869  3402  0  191721  2822  82869  0  69651  4270  62966  34839  311544003  125  26769  26936  26936  0.341153770868  
1439123954  0  1282270  4358  0  0  0  3205  72049  0  13913494878  3708  0  1242080  1242080  0  0  82869  3402  0  192274  2943  82869  0  72049  4358  64112  35930  342225686  88  30635  30379  30379  0.339866018857  
1439123964  0  1312773  4387  0  0  0  3390  75508  0  14257683612  3725  0  1273057  1273057  0  0  83627  3419  0  192378  3123  83627  0  75508  4387  65281  37037  344188734  29  30503  30977  30977  0.334178110001  
1439123974  0  1351573  4525  0  0  0  3028  66460  0  14715109570  3725  0  1312053  1312053  0  0  83627  3419  0  192378  2767  83627  0  66460  4525  67307  38961  457425958  138  38800  38996  38996  0.33479508691  
1439123984  0  1386798  4683  0  0  0  3146  70667  0  15109667382  3725  0  1347019  1347019  0  0  83627  3419  0  192881  2887  83627  0  70667  4683  68596  40178  394557812  158  35225  34966  34966  0.337684363548  
1439123994  0  1415098  4727  0  0  0  3360  76416  0  15414973166  3725  0  1375368  1375368  0  0  83627  3419  0  193028  3066  83627  0  76416  4727  69569  41102  305305784  44  28300  28349  28349  0.334040469282  
1439124004  0  1446308  4843  0  0  0  3341  75470  0  15762731958  3725  0  1406936  1406936  0  0  83627  3419  0  193110  3060  83627  0  75470  4843  70894  42368  347758792  116  31210  31568  31568  0.33485260401  
1439124014  0  1471381  4923  0  0  0  3319  73785  0  16048208151  3725  0  1432222  1432222  0  0  83627  3419  0  193133  3056  83627  0  73785  4923  72019  43435  285476193  80  25073  25286  25286  0.334583632655  
1439124024  0  1512427  4951  0  0  0  3440  75976  0  16504451322  3725  0  1473061  1473061  0  0  83627  3419  0  193671  3166  83627  0  75976  4951  73627  44962  456243171  28  41046  40839  40839  0.327354642571  
1439124034  0  1547202  5119  0  0  0  3285  72208  0  16904263985  3725  0  1507908  1507908  0  0  83627  3419  0  193756  3023  83627  0  72208  5119  75258  46509  399812663  168  34775  34847  34847  0.330855311718  
1439124044  0  1580766  5274  0  0  0  3399  76045  0  17271211651  3725  0  1541584  1541584  0  0  83627  3419  0  193773  3121  83627  0  76045  5274  76508  47690  366947666  155  33564  33676  33676  0.33363571838  
1439124054  0  1607568  5407  0  0  0  3070  70197  0  17578576911  3725  0  1568114  1568114  0  0  83627  3419  0  194256  2817  83627  0  70197  5407  77895  49010  307365260  133  26802  26530  26530  0.336346580673  
1439124064  0  1638620  5460  0  0  0  3434  77366  0  17910370603  3725  0  1599388  1599388  0  0  83627  3419  0  194467  3128  83627  0  77366  5460  78898  49964  331793692  53  31052  31274  31274  0.333207210946  
1439124074  0  1672377  5561  0  0  0  3220  71133  0  18298737016  3732  0  1633491  1633491  0  0  83627  3419  0  194528  2949  83627  0  71133  5561  80556  51535  388366413  101  33757  34103  34103  0.332520717518  
1439124084  0  1709219  5702  0  0  0  2592  56432  0  18722876446  3732  0  1670498  1670498  0  0  83627  3419  0  194528  2379  83627  0  56432  5702  82725  53596  424139430  141  36842  37007  37007  0.33360265712  
1439124094  0  1743968  5861  0  0  0  2890  64926  0  19101131577  3732  0  1704999  1704999  0  0  83627  3419  0  195077  2658  83627  0  64926  5861  83815  54628  378255131  159  34749  34501  34501  0.336072680233  
1439124104  0  1769866  5902  0  0  0  3207  72984  0  19382725313  3732  0  1730863  1730863  0  0  83627  3419  0  195195  2938  83627  0  72984  5902  84585  55359  281593736  41  25898  25864  25864  0.333471573554  
1439124114  0  1800334  6007  0  0  0  3399  76937  0  19725007224  3732  0  1761801  1761801  0  0  83627  3419  0  195244  3095  83627  0  76937  6007  85710  56430  342281911  105  30468  30938  30938  0.333660309698  
1439124124  0  1826647  6117  0  0  0  3399  76253  0  20011376966  3734  0  1788191  1788191  0  0  83648  3432  0  195640  3117  83648  0  76253  6117  86834  57498  286369742  110  26313  26390  26390  0.334875868189  
1439124134  0  1868444  6252  0  0  0  3782  84127  0  20466057726  3782  0  1830042  1830042  0  0  84911  3490  0  195858  3490  84911  0  84127  6252  88226  58821  454680760  135  41797  41851  41851  0.334609974931  
1439124144  0  1909146  6521  0  0  0  3122  69182  0  20937517901  3792  0  1870711  1870711  0  0  84911  3500  0  195858  2893  84911  0  69182  6521  90550  61022  471460175  269  40702  40669  40669  0.341566333848  
1439124154  0  1935799  6548  0  0  0  3182  71297  0  21238712837  3792  0  1897744  1897744  0  0  84911  3500  0  195859  2912  84911  0  71297  6548  91645  62062  301194936  27  26653  27033  27033  0.338258259251  
1439124164  0  1964181  6611  0  0  0  3267  74993  0  21545992870  3792  0  1925710  1925710  0  0  84911  3500  0  196466  2987  84911  0  74993  6611  92669  63042  307280033  63  28382  27966  27966  0.336577942664  
1439124174  0  1992223  6783  0  0  0  3521  77951  0  21857699263  3792  0  1954022  1954022  0  0  84911  3500  0  196626  3235  84911  0  77951  6783  93678  63998  311706393  172  28042  28312  28312  0.340473932888  
1439124184  0  2026564  6914  0  0  0  2982  65949  0  22264503184  3792  0  1988494  1988494  0  0  84911  3500  0  196642  2745  84911  0  65949  6914  95628  65849  406803921  131  34341  34472  34472  0.341168598672  
1439124194  0  2063528  6989  0  0  0  2711  59378  0  22691472262  3792  0  2025282  2025282  0  0  84911  3500  0  197131  2497  84911  0  59378  6989  97443  67574  426969078  75  36964  36788  36788  0.33869179386  
1439124204  0  2097965  7052  0  0  0  3045  67606  0  23062800501  3792  0  2059804  2059804  0  0  84911  3500  0  197306  2803  84911  0  67606  7052  98550  68614  371328239  63  34437  34522  34522  0.336135254878  
1439124214  0  2124503  7127  0  0  0  3257  73744  0  23354363171  3792  0  2086663  2086663  0  0  84911  3500  0  197322  2981  84911  0  73744  7127  99438  69468  291562670  75  26538  26859  26859  0.335466695034  
1439124224  0  2154487  7212  0  0  0  3309  74795  0  23695922955  3792  0  2116834  2116834  0  0  84911  3500  0  197347  3006  84911  0  74795  7212  100664  70632  341559784  85  29984  30171  30171  0.334743259068  
1439124235  0  2181666  7278  0  0  0  3307  73823  0  24002712372  3792  0  2143724  2143724  0  0  84911  3500  0  197889  3032  84911  0  73823  7278  101818  71721  306789417  66  27179  26890  26890  0.333598268479  
1439124245  0  2221716  7342  0  0  0  3440  75562  0  24443168538  3792  0  2184084  2184084  0  0  84911  3500  0  198004  3179  84911  0  75562  7342  103401  73230  440456166  64  40050  40360  40360  0.330465279991  
1439124255  0  2259757  7485  0  0  0  2955  65795  0  24867590133  3792  0  2222163  2222163  0  0  84911  3500  0  198004  2729  84911  0  65795  7485  105434  75152  424421595  143  38041  38079  38079  0.331230304851  
1439124265  0  2286729  7549  0  0  0  2931  66202  0  25167237675  3792  0  2248813  2248813  0  0  84911  3500  0  198506  2690  84911  0  66202  7549  106569  76231  299647542  64  26972  26650  26650  0.330122196377  
1439124275  0  2314006  7597  0  0  0  3051  70207  0  25470607090  3792  0  2276387  2276387  0  0  84911  3500  0  198678  2790  84911  0  70207  7597  107545  77166  303369415  48  27277  27574  27574  0.328305112433  
1439124285  0  2344203  7755  0  0  0  3473  78085  0  25796484622  3792  0  2306709  2306709  0  0  84911  3500  0  198756  3163  84911  0  78085  7755  108473  78045  325877532  158  30197  30322  30322  0.330816059872  
1439124295  0  2379076  7834  0  0  0  2972  65946  0  26215257903  3792  0  2341915  2341915  0  0  84911  3500  0  198772  2732  84911  0  65946  7834  110424  79893  418773281  79  34873  35206  35206  0.329287504897  
1439124305  0  2419374  7944  0  0  0  3397  74886  0  26655382168  3792  0  2382168  2382168  0  0  84911  3500  0  199330  3104  84911  0  74886  7944  111760  81162  440124265  110  40298  40253  40253  0.328349399473  
1439124315  0  2451806  8092  0  0  0  3240  72208  0  27019819952  3792  0  2414573  2414573  0  0  84911  3500  0  199401  2979  84911  0  72208  8092  113212  82535  364437784  148  32432  32405  32405  0.330042425869  
1439124325  0  2478944  8277  0  0  0  3117  71109  0  27322522502  3792  0  2441841  2441841  0  0  84911  3500  0  199432  2845  84911  0  71109  8277  114443  83713  302702550  185  27138  27268  27268  0.333892173442  
1439124335  0  2510472  8406  0  0  0  3028  68065  0  27679516819  3792  0  2473310  2473310  0  0  84911  3500  0  199962  2762  84911  0  68065  8406  115843  85043  356994317  129  31528  31469  31469  0.334837432961  
1439124345  0  2540022  8452  0  0  0  3230  71767  0  28006783728  3792  0  2502792  2502792  0  0  84911  3500  0  200138  2969  84911  0  71767  8452  116918  86059  327266909  46  29550  29482  29482  0.332753023399  
1439124355  0  2579998  8537  0  0  0  3434  76039  0  28461868442  3792  0  2543273  2543273  0  0  84911  3500  0  200181  3156  84911  0  76039  8537  118424  87496  455084714  85  39976  40481  40481  0.330891729373  
