#Type:X;CI:3;ww:0;ca:0;co:1;fr:0;Type:X;CI:3;PI:0;PT:EP;U0:0;U1:0;Type:X;CI:3;PI:1;PT:EP;U0:0;U1:0;
#time  Pp  gt  gs  cn  cm  cb  Nc  Pc  cp  Tc  Nm  pr  ps  pt  px  pd  Pm  Om  fs  ft  Oc  Em  Gp  Ec  Ge  ot  os  Total_cycles_diff  Successful_get_diff  Total_get_diff  succ_put_diff  total_put_diff  get_hit  
1439202918  0  0  0  0  0  0  0  0  0  3975599  0  0  0  0  0  0  0  0  0  21  0  0  0  0  0  46  0  3975599  0  0  0  0  
1439202928  0  0  0  0  0  0  0  0  0  3977695  0  0  0  0  0  0  0  0  0  21  0  0  0  0  0  46  0  2096  0  0  0  0  0 
1439202938  0  0  0  0  0  0  0  0  0  29241621  0  0  0  0  0  0  0  0  0  21  0  0  0  0  0  46  0  25263926  0  0  0  0  0 
1439202948  0  864  0  310  0  670209  28  646  336  185346525  28  0  646  646  0  0  646  66  0  21  66  646  0  646  0  46  0  156104904  0  864  646  646  0.0  
1439202958  0  26560  0  22946  5  6335885  646  25696  2750  3424726976  646  0  25696  25701  5  0  25696  262  0  79  262  25696  0  25696  0  46  0  3239380451  0  25696  25050  25055  0.0  
1439202968  0  58176  0  54342  5  6335885  1246  57092  2750  7369944161  1246  0  57092  57097  5  0  57092  262  0  79  262  57092  0  57092  0  46  0  3945217185  0  31616  31396  31396  0.0  
1439202978  0  82912  0  79235  5  6335885  1731  81767  2750  10520410881  1733  0  81985  81990  5  0  81985  262  0  79  262  81985  0  81767  0  46  0  3150466720  0  24736  24893  24893  0.0  
1439202988  0  113024  0  109368  5  6335885  1192  59529  2750  14581016281  1733  0  112118  112123  5  0  81985  262  0  79  2  81985  0  59529  0  46  0  4060605400  0  30112  30133  30133  0.0  
1439202998  0  148798  1808  144432  5  8269361  1458  63054  3568  19315617836  1733  0  148000  148005  5  0  81985  262  0  79  29  81985  0  63054  1808  46  0  4734601555  1808  35774  35882  35882  1.21507009503  
1439203008  0  178216  3703  173801  5  8267000  1976  73579  3567  23134647679  2016  0  177369  177374  5  0  81985  262  0  79  28  81985  0  73579  3703  46  0  3819029843  1895  29418  29369  29369  2.07781568434  
1439203018  0  191620  8800  186551  5  8267000  1590  50777  3567  25151021935  2016  0  190119  190124  5  0  81985  262  0  79  28  81985  0  50777  8800  46  0  2016374256  5097  13404  12750  12750  4.59242250287  
1439203028  0  208678  13702  202041  5  8267000  1243  43257  3567  27702969402  2016  0  205609  205614  5  0  81985  262  0  79  2  81985  0  43257  13702  46  0  2551947467  4902  17058  15490  15490  6.56609704904  
1439203038  0  221942  17801  215394  5  8267000  1030  35464  3567  29493430819  2016  0  218962  218967  5  0  81985  262  0  79  2  81985  0  35464  17801  46  0  1790461417  4099  13264  13353  13353  8.02056393112  
1439203048  0  244474  22973  237846  5  8339026  1402  47461  3596  32788342900  2016  0  241443  241448  5  0  81985  262  0  79  3  81985  0  47461  22973  46  0  3294912081  5172  22532  22481  22481  9.39690928279  
1439203058  0  258393  26400  251833  5  8339026  1433  47490  3596  34585648897  2016  0  255430  255435  5  0  81985  262  0  79  3  81985  0  47490  26400  46  0  1797305997  3427  13919  13987  13987  10.2169950424  
1439203068  0  283156  33613  276252  5  8593196  1652  57407  3690  38022469986  2016  0  279943  279948  5  0  81985  262  0  79  4  81985  0  57407  33613  46  0  3436821089  7213  24763  24513  24513  11.8708415149  
1439203078  0  292391  36368  285577  5  8593196  1601  54917  3690  39271264869  2016  0  289268  289273  5  0  81985  262  0  79  4  81985  0  54917  36368  46  0  1248794883  2755  9235  9325  9325  12.4381393408  
1439203088  0  308440  41044  301848  5  8597662  1485  48477  3692  41975299024  2016  0  305541  305546  5  0  81985  262  0  79  3  81985  0  48477  41044  46  0  2704034155  4676  16049  16273  16273  13.3069640773  
1439203098  0  336978  51406  330129  5  8643523  1641  57110  3708  46025311385  2016  0  333838  333843  5  0  81985  262  0  79  4  81985  0  57110  51406  46  0  4050012361  10362  28538  28297  28297  15.2550018102  
1439203108  0  363729  62394  355837  5  10400575  1712  58101  4437  49690056406  2016  0  360275  360280  5  0  81985  262  0  101  175  81985  0  58101  62394  46  0  3664745021  10988  26751  26437  26437  17.1539800236  
1439203118  0  379251  68457  371385  5  10400575  1777  60533  4437  51901956602  2016  0  375823  375828  5  0  81985  262  0  101  175  81985  0  60533  68457  46  0  2211900196  6063  15522  15548  15548  18.0505786405  
1439203128  0  392838  73286  385116  5  10400575  1666  55076  4437  54028151869  2016  0  389554  389559  5  0  81985  262  0  101  172  81985  0  55076  73286  46  0  2126195267  4829  13587  13731  13731  18.6555272148  
1439203138  0  408809  77411  401022  5  10400575  1488  47445  4437  56389548098  2016  0  405460  405465  5  0  81985  262  0  101  171  81985  0  47445  77411  46  0  2361396229  4125  15971  15906  15906  18.9357377161  
1439203148  0  421722  80987  413664  5  10400575  1308  42927  4437  58241341690  2016  0  418102  418107  5  0  81985  262  0  101  2  81985  0  42927  80987  46  0  1851793592  3576  12913  12642  12642  19.2038831268  
1439203158  0  428567  82687  420534  5  10400575  1219  38241  4437  59379700540  2016  0  424972  424977  5  0  81985  262  0  101  2  81985  0  38241  82687  46  0  1138358850  1700  6845  6870  6870  19.2938327029  
1439203168  0  440797  85104  432980  5  10400575  1190  37640  4437  61142530340  2016  0  437418  437423  5  0  81985  262  0  101  2  81985  0  37640  85104  46  0  1762829800  2417  12230  12446  12446  19.3068464622  
1439203178  0  454810  88011  447066  5  10400575  1086  33644  4437  63482525318  2016  0  451504  451509  5  0  81985  262  0  101  2  81985  0  33644  88011  46  0  2339994978  2907  14013  14086  14086  19.3511576263  
1439203188  0  468724  91307  460762  5  10400575  1099  35615  4437  65536169268  2016  0  465200  465205  5  0  81985  262  0  101  2  81985  0  35615  91307  46  0  2053643950  3296  13914  13696  13696  19.4799071522  
1439203198  0  492318  97766  484279  5  10400575  1368  46059  4437  69030034233  2016  0  488717  488722  5  0  81985  262  0  101  2  81985  0  46059  97766  46  0  3493864965  6459  23594  23517  23517  19.8583029668  
1439203208  0  508483  102259  500740  5  10400575  1459  50672  4437  71479255258  2016  0  505178  505183  5  0  81985  262  0  101  2  81985  0  50672  102259  46  0  2449221025  4493  16165  16461  16461  20.110603501  
1439203218  0  529307  110287  521534  5  10400575  1493  51780  4437  74502500302  2016  0  525972  525977  5  0  81985  262  0  101  2  81985  0  51780  110287  46  0  3023245044  8028  20824  20794  20794  20.836112124  
1439203228  0  541960  114113  534217  5  10400575  1523  52268  4437  76462232150  2016  0  538655  538660  5  0  81985  262  0  101  2  81985  0  52268  114113  46  0  1959731848  3826  12653  12683  12683  21.0556129604  
1439203238  0  571391  124656  563173  5  10400575  1558  53984  4437  80680279019  2016  0  567611  567616  5  0  81985  262  0  101  2  81985  0  53984  124656  46  0  4218046869  10543  29431  28956  28956  21.8162344174  
1439203248  0  587795  130278  579177  5  11999578  1605  54975  5032  83064208968  2016  0  584210  584215  5  0  81985  262  0  101  40  81985  0  54975  130278  46  0  2383929949  5622  16404  16599  16599  22.1638496415  
1439203258  0  606257  136516  597645  5  12010344  1634  53033  5038  85722218750  2016  0  602684  602689  5  0  81985  262  0  101  40  81985  0  53033  136516  46  0  2658009782  6238  18462  18474  18474  22.5178430929  
1439203268  0  621360  142154  613012  5  12010344  1548  50737  5038  87711646282  2016  0  618051  618056  5  0  81985  262  0  101  2  81985  0  50737  142154  46  0  1989427532  5638  15103  15367  15367  22.8778807776  
1439203278  0  648728  149998  640407  5  12010344  1574  53621  5038  92011153050  2016  0  645446  645451  5  0  81985  262  0  101  2  81985  0  53621  149998  46  0  4299506768  7844  27368  27395  27395  23.1218630921  
1439203288  0  662727  154744  654136  5  12010344  1525  51755  5038  93989928432  2016  0  659175  659180  5  0  81985  262  0  101  2  81985  0  51755  154744  46  0  1978775382  4746  13999  13729  13729  23.3495843688  
1439203298  0  675220  158430  666749  5  12010344  1429  47294  5038  95890449849  2016  0  671788  671793  5  0  81985  262  0  101  2  81985  0  47294  158430  46  0  1900521417  3686  12493  12613  12613  23.46346376  
1439203308  0  689930  162845  681482  5  12010344  1368  44196  5038  98148185666  2016  0  686521  686526  5  0  81985  262  0  101  2  81985  0  44196  162845  46  0  2257735817  4415  14710  14733  14733  23.603119157  
1439203318  0  712781  169170  704203  5  12010344  1455  47721  5038  101614095074  2016  0  709242  709247  5  0  81985  262  0  101  2  81985  0  47721  169170  46  0  3465909408  6325  22851  22721  22721  23.7337976181  
1439203328  0  732482  175568  724081  5  12010344  1470  49759  5038  104562350392  2016  0  729120  729125  5  0  81985  262  0  101  2  81985  0  49759  175568  46  0  2948255318  6398  19701  19878  19878  23.9689166423  
1439203339  0  752360  183003  743963  5  12010344  1600  55774  5038  107142169051  2016  0  749002  749007  5  0  81985  262  0  101  2  81985  0  55774  183003  46  0  2579818659  7435  19878  19882  19882  24.3238609176  
1439203349  0  779567  195357  770997  5  12010344  1721  61867  5038  110955040493  2016  0  776036  776041  5  0  81985  262  0  101  2  81985  0  61867  195357  46  0  3812871442  12354  27207  27034  27034  25.0596805663  
1439203359  0  800622  204795  792229  5  12010344  1668  58922  5038  114129738294  2016  0  797268  797273  5  0  81985  262  0  101  2  81985  0  58922  204795  46  0  3174697801  9438  21055  21232  21232  25.5794869489  
1439203369  0  820937  212358  812552  5  12010344  1671  58222  5038  116982514776  2016  0  817591  817596  5  0  81985  262  0  101  2  81985  0  58222  212358  46  0  2852776482  7563  20315  20323  20323  25.8677584273  
1439203379  0  837890  218669  829423  5  12010344  1618  56099  5038  119569084571  2016  0  834462  834467  5  0  81985  262  0  101  2  81985  0  56099  218669  46  0  2586569795  6311  16953  16871  16871  26.0975784411  
1439203389  0  847511  220730  838986  5  12010344  1437  48151  5038  121181214703  2016  0  844025  844030  5  0  81985  262  0  101  2  81985  0  48151  220730  46  0  1612130132  2061  9621  9563  9563  26.0444997174  
1439203399  0  867578  226501  859047  5  12010344  1432  48342  5038  124276526762  2016  0  864086  864091  5  0  81985  262  0  101  2  81985  0  48342  226501  46  0  3095312059  5771  20067  20061  20061  26.1072779623  
1439203409  0  883354  231171  875008  5  12010344  1326  44219  5038  126779112974  2016  0  880047  880052  5  0  81985  262  0  101  2  81985  0  44219  231171  46  0  2502586212  4670  15776  15961  15961  26.1696896148  
1439203419  0  903775  237444  895431  5  12010344  1436  48055  5038  129884212594  2016  0  900470  900475  5  0  81985  262  0  101  2  81985  0  48055  237444  46  0  3105099620  6273  20421  20423  20423  26.2724682581  
1439203429  0  928782  245977  920395  5  12010344  1600  57151  5038  133779387223  2016  0  925434  925439  5  0  81985  262  0  101  2  81985  0  57151  245977  46  0  3895174629  8533  25007  24964  24964  26.4838250526  
1439203439  0  958817  258338  950254  5  12010344  1720  62398  5038  138050491300  2016  0  955293  955298  5  0  81985  262  0  101  2  81985  0  62398  258338  46  0  4271104077  12361  30035  29859  29859  26.9434104735  
1439203449  0  975577  264464  967057  5  12010344  1803  65317  5038  140708334257  2016  0  972096  972101  5  0  81985  262  0  101  2  81985  0  65317  264464  46  0  2657842957  6126  16760  16803  16803  27.1084701669  
1439203459  0  1000560  276723  991882  5  12010344  1854  66522  5038  144287620941  2016  0  996921  996926  5  0  81985  262  0  101  2  81985  0  66522  276723  46  0  3579286684  12259  24983  24825  24825  27.6568121852  
1439203469  0  1021705  285632  1013056  5  12011650  1768  62018  5039  147333082544  2016  0  1018096  1018101  5  0  81985  262  0  101  2  81985  0  62018  285632  46  0  3045461603  8909  21145  21175  21175  27.9564062034  
1439203479  0  1048417  294058  1040053  5  12012956  1733  62439  5040  151184840458  2016  0  1045094  1045099  5  0  81985  262  0  101  2  81985  0  62439  294058  46  0  3851757914  8426  26712  26998  26998  28.0478092209  
1439203489  0  1062096  299044  1053744  5  12012956  1732  62783  5040  153144181475  2016  0  1058785  1058790  5  0  81985  262  0  101  2  81985  0  62783  299044  46  0  1959341017  4986  13679  13691  13691  28.156023561  
1439203499  0  1086538  308918  1078153  5  12012956  1677  59246  5040  156615760514  2016  0  1083194  1083199  5  0  81985  262  0  101  2  81985  0  59246  308918  46  0  3471579039  9874  24442  24409  24409  28.4314032275  
1439203509  0  1101267  314865  1092660  5  12012956  1593  54023  5040  158699900365  2016  0  1097701  1097706  5  0  81985  262  0  101  2  81985  0  54023  314865  46  0  2084139851  5947  14729  14507  14507  28.5911590922  
1439203519  0  1115803  319212  1107497  5  12012956  1453  48750  5040  161184514964  2016  0  1112538  1112543  5  0  81985  262  0  101  2  81985  0  48750  319212  46  0  2484614599  4347  14536  14837  14837  28.6082758336  
1439203529  0  1134666  323712  1126191  5  12012956  1513  51976  5040  163864093307  2016  0  1131232  1131237  5  0  81985  262  0  101  2  81985  0  51976  323712  46  0  2679578343  4500  18863  18694  18694  28.5292764567  
1439203539  0  1153835  329052  1145456  5  12012956  1552  53330  5040  166720227442  2016  0  1150497  1150502  5  0  81985  262  0  101  2  81985  0  53330  329052  46  0  2856134135  5340  19169  19265  19265  28.5181156751  
1439203549  0  1174656  335043  1166290  5  12012956  1583  53175  5040  169927260860  2016  0  1171331  1171336  5  0  81985  262  0  101  2  81985  0  53175  335043  46  0  3207033418  5991  20821  20834  20834  28.5226483328  
1439203559  0  1195185  342798  1186703  5  12014262  1571  52338  5041  172856779890  2016  0  1191745  1191750  5  0  81985  262  0  101  2  81985  0  52338  342798  46  0  2929519030  7755  20529  20414  20414  28.6815848592  
1439203569  0  1207779  347373  1199399  5  12014262  1522  51246  5041  174860124330  2016  0  1204441  1204446  5  0  81985  262  0  101  2  81985  0  51246  347373  46  0  2003344440  4575  12594  12696  12696  28.7613048414  
1439203579  0  1232727  355763  1224150  5  12015568  1508  50971  5042  178488575923  2016  0  1229193  1229198  5  0  81985  262  0  101  2  81985  0  50971  355763  46  0  3628451593  8390  24948  24752  24752  28.8598367684  
1439203589  0  1248300  359595  1239843  5  12124246  1600  55839  5085  181103181188  2016  0  1244929  1244934  5  0  81985  262  0  101  3  81985  0  55839  359595  46  0  2614605265  3832  15573  15736  15736  28.806777217  
1439203599  0  1255589  361693  1247022  5  12105460  1509  50699  5073  182229591535  2016  0  1252109  1252114  5  0  81985  262  0  101  3  81985  0  50699  361693  46  0  1126410347  2098  7289  7180  7180  28.8066397523  
1439203609  0  1261250  363495  1252174  8  12305334  1424  45931  5143  182896195378  2016  0  1257445  1257453  8  0  81985  262  0  101  4  81985  0  45931  363495  46  0  666603843  1802  5661  5336  5339  28.8202180377  
1439203619  0  1261880  363564  1253173  8  12268762  1005  28812  5130  183044954886  2016  0  1258500  1258508  8  0  81985  262  0  101  4  81985  0  28812  363564  46  0  148759508  69  630  1055  1055  28.8112974292  
1439203629  0  1261980  363579  1253509  8  12229726  552  14060  5115  183079980021  2016  0  1258836  1258844  8  0  81985  262  0  101  4  81985  0  14060  363579  46  0  35025135  15  100  336  336  28.8102030143  
1439203639  0  1262184  363592  1253981  8  12208676  161  3569  5116  183177693365  2016  0  1259322  1259330  8  0  81985  262  0  101  5  81985  0  3569  363592  47  0  97713344  13  204  486  486  28.8065765372  
1439203649  0  1262184  363592  1253981  8  12208676  38  568  5116  183177693365  2016  0  1259322  1259330  8  0  81985  262  0  101  4  81985  0  568  363592  47  0  0  0  0  0  0  28.8065765372  
