#Type:X;CI:2;ww:0;ca:0;co:0;fr:0;Type:X;CI:2;PI:0;PT:EP;U0:0;U1:0;
#time  Pp  gt  gs  cn  cm  cb  Nc  Pc  cp  Tc  Nm  pr  ps  pt  px  pd  Pm  Om  fs  ft  Oc  Em  Gp  Ec  Ge  ot  os  Total_cycles_diff  Successful_get_diff  Total_get_diff  succ_put_diff  total_put_diff  get_hit  
1439064762  0  0  0  0  0  0  0  0  0  3338778  0  0  0  0  0  0  0  0  0  0  0  0  0  0  0  0  0  3338778  0  0  0  0  
1439064772  0  0  0  0  0  0  0  0  0  3338778  0  0  0  0  0  0  0  0  0  0  0  0  0  0  0  0  0  0  0  0  0  0  0 
1439064782  0  0  0  0  0  0  0  0  0  3338778  0  0  0  0  0  0  0  0  0  0  0  0  0  0  0  0  0  0  0  0  0  0  0 
1439064792  0  0  0  0  0  0  0  0  0  3338778  0  0  0  0  0  0  0  0  0  0  0  0  0  0  0  0  0  0  0  0  0  0  0 
1439064802  0  0  0  0  0  0  0  0  0  3338778  0  0  0  0  0  0  0  0  0  0  0  0  0  0  0  0  0  0  0  0  0  0  0 
1439064812  0  0  0  0  0  0  0  0  0  3338778  0  0  0  0  0  0  0  0  0  0  0  0  0  0  0  0  0  0  0  0  0  0  0 
1439064822  0  0  0  0  0  0  0  0  0  3338778  0  0  0  0  0  0  0  0  0  0  0  0  0  0  0  0  0  0  0  0  0  0  0 
1439064832  0  0  0  0  0  0  0  0  0  3338778  0  0  0  0  0  0  0  0  0  0  0  0  0  0  0  0  0  0  0  0  0  0  0 
1439064842  0  0  0  0  0  0  0  0  0  3338778  0  0  0  0  0  0  0  0  0  0  0  0  0  0  0  0  0  0  0  0  0  0  0 
1439064852  0  0  0  0  0  0  0  0  0  3338778  0  0  0  0  0  0  0  0  0  0  0  0  0  0  0  0  0  0  0  0  0  0  0 
1439064862  0  0  0  0  0  0  0  0  0  3338778  0  0  0  0  0  0  0  0  0  0  0  0  0  0  0  0  0  0  0  0  0  0  0 
1439064872  0  0  0  0  0  0  0  0  0  3566531  0  0  0  0  0  0  0  0  0  0  0  0  0  0  0  0  0  227753  0  0  0  0  0 
1439064882  0  0  0  0  0  0  0  0  0  4253745  0  0  0  0  0  0  0  0  0  0  0  0  0  0  0  0  0  687214  0  0  0  0  0 
1439064892  0  0  0  0  0  0  0  0  0  4256085  0  0  0  0  0  0  0  0  0  0  0  0  0  0  0  0  0  2340  0  0  0  0  0 
1439064902  0  0  0  0  0  0  0  0  0  4256085  0  0  0  0  0  0  0  0  0  0  0  0  0  0  0  0  0  0  0  0  0  0  0 
1439064912  0  0  0  0  0  0  0  0  0  4256085  0  0  0  0  0  0  0  0  0  0  0  0  0  0  0  0  0  0  0  0  0  0  0 
1439064922  0  0  0  0  0  0  0  0  0  4256085  0  0  0  0  0  0  0  0  0  0  0  0  0  0  0  0  0  0  0  0  0  0  0 
1439064932  0  0  0  0  0  0  0  0  0  4256085  0  0  0  0  0  0  0  0  0  0  0  0  0  0  0  0  0  0  0  0  0  0  0 
1439064942  0  0  0  0  0  0  0  0  0  4256085  0  0  0  0  0  0  0  0  0  0  0  0  0  0  0  0  0  0  0  0  0  0  0 
1439064952  0  0  0  0  0  0  0  0  0  4256085  0  0  0  0  0  0  0  0  0  0  0  0  0  0  0  0  0  0  0  0  0  0  0 
1439064962  0  0  0  0  0  0  0  0  0  4256085  0  0  0  0  0  0  0  0  0  0  0  0  0  0  0  0  0  0  0  0  0  0  0 
1439064972  0  0  0  0  0  0  0  0  0  4256085  0  0  0  0  0  0  0  0  0  0  0  0  0  0  0  0  0  0  0  0  0  0  0 
1439064982  0  0  0  0  0  0  0  0  0  4256085  0  0  0  0  0  0  0  0  0  0  0  0  0  0  0  0  0  0  0  0  0  0  0 
1439064992  0  0  0  0  0  0  0  0  0  4256085  0  0  0  0  0  0  0  0  0  0  0  0  0  0  0  0  0  0  0  0  0  0  0 
1439065002  0  0  0  0  0  0  0  0  0  4256085  0  0  0  0  0  0  0  0  0  0  0  0  0  0  0  0  0  0  0  0  0  0  0 
1439065012  0  0  0  0  0  0  0  0  0  4256085  0  0  0  0  0  0  0  0  0  0  0  0  0  0  0  0  0  0  0  0  0  0  0 
1439065022  0  0  0  0  0  0  0  0  0  4256085  0  0  0  0  0  0  0  0  0  0  0  0  0  0  0  0  0  0  0  0  0  0  0 
1439065032  0  0  0  0  0  0  0  0  0  4256085  0  0  0  0  0  0  0  0  0  0  0  0  0  0  0  0  0  0  0  0  0  0  0 
1439065042  0  0  0  0  0  0  0  0  0  4256085  0  0  0  0  0  0  0  0  0  0  0  0  0  0  0  0  0  0  0  0  0  0  0 
1439065052  0  0  0  0  0  0  0  0  0  4256085  0  0  0  0  0  0  0  0  0  0  0  0  0  0  0  0  0  0  0  0  0  0  0 
