#type:T;
#time  gt  cn  Pt  Px  gx  cx  gn  gm  Pn  Pm  Ft  cm  pt  Fx  px  ct  pn  Fm  Fn  pm  dn  On  Om  dm  dx  Ox  dt  Ot  Gt  Cn  Cm  Gx  Cx  Gn  Gm  Ct  
1439937201  10175313  0  0  0  29146  0  19471  154  0  2147483647  57550  2147483647  0  3828  0  0  0  214  84  2147483647  0  184  214  2147483647  0  30642  0  195387  0  0  2147483647  0  0  0  2147483647  0  
1439937211  10182635  0  0  0  29146  0  19475  154  0  2147483647  57550  2147483647  0  3828  0  0  0  214  84  2147483647  0  184  214  2147483647  0  30642  0  195387  0  0  2147483647  0  0  0  2147483647  0  
1439937221  11557035  13556  905995905  571901  29146  570727  20570  154  13536  6690  168928  5813  1375349  3828  121233  894689654  20  208  480  55089  0  20774  214  2147483647  0  79514  0  30910570  85070527  61  281  154318  5487  1206  4198  63719  
1439937231  11557035  13556  905995905  571901  29146  570727  20570  154  13536  6690  168928  5813  1375349  3828  121233  894689654  20  208  480  55089  0  22240  214  2147483647  0  79514  0  33573406  85179709  61  281  154318  5487  1207  4198  63719  
1439937241  11802114  14465  986691704  571901  29146  570727  20781  154  14417  6690  14426623  5813  3318984  10416  121233  975854073  48  205  16190  55089  0  22652  214  2147483647  0  79514  0  34426097  98814203  112  281  154318  5487  1354  3711  92240  
1439937251  11802114  14931  1085690510  571901  29146  570727  20781  154  14869  6690  67928898  5813  5077358  10416  492574  1074964367  62  205  70431  55089  0  22652  214  2147483647  0  79514  0  34426097  98814203  136  281  154318  5487  1354  3711  109422  
1439937261  11802114  14931  1085690510  571901  29146  570727  20781  154  14869  6690  142194330  5813  5077358  32917  492574  1074964367  62  205  152460  55089  0  22652  214  2147483647  0  79514  0  34426097  98814203  136  281  154318  5487  1354  3711  109422  
1439937271  11802114  16092  1276462447  571901  29146  570727  20781  154  16015  6690  212378652  5813  6714168  32917  492574  1264475423  77  205  231831  55089  0  22908  214  2147483647  0  229338  0  36598176  98814203  162  281  154318  5487  1354  3711  122663  
1439937281  11882249  16908  1468794379  571901  29146  570727  20869  154  16830  6690  287079097  5813  6836716  42388  492574  1453985649  78  205  325417  55089  0  23557  211  2147483647  0  229338  0  41386933  117431454  170  281  154318  5487  1557  3711  132845  
1439937291  18133542  18602  1589674397  571901  30965  570727  28459  154  18523  6418  349268845  5701  6921550  42388  492574  1571153351  79  205  449261  55089  0  26239  205  2147483647  0  229338  0  44208165  135286597  175  281  154318  5487  1778  3711  137616  
1439937301  32182386  21744  1757968737  571901  30965  570727  44920  154  21664  6270  405829428  5620  7071236  42388  492574  1732289246  80  205  547099  55089  0  29191  205  2147483647  0  229338  0  48944606  154073745  180  281  154318  5487  1992  3711  142194  
1439937311  51142720  23760  1813372908  571901  30965  570727  63318  154  23680  6270  457973136  5620  7071236  49671  492574  1781240465  80  205  603019  55089  0  30762  205  2147483647  0  229338  0  51886085  156774622  180  281  154318  5487  2022  3711  142194  
1439937321  70280822  25632  1864792139  571901  30965  570727  82961  154  25552  6270  513359397  5620  7071236  49671  492574  1826944795  80  205  665859  55089  0  32586  205  2147483647  0  229338  0  55151927  156774622  180  281  154318  5487  2022  3711  142194  
1439937331  86941867  28639  1988662702  571901  30965  570727  99665  154  28557  6270  563609720  5620  7199014  49671  492574  1941829281  82  205  723752  55089  0  33628  205  2147483647  0  229338  0  57346653  157664384  180  281  154318  5487  2037  3711  142194  
1439937341  105639090  41673  2345570692  571901  30965  570727  118608  154  41589  6221  609510507  5589  7355914  49671  492574  2266129656  84  205  774944  55089  0  35216  205  2147483647  0  229338  0  60353443  158306480  180  281  154318  5487  2055  3711  142194  
1439937351  123458732  59237  2838971319  571901  38843  570727  135801  154  59151  6194  651945443  5498  8270538  49671  492574  2712235216  86  205  820622  55089  0  36179  205  2147483647  0  229338  0  63169967  159014863  180  281  154318  5487  2065  3711  142194  
1439937362  140247131  77757  3293143555  571901  38843  570727  152283  154  77671  6194  682304238  5498  8270538  49671  492574  3118936681  86  205  854869  55089  0  37224  205  2147483647  0  229338  0  66420830  164561920  180  281  154318  5487  2136  3711  142194  
1439937372  153401818  97820  3789871930  571901  38843  570727  164891  154  97734  6161  712734760  5498  8270538  49671  492574  3563887117  86  205  886358  55089  0  38295  205  2147483647  0  389623  0  73998060  326340974  180  281  184001  5487  4798  3711  142194  
1439937382  160320030  116995  4040914276  571901  45661  570727  178289  154  116909  6161  723488702  5498  8270538  49671  492574  3789320777  86  205  907495  55089  0  38740  205  2147483647  0  389623  0  77730420  485800748  180  281  184001  5487  8747  3711  142194  
1439937392  179206314  134074  4416922265  571901  45661  570727  196183  154  133988  6161  756778163  5483  8270538  49671  492574  4126478655  86  205  961600  55089  0  41238  205  2147483647  0  389623  0  86000278  808191925  180  281  184001  5487  13432  3711  142194  
1439937402  196840898  149400  4797660925  571901  45661  570727  213242  154  149314  6161  778792605  5483  8270538  49671  492574  4467550986  86  205  985492  55089  0  42430  205  2147483647  0  419911  0  93229823  1085643469  180  281  184001  5487  17238  3711  142194  
1439937412  219541086  168234  5288256342  571901  45661  570727  234240  154  168148  6161  803602997  5483  8270538  49671  492574  4906380304  86  205  1011583  55089  0  43357  205  2147483647  0  419911  0  101142803  1325456227  180  281  184001  5487  20728  3711  142194  
1439937422  242153760  184427  5685501301  571901  45661  570727  255405  154  184341  6161  829351140  5483  8270538  49671  492574  5261606741  86  205  1038608  55089  0  43774  205  2147483647  0  419911  0  107357198  1535787960  180  281  184001  5487  23881  3711  142194  
1439937432  262014746  205038  6181738930  571901  45661  570727  274226  154  204952  6161  855884399  5483  8270538  49671  492574  5706277085  86  205  1066271  55089  0  44620  205  2147483647  0  419911  0  114971617  1902185856  180  281  184001  5487  29181  3711  142194  
1439937442  278857227  223575  6620373364  571901  45661  570727  290548  154  223489  6161  878251686  5483  8270538  49671  492574  6098859271  86  205  1090124  55089  0  45059  205  2147483647  0  419911  0  121188353  2167365671  180  281  184001  5487  33701  3711  142194  
1439937452  298101931  245160  7115300697  571901  45661  570727  309240  154  245074  6161  905632689  5483  8270538  84630  492574  6541734741  86  205  1119404  55089  0  46098  205  2147483647  0  551087  0  130558142  2506478671  180  281  184001  5487  38758  3711  142194  
1439937462  313823276  263045  7578762598  571901  45661  570727  324383  154  262957  6161  927202900  5483  8443793  84630  492574  6960626086  88  205  1142822  55089  0  46549  205  2147483647  0  551087  0  137996206  2829651926  180  281  184001  5487  43818  3711  142194  
1439937472  332003561  288705  8193561384  571901  45661  570727  342988  154  288617  6161  949967414  5483  8443793  84630  492574  7511334478  88  205  1166724  55089  0  47390  205  2147483647  0  551087  0  148465762  3239781038  180  281  184001  5487  49950  3711  142194  
1439937482  350705891  315047  8844074225  571901  45661  570727  360425  154  314959  6136  969254030  5483  8443793  84630  492574  8092939793  88  205  1187562  55089  0  48190  205  2147483647  0  551087  0  158366949  3740600578  180  281  184001  5487  57365  3711  142194  
1439937492  368264640  339701  9463078673  571901  45661  570727  376715  154  339613  6136  991839265  5483  8443793  84630  492574  8647671515  88  205  1211076  55089  0  48775  205  2147483647  0  551087  0  169456005  4239787546  180  281  184001  5487  64653  3711  142194  
1439937502  384647203  362567  10021380154  571901  45661  570727  393231  154  362479  6103  1009030387  5483  8443793  84630  492574  9147582967  88  205  1229649  55089  0  49561  205  2147483647  0  551087  0  179795458  4586966210  180  281  184001  5487  69696  3711  142194  
1439937512  401613423  388757  10628930205  571901  45661  570727  410071  154  388669  6103  1031834386  5483  8443793  84630  492574  9691199077  88  205  1254145  55089  0  50123  205  2147483647  0  551087  0  191974022  5146991697  180  281  184001  5487  77840  3711  142194  
1439937522  417031740  411939  11158581971  571901  45661  570727  424582  154  411851  6103  1050901353  5483  8443793  84630  492574  10165010369  88  205  1274838  55089  0  50867  205  2147483647  0  1518008  0  203424883  5574062813  180  281  184001  5487  83955  3711  142194  
1439937532  437735906  442365  11876651952  571901  45661  570727  444220  154  442277  6103  1077549335  5483  8443793  84630  492574  10807335154  88  205  1302676  55089  0  51643  205  2147483647  0  1518008  0  218660771  6131735493  180  281  184001  5487  92125  3711  142194  
1439937542  454694375  465797  12440903364  571901  45661  570727  459498  154  465709  6103  1096912660  5483  8443793  84630  492574  11314105291  88  205  1324489  55089  0  52446  205  2147483647  0  1518008  0  228437390  6604637464  180  281  184001  5487  99593  3711  142194  
1439937552  471507165  490792  13052396413  571901  45661  570727  474437  154  490704  6103  1120640540  5483  8443793  84630  492574  11860445806  88  205  1349734  55089  0  53391  205  2147483647  0  1518008  0  241556276  7242159558  180  281  184001  5487  108404  3711  142194  
1439937562  489466617  514642  13652974247  571901  45661  570727  490744  154  514554  6103  1144163982  5483  8443793  84630  492574  12397518672  88  205  1373942  55089  0  53911  205  2147483647  0  1518008  0  251876259  7780970358  180  281  184001  5487  116163  3711  142194  
1439937572  509648331  541106  14280231349  571901  45661  570727  509217  154  541018  6103  1166859311  5483  8443793  84630  492574  12958710654  88  205  1397875  55089  0  54762  205  2147483647  0  1518008  0  270076015  8250457496  180  281  184001  5487  123046  3711  142194  
1439937582  530379609  564382  14844472297  571901  45661  570727  527933  154  564294  6103  1190499903  5483  8443793  84630  492574  13463754171  88  205  1422053  55089  0  55657  205  2147483647  0  1518008  0  291573814  8718187428  180  281  184001  5487  129527  3711  142194  
1439937592  543214896  585729  15384950886  582847  45661  577871  540280  154  585641  6103  1214230211  5483  8443793  84630  492574  13950874627  88  205  1446899  55089  0  56529  205  2147483647  0  1518008  0  314716494  9249375286  180  281  184001  5487  137309  3711  142194  
1439937602  561148742  612996  16003210178  582847  45661  577871  556791  154  612908  6103  1243476233  5483  8443793  84630  492574  14504975766  88  205  1477189  55089  0  57608  205  2147483647  0  1518008  0  338312151  9918505623  180  281  184001  5487  147768  3711  142194  
1439937612  576051983  634562  16484392287  582847  45661  577871  571184  154  634474  6103  1263052283  5480  8443793  84630  492574  14935458634  88  205  1497556  55089  0  58066  205  2147483647  0  1518008  0  346696955  10403493188  180  281  184001  5487  155066  3711  142194  
1439937622  594758411  661784  17142782890  582847  45661  577871  588841  154  661697  6103  1285711106  5480  8443793  84630  492574  15523442820  88  205  1523194  55089  0  59143  205  2147483647  0  1518008  0  369664633  10978754705  180  281  184001  5487  164177  3711  142194  
1439937632  614466066  688838  17806884383  582847  53940  577871  606565  154  688751  6103  1309722361  5480  8443793  84630  492574  16118120235  88  205  1547567  55089  0  60070  205  2147483647  0  1518008  0  385220925  11533176044  180  281  184001  5487  172141  3711  142194  
1439937642  629485915  709693  18280259166  582847  53940  577871  621252  154  709606  6103  1330757400  5480  8443793  84630  492574  16540864197  88  205  1569829  55089  0  60525  205  2147483647  0  1518008  0  395087338  11925770782  180  281  184001  5487  178352  3711  142194  
1439937652  644014613  729574  18759570817  582847  53940  577871  634453  154  729487  6103  1352693510  5480  8443793  84630  492574  16969401889  88  205  1594346  55089  0  61354  205  2147483647  0  1518008  0  408806041  12421258327  180  281  184001  5487  186711  3711  142194  
1439937662  659832880  753202  19285893413  582847  53940  577871  649647  154  753115  6103  1377025335  5480  8443793  84630  492574  17440513116  88  205  1620172  55089  0  62269  205  2147483647  0  1518008  0  430578771  12980720593  180  281  184001  5487  195002  3711  142194  
1439937672  674925773  774055  19760943986  582847  53940  577871  663339  154  773968  6103  1398112574  5480  8443793  84630  492574  17865584450  88  205  1643161  55089  0  62800  205  2147483647  0  1518008  0  442204396  13485938354  180  281  184001  5487  202643  3711  142194  
1439937682  690667818  795400  20259123796  582847  53940  577871  678068  154  795313  6103  1419085151  5480  8443793  84630  492574  18311610644  88  205  1666332  55089  0  63614  205  2147483647  0  1518008  0  461272501  14010498917  180  281  184001  5487  211126  3711  142194  
1439937693  706765597  816022  20789873465  582847  53940  577871  691756  154  815935  6103  1441906036  5480  8443793  84630  492574  18786064416  88  205  1688249  55089  0  64523  205  2147483647  0  1518008  0  488199409  14433229383  180  281  184001  5487  217161  3711  142194  
1439937703  725494836  841988  21408719390  582847  53940  577871  708014  154  841901  6103  1465915147  5480  8443793  84630  492574  19339345255  88  205  1712601  55089  0  65505  205  2147483647  0  1976467  0  517505477  15066935005  180  281  184001  5487  226252  3711  142194  
1439937713  737861323  861214  21877889037  582847  53940  577871  719951  154  861127  6103  1483556759  5480  8443793  84630  492574  19760148590  88  205  1732302  55089  0  65981  205  2147483647  0  1976467  0  525188380  15455926025  180  281  184001  5487  232267  3711  142194  
1439937723  755295064  880777  22331265497  582847  53940  577871  735469  154  880690  6103  1506837762  5480  8443793  84630  492574  20165646018  88  205  1756593  55089  0  66848  205  2147483647  0  1976467  0  545100216  15921137681  180  281  184001  5487  239289  3711  142194  
1439937733  773236303  907772  22967494206  582847  53940  577871  751865  154  907685  6103  1529317079  5480  8443793  84630  492574  20740716370  88  205  1780745  55089  0  67796  205  2147483647  0  1976467  0  570434614  16523970389  182  281  184001  5487  248396  3711  145446  
1439937743  790272463  929800  23551644224  582847  53940  577871  766858  154  929713  6103  1547785686  5480  8443793  84630  492574  21266196102  88  205  1799912  55089  0  68578  205  2147483647  0  1976467  0  594736453  17071369659  182  281  184001  5487  256458  3711  145446  
1439937753  807279944  953199  24140139414  582847  53940  577871  781875  154  953112  6103  1567908868  5480  8443793  84630  492574  21792275464  88  205  1820361  55089  0  69324  205  2147483647  0  1976467  0  611382696  17634645998  182  281  184001  5487  264292  3711  145446  
1439937763  827992572  978319  24860737243  582847  53940  577871  800654  154  978232  6103  1586710331  5480  8443793  84630  492574  22448184556  88  205  1840981  55089  0  70061  205  2147483647  0  1976467  0  622543737  18116314398  184  281  184001  5487  271477  3711  149461  
1439937773  842040755  999878  25391117289  582847  53940  577871  813624  154  999791  6103  1603555178  5480  8443793  84630  492574  22925762772  88  205  1858813  55089  0  70802  205  2147483647  0  1976467  0  641415974  18616914467  184  281  184001  5487  278779  3711  149461  
1439937783  856081566  1022083  25938164500  582847  53940  577871  826176  154  1021996  6103  1620898267  5480  8443793  84630  492574  23415263168  88  205  1877388  55089  0  71529  205  2147483647  0  1976467  0  659426503  19094338188  184  281  537658  5487  286063  3711  149461  
1439937793  872845864  1044253  26526265857  582847  53940  577871  840712  154  1044166  6103  1640177917  5480  8443793  84630  492574  23943031479  88  205  1896855  55089  0  72321  205  2147483647  0  1976467  0  681049702  19606832636  185  281  537658  5487  293910  3711  151600  
1439937803  886637458  1062338  27066783682  593262  53940  581157  852607  154  1062251  6103  1657446545  5480  8443793  84630  492574  24437333481  88  205  1916279  55089  0  73300  205  2147483647  0  1976467  0  706093348  20028209325  186  281  537658  5487  300565  3711  153646  
1439937813  900011705  1083512  27552301466  593262  53940  581157  865286  154  1083425  6103  1674229951  5480  8443793  84630  492574  24873639263  88  205  1933951  55089  0  73748  205  2147483647  0  1976467  0  717796459  20479067741  186  281  537658  5487  307020  3711  153646  
1439937823  915492406  1102024  28026831251  593262  53940  581157  879066  154  1101937  6103  1692341743  5480  8443793  84630  492574  25298280957  88  205  1952418  55089  0  74493  205  2147483647  0  1976467  0  736468021  20849894295  186  281  537658  5487  312912  3711  153646  
1439937833  933036352  1124651  28548596929  593262  53940  581157  894332  154  1124564  6103  1707074226  5480  8443793  84630  492574  25764366474  88  205  1968487  55089  0  75459  205  2147483647  0  1976467  0  758824471  21251084240  186  281  537658  5487  318787  3711  153646  
1439937843  947758991  1144027  28997192944  593262  53940  581157  907907  154  1143940  6103  1724190202  5480  8443793  84630  492574  26166167588  88  205  1986114  55089  0  75890  205  2147483647  0  1976467  0  767584640  21656729717  186  281  537658  5487  325302  3711  153646  
1439937853  965218601  1167021  29555347843  593262  53940  581157  923286  154  1166934  6103  1747032583  5480  8443793  84630  492574  26665712985  88  205  2009089  55089  0  77022  205  2147483647  0  1976467  0  807814664  22216618586  186  281  537658  5487  332749  3711  153646  
1439937863  977860410  1185826  30015871931  593262  53940  581157  934795  154  1185739  6103  1766358778  5480  8443793  84630  492574  27078171290  88  205  2029123  55089  0  77494  205  2147483647  0  1976467  0  818243711  22706573038  186  281  537658  5487  340119  3711  153646  
1439937873  989988624  1204776  30418069437  593262  53940  581157  946878  154  1204689  6103  1787189190  5480  8443793  84630  492574  27438425888  88  205  2052655  55089  0  78446  205  2147483647  0  1976467  0  831608708  23176754149  186  281  537658  5487  347878  3711  153646  
1439937883  1005536841  1226334  30938924301  593262  53940  581157  961345  154  1226247  6103  1808891772  5480  8443793  89342  492574  27905923135  88  205  2076941  55089  0  79351  205  2147483647  0  1976467  0  849735457  23701428349  186  281  537658  5487  355641  3711  153646  
1439937893  1018609052  1247767  31434112343  593262  53940  581157  973983  154  1247680  6103  1826948947  5480  8443793  89342  492574  28349269312  88  205  2095514  55089  0  80056  205  2147483647  0  1976467  0  868017319  24196426355  186  281  537658  5487  363531  3711  153646  
1439937903  1030923415  1269444  31940904071  593262  53940  581157  985756  154  1269357  6103  1847376773  5480  8443793  89342  492574  28802963846  88  205  2117836  55089  0  80599  205  2147483647  0  1976467  0  878349951  24764431341  186  281  537658  5487  372161  3711  153646  
1439937913  1047094875  1290244  32441929093  593262  53940  581157  1000287  154  1290157  6103  1868085208  5480  8443793  89342  492574  29251333287  88  205  2138914  55089  0  81382  205  2147483647  0  1976467  0  899645457  25248531055  186  281  537658  5487  379186  3711  153646  
1439937923  1065342409  1315040  33002399913  593262  53940  581157  1017196  154  1314953  6103  1885423419  5480  8443793  89342  492574  29752156611  88  205  2158858  55089  0  82544  205  2147483647  0  1976467  0  932792828  25666768699  186  281  537658  5487  385912  3711  153646  
1439937933  1078364907  1332453  33446403193  593262  53940  581157  1028466  154  1332366  6103  1904682050  5480  8443793  89342  492574  30149537686  88  205  2177366  55089  0  83421  205  2147483647  0  1976467  0  957519928  26109445746  186  281  537658  5487  392025  3711  153646  
1439937943  1092345710  1351633  33902721068  593262  53940  581157  1040596  154  1351546  6103  1925954813  5480  8443793  89342  492574  30557465388  88  205  2198710  55089  0  83917  205  2147483647  0  1976467  0  968125366  26585801210  186  281  537658  5487  399327  3711  153646  
1439937953  1106087064  1371461  34372080774  593262  53940  581157  1053424  154  1371374  6103  1946015158  5480  8443793  89342  492574  30977509803  88  205  2220204  55089  0  84759  205  2147483647  0  1976467  0  991239920  27125740349  186  281  537658  5487  407402  3711  153646  
1439937963  1120396005  1391356  34841249534  593262  53940  581157  1066289  154  1391269  6103  1965023356  5480  8443793  89342  492574  31397096842  88  205  2239640  55089  0  85584  205  2147483647  0  1976467  0  1014164199  27631064241  186  281  537658  5487  414722  3711  153646  
1439937973  1134588759  1412237  35347330362  593262  53940  581157  1079093  154  1412150  6103  1985362409  5480  8443793  89342  492574  31850276339  88  205  2260469  55089  0  86419  205  2147483647  0  1976467  0  1036198217  28144781978  186  281  537658  5487  422595  3711  153646  
1439937983  1148395886  1433553  35857248135  593262  53940  581157  1091289  154  1433466  6103  2005201046  5480  8443793  89342  492574  32306719297  88  205  2280376  55089  0  86840  205  2147483647  0  1976467  0  1045590253  28709409417  186  281  537658  5487  430211  3711  153646  
1439937993  1161598551  1453997  36322195703  593262  53940  581157  1104436  154  1453910  6103  2026467220  5480  8443793  89342  492574  32722899098  88  205  2303206  55089  0  87686  205  2147483647  0  1976467  0  1064435013  29243751278  186  281  537658  5487  438681  3711  153646  
1439938003  1175972451  1473719  36802470207  593262  53940  581157  1117719  154  1473633  6103  2046843119  5480  8443793  89342  492574  33151940430  88  205  2324925  55089  0  88549  205  2147483647  0  1976467  0  1087142433  29668665169  186  281  537658  5487  445729  3711  153646  
1439938013  1193358391  1496834  37390790955  593262  53940  581157  1132088  154  1496748  6103  2069516466  5480  8443793  89342  492574  33678458610  88  205  2347091  55089  0  89429  205  2147483647  0  1976467  0  1104357787  30209905857  186  281  537658  5487  453146  3711  153646  
1439938023  1209495708  1522066  37992592091  593262  53940  581157  1146612  154  1521980  6103  2093689433  5480  8443793  89342  492574  34217387667  88  205  2371885  55089  0  90321  205  2147483647  0  1976467  0  1124452493  30860199584  189  281  537658  5487  463168  3711  162653  
1439938033  1223242394  1542539  38492243750  593262  53940  581157  1159631  154  1542453  6103  2111976711  5480  8443793  89342  492574  34667399384  88  205  2391952  55089  0  91088  205  2147483647  0  2419860  0  1139684957  31408396520  189  281  537658  5487  472253  3711  162653  
1439938043  1237626534  1561592  38967371688  593262  53940  581157  1172421  154  1561506  6103  2131473602  5480  8443793  89342  492574  35094358728  88  205  2411401  55089  0  91849  205  2147483647  0  2419860  0  1155988047  31875303690  189  281  537658  5487  478893  3711  162653  
1439938053  1253911422  1581220  39621018072  604191  53940  602195  1187110  154  1581134  6103  2146963139  5480  8443793  89342  492574  35696060150  88  205  2427558  55089  0  92225  205  2147483647  0  2419860  0  1164428412  32228934009  189  281  537658  5487  484134  3711  162653  
1439938063  1265880950  1604102  40212187312  607709  53940  602195  1198631  154  1604016  6103  2168716495  5480  8443793  89342  492574  36231195461  88  205  2449938  55089  0  93102  205  2147483647  0  2419860  0  1188684637  32834026991  189  281  537658  5487  493688  3711  162653  
1439938073  1280326160  1622875  40703449277  607709  53940  602195  1211456  154  1622789  6103  2190388622  5480  8443793  89342  492574  36674833267  88  205  2471160  55089  0  93912  205  2147483647  0  2419860  0  1209447367  33335646565  189  281  537658  5487  500708  3711  162653  
1439938083  1295429853  1644526  41270565970  624185  53940  618140  1225190  154  1644441  6103  2212745643  5480  8443793  89342  492574  37186305289  88  205  2493965  55089  0  94803  205  2147483647  0  2419860  0  1232665175  33904876002  189  281  537658  5487  509018  3711  162653  
1439938094  1311998371  1664029  41746896590  624185  53940  618140  1239413  154  1663944  6103  2236546859  5480  8443793  89342  492574  37613082649  88  205  2517620  55089  0  95339  205  2147483647  0  2419860  0  1243508034  34384889910  189  281  537658  5487  515658  3711  162653  
1439938104  1325537692  1681961  42186953801  624185  53940  618140  1251903  154  1681876  6103  2255971263  5480  8443793  89342  492574  38007869240  88  205  2537957  55089  0  96187  205  2147483647  0  2419860  0  1265809333  34830033085  189  281  537658  5487  522366  3711  162653  
1439938114  1338643726  1704564  42697109479  624185  53940  618140  1264602  154  1704479  6103  2276728444  5480  8443793  89342  492574  38464837666  88  205  2561573  55089  0  97057  205  2147483647  0  2419860  0  1288664519  35445878581  189  281  537658  5487  531751  3711  162653  
1439938124  1353272275  1725032  43211392375  624185  53940  618140  1277397  154  1724948  6103  2296631850  5480  8443793  89342  492574  38925421196  88  205  2581589  55089  0  97863  205  2147483647  0  2419860  0  1311336957  35916269230  189  281  537658  5487  538836  3711  162653  
1439938134  1368391105  1746056  43755383818  624185  53940  618140  1290541  154  1745972  6103  2317459270  5480  8443793  89342  492574  39414337098  88  205  2601884  55089  0  98358  205  2147483647  0  2419860  0  1321033931  36449279697  189  281  537658  5487  546487  3711  162653  
1439938144  1387801685  1772531  44448691432  624185  53940  618140  1306849  154  1772447  6103  2339047290  5480  8443793  89342  492574  40036905847  88  205  2625028  55089  0  99262  205  2147483647  0  2419860  0  1348270397  37117777819  189  281  537658  5487  556823  3711  162653  
1439938154  1401771702  1791152  44915513596  624185  53940  618140  1319346  154  1791068  6103  2357356544  5480  8443793  89342  492574  40454922707  88  205  2643741  55089  0  100043  205  2147483647  0  2419860  0  1370910143  37587292983  189  281  537658  5487  563124  3711  162653  
1439938164  1416672964  1814363  45480661015  624185  53940  618140  1333312  154  1814280  6103  2378309694  5480  8443793  89342  492574  40961312780  88  205  2667443  55089  0  100969  205  2147483647  0  2419860  0  1392646152  38104813638  189  281  537658  5487  571384  3711  162653  
1439938174  1430531952  1834465  45960464059  624185  53940  618140  1346211  154  1834382  6103  2398007696  5480  8443793  89342  492574  41391026933  88  205  2687010  55089  0  101428  205  2147483647  0  2419860  0  1402145563  38572215510  189  281  537658  5487  578043  3711  162653  
1439938184  1446432942  1857235  46505425053  624185  53940  618140  1360981  154  1857152  6103  2420174101  5480  8443793  89342  492574  41878241833  88  205  2710536  55089  0  102300  205  2147483647  0  2419860  0  1424530876  39049868374  189  281  537658  5487  585589  3711  162653  
1439938194  1460644726  1875094  46922158329  624185  53940  618140  1373908  154  1875011  6103  2433671492  5480  8443793  89342  492574  42251028343  88  205  2725368  55089  0  102957  205  2147483647  0  2419860  0  1444028900  39589714510  199  281  537658  5487  592761  2652  179672  
1439938204  1500705913  1909065  47867465370  624185  53940  618140  1405029  154  1908982  6103  2440710430  5480  8443793  89342  492574  43095875057  88  205  2732635  55089  0  104494  205  2147483647  0  2419860  0  1493927969  39874427830  205  281  537658  5487  596836  2652  190805  
1439938214  1542271687  1940191  48752660060  624185  53940  618140  1436194  154  1940108  6103  2440978942  5480  8443793  89342  492574  43886042442  88  205  2732769  55089  0  105859  205  2147483647  0  2419860  0  1541445893  39938054796  207  281  537658  5487  597580  2652  194504  
1439938224  1608324766  1992609  50210076241  624185  53940  618140  1488118  154  1992526  6103  2441539381  5480  8443793  89342  492574  45187648248  88  205  2733212  55089  0  108813  205  2147483647  0  2419860  0  1646229642  39971887640  207  281  537658  5487  597992  2652  194504  
1439938234  1677489114  2050109  51763841755  624185  53940  618140  1545214  154  2050026  6103  2441952617  5480  8443793  89342  492574  46575123528  88  205  2733423  55089  0  110723  205  2147483647  0  2419860  0  1712838327  39995238718  207  281  537658  5487  598290  2652  194504  
1439938244  1750180788  2109889  53393392684  624185  53940  618140  1604221  154  2109806  6103  2441960490  5480  8443793  89342  492574  48029470787  88  205  2733426  55089  0  114238  205  2147483647  0  2419860  0  1826189319  40039731970  207  281  537658  5487  598840  2652  194504  
1439938254  1813459653  2162235  54805335346  624185  53940  618140  1656459  154  2162152  6103  2442894365  5480  8443793  89342  492574  49291330389  88  205  2734229  55089  0  116578  205  2147483647  0  2419860  0  1895396039  40079293730  207  281  537658  5487  599357  2652  194504  
1439938264  1874624307  2211419  56170049362  624185  53940  618140  1705389  154  2211336  6103  2443386230  5480  8443793  89342  492574  50511232487  88  205  2734499  55089  0  118344  205  2147483647  0  2419860  0  1949914081  40088020606  207  281  537658  5487  599491  2652  194504  
1439938274  1927603836  2253841  57353927573  624185  53940  618140  1747163  154  2253758  6103  2443417169  5480  8443793  89342  492574  51569203165  88  205  2734512  55089  0  119928  205  2147483647  0  2419860  0  1996503202  40109344291  207  281  537658  5487  599760  2652  194504  
1439938284  2002258068  2316839  59072775083  624185  53940  618140  1809067  154  2316756  6103  2443473264  5480  8443793  89342  492574  53105580153  88  205  2734549  55089  0  123599  205  2147483647  0  2419860  0  2127347154  40157590409  207  281  537658  5487  600330  2652  194504  
