#Type:X;CI:2;ww:0;ca:0;co:0;fr:0;Type:X;CI:2;PI:0;PT:EP;U0:0;U1:0;Type:X;CI:2;PI:1;PT:EP;U0:0;U1:0;
#time  Pp  gt  gs  cn  cm  cb  Nc  Pc  cp  Tc  Nm  pr  ps  pt  px  pd  Pm  Om  fs  ft  Oc  Em  Gp  Ec  Ge  ot  os  Total_cycles_diff  Successful_get_diff  Total_get_diff  succ_put_diff  total_put_diff  get_hit  
1439938591  0  0  0  0  0  0  0  0  0  1374591  0  0  0  0  0  0  0  0  0  21  0  0  0  0  0  46  0  1374591  0  0  0  0  
1439938601  0  0  0  0  0  0  0  0  0  1374591  0  0  0  0  0  0  0  0  0  21  0  0  0  0  0  46  0  0  0  0  0  0  0 
1439938611  0  551  342  0  0  0  189  2719  0  28823995  233  0  3402  3402  0  0  3402  351  0  130  200  3402  0  2719  342  3263  112  27449404  342  551  3402  3402  62.0689655172  
1439938621  0  552  343  0  0  0  189  2718  0  28857304  233  0  3402  3402  0  0  3402  351  0  130  199  3402  0  2718  343  3263  112  33309  1  1  0  0  62.1376811594  
1439938631  0  552  343  0  0  0  189  2718  0  28857304  233  0  3402  3402  0  0  3402  351  0  130  199  3402  0  2718  343  3263  112  0  0  0  0  0  62.1376811594  
1439938641  0  552  343  0  0  0  218  3176  0  36523001  233  0  3860  3860  0  0  3402  351  0  2489  236  3402  0  3176  343  3263  112  7665697  0  0  458  458  62.1376811594  
1439938651  0  552  343  0  0  0  218  3177  0  55836335  233  0  3861  3861  0  0  3402  351  0  22329  237  3402  0  3177  343  3263  112  19313334  0  0  1  1  62.1376811594  
1439938661  0  552  343  0  0  0  218  3177  0  82472314  233  0  3861  3861  0  0  3402  351  0  50818  237  3402  0  3177  343  3263  112  26635979  0  0  0  0  62.1376811594  
1439938672  0  552  343  0  0  0  173  2880  0  110956410  233  0  4045  4045  0  0  3402  351  0  77432  165  3402  0  2880  343  3428  184  28484096  0  0  184  184  62.1376811594  
1439938682  0  565  347  0  0  0  122  2877  0  148607780  233  0  4629  4629  0  0  3427  351  0  104574  85  3427  0  2877  347  3557  263  37651370  4  13  584  584  61.4159292035  
1439938692  0  3371  552  0  0  0  110  2455  0  166852708  233  0  4650  4650  0  0  3427  351  0  139337  64  3427  0  2455  552  4297  286  18244928  205  2806  21  21  16.374962919  
1439938702  0  7796  552  0  0  0  123  2654  0  184980876  233  0  4863  4863  0  0  3427  351  0  150130  76  3427  0  2654  552  4924  287  18128168  0  4425  213  213  7.08055413032  
1439938712  0  15643  552  0  0  0  172  3502  0  223008789  233  0  5716  5716  0  0  3502  351  0  166894  105  3502  0  3502  552  5248  290  38027913  0  7847  853  853  3.5287348974  
1439938722  0  23353  552  0  0  0  227  4476  0  265051615  233  0  6721  6721  0  0  4476  351  0  184197  141  4476  0  4476  552  5582  295  42042826  0  7710  1005  1005  2.36372200574  
1439938732  0  27065  552  0  0  0  239  4647  0  279089013  239  0  6892  6892  0  0  4647  351  0  192813  150  4647  0  4647  552  5742  295  14037398  0  3712  171  171  2.03953445409  
1439938742  0  33142  558  0  0  0  420  9642  0  358454008  420  0  11893  11893  0  0  9642  351  0  200293  247  9642  0  9642  558  5892  295  79364995  6  6077  5001  5001  1.6836642327  
1439938752  0  39714  559  0  0  0  628  16478  0  448612712  628  0  19377  19377  0  0  16478  366  0  207095  366  16478  0  16478  559  6051  306  90158704  1  6572  7484  7484  1.40756408319  
1439938762  0  44634  559  0  0  0  797  22467  0  538075074  797  0  25366  25366  0  0  22467  451  0  212510  451  22467  0  22467  559  6168  306  89462362  0  4920  5989  5989  1.25240847784  
1439938772  0  49372  1601  0  0  0  945  27346  0  651599441  945  0  31993  31993  0  0  27346  527  0  218430  527  27346  0  27346  1601  6313  324  113524367  1042  4738  6627  6627  3.24272867212  
1439938782  0  54488  3013  0  0  0  1033  30645  0  753525083  1034  0  37806  37806  0  0  30705  563  1  224506  562  30705  0  30645  3013  6449  347  101925642  1412  5116  5813  5813  5.52965790633  
1439938792  0  59295  4059  0  0  0  1141  34591  0  867676561  1142  0  44627  44627  0  0  34724  602  6  231098  598  34724  0  34591  4059  6617  374  114151478  1046  4807  6821  6821  6.84543384771  
1439938802  0  62457  4211  0  0  0  0  0  0  1021867303  1159  0  47657  49539  1882  0  35106  607  7  235798  0  35106  0  0  4211  6724  380  154190742  152  3162  3030  4912  6.7422386602  
1439938812  0  62457  4211  0  0  0  0  0  0  1066259766  1159  0  47657  53821  6164  0  35106  607  7  241854  0  35106  0  0  4211  6862  380  44392463  0  0  0  4282  6.7422386602  
1439938822  0  62457  4211  0  0  0  0  0  0  1158687382  1159  0  47657  61826  14169  0  35106  607  7  250954  0  35106  0  0  4211  7081  380  92427616  0  0  0  8005  6.7422386602  
1439938832  0  62457  4211  0  0  0  0  0  0  1224793602  1159  0  47657  66788  19131  0  35106  607  7  258689  0  35106  0  0  4211  7385  380  66106220  0  0  0  4962  6.7422386602  
1439938842  0  62457  4211  0  0  0  0  0  0  1304875725  1159  0  47657  74404  26747  0  35106  607  7  265714  0  35106  0  0  4211  7566  380  80082123  0  0  0  7616  6.7422386602  
1439938852  0  62457  4211  0  0  0  0  0  0  1366934144  1159  0  47657  79611  31954  0  35106  607  7  270772  0  35106  0  0  4211  7696  380  62058419  0  0  0  5207  6.7422386602  
1439938862  0  62457  4211  0  0  0  0  0  0  1438680159  1159  0  47657  85487  37830  0  35106  607  7  278266  0  35106  0  0  4211  7885  380  71746015  0  0  0  5876  6.7422386602  
1439938872  0  62457  4211  0  0  0  0  0  0  1499071068  1159  0  47657  90613  42956  0  35106  607  7  284902  0  35106  0  0  4211  8053  380  60390909  0  0  0  5126  6.7422386602  
1439938882  0  62457  4211  0  0  0  0  0  0  1580376814  1159  0  47657  96893  49236  0  35106  607  7  291256  0  35106  0  0  4211  8233  380  81305746  0  0  0  6280  6.7422386602  
1439938892  0  62457  4211  0  0  0  0  0  0  1651496882  1159  0  47657  102930  55272  0  35106  607  7  297012  0  35106  0  0  4211  8388  380  71120068  0  0  0  6037  6.7422386602  
1439938902  0  62457  4211  0  0  0  0  0  0  1708243015  1159  0  47657  107614  59956  0  35106  607  7  302685  0  35106  0  0  4211  8526  380  56746133  0  0  0  4684  6.7422386602  
1439938912  0  62457  4211  0  0  0  0  0  0  1785607539  1159  0  47657  113925  66267  0  35106  607  7  311163  0  35106  0  0  4211  8742  380  77364524  0  0  0  6311  6.7422386602  
1439938922  0  62457  4211  0  0  0  0  0  0  1857081311  1159  0  47657  119921  72263  0  35106  607  7  318126  0  35106  0  0  4211  8915  380  71473772  0  0  0  5996  6.7422386602  
1439938932  0  62457  4211  0  0  0  0  0  0  1899561516  1159  0  47657  123457  75799  0  35106  607  7  324342  0  35106  0  0  4211  9069  380  42480205  0  0  0  3536  6.7422386602  
1439938942  0  62457  4211  0  0  0  0  0  0  1953126566  1159  0  47657  127808  80150  0  35106  607  7  331509  0  35106  0  0  4211  9262  380  53565050  0  0  0  4351  6.7422386602  
1439938952  0  62457  4211  0  0  0  0  0  0  2016496472  1159  0  47657  132546  84887  0  35106  607  7  340556  0  35106  0  0  4211  9426  380  63369906  0  0  0  4738  6.7422386602  
1439938962  0  62457  4211  0  0  0  0  0  0  2067418227  1159  0  47657  136434  88775  0  35106  607  7  346621  0  35106  0  0  4211  9560  380  50921755  0  0  0  3888  6.7422386602  
1439938972  0  62457  4211  0  0  0  0  0  0  2135128032  1159  0  47657  141880  94221  0  35106  607  7  353920  0  35106  0  0  4211  9751  380  67709805  0  0  0  5446  6.7422386602  
1439938982  0  62457  4211  0  0  0  0  0  0  2203482442  1159  0  47657  146949  99290  0  35106  607  7  359976  0  35106  0  0  4211  9899  380  68354410  0  0  0  5069  6.7422386602  
1439938992  0  62457  4211  0  0  0  0  0  0  2277826245  1159  0  47657  153139  105480  0  35106  607  7  366512  0  35106  0  0  4211  10050  380  74343803  0  0  0  6190  6.7422386602  
1439939002  0  62457  4211  0  0  0  0  0  0  2337341530  1159  0  47657  157360  109701  0  35106  607  7  374540  0  35106  0  0  4211  10228  380  59515285  0  0  0  4221  6.7422386602  
1439939012  0  62457  4211  0  0  0  0  0  0  2400673676  1159  0  47657  162550  114891  0  35106  607  7  381529  0  35106  0  0  4211  10392  380  63332146  0  0  0  5190  6.7422386602  
1439939022  0  62457  4211  0  0  0  0  0  0  2448288998  1159  0  47657  166258  118599  0  35106  607  7  389856  0  35106  0  0  4211  10586  380  47615322  0  0  0  3708  6.7422386602  
1439939032  0  62457  4211  0  0  0  0  0  0  2533007207  1159  0  47657  173408  125749  0  35106  607  7  398019  0  35106  0  0  4211  10784  380  84718209  0  0  0  7150  6.7422386602  
1439939042  0  62457  4211  0  0  0  0  0  0  2596491266  1159  0  47657  178046  130387  0  35106  607  7  406993  0  35106  0  0  4211  10963  380  63484059  0  0  0  4638  6.7422386602  
1439939052  0  62457  4211  0  0  0  0  0  0  2660656803  1159  0  47657  183092  135433  0  35106  607  7  416172  0  35106  0  0  4211  11169  380  64165537  0  0  0  5046  6.7422386602  
1439939062  0  62457  4211  0  0  0  0  0  0  2727429019  1159  0  47657  188630  140971  0  35106  607  7  422937  0  35106  0  0  4211  11320  380  66772216  0  0  0  5538  6.7422386602  
1439939072  0  62457  4211  0  0  0  0  0  0  2779962005  1159  0  47657  192203  144544  0  35106  607  7  430791  0  35106  0  0  4211  11483  380  52532986  0  0  0  3573  6.7422386602  
1439939082  0  62457  4211  0  0  0  0  0  0  2841007322  1159  0  47657  196599  148940  0  35106  607  7  438371  0  35106  0  0  4211  11633  380  61045317  0  0  0  4396  6.7422386602  
1439939092  0  62457  4211  0  0  0  0  0  0  2889129318  1159  0  47657  200565  152906  0  35106  607  7  445058  0  35106  0  0  4211  11795  380  48121996  0  0  0  3966  6.7422386602  
1439939102  0  62457  4211  0  0  0  0  0  0  2943632832  1159  0  47657  205139  157480  0  35106  607  7  450731  0  35106  0  0  4211  11937  380  54503514  0  0  0  4574  6.7422386602  
1439939112  0  62457  4211  0  0  0  0  0  0  2977000949  1159  0  47657  208175  160516  0  35106  607  7  455178  0  35106  0  0  4211  12018  380  33368117  0  0  0  3036  6.7422386602  
1439939122  0  62457  4211  0  0  0  0  0  0  3023199323  1159  0  47657  211869  164210  0  35106  607  7  461923  0  35106  0  0  4211  12157  380  46198374  0  0  0  3694  6.7422386602  
1439939133  0  62457  4211  0  0  0  0  0  0  3050967510  1159  0  47657  214430  166771  0  35106  607  7  467033  0  35106  0  0  4211  12275  380  27768187  0  0  0  2561  6.7422386602  
1439939143  0  62457  4211  0  0  0  0  0  0  3102014155  1159  0  47657  217965  170305  0  35106  607  7  472059  0  35106  0  0  4211  12404  380  51046645  0  0  0  3535  6.7422386602  
1439939153  0  62457  4211  0  0  0  0  0  0  3121867265  1159  0  47657  219765  172105  0  35106  607  7  475531  0  35106  0  0  4211  12484  380  19853110  0  0  0  1800  6.7422386602  
1439939163  0  62457  4211  0  0  0  0  0  0  3172773339  1159  0  47657  223484  175823  0  35106  607  7  480707  0  35106  0  0  4211  12601  380  50906074  0  0  0  3719  6.7422386602  
1439939173  0  62457  4211  0  0  0  0  0  0  3220852716  1159  0  47657  227453  179792  0  35106  607  7  486260  0  35106  0  0  4211  12737  380  48079377  0  0  0  3969  6.7422386602  
1439939183  0  62457  4211  0  0  0  0  0  0  3294027385  1159  0  47657  232881  185220  0  35106  607  7  492672  0  35106  0  0  4211  12894  380  73174669  0  0  0  5428  6.7422386602  
1439939193  0  62457  4211  0  0  0  0  0  0  3344047763  1159  0  47657  237560  189899  0  35106  607  7  498484  0  35106  0  0  4211  13044  380  50020378  0  0  0  4679  6.7422386602  
1439939203  0  62457  4211  0  0  0  0  0  0  3398416013  1159  0  47657  242034  194373  0  35106  607  7  503331  0  35106  0  0  4211  13177  380  54368250  0  0  0  4474  6.7422386602  
1439939213  0  62457  4211  0  0  0  0  0  0  3440734398  1159  0  47657  245873  198212  0  35106  607  7  509561  0  35106  0  0  4211  13325  380  42318385  0  0  0  3839  6.7422386602  
1439939223  0  62457  4211  0  0  0  0  0  0  3497366384  1159  0  47657  250196  202535  0  35106  607  7  516410  0  35106  0  0  4211  13472  380  56631986  0  0  0  4323  6.7422386602  
1439939233  0  62457  4211  0  0  0  0  0  0  3555545535  1159  0  47657  254501  206840  0  35106  607  7  522205  0  35106  0  0  4211  13629  380  58179151  0  0  0  4305  6.7422386602  
1439939243  0  62457  4211  0  0  0  0  0  0  3614768528  1159  0  47657  259299  211638  0  35106  607  7  529174  0  35106  0  0  4211  13793  380  59222993  0  0  0  4798  6.7422386602  
1439939253  0  62457  4211  0  0  0  0  0  0  3660813591  1159  0  47657  263168  215507  0  35106  607  7  535134  0  35106  0  0  4211  13917  380  46045063  0  0  0  3869  6.7422386602  
1439939263  0  62457  4211  0  0  0  0  0  0  3713066939  1159  0  47657  267138  219477  0  35106  607  7  539891  0  35106  0  0  4211  14029  380  52253348  0  0  0  3970  6.7422386602  
1439939273  0  62457  4211  0  0  0  0  0  0  3769102952  1159  0  47657  272044  224383  0  35106  607  7  546314  0  35106  0  0  4211  14202  380  56036013  0  0  0  4906  6.7422386602  
1439939283  0  62457  4211  0  0  0  0  0  0  3808141915  1159  0  47657  275549  227888  0  35106  607  7  551665  0  35106  0  0  4211  14327  380  39038963  0  0  0  3505  6.7422386602  
1439939293  0  62457  4211  0  0  0  0  0  0  3859674359  1159  0  47657  279477  231816  0  35106  607  7  557493  0  35106  0  0  4211  14473  380  51532444  0  0  0  3928  6.7422386602  
1439939303  0  62457  4211  0  0  0  0  0  0  3929200334  1159  0  47657  285216  237555  0  35106  607  7  566214  0  35106  0  0  4211  14659  380  69525975  0  0  0  5739  6.7422386602  
1439939313  0  62457  4211  0  0  0  0  0  0  3964583457  1159  0  47657  287662  240001  0  35106  607  7  570498  0  35106  0  0  4211  14750  380  35383123  0  0  0  2446  6.7422386602  
1439939323  0  62457  4211  0  0  0  0  0  0  4017337591  1159  0  47657  291991  244330  0  35106  607  7  576645  0  35106  0  0  4211  14885  380  52754134  0  0  0  4329  6.7422386602  
1439939333  0  62457  4211  0  0  0  0  0  0  4075951774  1159  0  47657  296532  248871  0  35106  607  7  581706  0  35106  0  0  4211  15019  380  58614183  0  0  0  4541  6.7422386602  
1439939343  0  62457  4211  0  0  0  0  0  0  4121700498  1159  0  47657  299741  252080  0  35106  607  7  588364  0  35106  0  0  4211  15166  380  45748724  0  0  0  3209  6.7422386602  
1439939353  0  62457  4211  0  0  0  0  0  0  4163089635  1159  0  47657  303005  255344  0  35106  607  7  594999  0  35106  0  0  4211  15310  380  41389137  0  0  0  3264  6.7422386602  
1439939363  0  62457  4211  0  0  0  0  0  0  4193803531  1159  0  47657  305863  258202  0  35106  607  7  600383  0  35106  0  0  4211  15427  380  30713896  0  0  0  2858  6.7422386602  
1439939373  0  62457  4211  0  0  0  0  0  0  4249633737  1159  0  47657  311107  263446  0  35106  607  7  606548  0  35106  0  0  4211  15594  380  55830206  0  0  0  5244  6.7422386602  
1439939383  0  62457  4211  0  0  0  0  0  0  4290398020  1159  0  47657  314636  266975  0  35106  607  7  612448  0  35106  0  0  4211  15717  380  40764283  0  0  0  3529  6.7422386602  
1439939393  0  62457  4211  0  0  0  0  0  0  4333475783  1159  0  47657  318542  270881  0  35106  607  7  618273  0  35106  0  0  4211  15848  380  43077763  0  0  0  3906  6.7422386602  
1439939403  0  62457  4211  0  0  0  0  0  0  4375044691  1159  0  47657  321684  274023  0  35106  607  7  624179  0  35106  0  0  4211  15965  380  41568908  0  0  0  3142  6.7422386602  
1439939413  0  62457  4211  0  0  0  0  0  0  4426888149  1159  0  47657  326057  278396  0  35106  607  7  629923  0  35106  0  0  4211  16099  380  51843458  0  0  0  4373  6.7422386602  
1439939423  0  62457  4211  0  0  0  0  0  0  4472548386  1159  0  47657  329702  282041  0  35106  607  7  636212  0  35106  0  0  4211  16239  380  45660237  0  0  0  3645  6.7422386602  
1439939433  0  62457  4211  0  0  0  0  0  0  4522764620  1159  0  47657  333790  286129  0  35106  607  7  641484  0  35106  0  0  4211  16361  380  50216234  0  0  0  4088  6.7422386602  
1439939443  0  62457  4211  0  0  0  0  0  0  4564964246  1159  0  47657  337083  289422  0  35106  607  7  645574  0  35106  0  0  4211  16451  380  42199626  0  0  0  3293  6.7422386602  
1439939453  0  62457  4211  0  0  0  0  0  0  4592536671  1159  0  47657  339032  291371  0  35106  607  7  650413  0  35106  0  0  4211  16578  380  27572425  0  0  0  1949  6.7422386602  
1439939463  0  62457  4211  0  0  0  0  0  0  4652075212  1159  0  47657  343614  295953  0  35106  607  7  656986  0  35106  0  0  4211  16713  380  59538541  0  0  0  4582  6.7422386602  
1439939473  0  62457  4211  0  0  0  0  0  0  4692459655  1159  0  47657  346767  299106  0  35106  607  7  662762  0  35106  0  0  4211  16842  380  40384443  0  0  0  3153  6.7422386602  
1439939483  0  62457  4211  0  0  0  0  0  0  4735154756  1159  0  47657  349842  302181  0  35106  607  7  666631  0  35106  0  0  4211  16950  380  42695101  0  0  0  3075  6.7422386602  
1439939493  0  62457  4211  0  0  0  0  0  0  4780421111  1159  0  47657  353698  306037  0  35106  607  7  671412  0  35106  0  0  4211  17062  380  45266355  0  0  0  3856  6.7422386602  
1439939503  0  62457  4211  0  0  0  0  0  0  4810766996  1159  0  47657  356053  308392  0  35106  607  7  675502  0  35106  0  0  4211  17137  380  30345885  0  0  0  2355  6.7422386602  
1439939513  0  62457  4211  0  0  0  0  0  0  4849379784  1159  0  47657  359257  311596  0  35106  607  7  680266  0  35106  0  0  4211  17244  380  38612788  0  0  0  3204  6.7422386602  
1439939523  0  62457  4211  0  0  0  0  0  0  4884059869  1159  0  47657  362146  314485  0  35106  607  7  685015  0  35106  0  0  4211  17344  380  34680085  0  0  0  2889  6.7422386602  
1439939533  0  62457  4211  0  0  0  0  0  0  4916287519  1159  0  47657  364872  317211  0  35106  607  7  690161  0  35106  0  0  4211  17461  380  32227650  0  0  0  2726  6.7422386602  
1439939543  0  62457  4211  0  0  0  0  0  0  4960631582  1159  0  47657  368232  320571  0  35106  607  7  694007  0  35106  0  0  4211  17562  380  44344063  0  0  0  3360  6.7422386602  
1439939554  0  62457  4211  0  0  0  0  0  0  5015602318  1159  0  47657  372745  325084  0  35106  607  7  698980  0  35106  0  0  4211  17670  380  54970736  0  0  0  4513  6.7422386602  
1439939564  0  62457  4211  0  0  0  0  0  0  5058843070  1159  0  47657  375997  328336  0  35106  607  7  704699  0  35106  0  0  4211  17807  380  43240752  0  0  0  3252  6.7422386602  
1439939574  0  62457  4211  0  0  0  0  0  0  5096026781  1159  0  47657  379094  331433  0  35106  607  7  709532  0  35106  0  0  4211  17915  380  37183711  0  0  0  3097  6.7422386602  
1439939584  0  62457  4211  0  0  0  0  0  0  5151186764  1159  0  47657  383420  335759  0  35106  607  7  715710  0  35106  0  0  4211  18088  380  55159983  0  0  0  4326  6.7422386602  
1439939594  0  62457  4211  0  0  0  0  0  0  5170412351  1159  0  47657  384767  337106  0  35106  607  7  718595  0  35106  0  0  4211  18182  380  19225587  0  0  0  1347  6.7422386602  
1439939604  0  62457  4211  0  0  0  0  0  0  5171148255  1159  0  47657  384767  337106  0  35106  607  7  718885  0  35106  0  0  4211  18184  380  735904  0  0  0  0  6.7422386602  
1439939614  0  62457  4211  0  0  0  0  0  0  5171875077  1159  0  47657  384767  337106  0  35106  607  7  718885  0  35106  0  0  4211  18184  380  726822  0  0  0  0  6.7422386602  
1439939624  0  62457  4211  0  0  0  0  0  0  5171875077  1159  0  47657  384767  337106  0  35106  607  7  718885  0  35106  0  0  4211  18184  380  0  0  0  0  0  6.7422386602  
1439939634  0  62457  4211  0  0  0  0  0  0  5171875077  1159  0  47657  384767  337106  0  35106  607  7  718885  0  35106  0  0  4211  18184  380  0  0  0  0  0  6.7422386602  
1439939644  0  62457  4211  0  0  0  0  0  0  5171875077  1159  0  47657  384767  337106  0  35106  607  7  718885  0  35106  0  0  4211  18184  380  0  0  0  0  0  6.7422386602  
1439939654  0  62457  4211  0  0  0  0  0  0  5171875077  1159  0  47657  384767  337106  0  35106  607  7  718885  0  35106  0  0  4211  18184  380  0  0  0  0  0  6.7422386602  
