#Type:X;CI:1;ww:0;ca:0;co:0;fr:0;Type:X;CI:1;PI:0;PT:EP;U0:0;U1:0;
#time  Pp  gt  gs  cn  cm  cb  Nc  Pc  cp  Tc  Nm  pr  ps  pt  px  pd  Pm  Om  fs  ft  Oc  Em  Gp  Ec  Ge  ot  os  Total_cycles_diff  Successful_get_diff  Total_get_diff  succ_put_diff  total_put_diff  get_hit  
1438454077  0  0  0  0  0  0  0  0  0  2386535  0  0  0  0  0  0  0  0  0  21  0  0  0  0  0  46  0  2386535  0  0  0  0  
1438454087  0  0  0  0  0  0  0  0  0  2386535  0  0  0  0  0  0  0  0  0  21  0  0  0  0  0  46  0  0  0  0  0  0  0 
1438454097  0  33760  0  0  0  0  802  33789  0  381880783  802  0  33789  33789  0  0  33789  274  0  63  274  33789  0  33789  0  46  0  379494248  0  33760  33789  33789  0.0  
1438454107  0  144627  19  0  0  0  2568  134592  0  1490005913  2678  0  144990  144990  0  0  134592  274  0  63  29  134592  0  134592  19  46  0  1108125130  19  110867  111201  111201  0.0131372427002  
1438454117  0  517474  317449  0  0  0  2830  134691  0  7515400561  2941  0  515206  515206  0  0  134940  274  0  73  193  134940  0  134691  317449  46  0  6025394648  317430  372847  370216  370216  61.3458840444  
1438454127  0  2082210  1846854  0  0  0  2735  134649  0  23672645199  2941  0  2079977  2079975  0  0  134940  274  0  73  37  134940  0  134649  1846854  46  0  16157244638  1529405  1564736  1564771  1564769  88.6968173239  
1438454137  0  3827258  3556552  0  0  0  2708  134688  0  42176283743  2941  0  3825148  3825144  0  0  134940  274  0  73  5  134940  0  134688  3556552  46  0  18503638544  1709698  1745048  1745171  1745169  92.926894398  
1438454147  0  5369625  5068224  0  0  0  2689  134777  0  58272978402  2941  0  5367450  5367444  0  0  134940  274  0  73  5  134940  0  134777  5068224  46  0  16096694659  1511672  1542367  1542302  1542300  94.3869264613  
1438454157  0  6802734  6483998  0  0  0  2629  134847  0  73076453563  2941  0  6800625  6800618  0  0  134940  274  0  73  2  134940  0  134847  6483998  46  0  14803475161  1415774  1433109  1433175  1433174  95.3145896929  
1438454167  0  8289737  7944459  0  0  0  2674  134675  0  88679634450  2941  0  8287526  8287518  0  0  134940  274  0  73  5  134940  0  134675  7944459  46  0  15603180887  1460461  1487003  1486901  1486900  95.8348738929  
1438454177  0  9965110  9587197  0  0  0  2666  134536  0  105524222583  2941  0  9962778  9962769  0  0  134940  274  0  73  5  134940  0  134536  9587197  46  0  16844588133  1642738  1675373  1675252  1675251  96.2076384506  
1438454187  0  11585798  11171288  0  0  0  2653  134750  0  122269306441  2941  0  11583726  11583716  0  0  134940  274  0  73  2  134940  0  134750  11171288  46  0  16745083858  1584091  1620688  1620948  1620947  96.4222576641  
1438454197  0  13137605  12687776  0  0  0  2675  134692  0  138746889125  2941  0  13135432  13135421  0  0  134940  274  0  73  2  134940  0  134692  12687776  46  0  16477582684  1516488  1551807  1551706  1551705  96.576019754  
1438454207  0  14700143  14217237  0  0  0  2640  134658  0  154936983851  2941  0  14697991  14697980  0  0  134940  274  0  73  5  134940  0  134658  14217237  46  0  16190094726  1529461  1562538  1562559  1562559  96.7149571266  
1438454217  0  16515856  15991758  0  0  0  2695  134870  0  173867789985  2941  0  16513910  16513896  0  0  134940  274  0  73  2  134940  0  134870  15991758  46  0  18930806134  1774521  1815713  1815919  1815916  96.826697932  
1438454227  0  18131786  17573359  0  0  0  2664  134708  0  190706176341  2941  0  18129644  18129629  0  0  134940  274  0  73  4  134940  0  134708  17573359  46  0  16838386356  1581601  1615930  1615734  1615733  96.9201765342  
1438454237  0  19763150  19172326  0  0  0  2714  134923  0  207240573327  2941  0  19761166  19761150  0  0  134940  274  0  73  5  134940  0  134923  19172326  46  0  16534396986  1598967  1631364  1631522  1631521  97.0104765688  
1438454247  0  21452940  20826567  0  0  0  2684  134698  0  224612958564  2941  0  21450854  21450838  0  0  134940  274  0  73  2  134940  0  134698  20826567  46  0  17372385237  1654241  1689790  1689688  1689688  97.0802463439  
1438454257  0  22998031  22338288  0  0  0  2652  134898  0  241410570520  2941  0  22996089  22996072  0  0  134940  274  0  73  2  134940  0  134898  22338288  46  0  16797611956  1511721  1545091  1545235  1545234  97.1313065888  
1438454267  0  24573918  23881750  0  0  0  2702  134591  0  258010725556  2941  0  24571676  24571657  0  0  134940  274  0  73  5  134940  0  134591  23881750  46  0  16600155036  1543462  1575887  1575587  1575585  97.183322578  
1438454277  0  26221088  25492858  0  0  0  2697  134890  0  275190154940  2941  0  26219210  26219189  0  0  134940  274  0  73  2  134940  0  134890  25492858  46  0  17179429384  1611108  1647170  1647534  1647532  97.2227315663  
1438454287  0  27783667  27020723  0  0  0  2681  134933  0  291618978205  2941  0  27781797  27781774  0  0  134940  274  0  73  4  134940  0  134933  27020723  46  0  16428823265  1527865  1562579  1562587  1562585  97.2539837884  
1438454297  0  29349612  28552225  0  0  0  2696  134932  0  307994475087  2941  0  29347758  29347734  0  0  134940  274  0  73  5  134940  0  134932  28552225  46  0  16375496882  1531502  1565945  1565961  1565960  97.2831429594  
1438454307  0  31111753  30273357  0  0  0  2675  134918  0  326253687249  2941  0  31109832  31109806  0  0  134940  274  0  73  2  134940  0  134918  30273357  46  0  18259212162  1721132  1762141  1762074  1762072  97.3052113136  
1438454317  0  32680676  31807605  0  0  0  2662  134922  0  342845578882  2941  0  32678832  32678806  0  0  134940  274  0  73  2  134940  0  134922  31807605  46  0  16591891633  1534248  1568923  1569000  1569000  97.3284793742  
1438454327  0  34127605  33223411  0  0  0  2621  134891  0  358434510815  2941  0  34125866  34125838  0  0  134940  274  0  73  4  134940  0  134891  33223411  46  0  15588931933  1415806  1446929  1447034  1447032  97.3505495038  
1438454337  0  35748243  34808549  0  0  0  2690  134776  0  375201054520  2941  0  35746369  35746338  0  0  134940  274  0  73  5  134940  0  134776  34808549  46  0  16766543705  1585138  1620638  1620503  1620500  97.3713561251  
1438454347  0  37200505  36230009  0  0  0  2682  134927  0  390166522289  2941  0  37198697  37198664  0  0  134940  274  0  73  4  134940  0  134927  36230009  46  0  14965467769  1421460  1452262  1452328  1452326  97.3911752004  
1438454357  0  38852732  37845466  0  0  0  2663  134760  0  407382331160  2941  0  38850912  38850878  0  0  134940  274  0  73  2  134940  0  134760  37845466  46  0  17215808871  1615457  1652227  1652215  1652214  97.407477034  
1438454367  0  40397719  39357169  0  0  0  2697  134872  0  423561102830  2941  0  40395936  40395900  0  0  134940  274  0  73  5  134940  0  134872  39357169  46  0  16178771670  1511703  1544987  1545024  1545022  97.4242357594  
1438454377  0  42015752  40939073  0  0  0  2682  134908  0  440421242147  2941  0  42014106  42014069  0  0  134940  274  0  73  2  134940  0  134908  40939073  46  0  16860139317  1581904  1618033  1618170  1618169  97.4374396536  
1438454387  0  43660922  42544276  0  0  0  2700  134857  0  457513394760  2941  0  43659160  43659121  0  0  134940  274  0  73  2  134940  0  134857  42544276  46  0  17092152613  1605203  1645170  1645054  1645052  97.4424589568  
1438454397  0  45444326  44287645  0  0  0  2709  134686  0  476332966049  2941  0  45442423  45442381  0  0  134940  274  0  73  5  134940  0  134686  44287645  46  0  18819571289  1743369  1783404  1783263  1783260  97.4547295519  
1438454407  0  46453423  45270870  0  0  0  2686  134889  0  487174451073  2941  0  46451693  46451650  0  0  134940  274  0  73  4  134940  0  134889  45270870  46  0  10841485024  983225  1009097  1009270  1009269  97.4543253788  
1438454417  0  47780740  46572941  0  0  0  2693  134721  0  500126373863  2941  0  47778795  47778749  0  0  134940  274  0  73  4  134940  0  134721  46572941  46  0  12951922790  1302071  1327317  1327102  1327099  97.4722053279  
1438454427  0  49305874  48067634  0  0  0  2672  134755  0  515765618216  2941  0  49304105  49304057  0  0  134940  274  0  73  5  134940  0  134755  48067634  46  0  15639244353  1494693  1525134  1525310  1525308  97.4886562197  
1438454437  0  50908377  49631939  0  0  0  2661  134855  0  532710002228  2941  0  50906686  50906635  0  0  134940  274  0  73  2  134940  0  134855  49631939  46  0  16944384012  1564305  1602503  1602581  1602578  97.4926759107  
1438454447  0  52532402  51220939  0  0  0  2698  134677  0  550034083525  2941  0  52530530  52530478  0  0  134940  274  0  73  2  134940  0  134677  51220939  46  0  17324081297  1589000  1624025  1623844  1623843  97.5035160205  
1438454457  0  54174368  52829004  0  0  0  2643  134787  0  567073118446  2941  0  54172638  54172584  0  0  134940  274  0  73  5  134940  0  134787  52829004  46  0  17039034921  1608065  1641966  1642108  1642106  97.5166041623  
1438454467  0  55908189  54525758  0  0  0  2693  134924  0  584204939434  2941  0  55906621  55906565  0  0  134940  274  0  73  4  134940  0  134924  54525758  46  0  17131820988  1696754  1733821  1733983  1733981  97.5273192984  
1438454478  0  57728641  56307393  0  0  0  2668  134932  0  602586125733  2941  0  57726890  57726831  0  0  134940  274  0  73  2  134940  0  134932  56307393  46  0  18381186299  1781635  1820452  1820269  1820266  97.5380539445  
1438454488  0  59267353  57815533  0  0  0  2716  134935  0  618641330047  2941  0  59265739  59265679  0  0  134940  274  0  73  5  134940  0  134935  57815533  46  0  16055204314  1508140  1538712  1538849  1538848  97.5503883226  
1438454498  0  60858536  59370428  0  0  0  2675  134760  0  635333652786  2941  0  60856879  60856817  0  0  134940  274  0  73  5  134940  0  134760  59370428  46  0  16692322739  1554895  1591183  1591140  1591138  97.5548080881  
1438454508  0  62574259  61050349  0  0  0  2682  134933  0  652571094592  2941  0  62572703  62572638  0  0  134940  274  0  73  2  134940  0  134933  61050349  46  0  17237441806  1679921  1715723  1715824  1715821  97.5646375613  
1438454518  0  64348788  62792709  0  0  0  2691  134791  0  670200406701  2941  0  64347167  64347100  0  0  134940  274  0  73  3  134940  0  134791  62792709  46  0  17629312109  1742360  1774529  1774464  1774462  97.5818052704  
1438454528  0  65931289  64341056  0  0  0  2677  134894  0  686381040945  2941  0  65929758  65929691  0  0  134940  274  0  73  6  134940  0  134894  64341056  46  0  16180634244  1548347  1582501  1582591  1582591  97.5880450328  
1438454538  0  67620389  65993750  0  0  0  2677  134801  0  703346739486  2941  0  67618836  67618765  0  0  134940  274  0  73  2  134940  0  134801  65993750  46  0  16965698541  1652694  1689100  1689078  1689074  97.5944548323  
1438454548  0  69399503  67733273  0  0  0  2681  134850  0  722399927334  2941  0  69398092  69398019  0  0  134940  274  0  73  2  134940  0  134850  67733273  46  0  19053187848  1739523  1779114  1779256  1779254  97.5990750251  
1438454558  0  71052943  69355163  0  0  0  2669  134747  0  739760321038  2941  0  71051309  71051236  0  0  134940  274  0  73  5  134940  0  134747  69355163  46  0  17360393704  1621890  1653440  1653217  1653217  97.6105423248  
1438454568  0  72707746  70973489  0  0  0  2657  134712  0  756441508588  2941  0  72706172  72706097  0  0  134940  274  0  73  2  134940  0  134712  70973489  46  0  16681187550  1618326  1654803  1654863  1654861  97.6147562049  
1438454578  0  74372976  72603471  0  0  0  2682  134718  0  773365644227  2941  0  74371436  74371360  0  0  134940  274  0  73  2  134940  0  134718  72603471  46  0  16924135639  1629982  1665230  1665264  1665263  97.6207688664  
1438454588  0  75981201  74182640  0  0  0  2709  134935  0  790222489633  2941  0  75979876  75979795  0  0  134940  274  0  73  6  134940  0  134935  74182640  46  0  16856845406  1579169  1608225  1608440  1608435  97.6328868505  
1438454598  0  77673306  75837252  0  0  0  2669  134822  0  807313962841  2941  0  77671739  77671656  0  0  134940  274  0  73  2  134940  0  134822  75837252  46  0  17091473208  1654612  1692105  1691863  1691861  97.636184045  
1438454608  0  79216928  77346549  0  0  0  2698  134613  0  823094182659  2941  0  79215192  79215107  0  0  134940  274  0  73  2  134940  0  134613  77346549  46  0  15780219818  1509297  1543622  1543453  1543451  97.6389150056  
1438454618  0  81066872  79159086  0  0  0  2654  134878  0  842381351571  2941  0  81065466  81065380  0  0  134940  274  0  73  5  134940  0  134878  79159086  46  0  19287168912  1812537  1849944  1850274  1850273  97.64665152  
1438454628  0  82670095  80727683  0  0  0  2682  134832  0  859003817790  2941  0  82668722  82668633  0  0  134940  274  0  73  2  134940  0  134832  80727683  46  0  16622466219  1568597  1603223  1603256  1603253  97.6504055064  
1438454638  0  84377904  82398221  0  0  0  2702  134778  0  876249921924  2941  0  84376446  84376357  0  0  134940  274  0  73  2  134940  0  134778  82398221  46  0  17246104134  1670538  1707809  1707724  1707724  97.6537897884  
1438454648  0  85965166  83955856  0  0  0  2663  134921  0  892248850798  2941  0  85963958  85963869  0  0  134940  274  0  73  6  134940  0  134921  83955856  46  0  15998928874  1557635  1587262  1587512  1587512  97.6626462863  
1438454658  0  87665337  85619001  0  0  0  2689  134809  0  909183055457  2941  0  87663910  87663820  0  0  134940  274  0  73  2  134940  0  134809  85619001  46  0  16934204659  1663145  1700171  1699952  1699951  97.6657410214  
1438454668  0  89352051  87270720  0  0  0  2710  134935  0  926701937205  2941  0  89350654  89350562  0  0  134940  274  0  73  2  134940  0  134935  87270720  46  0  17518881748  1651719  1686714  1686744  1686742  97.6706399274  
1438454678  0  90996021  88881050  0  0  0  2594  134482  0  944466109862  2941  0  90994395  90994298  0  0  134940  274  0  73  4  134940  0  134482  88881050  46  0  17764172657  1610330  1643970  1643741  1643736  97.6757544157  
1438454688  0  92764772  90609552  0  0  0  2691  134891  0  962343173135  2941  0  92763456  92763358  0  0  134940  274  0  73  5  134940  0  134891  90609552  46  0  17877063273  1728502  1768751  1769061  1769060  97.6766826959  
1438454698  0  94456457  92266592  0  0  0  2691  134770  0  979490749624  2941  0  94455091  94454992  0  0  134940  274  0  73  2  134940  0  134770  92266592  46  0  17147576489  1657040  1691685  1691635  1691634  97.6816142913  
1438454708  0  96100333  93877278  0  0  0  2710  134936  0  996110124663  2941  0  96099276  96099177  0  0  134940  274  0  73  4  134940  0  134936  93877278  46  0  16619375039  1610686  1643876  1644185  1644185  97.6867353831  
