#Type:X;CI:1;ww:0;ca:0;co:0;fr:0;Type:X;CI:1;PI:0;PT:EP;U0:0;U1:0;
#time  Pp  gt  gs  cn  cm  cb  Nc  Pc  cp  Tc  Nm  pr  ps  pt  px  pd  Pm  Om  fs  ft  Oc  Em  Gp  Ec  Ge  ot  os  Total_cycles_diff  Successful_get_diff  Total_get_diff  succ_put_diff  total_put_diff  get_hit  
1438463846  0  0  0  0  0  0  0  0  0  2325841  0  0  0  0  0  0  0  0  0  21  0  0  0  0  0  46  0  2325841  0  0  0  0  
1438463856  0  0  0  0  0  0  0  0  0  2325841  0  0  0  0  0  0  0  0  0  21  0  0  0  0  0  46  0  0  0  0  0  0  0 
1438463866  0  35232  0  0  0  0  825  35343  0  632866824  825  0  35343  35343  0  0  35343  274  0  64  274  35343  0  35343  0  46  0  630540983  0  35232  35343  35343  0.0  
1438463876  0  221463  80162  0  0  0  2975  139625  0  3930849997  2975  0  219787  219787  0  0  139625  274  0  64  274  139625  0  139625  80162  46  0  3297983173  80162  186231  184444  184444  36.1965655663  
1438463886  0  1660607  1494437  0  0  0  3517  164078  0  28484477199  3679  0  1658515  1658507  0  0  164455  334  0  75  334  164455  0  164078  1494437  46  0  24553627202  1414275  1439144  1438728  1438720  89.9934180694  
1438463896  0  3983709  3817555  0  0  0  3617  164074  0  66683650628  3861  0  3981629  3981608  0  0  164499  334  0  75  334  164499  0  164074  3817555  46  0  38199173429  2323118  2323102  2323114  2323101  95.8291632245  
1438463906  0  6039354  5873218  0  0  0  3486  164246  0  100766350482  3861  0  6037464  6037431  0  0  164510  334  0  75  334  164510  0  164246  5873218  46  0  34082699854  2055663  2055645  2055835  2055823  97.2491097558  
1438463916  0  8072826  7906704  0  0  0  3572  164161  0  134610911913  3861  0  8070865  8070824  0  0  164516  334  0  75  334  164516  0  164161  7906704  46  0  33844561431  2033486  2033472  2033401  2033393  97.9422075987  
1438463926  0  10158702  9992597  0  0  0  3527  163725  0  169017377898  3861  0  10156322  10156275  0  0  164516  334  0  75  334  164516  0  163725  9992597  46  0  34406465985  2085893  2085876  2085457  2085451  98.364899374  
1438463936  0  12195464  12029380  0  0  0  3572  164272  0  202773734956  3861  0  12193652  12193595  0  0  164519  334  0  75  334  164519  0  164272  12029380  46  0  33756357058  2036783  2036762  2037330  2037320  98.6381493972  
1438463946  0  14239462  14073399  0  0  0  3575  164239  0  236575217368  3861  0  14237638  14237571  0  0  164549  334  0  75  334  164549  0  164239  14073399  46  0  33801482412  2044019  2043998  2043986  2043976  98.8337831865  
1438463956  0  16251983  16085935  0  0  0  3737  164006  0  270066070089  3861  0  16249941  16249862  0  0  164549  334  0  75  334  164549  0  164006  16085935  46  0  33490852721  2012536  2012521  2012303  2012291  98.9782908338  
1438463966  0  18290719  18124691  0  0  0  3623  164087  0  303821204716  3861  0  18288778  18288688  0  0  164549  334  0  75  334  164549  0  164087  18124691  46  0  33755134627  2038756  2038736  2038837  2038826  99.0922828129  
1438463976  0  20328296  20162287  0  0  0  3655  164056  0  337597674398  3861  0  20326344  20326240  0  0  164549  334  0  75  334  164549  0  164056  20162287  46  0  33776469682  2037596  2037577  2037566  2037552  99.1833599826  
1438463986  0  22365091  22199099  0  0  0  3616  164031  0  371273888800  3861  0  22363131  22363020  0  0  164549  334  0  75  334  164549  0  164031  22199099  46  0  33676214402  2036812  2036795  2036787  2036780  99.2578076253  
1438463996  0  24623150  24457178  0  0  0  3649  163977  0  408683240429  3861  0  24621156  24621034  0  0  164549  334  0  75  334  164549  0  163977  24457178  46  0  37409351629  2258079  2258059  2258025  2258014  99.3259513913  
1438464006  0  26665091  26499135  0  0  0  3718  164161  0  442387542542  3861  0  26663297  26663160  0  0  164549  334  0  75  334  164549  0  164161  26499135  46  0  33704302113  2041957  2041941  2042141  2042126  99.3776282256  
1438464016  0  28688210  28522277  0  0  0  3414  164093  0  475973635016  3861  0  28686371  28686222  0  0  164549  334  0  75  334  164549  0  164093  28522277  46  0  33586092474  2023142  2023119  2023074  2023062  99.4215986288  
1438464026  0  30686898  30520979  0  0  0  3466  164179  0  509231135409  3861  0  30685159  30685000  0  0  164570  334  0  75  334  164570  0  164179  30520979  46  0  33257500393  1998702  1998688  1998788  1998778  99.4593164809  
1438464036  0  32763504  32597601  0  0  0  3608  163984  0  543487881059  3861  0  32761586  32761416  0  0  164570  334  0  75  334  164570  0  163984  32597601  46  0  34256745650  2076622  2076606  2076427  2076416  99.4936347468  
1438464046  0  34850640  34684750  0  0  0  3707  164401  0  577908791085  3861  0  34849152  34848975  0  0  164570  334  0  75  334  164570  0  164401  34684750  46  0  34420910026  2087149  2087136  2087566  2087559  99.5239972638  
1438464056  0  36854799  36688927  0  0  0  3459  164144  0  611222628541  3861  0  36853072  36852882  0  0  164570  334  0  75  334  164570  0  164144  36688927  46  0  33313837456  2004177  2004159  2003920  2003907  99.5499310687  
1438464066  0  38889745  38723895  0  0  0  3485  164094  0  644820564909  3861  0  38887990  38887793  0  0  164570  334  0  75  334  164570  0  164094  38723895  46  0  33597936368  2034968  2034946  2034918  2034911  99.5735379597  
1438464076  0  40953771  40787937  0  0  0  3541  164074  0  678791265393  3861  0  40952012  40951808  0  0  164570  334  0  75  334  164570  0  164074  40787937  46  0  33970700484  2064042  2064026  2064022  2064015  99.5950702562  
1438464086  0  42977889  42812071  0  0  0  3673  164199  0  712421817193  3861  0  42976271  42976057  0  0  164570  334  0  75  334  164570  0  164199  42812071  46  0  33630551800  2024134  2024118  2024259  2024249  99.6141783511  
1438464096  0  45248974  45083179  0  0  0  3512  164131  0  750107236427  3861  0  45247311  45247081  0  0  164570  334  0  75  334  164570  0  164131  45083179  46  0  37685419234  2271108  2271085  2271040  2271024  99.633593902  
1438464106  0  47175417  47009645  0  0  0  3603  164129  0  782293035155  3861  0  47173775  47173536  0  0  164570  334  0  75  334  164570  0  164129  47009645  46  0  32185798728  1926466  1926443  1926464  1926455  99.6486051199  
1438464116  0  49149587  48983838  0  0  0  3497  164261  0  815163472233  3861  0  49148100  49147851  0  0  164570  334  0  75  334  164570  0  164261  48983838  46  0  32870437078  1974193  1974170  1974325  1974315  99.6627662405  
1438464126  0  51173529  51007799  0  0  0  3637  164073  0  848808354294  3861  0  51171873  51171614  0  0  164570  334  0  75  334  164570  0  164073  51007799  46  0  33644882061  2023961  2023942  2023773  2023763  99.6761411549  
1438464137  0  53212477  53046761  0  0  0  3507  164151  0  882645798844  3861  0  53210913  53210645  0  0  164570  334  0  75  334  164570  0  164151  53046761  46  0  33837444550  2038962  2038948  2039040  2039031  99.6885767975  
1438464147  0  55180645  55014948  0  0  0  3515  164021  0  915325453288  3861  0  55178970  55178692  0  0  164570  334  0  75  334  164570  0  164021  55014948  46  0  32679654444  1968187  1968168  1968057  1968047  99.6997189866  
1438464157  0  57261794  57096104  0  0  0  3637  164116  0  949560134698  3861  0  57260221  57259932  0  0  164570  334  0  75  334  164570  0  164116  57096104  46  0  34234681410  2081156  2081149  2081251  2081240  99.7106447625  
1438464167  0  59312198  59146532  0  0  0  3583  164255  0  983578804381  3861  0  59310788  59310484  0  0  164570  334  0  75  334  164570  0  164255  59146532  46  0  34018669683  2050428  2050404  2050567  2050552  99.7206881458  
1438464177  0  61285897  61120252  0  0  0  3606  164043  0  1016554655931  3861  0  61284296  61283981  0  0  164570  334  0  75  334  164570  0  164043  61120252  46  0  32975851550  1973720  1973699  1973508  1973497  99.729717589  
1438464187  0  63540008  63374379  0  0  0  3627  163906  0  1053857687686  3861  0  63538286  63537961  0  0  164574  334  0  75  334  164574  0  163906  63374379  46  0  37303031755  2254127  2254111  2253990  2253980  99.7393311628  
1438464197  0  65631597  65465980  0  0  0  3672  164183  0  1088326296003  3861  0  65630164  65629828  0  0  164574  334  0  75  334  164574  0  164183  65465980  46  0  34468608317  2091601  2091589  2091878  2091867  99.7476566051  
1438464207  0  67699012  67533416  0  0  0  3800  164057  0  1122352227185  3861  0  67697474  67697124  0  0  164574  334  0  75  334  164574  0  164057  67533416  46  0  34025931182  2067436  2067415  2067310  2067296  99.7553937715  
1438464217  0  69771868  69606292  0  0  0  3549  164149  0  1156465139368  3861  0  69770442  69770083  0  0  164585  334  0  75  334  164585  0  164149  69606292  46  0  34112912183  2072876  2072856  2072968  2072959  99.7626894553  
1438464227  0  71843336  71677774  0  0  0  3594  164025  0  1189749759940  3861  0  71841800  71841428  0  0  164585  334  0  75  334  164585  0  164025  71677774  46  0  33284620572  2071482  2071468  2071358  2071345  99.7695513471  
1438464237  0  74006273  73840729  0  0  0  3650  164219  0  1223708944716  3861  0  74004949  74004568  0  0  164585  334  0  75  334  164585  0  164219  73840729  46  0  33959184776  2162955  2162937  2163149  2163140  99.7763108541  
1438464247  0  76148846  75983319  0  0  0  3655  164172  0  1257380243049  3861  0  76147492  76147093  0  0  164595  334  0  75  334  164595  0  164172  75983319  46  0  33671298333  2142590  2142573  2142543  2142525  99.7826270407  
1438464257  0  78357295  78191785  0  0  0  3631  164097  0  1291986308656  3861  0  78355883  78355469  0  0  164595  334  0  75  334  164595  0  164097  78191785  46  0  34606065607  2208466  2208449  2208391  2208376  99.7887752506  
1438464267  0  80396220  80230726  0  0  0  3708  164253  0  1324395106184  3861  0  80394980  80394557  0  0  164595  334  0  75  334  164595  0  164253  80230726  46  0  32408797528  2038941  2038925  2039097  2039088  99.7941520136  
1438464277  0  82793466  82627985  0  0  0  3670  164187  0  1362052118562  3861  0  82792172  82791738  0  0  164595  334  0  75  334  164595  0  164187  82627985  46  0  37657012378  2397259  2397246  2397192  2397181  99.8001279473  
1438464287  0  84881147  84715686  0  0  0  3562  164084  0  1394995680339  3861  0  84879770  84879328  0  0  164595  334  0  75  334  164595  0  164084  84715686  46  0  32943561777  2087701  2087681  2087598  2087590  99.8050674315  
1438464297  0  87063443  86897994  0  0  0  3679  164310  0  1429172092141  3861  0  87062304  87061853  0  0  164595  334  0  75  334  164595  0  164310  86897994  46  0  34176411802  2182308  2182296  2182534  2182525  99.8099673131  
1438464307  0  89221704  89056269  0  0  0  3654  164333  0  1462941226296  3861  0  89220602  89220139  0  0  164595  334  0  75  334  164595  0  164333  89056269  46  0  33769134155  2158275  2158261  2158298  2158286  99.8145798695  
1438464317  0  91344388  91178967  0  0  0  3628  164158  0  1496480653061  3861  0  91343125  91342655  0  0  164595  334  0  75  334  164595  0  164158  91178967  46  0  33539426765  2122698  2122684  2122523  2122516  99.818904036  
1438464327  0  93523027  93357622  0  0  0  3677  164051  0  1530613902700  3861  0  93521672  93521193  0  0  164595  334  0  75  334  164595  0  164051  93357622  46  0  34133249639  2178655  2178639  2178547  2178538  99.8231398135  
1438464337  0  95673272  95507884  0  0  0  3744  164113  0  1564353548750  3861  0  95671996  95671511  0  0  164595  334  0  75  334  164595  0  164113  95507884  46  0  33739646050  2150262  2150245  2150324  2150318  99.8271324932  
1438464347  0  97843100  97677724  0  0  0  3739  164098  0  1598370045956  3861  0  97841821  97841328  0  0  164595  334  0  75  334  164595  0  164098  97677724  46  0  34016497206  2169840  2169828  2169825  2169817  99.8309783725  
1438464357  0  100278145  100112783  0  0  0  3608  164031  0  1636346366834  3861  0  100276813  100276312  0  0  164601  334  0  75  334  164601  0  164031  100112783  46  0  37976320878  2435059  2435045  2434992  2434984  99.8350966704  
1438464367  0  102330402  102165066  0  0  0  3369  164339  0  1668877793913  3861  0  102329404  102328892  0  0  164601  334  0  75  334  164601  0  164339  102165066  46  0  32531427079  2052283  2052257  2052591  2052580  99.838429248  
1438464377  0  104474658  104309338  0  0  0  3625  164165  0  1702514955746  3861  0  104473502  104472980  0  0  164601  334  0  75  334  164601  0  164165  104309338  46  0  33637161833  2144272  2144256  2144098  2144088  99.8417606689  
1438464387  0  106678444  106513129  0  0  0  3644  164133  0  1737068266371  3861  0  106677261  106676727  0  0  164601  334  0  75  334  164601  0  164133  106513129  46  0  34553310625  2203791  2203786  2203759  2203747  99.8450342977  
1438464397  0  108861669  108696366  0  0  0  3639  164262  0  1771317688651  3861  0  108860627  108860078  0  0  164601  334  0  75  334  164601  0  164262  108696366  46  0  34249422280  2183237  2183225  2183366  2183351  99.848153164  
1438464407  0  111043174  110877886  0  0  0  3680  164006  0  1805525715007  3861  0  111041891  111041331  0  0  164601  334  0  75  334  164601  0  164006  110877886  46  0  34208026356  2181520  2181505  2181264  2181253  99.8511497879  
1438464417  0  113238033  113072761  0  0  0  3604  164011  0  1839949453095  3861  0  113236771  113236203  0  0  164601  334  0  75  334  164601  0  164011  113072761  46  0  34423738088  2194875  2194859  2194880  2194872  99.8540490367  
1438464427  0  115399744  115234482  0  0  0  3611  164115  0  1873948378677  3861  0  115398596  115398018  0  0  164601  334  0  75  334  164601  0  164115  115234482  46  0  33998925582  2161721  2161711  2161825  2161815  99.85679171  
1438464437  0  117760050  117594806  0  0  0  3612  164009  0  1911122747951  3861  0  117758814  117758224  0  0  164601  334  0  75  334  164601  0  164009  117594806  46  0  37174369274  2360324  2360306  2360218  2360206  99.8596773694  
1438464447  0  119870846  119705619  0  0  0  3566  164084  0  1944403268832  3861  0  119869702  119869104  0  0  164601  334  0  75  334  164601  0  164084  119705619  46  0  33280520881  2110813  2110796  2110888  2110880  99.8621624811  
1438464457  0  122069170  121903953  0  0  0  3601  164029  0  1978953514891  3861  0  122067981  122067372  0  0  164601  334  0  75  334  164601  0  164029  121903953  46  0  34550246059  2198334  2198324  2198279  2198268  99.8646529668  
1438464467  0  124131877  123966678  0  0  0  3563  164025  0  2011696782044  3861  0  124130702  124130084  0  0  164601  334  0  75  334  164601  0  164025  123966678  46  0  32743267153  2062725  2062707  2062721  2062712  99.8669165375  
1438464477  0  126113391  125948195  0  0  0  3113  163832  0  2043273865625  3861  0  126112026  126111401  0  0  164601  334  0  75  334  164601  0  163832  125948195  46  0  31577083581  1981517  1981514  1981324  1981317  99.8690099452  
