#type:T;
#time  gt  cn  Pt  Px  gx  cx  gn  gm  Pn  Pm  Ft  cm  pt  Fx  px  ct  pn  Fm  Fn  pm  dn  On  Om  dm  dx  Ox  dt  Ot  Gt  Cn  Cm  Gx  Cx  Gn  Gm  Ct  
1438463846  2188491  0  0  0  11501  0  2505  157  0  2147483647  35462  2147483647  0  2883  0  0  0  976  21  2147483647  0  46  961  2147483647  0  5363  0  101888  0  0  2147483647  0  0  0  2147483647  0  
1438463856  2188491  0  0  0  11501  0  2505  157  0  2147483647  35462  2147483647  0  2883  0  0  0  976  21  2147483647  0  46  961  2147483647  0  5363  0  101888  0  0  2147483647  0  0  0  2147483647  0  
1438463866  96533893  0  536293916  98456  37197  0  115793  154  35343  3508  97693  2147483647  0  3875  0  0  0  945  64  2147483647  0  46  961  2147483647  0  5363  0  101888  0  35343  1119  0  71842  0  2147483647  112872825  
1438463876  219972835  0  3319645098  124140  38300  0  221862  154  219787  3508  97693  2147483647  0  3875  0  0  0  945  64  2147483647  0  46  961  2147483647  0  5363  0  101888  393439574  299586  726  54893  71842  80162  2012  740681280  
1438463886  233453665  0  20459551811  534604  41950  0  246739  154  1658515  3457  106932  2147483647  0  4467  0  0  0  242  75  2147483647  0  46  961  2147483647  0  5363  0  101888  7852610835  3144286  432  586126  528567  1494437  1661  6062357291  
1438463896  233453665  0  46591629550  577403  41950  0  246739  154  3981629  3457  106932  2147483647  0  4467  0  0  0  242  75  2147483647  0  46  961  2147483647  0  5363  0  101888  20079526671  7772040  402  586126  528567  3817555  1661  14586515320  
1438463906  233453665  0  69961735284  577403  41950  0  246739  154  6037464  3457  106932  2147483647  0  4467  0  0  0  242  75  2147483647  0  46  961  2147483647  0  5363  0  101888  30924531533  11867971  402  586126  535495  5873217  1661  22147861867  
1438463916  233453665  0  93159583161  577403  41950  0  246739  154  8070865  3457  106932  2147483647  0  4467  0  0  0  242  75  2147483647  0  46  961  2147483647  0  5363  0  101888  41705885391  15919416  287  586126  535495  7906703  1661  29637215001  
1438463926  233453665  0  116759548924  626284  41950  0  246739  154  10156322  3457  106932  2147483647  0  4467  0  0  0  242  75  2147483647  0  46  961  2147483647  0  5363  0  101888  52655981255  20074255  287  613210  612725  9992596  1661  37300245890  
1438463936  233453665  0  139978908751  626284  41950  0  246739  154  12193652  3457  106932  2147483647  0  4467  0  0  0  242  75  2147483647  0  46  961  2147483647  0  5363  0  101888  63330979282  24132653  287  613210  612725  12029379  1661  44808381221  
1438463946  233453665  0  163188360650  626284  41950  0  246739  154  14237638  3457  106932  2147483647  0  4467  0  0  0  242  75  2147483647  0  46  961  2147483647  0  5363  0  101888  74058032220  28205052  287  613210  612725  14073398  1648  52305605649  
1438463956  233453665  0  186209645910  626284  41950  0  246739  154  16249941  3457  106932  2147483647  0  4467  0  0  0  242  75  2147483647  0  46  961  2147483647  0  5363  0  101888  84658248164  32214679  287  613210  612725  16085934  1648  59715388358  
1438463966  233453665  0  209383640284  626284  41950  0  246739  154  18288778  3457  106932  2147483647  0  4467  0  0  0  242  75  2147483647  0  46  961  2147483647  0  5363  0  101888  95375343460  36276264  287  613210  612725  18124690  1648  67208881352  
1438463976  233453665  0  232559923216  626284  41950  0  246739  154  20326344  3457  106932  2147483647  0  4467  0  0  0  242  75  2147483647  0  46  961  2147483647  0  5363  0  101888  106116089334  40335542  287  613210  612725  20162286  1648  74715449465  
1438463986  233453665  0  255673601460  626284  41950  0  246739  154  22363131  3457  106932  2147483647  0  4467  0  0  0  242  75  2147483647  0  46  961  2147483647  0  5363  0  101888  116817478374  44393450  287  613210  612725  22199098  1648  82202234949  
1438463996  233453665  0  281335102011  626284  41950  0  246739  154  24621156  3457  106932  2147483647  0  4467  0  0  0  242  75  2147483647  0  46  961  2147483647  0  5363  0  101888  128721006518  48891947  287  617284  612808  24457176  1648  90521011290  
1438464006  233453665  0  304448362240  626284  41950  0  246739  154  26663297  3397  106932  2147483647  0  4467  0  0  0  242  75  2147483647  0  46  961  2147483647  0  5363  0  101888  139453811212  52959948  287  619673  616429  26499133  1648  98024710248  
1438464016  233453665  0  327488540242  626284  41950  0  246739  154  28686371  3397  106932  2147483647  0  4467  0  0  0  242  75  2147483647  0  46  961  2147483647  0  5363  0  101888  150128891915  56991236  287  619673  616429  28522275  1648  105454602557  
1438464026  233453665  0  350369116547  626284  41950  0  246739  154  30685159  3397  106932  2147483647  0  4467  0  0  0  242  75  2147483647  0  46  961  2147483647  0  5363  0  101888  160633068358  60973842  287  619673  616429  30520976  1645  112789259420  
1438464036  233453665  0  373894476957  626284  41950  0  246739  154  32761586  3397  106932  2147483647  0  4467  0  0  0  242  75  2147483647  0  46  961  2147483647  0  5363  0  101888  171507835252  65110709  287  619673  616429  32597598  1645  120406547337  
1438464046  233453665  0  397547052400  626284  41950  0  246739  154  34849152  3397  106932  2147483647  0  4467  0  0  0  242  75  2147483647  0  46  961  2147483647  0  5363  0  101888  182421684094  69268788  287  619673  616429  34684747  1645  128077879881  
1438464056  233453665  0  420416403226  626284  41950  0  246739  154  36853072  3363  106932  2147483647  0  4467  0  0  0  242  75  2147483647  0  46  961  2147483647  0  5363  0  101888  192995939316  73261876  287  619673  616429  36688924  1645  135466210620  
1438464066  233453665  0  443518122367  626284  41950  0  246739  154  38887990  3363  106932  2147483647  0  4467  0  0  0  242  75  2147483647  0  46  961  2147483647  0  5363  0  101888  203624488767  77316284  287  619673  616429  38723892  1645  142938192682  
1438464076  233453665  0  466891027538  626284  41950  0  246739  154  40952012  3363  106932  2147483647  0  4467  0  0  0  242  75  2147483647  0  46  961  2147483647  0  5363  0  101888  214365868608  81428316  287  619673  616429  40787934  1645  150515562749  
1438464086  233453665  0  490023352305  626284  41950  0  246739  154  42976271  3363  106932  2147483647  0  4467  0  0  0  242  75  2147483647  0  46  961  2147483647  0  5363  0  101888  225000922857  85461127  287  619673  616429  42812068  1588  157972979032  
1438464096  233453665  0  515894475985  626284  41950  0  246739  154  45247310  3363  106932  2147483647  0  4467  0  0  0  242  75  2147483647  0  46  961  2147483647  0  5363  0  101888  236968254814  89985696  287  619673  616429  45083176  1588  166296246497  
1438464106  233453665  0  538032607321  626284  41950  0  246739  154  47173774  3363  106932  2147483647  0  4467  0  0  0  242  75  2147483647  0  46  961  2147483647  0  5363  0  101888  247127701216  93824854  287  619673  616429  47009642  1588  173375680321  
1438464116  233453665  0  560624319042  626284  41950  0  246739  154  49148099  3215  106932  2147483647  0  4467  0  0  0  242  75  2147483647  0  46  961  2147483647  0  5363  0  101888  257528138598  97759052  287  619673  616429  48983835  1588  180639999311  
1438464126  233453665  0  583799904389  627679  41950  0  246739  154  51171872  3215  106932  2147483647  0  4467  0  0  0  242  75  2147483647  0  46  961  2147483647  0  5363  0  101888  268130396630  101791559  287  619673  616429  51007796  1588  188069819062  
1438464137  233453665  0  607000531938  627679  41950  0  246739  154  53210912  3215  106932  2147483647  0  4467  0  0  0  242  75  2147483647  0  46  961  2147483647  0  5363  0  101888  278905875356  105853792  287  619673  616429  53046758  1588  195553998650  
1438464147  233453665  0  629446427317  627679  41950  0  246739  154  55178969  3215  106932  2147483647  0  4467  0  0  0  242  75  2147483647  0  46  961  2147483647  0  5363  0  101888  289269822496  109775207  287  619673  616429  55014945  1588  202791895298  
1438464157  233453665  0  652979052796  627679  41950  0  246739  154  57260220  3215  106932  2147483647  0  4467  0  0  0  242  75  2147483647  0  46  961  2147483647  0  5363  0  101888  300121310136  113921186  287  619673  616429  57096101  1509  210428302367  
1438464167  233453665  0  676306519279  627679  41950  0  246739  154  59310787  3215  106932  2147483647  0  4467  0  0  0  242  75  2147483647  0  46  961  2147483647  0  5363  0  101888  310953265908  118005954  287  619673  616429  59146529  1509  217981212494  
1438464177  233453665  0  699029801736  627679  41950  0  246739  154  61284295  3215  106932  2147483647  0  4467  0  0  0  242  75  2147483647  0  46  961  2147483647  0  5363  0  101888  321326253627  121938980  287  619673  616429  61120249  1509  225234723622  
1438464187  233453665  0  724666377731  627679  41950  0  246739  154  63538285  3215  106932  2147483647  0  4467  0  0  0  242  75  2147483647  0  46  961  2147483647  0  5363  0  101888  333144040974  126429732  287  619673  616429  63374376  1509  233530201701  
1438464197  233453665  0  748347612027  627679  41950  0  246739  154  65630163  3215  106932  2147483647  0  4467  0  0  0  242  75  2147483647  0  46  961  2147483647  0  5363  0  101888  344077711508  130596927  287  619673  616429  65465977  1509  241195621605  
1438464207  233453665  0  771713207594  627679  41950  0  246739  154  67697473  3215  106932  2147483647  0  4467  0  0  0  242  75  2147483647  0  46  961  2147483647  0  5363  0  101888  354882047606  134715296  287  619673  616429  67533413  1509  248800533146  
1438464217  233453665  0  795149495477  627679  41950  0  246739  154  69770441  3215  106932  2147483647  0  4467  0  0  0  242  75  2147483647  0  46  961  2147483647  0  5363  0  101888  365699286355  138844981  287  619673  616429  69606289  1509  256402382521  
1438464227  233453665  0  818047000155  627679  41950  0  246739  154  71841799  3215  106932  2147483647  0  4467  0  0  0  242  75  2147483647  0  46  961  2147483647  0  5363  0  101888  376224700258  142971806  287  619673  616429  71677770  1509  263788218017  
1438464237  233453665  0  841382868163  627679  41950  0  246739  154  74004948  3215  106932  2147483647  0  4467  0  0  0  242  75  2147483647  0  46  961  2147483647  0  5363  0  101888  386988443115  147281425  287  619673  616429  73840725  1509  271303431368  
1438464247  233453665  0  864540254996  627679  41950  0  246739  154  76147491  3215  106932  2147483647  0  4467  0  0  0  242  75  2147483647  0  46  961  2147483647  0  5363  0  101888  397649347074  151549932  287  619673  616429  75983315  1509  278757088541  
1438464257  233453665  0  888329172967  627679  41950  0  246739  154  78355882  3215  106932  2147483647  0  4467  0  0  0  242  75  2147483647  0  46  961  2147483647  0  5363  0  101888  408621214081  155949532  287  619673  616429  78191781  1509  286436771162  
1438464267  233453665  0  910655881670  627679  41950  0  246739  154  80394979  3215  106932  2147483647  0  4467  0  0  0  242  75  2147483647  0  46  961  2147483647  0  5363  0  101888  418829413276  160012431  287  619673  616429  80230721  1509  293541027796  
1438464277  233453665  0  936525829122  627679  41950  0  246739  154  82792171  3215  106932  2147483647  0  4467  0  0  0  242  75  2147483647  0  46  961  2147483647  0  5363  0  101888  430781523482  164788073  287  619673  616429  82627980  1509  301882282395  
1438464287  233453665  0  959190426487  627679  41950  0  246739  154  84879769  3215  106932  2147483647  0  4467  0  0  0  242  75  2147483647  0  46  961  2147483647  0  5363  0  101888  441194700097  168947878  287  619673  616429  84715681  1509  309131363391  
1438464297  233453665  0  982714691135  627679  41950  0  246739  154  87062303  3215  106932  2147483647  0  4467  0  0  0  242  75  2147483647  0  46  961  2147483647  0  5363  0  101888  451993697309  173295855  287  619673  616429  86897989  1509  316705119306  
1438464307  233453665  0  1005930945389  627679  41950  0  246739  154  89220601  3215  106932  2147483647  0  4467  0  0  0  242  75  2147483647  0  46  961  2147483647  0  5363  0  101888  462697772357  177595223  287  619673  616429  89056264  1497  324209383288  
1438464317  233453665  0  1028992329780  627679  41950  0  246739  154  91343124  3215  106932  2147483647  0  4467  0  0  0  242  75  2147483647  0  46  961  2147483647  0  5363  0  101888  473320290582  181823710  287  619673  616429  91178961  1497  331615416163  
1438464327  233453665  0  1052463548357  627679  41950  0  246739  154  93521671  3215  106932  2147483647  0  4467  0  0  0  242  75  2147483647  0  46  961  2147483647  0  5363  0  101888  484131027396  186163793  287  619673  616429  93357616  1497  339191276563  
1438464337  233453665  0  1075641466932  627679  41950  0  246739  154  95671994  3215  106932  2147483647  0  4467  0  0  0  242  75  2147483647  0  46  961  2147483647  0  5363  0  101888  494843729307  190447299  287  619673  616429  95507878  1497  346679263408  
1438464347  233453665  0  1099019325830  627679  41950  0  246739  154  97841819  3215  106932  2147483647  0  4467  0  0  0  242  75  2147483647  0  46  961  2147483647  0  5363  0  101888  505635369802  194769694  287  619673  616429  97677717  1497  354214023055  
1438464357  233453665  0  1125137336619  627679  41950  0  246739  154  100276811  3215  106932  2147483647  0  4467  0  0  0  242  75  2147483647  0  46  961  2147483647  0  5363  0  101888  517666459745  199620049  287  619673  616429  100112776  1497  362656150397  
1438464367  233453665  0  1147535772528  627679  41950  0  246739  154  102329402  3215  106932  2147483647  0  4467  0  0  0  242  75  2147483647  0  46  961  2147483647  0  5363  0  101888  527923184117  203710042  287  619673  616429  102165059  1497  369789762852  
1438464377  233453665  0  1170660363081  627679  41950  0  246739  154  104473500  3215  106932  2147483647  0  4467  0  0  0  242  75  2147483647  0  46  961  2147483647  0  5363  0  101888  538584630924  207981537  287  619673  616429  104309331  1497  377253079251  
1438464387  233453665  0  1194434469167  627679  41950  0  246739  154  106677259  3215  106932  2147483647  0  4467  0  0  0  242  75  2147483647  0  46  961  2147483647  0  5363  0  101888  549515814862  212371798  287  619673  616429  106513122  1497  384913452340  
1438464397  233453665  0  1217961013186  627679  41950  0  246739  154  108860625  3215  106932  2147483647  0  4467  0  0  0  242  75  2147483647  0  46  961  2147483647  0  5363  0  101888  560389495228  216721245  287  619673  616429  108696359  1497  392481337527  
1438464407  233453665  0  1241505420592  627679  41950  0  246739  154  111041889  3215  106932  2147483647  0  4467  0  0  0  242  75  2147483647  0  46  961  2147483647  0  5363  0  101888  571204469603  221067079  254  619673  616429  110877879  1497  400056153243  
1438464417  233453665  0  1265169454933  627679  41950  0  246739  154  113236769  3215  106932  2147483647  0  4467  0  0  0  242  75  2147483647  0  46  961  2147483647  0  5363  0  101888  582121581872  225438984  254  619673  616429  113072754  1497  407697360843  
1438464427  233453665  0  1288529215210  627679  41950  0  246739  154  115398594  3215  106932  2147483647  0  4467  0  0  0  242  75  2147483647  0  46  961  2147483647  0  5363  0  101888  592905991947  229745835  254  619673  616429  115234475  1497  415207949552  
1438464437  233453665  0  1314103894454  627679  41950  0  246739  154  117758812  3215  106932  2147483647  0  4467  0  0  0  242  75  2147483647  0  46  961  2147483647  0  5363  0  101888  604656153423  234448415  254  619673  616429  117594799  1497  423421754110  
1438464447  233453665  0  1336989975252  627679  41950  0  246739  154  119869700  3215  106932  2147483647  0  4467  0  0  0  242  75  2147483647  0  46  961  2147483647  0  5363  0  101888  615188746193  238653904  248  619673  616429  119705612  1497  430771853132  
1438464457  233453665  0  1360726969456  627679  41950  0  246739  154  122067979  3215  106932  2147483647  0  4467  0  0  0  242  75  2147483647  0  46  961  2147483647  0  5363  0  101888  626152966062  243033290  248  619673  616429  121903945  1497  438413510175  
1438464467  233453665  0  1383278097685  627679  41950  0  246739  154  124130700  3215  106932  2147483647  0  4467  0  0  0  242  75  2147483647  0  46  961  2147483647  0  5363  0  101888  636470511871  247143594  248  619673  616429  123966670  1497  445597839049  
1438464477  233462437  0  1405092254167  627679  41950  0  246751  154  126112024  3215  106932  2147483647  0  4467  0  0  0  242  75  2147483647  0  46  961  2147483647  0  5363  0  101888  646347448765  251092953  248  619673  616429  125948187  1497  452470285095  
