#Type:X;CI:6;ww:0;ca:0;co:1;fr:0;Type:X;CI:6;PI:0;PT:EP;U0:0;U1:0;
#time  Pp  gt  gs  cn  cm  cb  Nc  Pc  cp  Tc  Nm  pr  ps  pt  px  pd  Pm  Om  fs  ft  Oc  Em  Gp  Ec  Ge  ot  os  Total_cycles_diff  Successful_get_diff  Total_get_diff  succ_put_diff  total_put_diff  get_hit  
1439178100  0  0  0  0  0  0  0  0  0  694197  0  0  0  0  0  0  0  0  0  21  0  0  0  0  0  46  0  694197  0  0  0  0  
1439178110  0  0  0  0  0  0  0  0  0  694197  0  0  0  0  0  0  0  0  0  21  0  0  0  0  0  46  0  0  0  0  0  0  0 
1439178120  0  0  0  0  0  0  0  0  0  694197  0  0  0  0  0  0  0  0  0  21  0  0  0  0  0  46  0  0  0  0  0  0  0 
1439178130  0  0  0  0  0  0  0  0  0  694197  0  0  0  0  0  0  0  0  0  21  0  0  0  0  0  46  0  0  0  0  0  0  0 
1439178140  0  0  0  0  0  0  0  0  0  694197  0  0  0  0  0  0  0  0  0  21  0  0  0  0  0  46  0  0  0  0  0  0  0 
1439178150  0  0  0  0  0  0  0  0  0  694197  0  0  0  0  0  0  0  0  0  21  0  0  0  0  0  46  0  0  0  0  0  0  0 
1439178160  0  0  0  0  0  0  0  0  0  696722  0  0  0  0  0  0  0  0  0  21  0  0  0  0  0  46  0  2525  0  0  0  0  0 
1439178170  0  0  0  0  0  0  0  0  0  1187551  0  0  0  0  0  0  0  0  0  21  0  0  0  0  0  46  0  490829  0  0  0  0  0 
1439178180  0  0  0  0  0  0  0  0  0  8323727  0  0  0  0  0  0  0  0  0  21  0  0  0  0  0  46  0  7136176  0  0  0  0  0 
1439178190  0  0  0  0  0  0  0  0  0  11679730  0  0  0  0  0  0  0  0  0  21  0  0  0  0  0  46  0  3356003  0  0  0  0  0 
1439178200  0  0  0  0  0  0  0  0  0  23675506  0  0  0  0  0  0  0  0  0  21  0  0  0  0  0  46  0  11995776  0  0  0  0  0 
1439178210  0  0  0  0  0  0  0  0  0  26958216  0  0  0  0  0  0  0  0  0  21  0  0  0  0  0  46  0  3282710  0  0  0  0  0 
1439178220  0  19168  0  16334  5  6483029  511  19150  2816  2463650520  511  0  19150  19155  5  0  19150  272  0  61  272  19150  0  19150  0  46  0  2436692304  0  19168  19150  19155  0.0  
1439178230  0  56384  0  53728  5  6483029  1223  56544  2816  7589449690  1223  0  56544  56549  5  0  56544  272  0  61  272  56544  0  56544  0  46  0  5125799170  0  37216  37394  37394  0.0  
1439178240  0  91264  0  88564  5  0  1167  60767  0  12030633887  1345  0  91380  91385  5  0  66251  272  0  61  2  66251  0  60767  0  46  0  4441184197  0  34880  34836  34836  0.0  
1439178250  0  121784  6154  118002  5  1906930  992  45900  807  15874614618  1345  0  121639  121644  5  0  66251  272  0  61  28  66251  0  45900  6154  46  0  3843980731  6154  30520  30259  30259  5.05320896013  
1439178260  0  136124  9032  130648  5  1592364  597  22382  660  17647492109  1345  0  134285  134290  5  0  66251  272  0  61  14  66251  0  22382  9032  46  0  1772877491  2878  14340  12646  12646  6.63512679616  
1439178270  0  149796  11657  144280  5  0  512  20070  0  19645229900  1345  0  147917  147922  5  0  66251  272  0  61  2  66251  0  20070  11657  46  0  1997737791  2625  13672  13632  13632  7.7819167401  
1439178280  0  161603  13891  156136  5  0  543  19116  0  21328021682  1345  0  159773  159778  5  0  66251  272  0  61  2  66251  0  19116  13891  46  0  1682791782  2234  11807  11856  11856  8.5957562669  
1439178290  0  183157  18581  177653  5  0  741  25526  0  24463572848  1345  0  181290  181295  5  0  66251  272  0  61  2  66251  0  25526  18581  46  0  3135551166  4690  21554  21517  21517  10.1448484087  
1439178300  0  200327  22224  194694  5  116743  798  26967  46  26823980072  1345  0  198377  198382  5  0  66251  272  0  61  4  66251  0  26967  22224  46  0  2360407224  3643  17170  17087  17087  11.0938615364  
1439178310  0  213505  24649  207908  5  29147  782  25236  10  28561968917  1345  0  211591  211596  5  0  66251  272  0  61  3  66251  0  25236  24649  46  0  1737988845  2425  13178  13214  13214  11.5449286902  
1439178321  0  227586  27108  222013  5  0  687  21256  0  30655942791  1345  0  225696  225701  5  0  66251  272  0  61  2  66251  0  21256  27108  46  0  2093973874  2459  14081  14105  14105  11.9111017374  
1439178331  0  252890  33641  247387  5  6827  927  30827  3  34746510343  1345  0  251073  251078  5  0  66251  272  0  61  3  66251  0  30827  33641  46  0  4090567552  6533  25304  25377  25377  13.3026216932  
1439178341  0  268479  38556  261880  5  1751119  980  28967  730  37058345327  1345  0  266293  266298  5  0  66251  272  0  72  179  66251  0  28967  38556  46  0  2311834984  4915  15589  15220  15220  14.3608997352  
1439178351  0  288711  44187  281962  5  1737272  939  27851  722  40079854712  1345  0  286375  286380  5  0  66251  272  0  72  176  66251  0  27851  44187  46  0  3021509385  5631  20232  20082  20082  15.3049243015  
1439178361  0  305816  47957  299265  5  0  885  28237  0  42673516544  1345  0  303678  303683  5  0  66251  272  0  72  2  66251  0  28237  47957  46  0  2593661832  3770  17105  17303  17303  15.6816517121  
1439178371  0  326183  52721  319542  5  0  913  29862  0  45852336853  1345  0  323955  323960  5  0  66251  272  0  72  2  66251  0  29862  52721  46  0  3178820309  4764  20367  20277  20277  16.1630127873  
1439178381  0  341696  56597  334888  5  0  855  27501  0  47896704232  1345  0  339301  339306  5  0  66251  272  0  72  2  66251  0  27501  56597  46  0  2044367379  3876  15513  15346  15346  16.5635535681  
1439178391  0  365317  60740  358712  5  0  965  31079  0  51344794028  1345  0  363125  363130  5  0  66251  272  0  72  2  66251  0  31079  60740  46  0  3448089796  4143  23621  23824  23824  16.6266557538  
1439178401  0  385003  66247  378386  5  0  990  31415  0  54156468452  1345  0  382799  382804  5  0  66251  272  0  72  2  66251  0  31415  66247  46  0  2811674424  5507  19686  19674  19674  17.2068789074  
1439178411  0  399275  68922  392295  5  517319  926  28383  201  56253230665  1345  0  396909  396914  5  0  66251  272  0  72  20  66251  0  28383  68922  46  0  2096762213  2675  14272  14110  14110  17.2617869889  
1439178421  0  418170  72572  410728  5  1574190  934  27995  588  58934326734  1345  0  415729  415734  5  0  66251  272  0  72  41  66251  0  27995  72572  46  0  2681096069  3650  18895  18820  18820  17.3546643709  
1439178431  0  436847  78519  429791  5  429701  952  28081  163  61753068796  1345  0  434820  434825  5  0  66251  272  0  72  20  66251  0  28081  78519  46  0  2818742062  5947  18677  19091  19091  17.9740275199  
1439178441  0  448886  81793  441690  5  55807  985  30043  24  63726858553  1345  0  446751  446756  5  0  66251  272  0  72  6  66251  0  30043  81793  47  0  1973789757  3274  12039  11931  11931  18.2213301373  
1439178451  0  466249  86484  459069  5  124869  935  28943  49  66422504567  1345  0  464155  464160  5  0  66251  272  0  72  8  66251  0  28943  86484  47  0  2695646014  4691  17363  17404  17404  18.5488869681  
1439178461  0  487212  91657  479128  5  1280540  1028  32259  520  69509496824  1345  0  484709  484714  5  0  66251  272  0  72  31  66251  0  32259  91657  47  0  3086992257  5173  20963  20554  20554  18.812549773  
1439178471  0  500439  95794  492521  5  752262  844  23989  318  71278226457  1345  0  498158  498163  5  0  66251  272  0  72  27  66251  0  23989  95794  47  0  1768729633  4137  13227  13449  13449  19.1419933299  
1439178481  0  521309  100438  513212  5  51105  845  25256  25  74376954650  1345  0  518849  518854  5  0  66251  272  0  73  3  66251  0  25256  100438  47  0  3098728193  4644  20870  20691  20691  19.2665002906  
1439178491  0  540518  104777  532688  5  62391  995  31781  22  77399886748  1345  0  538347  538352  5  0  66251  272  0  73  5  66251  0  31781  104777  47  0  3022932098  4339  19209  19498  19498  19.3845533359  
1439178501  0  562876  111925  554706  5  155148  1022  32098  56  80410936721  1345  0  560399  560404  5  0  66251  272  0  73  7  66251  0  32098  111925  47  0  3011049973  7148  22358  22052  22052  19.8844861035  
1439178511  0  580981  117219  572789  5  78289  903  27491  27  83005860519  1345  0  578482  578487  5  0  66251  272  0  73  3  66251  0  27491  117219  47  0  2594923798  5294  18105  18083  18083  20.1760470652  
1439178521  0  594482  120444  586477  5  0  722  21604  0  85101235572  1345  0  592170  592175  5  0  66251  272  0  73  2  66251  0  21604  120444  47  0  2095375053  3225  13501  13688  13688  20.2603274784  
1439178531  0  610858  123773  602759  5  0  718  22641  0  87625022436  1345  0  608452  608457  5  0  66251  272  0  73  2  66251  0  22641  123773  47  0  2523786864  3329  16376  16282  16282  20.2621558529  
1439178541  0  632190  129038  624358  5  0  827  26240  0  90439990147  1345  0  630051  630056  5  0  66251  272  0  73  2  66251  0  26240  129038  47  0  2814967711  5265  21332  21599  21599  20.4112687641  
1439178551  0  644917  133033  636997  5  281517  744  23050  111  92338881510  1345  0  642801  642806  5  0  66251  272  0  73  21  66251  0  23050  133033  47  0  1898891363  3995  12727  12750  12750  20.6279257641  
1439178561  0  656463  135400  648545  5  281517  657  19816  111  93974574504  1345  0  654349  654354  5  0  66251  272  0  73  21  66251  0  19816  135400  47  0  1635692994  2367  11546  11548  11548  20.6256864439  
1439178571  0  662922  136488  654795  5  14989  464  13550  7  94746822281  1345  0  660606  660611  5  0  66251  272  0  74  5  66251  0  13550  136488  47  0  772247777  1088  6459  6257  6257  20.5888475567  
1439178581  0  680130  138669  672038  5  14989  647  20641  7  97234479219  1345  0  677849  677854  5  0  66251  272  0  74  5  66251  0  20641  138669  47  0  2487656938  2181  17208  17243  17243  20.388602179  
1439178591  0  704905  145292  696790  5  0  879  28382  0  100749461982  1345  0  702601  702606  5  0  66251  272  0  74  2  66251  0  28382  145292  47  0  3514982763  6623  24775  24752  24752  20.6115717721  
1439178601  0  728769  152416  720515  5  2917  1043  35400  1  104172850938  1345  0  726327  726332  5  0  66251  272  0  74  3  66251  0  35400  152416  47  0  3423388956  7124  23864  23726  23726  20.914171706  
1439178611  0  742863  156162  734628  5  0  812  25697  0  106157982676  1345  0  740440  740445  5  0  66251  272  0  74  2  66251  0  25697  156162  47  0  1985131738  3746  14094  14113  14113  21.0216419447  
1439178621  0  758887  159746  750807  5  0  767  23504  0  108472287705  1345  0  756619  756624  5  0  66251  272  0  74  2  66251  0  23504  159746  47  0  2314305029  3584  16024  16179  16179  21.0500377527  
1439178631  0  773258  163092  765279  5  0  799  24834  0  110518085592  1345  0  771091  771096  5  0  66251  272  0  74  2  66251  0  24834  163092  47  0  2045797887  3346  14371  14472  14472  21.0915373653  
1439178641  0  793846  167452  785860  5  0  864  27398  0  113329150719  1345  0  791672  791677  5  0  66251  272  0  74  2  66251  0  27398  167452  47  0  2811065127  4360  20588  20581  20581  21.0937637779  
1439178651  0  811478  171800  803366  5  65658  952  29957  24  115790077413  1345  0  809202  809207  5  0  66251  272  0  74  7  66251  0  29957  171800  47  0  2460926694  4348  17632  17530  17530  21.1712455544  
1439178661  0  832084  176505  823826  5  65658  892  27977  24  118953034654  1345  0  829662  829667  5  0  66251  272  0  74  7  66251  0  27977  176505  47  0  3162957241  4705  20606  20460  20460  21.2124016325  
1439178671  0  848271  180429  840313  5  0  782  24232  0  121516464427  1345  0  846149  846154  5  0  66251  272  0  74  2  66251  0  24232  180429  47  0  2563429773  3924  16187  16487  16487  21.2702072805  
1439178681  0  863236  183013  855074  5  0  789  24911  0  123763469788  1345  0  860910  860915  5  0  66251  272  0  74  2  66251  0  24911  183013  47  0  2247005361  2584  14965  14761  14761  21.2008071953  
1439178691  0  879203  186585  871203  5  0  781  22972  0  126202571961  1345  0  877039  877044  5  0  66251  272  0  74  2  66251  0  22972  186585  47  0  2439102173  3572  15967  16129  16129  21.2220613442  
1439178701  0  898492  190237  890522  5  0  891  26626  0  129387758111  1345  0  896358  896363  5  0  66251  272  0  74  2  66251  0  26626  190237  47  0  3185186150  3652  19289  19319  19319  21.1729208496  
1439178711  0  908853  192115  900545  5  0  684  19841  0  130819520701  1345  0  906381  906386  5  0  66251  272  0  74  2  66251  0  19841  192115  47  0  1431762590  1878  10361  10023  10023  21.1381818622  
1439178721  0  928762  196897  920594  5  0  806  24724  0  133652980324  1345  0  926430  926435  5  0  66251  272  0  74  2  66251  0  24724  196897  47  0  2833459623  4782  19909  20049  20049  21.1999414274  
1439178731  0  949686  201722  941598  5  0  970  30633  0  136832034122  1345  0  947434  947439  5  0  66251  272  0  74  2  66251  0  30633  201722  47  0  3179053798  4825  20924  21004  21004  21.2409154184  
1439178741  0  962535  205314  954481  5  0  833  25471  0  138747949457  1345  0  960317  960322  5  0  66251  272  0  74  2  66251  0  25471  205314  47  0  1915915335  3592  12849  12883  12883  21.330549019  
1439178751  0  982532  210579  974448  5  0  801  23465  0  141878618980  1345  0  980284  980289  5  0  66251  272  0  74  2  66251  0  23465  210579  47  0  3130669523  5265  19997  19967  19967  21.4322790505  
1439178761  0  1003947  215284  995960  5  0  978  29349  0  145136759808  1345  0  1001796  1001801  5  0  66251  272  0  74  2  66251  0  29349  215284  47  0  3258140828  4705  21415  21512  21512  21.4437614735  
1439178771  0  1027185  222780  1019238  5  0  1044  32067  0  148312117922  1345  0  1025074  1025079  5  0  66251  272  0  74  2  66251  0  32067  222780  47  0  3175358114  7496  23238  23278  23278  21.6884008236  
1439178781  0  1046759  228287  1038740  5  0  954  29842  0  151283059805  1345  0  1044576  1044581  5  0  66251  272  0  74  2  66251  0  29842  228287  47  0  2970941883  5507  19574  19502  19502  21.8089359633  
1439178791  0  1066427  233896  1058310  5  1047  966  29618  1  154320169878  1345  0  1064147  1064152  5  0  66251  272  0  74  2  66251  0  29618  233896  47  0  3037110073  5609  19668  19571  19571  21.9326779986  
1439178801  0  1093648  242114  1085451  5  2094  1150  35824  2  158101362077  1345  0  1091289  1091294  5  0  66251  272  0  74  2  66251  0  35824  242114  47  0  3781192199  8218  27221  27142  27142  22.1382016883  
1439178811  0  1123481  252430  1115488  5  1047  1260  42805  1  162709178119  1345  0  1121326  1121331  5  0  66251  272  0  74  2  66251  0  42805  252430  47  0  4607816042  10316  29833  30037  30037  22.4685597709  
1439178821  0  1174454  276558  1166438  5  0  1613  59260  0  170252575106  1613  0  1172276  1172281  5  0  66251  272  0  74  2  66251  0  59260  276558  47  0  7543396987  24128  50973  50950  50950  23.5477932724  
1439178831  0  1267106  335742  1258873  5  0  2012  85795  0  182821744242  2019  0  1264711  1264716  5  0  85867  272  0  74  2  85867  0  85795  335742  47  0  12569169136  59184  92652  92435  92435  26.4967571774  
1439178841  0  1538022  581329  1529272  5  688162  2283  108358  269  209935805857  2306  0  1535500  1535505  5  0  108794  272  0  74  5  108794  0  108358  581329  47  0  27114061615  245587  270916  270789  270789  37.7971836554  
1439178851  0  1798776  840316  1788474  8  2565136  1978  109614  1013  235111916397  2334  0  1795743  1795751  8  0  110188  272  0  74  14  110188  0  109614  840316  47  0  25176110540  258987  260754  260243  260246  46.7159890948  
