#type:G;
#time  Rt  Nm  Tt  Nc  Rx  Gz  Pc  Pf  Ra  Te  Pm  Fp  Fc  Ta  Fm  Om  Lm  Oc  Sm  Sc  Em  Af  Ea  Cf  Ec  Gd  Zt  Et  Ep  dedup_put_diff  total_eph_put_diff  dedup_factor  dedup_curr  compression_saving  tze_saving  
1438944396  0  0  36  0  0  0  0  0  0  14  0  0  0  0  0  0  0  0  0  0  0  0  0  0  0  0  0  0  0  0  0  0 0 0 0 
1438944406  0  58  7675  58  0  0  2445  0  0  76  2445  0  2445  0  2445  2  0  2  0  0  2445  0  0  0  2445  0  0  0  2445  0  2445  0.0  100.0  0 0 
1438944416  0  624  120047  624  0  0  20541  0  0  80  20541  0  19705  0  19705  38  0  38  0  0  20541  4  0  0  20541  0  0  0  20541  0  18096  0.0  100.0  0 0 
1438944426  0  1564  261167  1564  0  0  58068  0  0  80  58068  0  56478  0  56478  60  0  60  0  0  58068  4  0  0  58068  0  0  0  58068  0  37527  0.0  100.0  0 0 
1438944436  0  2342  397160  2253  0  0  88161  0  0  80  88837  0  88038  1  88038  63  0  27  0  0  88837  4  37674  0  88161  0  0  37674  126018  0  67950  0.0  100.0  0 0 
1438944446  0  2342  545740  2251  0  0  88366  0  0  80  88837  0  88028  1  88100  63  0  43  0  0  88837  4  111756  0  88366  0  0  111758  200307  0  74289  0.0  100.0  0 0 
1438944457  0  2342  701977  2230  0  0  88204  0  0  80  88837  0  88021  1  88100  63  0  21  0  0  88837  4  189875  0  88204  0  0  189883  278270  0  77963  0.0  100.0  0 0 
1438944467  0  2342  844329  2263  0  0  88216  0  0  80  88837  0  88174  3  88176  63  0  10  0  0  88837  4  256981  0  88216  0  0  256995  349622  0  71352  0.0  100.0  0 0 
1438944477  0  2342  977776  2296  0  0  88252  0  0  80  88837  0  88203  1  88208  63  0  9  0  0  88837  4  319330  0  88252  0  0  319347  416444  0  66822  0.0  100.0  0 0 
1438944487  0  2460  1107246  2455  0  0  88469  0  0  80  88837  0  87812  1  88209  165  0  165  0  0  88837  4  372122  0  88469  0  0  372150  479697  0  63253  0.0  100.0  0 0 
1438944497  0  2577  1243391  2551  0  0  88450  0  0  80  88837  0  87788  1  88209  211  0  176  0  0  88837  4  425278  0  88450  0  0  425309  543966  0  64269  0.0  100.0  0 0 
1438944507  0  2664  1375936  2646  0  0  88481  0  0  80  88837  0  87709  1  88209  211  0  190  0  0  88837  4  471682  0  88481  0  0  471714  603047  0  59081  0.0  100.0  0 0 
1438944517  0  2694  1516696  2597  0  0  88007  0  0  80  88837  0  87949  1  88209  211  0  7  0  0  88837  4  518903  0  88007  0  0  518939  665435  0  62388  0.0  100.0  0 0 
1438944527  0  2694  1665026  2674  0  0  88133  0  0  80  88837  0  88019  1  88209  211  0  36  0  0  88837  4  567492  0  88133  0  0  567529  730220  0  64785  0.0  100.0  0 0 
1438944537  0  2694  1840502  2627  0  0  88129  0  0  80  88837  0  88054  32  88209  211  0  13  0  0  88837  4  624708  0  88129  0  0  624746  806209  0  75989  0.0  100.0  0 0 
1438944547  0  2694  2002729  2633  0  0  88220  0  0  80  88837  0  88101  1  88209  211  0  15  0  0  88837  4  676089  0  88220  0  0  676133  876870  0  70661  0.0  100.0  0 0 
1438944557  0  2694  2162921  2650  0  0  88286  0  0  80  88837  0  87649  1  88209  211  0  44  0  0  88837  4  732313  0  88286  0  0  732365  951194  0  74324  0.0  100.0  0 0 
1438944567  0  2716  2324893  2682  0  0  88030  0  0  80  88837  0  87900  1  88209  211  0  20  0  0  88837  4  789853  0  88030  0  0  789906  1026019  0  74825  0.0  100.0  0 0 
1438944577  0  2743  2513544  2713  0  0  88288  0  0  80  88837  0  87597  1  88209  211  0  49  0  0  88837  4  860008  0  88288  0  0  860068  1115249  0  89230  0.0  100.0  0 0 
1438944587  0  2743  2687279  2653  0  0  87802  0  0  80  88837  0  87773  1  88209  211  0  10  0  0  88837  4  925921  0  87802  0  0  925982  1200102  0  84853  0.0  100.0  0 0 
1438944597  0  2743  2868738  2629  0  0  88100  0  0  80  88837  0  87951  1  88209  211  0  10  0  0  88837  4  993842  0  88100  0  0  993905  1289359  0  89257  0.0  100.0  0 0 
1438944607  0  2743  3036345  2631  0  0  88139  0  0  80  88837  0  88001  25  88209  211  0  10  0  0  88837  4  1056767  0  88139  0  0  1056833  1370839  0  81480  0.0  100.0  0 0 
1438944617  0  2743  3238473  2603  0  0  88230  0  0  80  88837  0  87870  1  88209  211  0  10  0  0  88837  4  1134326  0  88230  0  0  1134398  1471080  0  100241  0.0  100.0  0 0 
1438944627  0  2743  3428074  2653  0  0  88047  0  0  80  88837  0  87963  7  88209  211  0  11  0  0  88837  4  1207730  0  88047  0  0  1207808  1564826  0  93746  0.0  100.0  0 0 
1438944637  0  2743  3613795  2633  0  0  88106  0  0  80  88837  0  88047  1  88209  211  0  6  0  0  88837  4  1279050  0  88106  0  0  1279130  1656430  0  91604  0.0  100.0  0 0 
1438944647  0  2743  3801434  2642  0  0  88026  0  0  80  88837  0  88005  97  88209  211  0  8  0  0  88837  4  1352275  0  88026  0  0  1352358  1749287  0  92857  0.0  100.0  0 0 
1438944657  0  2743  4008615  2630  0  0  88151  0  0  80  88837  0  88145  0  88209  211  0  8  0  0  88837  4  1432857  0  88151  0  0  1432945  1852645  0  103358  0.0  100.0  0 0 
1438944667  0  2743  4186259  2656  0  0  88183  0  0  80  88837  0  88106  1  88209  211  0  7  0  0  88837  4  1504799  0  88183  0  0  1504894  1941235  0  88590  0.0  100.0  0 0 
1438944677  0  2743  4371994  2709  0  0  87961  0  0  80  88837  0  87943  186  88209  211  0  6  0  0  88837  4  1577323  0  87961  0  0  1577422  2033438  0  92203  0.0  100.0  0 0 
1438944687  0  2743  4559403  2661  0  0  88071  0  0  80  88837  0  88054  93  88209  211  0  5  0  0  88837  4  1652417  0  88071  0  0  1652519  2127263  0  93825  0.0  100.0  0 0 
1438944697  0  2743  4774818  2676  0  0  88174  0  0  80  88837  0  88115  1  88209  211  0  6  0  0  88837  4  1737717  0  88174  0  0  1737821  2234969  0  107706  0.0  100.0  0 0 
1438944707  0  2743  4966070  2655  0  0  88166  0  0  80  88837  0  88146  1  88209  211  0  7  0  0  88837  4  1814108  0  88166  0  0  1814213  2330393  0  95424  0.0  100.0  0 0 
1438944717  0  2743  5154243  2647  0  0  88161  0  0  80  88837  0  88140  22  88209  211  0  5  0  0  88837  4  1887469  0  88161  0  0  1887579  2424311  0  93918  0.0  100.0  0 0 
1438944727  0  2743  5361850  2679  0  0  88191  0  0  80  88837  0  88132  1  88209  211  0  6  0  0  88837  4  1970257  0  88191  0  0  1970375  2528088  0  103777  0.0  100.0  0 0 
1438944737  0  2743  5556201  2626  0  0  88164  0  0  80  88837  0  88150  1  88209  211  0  6  0  0  88837  4  2046103  0  88164  0  0  2046225  2625123  0  97035  0.0  100.0  0 0 
1438944747  0  2743  5741185  2666  0  0  88164  0  0  80  88837  0  88164  1  88209  211  0  4  0  0  88837  4  2120745  0  88164  0  0  2120878  2717687  0  92564  0.0  100.0  0 0 
1438944757  0  2743  5927283  2643  0  0  88007  0  0  80  88837  0  87929  190  88209  211  0  6  0  0  88837  4  2194982  0  88007  0  0  2195117  2810660  0  92973  0.0  100.0  0 0 
1438944767  0  2743  6130128  2634  0  0  88130  0  0  80  88837  0  88115  47  88209  211  0  6  0  0  88837  4  2276231  0  88130  0  0  2276376  2911953  0  101293  0.0  100.0  0 0 
1438944777  0  2743  6316036  2654  0  0  88147  0  0  80  88837  0  88147  22  88209  211  0  4  0  0  88837  4  2347101  0  88147  0  0  2347251  3004990  0  93037  0.0  100.0  0 0 
1438944787  0  2743  6499966  2648  0  0  88199  0  0  80  88837  0  88160  1  88209  211  0  5  0  0  88837  4  2420239  0  88199  0  0  2420392  3097058  0  92068  0.0  100.0  0 0 
1438944797  0  2743  6703470  2666  0  0  88169  0  0  80  88837  0  88122  1  88209  211  0  6  0  0  88837  4  2499902  0  88169  0  0  2500060  3198668  0  101610  0.0  100.0  0 0 
1438944807  0  2743  6886459  2648  0  0  88170  0  0  80  88837  0  88162  1  88209  211  0  5  0  0  88837  4  2573631  0  88170  0  0  2573791  3290119  0  91451  0.0  100.0  0 0 
1438944817  0  2743  7078182  2601  0  0  88051  0  0  80  88837  0  88051  131  88209  211  0  4  0  0  88837  4  2646779  0  88051  0  0  2646945  3385916  0  95797  0.0  100.0  0 0 
1438944827  0  2743  7265910  2652  0  0  88203  0  0  80  88837  0  88127  1  88209  211  0  6  0  0  88837  4  2720035  0  88203  0  0  2720204  3479771  0  93855  0.0  100.0  0 0 
1438944837  0  2743  7478071  2658  0  0  88169  0  0  80  88837  0  88152  1  88209  211  0  6  0  0  88837  4  2804477  0  88169  0  0  2804646  3585910  0  106139  0.0  100.0  0 0 
1438944847  0  2743  7665910  2666  0  0  88190  0  0  80  88837  0  88170  1  88209  211  0  5  0  0  88837  4  2875747  0  88190  0  0  2875918  3679833  0  93923  0.0  100.0  0 0 
1438944857  0  2743  7852095  2692  0  0  88157  0  0  80  88837  0  88098  25  88209  211  0  6  0  0  88837  4  2952203  0  88157  0  0  2952377  3772983  0  93150  0.0  100.0  0 0 
1438944867  0  2743  8046358  2652  0  0  88175  0  0  80  88837  0  88161  9  88209  211  0  6  0  0  88837  4  3026764  0  88175  0  0  3026942  3869922  0  96939  0.0  100.0  0 0 
1438944877  0  2743  8257708  2652  0  0  88197  0  0  80  88837  0  88166  1  88209  211  0  5  0  0  88837  4  3110181  0  88197  0  0  3110362  3975540  0  105618  0.0  100.0  0 0 
1438944887  0  2743  8456951  2662  0  0  88192  0  0  80  88837  0  88141  1  88209  211  0  6  0  0  88837  4  3189373  0  88192  0  0  3189562  4075481  0  99941  0.0  100.0  0 0 
1438944897  0  2743  8646271  2688  0  0  88053  0  0  80  88837  0  88042  110  88209  211  0  6  0  0  88837  4  3263719  0  88053  0  0  3263915  4169990  0  94509  0.0  100.0  0 0 
1438944907  0  2743  8862187  2629  0  0  88199  0  0  80  88837  0  88160  1  88209  211  0  6  0  0  88837  4  3345691  0  88199  0  0  3345887  4278015  0  108025  0.0  100.0  0 0 
1438944917  0  2743  9058838  2633  0  0  88196  0  0  80  88837  0  88154  1  88209  211  0  6  0  0  88837  4  3421581  0  88196  0  0  3421786  4376382  0  98367  0.0  100.0  0 0 
1438944927  0  2743  9260690  2606  0  0  88179  0  0  80  88837  0  88167  1  88209  211  0  6  0  0  88837  4  3497154  0  88179  0  0  3497361  4477312  0  100930  0.0  100.0  0 0 
1438944937  0  2743  9453365  2618  0  0  88204  0  0  80  88837  0  88160  1  88209  211  0  5  0  0  88837  4  3571464  0  88204  0  0  3571673  4573471  0  96159  0.0  100.0  0 0 
1438944947  0  2743  9663546  2644  0  0  88104  0  0  80  88837  0  88063  69  88209  211  0  6  0  0  88837  4  3654576  0  88104  0  0  3654787  4678592  0  105121  0.0  100.0  0 0 
1438944957  0  2743  9852058  2636  0  0  88169  0  0  80  88837  0  88161  1  88209  211  0  5  0  0  88837  4  3728277  0  88169  0  0  3728491  4772954  0  94362  0.0  100.0  0 0 
1438944967  0  2743  10039617  2655  0  0  88134  0  0  80  88837  0  88114  63  88209  211  0  6  0  0  88837  4  3799675  0  88134  0  0  3799898  4866641  0  93687  0.0  100.0  0 0 
1438944977  0  2743  10252851  2672  0  0  88179  0  0  80  88837  0  88121  1  88209  211  0  6  0  0  88837  4  3883325  0  88179  0  0  3883548  4973242  0  106601  0.0  100.0  0 0 
1438944987  0  2743  10438537  2651  0  0  88180  0  0  80  88837  0  88165  1  88209  211  0  6  0  0  88837  4  3957152  0  88180  0  0  3957380  5066050  0  92808  0.0  100.0  0 0 
1438944997  0  2743  10623435  2642  0  0  88199  0  0  80  88837  0  88152  1  88209  211  0  5  0  0  88837  4  4030643  0  88199  0  0  4030876  5158531  0  92481  0.0  100.0  0 0 
1438945007  0  2743  10828068  2621  0  0  88011  0  0  80  88837  0  87973  187  88209  211  0  5  0  0  88837  4  4111998  0  88011  0  0  4112231  5260837  0  102306  0.0  100.0  0 0 
1438945017  0  2743  11035631  2624  0  0  88127  0  0  80  88837  0  88119  50  88209  211  0  5  0  0  88837  4  4193437  0  88127  0  0  4193677  5364598  0  103761  0.0  100.0  0 0 
1438945027  0  2743  11226629  2669  0  0  88191  0  0  80  88837  0  88168  1  88209  211  0  6  0  0  88837  4  4268019  0  88191  0  0  4268262  5460174  0  95576  0.0  100.0  0 0 
1438945037  0  2743  11419939  2629  0  0  88195  0  0  80  88837  0  88135  1  88209  211  0  6  0  0  88837  4  4342776  0  88195  0  0  4343021  5556833  0  96659  0.0  100.0  0 0 
1438945047  0  2743  11610399  2644  0  0  88047  0  0  80  88837  0  88013  138  88209  211  0  6  0  0  88837  4  4416730  0  88047  0  0  4416977  5651931  0  95098  0.0  100.0  0 0 
1438945057  0  2743  11825122  2661  0  0  88193  0  0  80  88837  0  88173  1  88209  211  0  5  0  0  88837  4  4501546  0  88193  0  0  4501795  5759442  0  107511  0.0  100.0  0 0 
1438945067  0  2743  11997027  2547  0  0  88179  0  0  80  88837  0  88133  11  88209  211  0  6  0  0  88837  4  4569136  0  88179  0  0  4569387  5845203  0  85761  0.0  100.0  0 0 
1438945077  0  2743  12161312  2464  0  0  88232  0  0  80  88837  0  88119  1  88209  211  0  9  0  0  88837  4  4627884  0  88232  0  0  4628139  5927384  0  82181  0.0  100.0  0 0 
1438945087  0  2743  12305538  2499  0  0  88388  0  0  83  88837  0  87632  1  88209  211  0  17  0  0  88837  7  4683547  0  88388  0  0  4683814  5999248  0  71864  0.0  100.0  0 0 
1438945097  0  2743  12421735  2552  0  0  88153  0  0  86  88837  0  87396  111  88209  211  0  17  0  0  88837  10  4721130  0  88153  0  0  4721401  6057136  0  57888  0.0  100.0  0 0 
1438945107  0  2743  12707894  2471  0  0  87915  0  0  86  88837  0  87488  277  88209  211  0  12  0  0  88837  10  4764416  0  87915  0  0  4764687  6200220  0  143084  0.0  100.0  0 0 
