#type:G;
#time  Rt  Nm  Tt  Nc  Rx  Gz  Pc  Pf  Ra  Te  Pm  Fp  Fc  Ta  Fm  Om  Lm  Oc  Sm  Sc  Em  Af  Ea  Cf  Ec  Gd  Zt  Et  Ep  dedup_put_diff  total_eph_put_diff  dedup_factor  dedup_curr  compression_saving  tze_saving  
1439620340  0  0  19817  0  0  0  0  0  0  19524  0  0  0  0  0  0  0  0  0  0  0  0  0  0  0  0  0  0  0  0  0  0 0 0 0 
1439620350  0  0  19830  0  0  0  0  0  0  19528  0  0  0  0  0  0  0  0  0  0  0  0  0  0  0  0  0  0  0  0  0  0 0 0 0 
1439620360  0  828  82377  745  0  0  11015  0  0  19980  12037  0  2716  363  3017  1007  0  777  4207  3650  12037  0  0  0  11015  8207  13183464  0  13600  8207  13600  60.3455882353  66.8633681344  100.0  11.8186536815  
1439620370  0  828  86784  765  0  0  11270  0  0  19980  12037  0  2986  94  3017  1007  0  796  4207  3944  12037  0  0  0  11270  8327  14351008  0  14023  120  423  59.3810169008  65.0044365572  100.0  11.1647042977  
1439620380  0  828  122423  694  0  0  10572  0  0  19980  12037  0  2986  126  3017  1007  0  698  4207  3835  12037  0  0  0  10572  8328  14138728  0  14024  1  1  59.3839132915  63.7249337874  100.0  9.9911892927  
1439620390  0  828  178962  649  0  0  10831  0  0  19980  12037  0  3725  1  3726  1007  0  624  4500  4500  12037  0  0  0  10831  8718  17015224  0  15217  390  1193  57.2911874877  58.4525897886  100.0  7.68650173611  
1439620400  0  828  259619  574  0  0  9661  0  0  19980  12037  0  3554  217  3728  1007  0  497  4500  4191  12037  0  0  0  9661  9132  16038584  0  15717  414  500  58.1026913533  56.6193975779  100.0  6.56955566989  
1439620410  0  828  328779  554  0  0  9396  0  0  19980  12037  0  3530  255  3728  1007  0  461  4500  4125  12037  0  0  0  9396  9133  15852168  0  15729  1  12  58.0647212156  56.098339719  100.0  6.17798295455  
1439620420  0  828  403468  502  0  0  9428  0  0  19980  12037  0  3473  377  3728  1007  0  381  4500  3980  12037  0  0  0  9428  9903  15447824  0  16544  770  815  59.8585589942  57.7853203224  100.0  5.24016567211  
1439620430  0  828  492346  501  0  0  10390  0  0  19980  12037  0  3362  513  3728  1007  0  361  4500  3859  12037  0  0  0  10390  11011  15004480  0  17724  1108  1180  62.1248025276  62.8585178056  100.0  5.07377235035  
1439620440  0  828  590489  474  0  0  10228  0  0  19980  12037  0  3056  837  3728  1007  0  308  4500  3493  12037  0  0  0  10228  11218  13641616  0  17943  207  219  62.5202028646  65.8486507626  100.0  4.65294428142  
1439620450  0  828  687793  433  0  0  9659  0  0  19980  12037  0  2561  1384  3728  1007  0  247  4500  2928  12037  0  0  0  9659  11228  11454040  0  17992  10  49  62.4055135616  69.6863029299  100.0  4.49465558829  
1439620460  0  828  796893  484  0  0  10959  0  0  19980  12037  0  3309  636  3728  1007  0  289  4500  3704  12037  0  0  0  10959  11973  11741056  0  19541  745  1549  61.2711734302  66.2012957387  100.0  22.6115348272  
1439620470  0  828  888811  550  0  0  11913  0  0  19980  12037  0  4201  0  4201  1007  0  335  4622  4622  12037  0  0  0  11913  12009  11701856  0  20552  36  1011  58.4322693655  61.2020481827  100.0  38.1891294353  
1439620480  0  905  1007950  905  0  0  17785  0  0  19980  17785  0  9836  0  9836  1007  0  670  10493  10493  17785  0  0  0  17785  12012  12058520  0  26435  3  5883  45.4397578967  41.0008434074  100.0  71.9434422055  
1439620490  0  1841  1130762  1841  0  0  38803  0  0  19980  38803  0  29837  0  29837  1528  0  1528  31348  31348  38803  0  0  0  38803  12175  13130536  0  47471  163  21036  25.6472372606  19.2124320285  100.0  89.7738379941  
1439620500  0  2802  1223766  2802  0  0  61132  0  0  19980  61132  0  51478  0  51478  2414  0  2414  53871  53871  61132  0  0  0  61132  12176  14061632  0  70018  1  22547  17.3898140478  11.8775763921  100.0  93.6273400809  
1439620510  0  3189  1360060  3189  0  0  69636  0  0  19980  69636  0  59811  0  59811  2764  0  2764  62486  62486  69636  0  0  0  69636  12263  14492024  0  78840  87  8822  15.5542871639  10.267677638  100.0  94.3377847888  
1439620520  0  3619  1457434  3619  0  0  77412  0  0  19980  77412  0  67396  0  67396  3158  0  3158  70365  70365  77412  0  0  0  77412  12328  14733728  0  86851  65  8011  14.1944249347  9.10323980778  100.0  94.8879392276  
1439620530  0  4390  1596807  4357  0  0  92293  0  0  19980  93137  0  83489  0  83489  3864  0  3833  85998  85185  93137  0  0  0  92293  12426  15552784  0  103759  98  16908  11.9758286028  7.70155916483  100.0  95.5425645287  
1439620540  0  5134  1714161  5134  0  0  107160  0  0  19980  107160  0  100739  0  100739  4556  0  4556  100024  100024  107160  0  0  0  107160  12454  16253872  0  121778  28  18019  10.2268061555  6.65920119448  100.0  96.032721678  
1439620550  0  5745  1813846  5566  0  0  113532  0  0  19980  119287  0  118965  0  118965  5101  0  4935  111759  106004  119287  0  5994  0  113532  12846  15660376  5994  141195  392  19417  9.09805588017  6.63072966212  100.0  96.3932172518  
1439620560  0  5745  1971545  0  0  0  0  54784  54784  140596  119287  0  126951  1  126951  5101  0  0  111759  0  119287  0  790913  0  0  12875  0  130627  152296  29  11101  8.45393181699  0 0 0 
1439620570  0  5745  2112127  0  0  0  0  119460  119460  274205  119287  0  126951  1  126951  5101  0  0  111759  0  119287  0  1567025  0  0  12875  0  130627  152296  0  0  8.45393181699  0 0 0 
1439620580  0  5745  2260558  0  0  0  0  192595  192597  419998  119287  0  126951  1  126951  5101  0  0  111759  0  119287  2  2444577  0  0  12875  0  130627  152296  0  0  8.45393181699  0 0 0 
1439620590  0  5745  2407185  0  0  0  0  264923  264927  564155  119287  0  126951  1  126951  5101  0  0  111759  0  119287  4  3312491  0  0  12875  0  130627  152296  0  0  8.45393181699  0 0 0 
1439620600  0  5745  2523074  0  0  0  0  321844  321848  678449  119287  0  126951  1  126951  5101  0  0  111759  0  119287  4  3995543  0  0  12875  0  130627  152296  0  0  8.45393181699  0 0 0 
1439620610  0  5745  2644848  0  0  0  0  381715  381719  797482  119287  0  126951  1  126951  5101  0  0  111759  0  119287  4  4713976  0  0  12875  0  130627  152296  0  0  8.45393181699  0 0 0 
1439620620  0  5745  2763943  0  0  0  0  440013  440018  913828  119287  0  126951  1  126951  5101  0  0  111759  0  119287  5  5413526  0  0  12875  0  130627  152296  0  0  8.45393181699  0 0 0 
1439620630  0  5745  2925477  0  0  0  0  519289  519295  1072547  119287  0  126951  1  126951  5101  0  0  111759  0  119287  6  6364722  0  0  12875  0  130627  152296  0  0  8.45393181699  0 0 0 
1439620640  0  5745  3075182  0  0  0  0  592723  592729  1218714  119287  0  126951  1  126951  5101  0  0  111759  0  119287  6  7245848  0  0  12875  0  130627  152296  0  0  8.45393181699  0 0 0 
1439620650  0  5745  3227985  0  0  0  0  667810  667819  1368666  119287  0  126951  1  126951  5101  0  0  111759  0  119287  9  8146904  0  0  12875  0  130627  152296  0  0  8.45393181699  0 0 0 
1439620660  0  5745  3373569  0  0  0  0  739112  739121  1510896  119287  0  126951  1  126951  5101  0  0  111759  0  119287  9  9002482  0  0  12875  0  130627  152296  0  0  8.45393181699  0 0 0 
1439620670  0  5745  3522711  0  0  0  0  811816  811826  1656410  119287  0  126951  1  126951  5101  0  0  111759  0  119287  10  9874916  0  0  12875  0  130627  152296  0  0  8.45393181699  0 0 0 
1439620680  0  5745  3695260  0  0  0  0  896335  896345  1825074  119287  0  126951  1  126951  5101  0  0  111759  0  119287  10  10889140  0  0  12875  0  130627  152296  0  0  8.45393181699  0 0 0 
1439620690  0  5745  3801036  0  0  0  0  948248  948258  1928669  119287  0  126951  1  126951  5101  0  0  111759  0  119287  10  11512090  0  0  12875  0  130627  152296  0  0  8.45393181699  0 0 0 
1439620700  0  5745  3915526  0  0  0  0  1004600  1004610  2040927  119287  0  126951  1  126951  5101  0  0  111759  0  119287  10  12188314  0  0  12875  0  130627  152296  0  0  8.45393181699  0 0 0 
1439620710  0  5745  4023384  0  0  0  0  1057076  1057086  2146468  119287  0  126951  1  126951  5101  0  0  111759  0  119287  10  12818026  0  0  12875  0  130627  152296  0  0  8.45393181699  0 0 0 
1439620720  0  5745  4145005  0  0  0  0  1116828  1116839  2265118  119287  0  126951  1  126951  5101  0  0  111759  0  119287  11  13535059  0  0  12875  0  130627  152296  0  0  8.45393181699  0 0 0 
1439620730  0  5745  4253136  0  0  0  0  1169766  1169777  2370984  119287  0  126951  1  126951  5101  0  0  111759  0  119287  11  14170288  0  0  12875  0  130627  152296  0  0  8.45393181699  0 0 0 
1439620740  0  5745  4376779  0  0  0  0  1230405  1230419  2491917  119287  0  126951  1  126951  5101  0  0  111759  0  119287  14  14897926  0  0  12875  0  130627  152296  0  0  8.45393181699  0 0 0 
1439620750  0  5745  4494860  0  0  0  0  1288221  1288235  2607520  119287  0  126951  1  126951  5101  0  0  111759  0  119287  14  15591691  0  0  12875  0  130627  152296  0  0  8.45393181699  0 0 0 
1439620760  0  5745  4631158  0  0  0  0  1354741  1354755  2740903  119287  0  126951  1  126951  5101  0  0  111759  0  119287  14  16389931  0  0  12875  0  130627  152296  0  0  8.45393181699  0 0 0 
1439620770  0  5745  4746868  0  0  0  0  1411430  1411444  2853619  119287  0  126951  1  126951  5101  0  0  111759  0  119287  14  17070176  0  0  12875  0  130627  152296  0  0  8.45393181699  0 0 0 
1439620780  0  5745  4878029  0  0  0  0  1475781  1475795  2981917  119287  0  126951  1  126951  5101  0  0  111759  0  119287  14  17842383  0  0  12875  0  130627  152296  0  0  8.45393181699  0 0 0 
1439620790  0  5745  4999050  0  0  0  0  1535175  1535190  3100654  119287  0  126951  1  126951  5101  0  0  111759  0  119287  15  18555101  0  0  12875  0  130627  152296  0  0  8.45393181699  0 0 0 
1439620800  0  5745  5123737  0  0  0  0  1596239  1596254  3222622  119287  0  126951  1  126951  5101  0  0  111759  0  119287  15  19287799  0  0  12875  0  130627  152296  0  0  8.45393181699  0 0 0 
1439620810  0  5745  5287406  0  0  0  0  1676322  1676338  3383090  119287  0  126951  1  126951  5101  0  0  111759  0  119287  16  20248802  0  0  12875  0  130627  152296  0  0  8.45393181699  0 0 0 
1439620820  0  5745  5427310  0  0  0  0  1744882  1744899  3519432  119287  0  126951  1  126951  5101  0  0  111759  0  119287  17  21071488  0  0  12875  0  130627  152296  0  0  8.45393181699  0 0 0 
1439620830  0  5745  5575187  0  0  0  0  1817221  1817239  3663636  119287  0  126951  1  126951  5101  0  0  111759  0  119287  18  21939482  0  0  12875  0  130627  152296  0  0  8.45393181699  0 0 0 
1439620840  0  5745  5716369  0  0  0  0  1885983  1886001  3801436  119287  0  126951  1  126951  5101  0  0  111759  0  119287  18  22764626  0  0  12875  0  130627  152296  0  0  8.45393181699  0 0 0 
1439620850  0  5745  5862772  0  0  0  0  1957710  1957729  3944656  119287  0  126951  1  126951  5101  0  0  111759  0  119287  19  23625319  0  0  12875  0  130627  152296  0  0  8.45393181699  0 0 0 
1439620860  0  5745  5996943  0  0  0  0  2023167  2023186  4075552  119287  0  126951  1  126951  5101  0  0  111759  0  119287  19  24410740  0  0  12875  0  130627  152296  0  0  8.45393181699  0 0 0 
1439620870  0  5745  6126946  0  0  0  0  2086836  2086856  4202752  119287  0  126951  1  126951  5101  0  0  111759  0  119287  20  25174765  0  0  12875  0  130627  152296  0  0  8.45393181699  0 0 0 
1439620880  0  5745  6247110  0  0  0  0  2145583  2145603  4319958  119287  0  126951  1  126951  5101  0  0  111759  0  119287  20  25879693  0  0  12875  0  130627  152296  0  0  8.45393181699  0 0 0 
1439620890  0  5745  6382398  0  0  0  0  2211615  2211636  4452129  119287  0  126951  1  126951  5101  0  0  111759  0  119287  21  26671974  0  0  12875  0  130627  152296  0  0  8.45393181699  0 0 0 
1439620900  0  5745  6490682  0  0  0  0  2264536  2264557  4557677  119287  0  126951  1  126951  5101  0  0  111759  0  119287  21  27307026  0  0  12875  0  130627  152296  0  0  8.45393181699  0 0 0 
1439620910  0  5745  6606212  0  0  0  0  2320980  2321001  4670410  119287  0  126951  1  126951  5101  0  0  111759  0  119287  21  27984349  0  0  12875  0  130627  152296  0  0  8.45393181699  0 0 0 
1439620920  0  5745  6714736  0  0  0  0  2373959  2373980  4776387  119287  0  126951  1  126951  5101  0  0  111759  0  119287  21  28620097  0  0  12875  0  130627  152296  0  0  8.45393181699  0 0 0 
1439620930  0  5745  6842098  0  0  0  0  2436517  2436541  4901044  119287  0  126951  1  126951  5101  0  0  111759  0  119287  24  29370752  0  0  12875  0  130627  152296  0  0  8.45393181699  0 0 0 
1439620941  0  5745  6980866  0  0  0  0  2504368  2504393  5036716  119287  0  126951  1  126951  5101  0  0  111759  0  119287  25  30184921  0  0  12875  0  130627  152296  0  0  8.45393181699  0 0 0 
1439620951  0  5745  7118241  0  0  0  0  2571336  2571361  5170858  119287  0  126951  1  126951  5101  0  0  111759  0  119287  25  30988537  0  0  12875  0  130627  152296  0  0  8.45393181699  0 0 0 
1439620961  0  5745  7279235  0  0  0  0  2650244  2650269  5327844  119287  0  126951  1  126951  5101  0  0  111759  0  119287  25  31935367  0  0  12875  0  130627  152296  0  0  8.45393181699  0 0 0 
1439620971  0  5745  7413420  0  0  0  0  2715957  2715983  5459379  119287  0  126951  1  126951  5101  0  0  111759  0  119287  26  32723790  0  0  12875  0  130627  152296  0  0  8.45393181699  0 0 0 
1439620981  0  5745  7556091  0  0  0  0  2785457  2785483  5598335  119287  0  126951  1  126951  5101  0  0  111759  0  119287  26  33557790  0  0  12875  0  130627  152296  0  0  8.45393181699  0 0 0 
1439620991  0  5745  7725824  0  0  0  0  2868501  2868527  5764299  119287  0  126951  1  126951  5101  0  0  111759  0  119287  26  34554318  0  0  12875  0  130627  152296  0  0  8.45393181699  0 0 0 
1439621001  0  5745  7871147  0  0  0  0  2939283  2939309  5905678  119287  0  126951  1  126951  5101  0  0  111759  0  119287  26  35403702  0  0  12875  0  130627  152296  0  0  8.45393181699  0 0 0 
1439621011  0  5745  7986302  0  0  0  0  2995902  2995928  6018511  119287  0  126951  1  126951  5101  0  0  111759  0  119287  26  36083130  0  0  12875  0  130627  152296  0  0  8.45393181699  0 0 0 
1439621021  0  5745  8092154  0  0  0  0  3047678  3047704  6121803  119287  0  126951  1  126951  5101  0  0  111759  0  119287  26  36704442  0  0  12875  0  130627  152296  0  0  8.45393181699  0 0 0 
1439621031  0  5745  8206815  0  0  0  0  3103481  3103509  6233866  119287  0  126951  1  126951  5101  0  0  111759  0  119287  28  37374061  0  0  12875  0  130627  152296  0  0  8.45393181699  0 0 0 
1439621041  0  5745  8342631  0  0  0  0  3170378  3170407  6367034  119287  0  126951  1  126951  5101  0  0  111759  0  119287  29  38176815  0  0  12875  0  130627  152296  0  0  8.45393181699  0 0 0 
1439621051  0  5745  8478108  0  0  0  0  3236320  3236352  6499068  119287  0  126951  1  126951  5101  0  0  111759  0  119287  32  38968041  0  0  12875  0  130627  152296  0  0  8.45393181699  0 0 0 
1439621061  0  5745  8631137  0  0  0  0  3311113  3311145  6648370  119287  0  126951  1  126951  5101  0  0  111759  0  119287  32  39865517  0  0  12875  0  130627  152296  0  0  8.45393181699  0 0 0 
1439621071  0  5745  8762999  0  0  0  0  3375677  3375711  6777379  119287  0  126951  1  126951  5101  0  0  111759  0  119287  34  40640295  0  0  12875  0  130627  152296  0  0  8.45393181699  0 0 0 
1439621081  0  5745  8872151  0  0  0  0  3428674  3428708  6883438  119287  0  126951  1  126951  5101  0  0  111759  0  119287  34  41276259  0  0  12875  0  130627  152296  0  0  8.45393181699  0 0 0 
1439621091  0  5745  8987804  0  0  0  0  3485610  3485644  6996743  119287  0  126951  1  126951  5101  0  0  111759  0  119287  34  41959491  0  0  12875  0  130627  152296  0  0  8.45393181699  0 0 0 
1439621101  0  5745  9135342  0  0  0  0  3557849  3557883  7141059  119287  0  126951  1  126951  5101  0  0  111759  0  119287  34  42826352  0  0  12875  0  130627  152296  0  0  8.45393181699  0 0 0 
1439621111  0  5745  9295019  0  0  0  0  3635560  3635594  7296401  119287  0  126951  1  126951  5101  0  0  111759  0  119287  34  43758841  0  0  12875  0  130627  152296  0  0  8.45393181699  0 0 0 
1439621121  0  5745  9397806  0  0  0  0  3685796  3685834  7397116  119287  0  126951  1  126951  5101  0  0  111759  0  119287  38  44361654  0  0  12875  0  130627  152296  0  0  8.45393181699  0 0 0 
1439621131  0  5745  9523639  0  0  0  0  3747335  3747375  7519799  119287  0  126951  1  126951  5101  0  0  111759  0  119287  40  45100085  0  0  12875  0  130627  152296  0  0  8.45393181699  0 0 0 
1439621141  0  5745  9654776  0  0  0  0  3811509  3811549  7647814  119287  0  126951  1  126951  5101  0  0  111759  0  119287  40  45870173  0  0  12875  0  130627  152296  0  0  8.45393181699  0 0 0 
1439621151  0  5745  9808174  0  0  0  0  3886080  3886120  7797671  119287  0  126951  1  126951  5101  0  0  111759  0  119287  40  46765025  0  0  12875  0  130627  152296  0  0  8.45393181699  0 0 0 
1439621161  0  5745  9973546  0  0  0  0  3967320  3967360  7959230  119287  0  126951  1  126951  5101  0  0  111759  0  119287  40  47739897  0  0  12875  0  130627  152296  0  0  8.45393181699  0 0 0 
1439621171  0  5745  10110822  0  0  0  0  4034289  4034329  8093038  119287  0  126951  1  126951  5101  0  0  111759  0  119287  40  48543515  0  0  12875  0  130627  152296  0  0  8.45393181699  0 0 0 
1439621181  0  5745  10224628  0  0  0  0  4090324  4090364  8204704  119287  0  126951  1  126951  5101  0  0  111759  0  119287  40  49215935  0  0  12875  0  130627  152296  0  0  8.45393181699  0 0 0 
1439621191  0  5745  10355731  0  0  0  0  4153785  4153825  8332118  119287  0  126951  1  126951  5101  0  0  111759  0  119287  40  49977467  0  0  12875  0  130627  152296  0  0  8.45393181699  0 0 0 
1439621201  0  5745  10507055  0  0  0  0  4227910  4227950  8480442  119287  0  126951  1  126951  5101  0  0  111759  0  119287  40  50866967  0  0  12875  0  130627  152296  0  0  8.45393181699  0 0 0 
1439621211  0  5745  10667194  0  0  0  0  4306427  4306467  8636605  119287  0  126951  1  126951  5101  0  0  111759  0  119287  40  51809171  0  0  12875  0  130627  152296  0  0  8.45393181699  0 0 0 
1439621221  0  5745  10812869  0  0  0  0  4377822  4377862  8779135  119287  0  126951  1  126951  5101  0  0  111759  0  119287  40  52665904  0  0  12875  0  130627  152296  0  0  8.45393181699  0 0 0 
1439621231  0  5745  10954549  0  0  0  0  4447335  4447375  8917504  119287  0  126951  1  126951  5101  0  0  111759  0  119287  40  53499991  0  0  12875  0  130627  152296  0  0  8.45393181699  0 0 0 
1439621241  0  5745  11083929  0  0  0  0  4510479  4510519  9043724  119287  0  126951  1  126951  5101  0  0  111759  0  119287  40  54257715  0  0  12875  0  130627  152296  0  0  8.45393181699  0 0 0 
1439621251  0  5745  11192026  0  0  0  0  4563460  4563500  9149247  119287  0  126951  1  126951  5101  0  0  111759  0  119287  40  54893487  0  0  12875  0  130627  152296  0  0  8.45393181699  0 0 0 
1439621261  0  5745  11304893  0  0  0  0  4618630  4618670  9259769  119287  0  126951  1  126951  5101  0  0  111759  0  119287  40  55555468  0  0  12875  0  130627  152296  0  0  8.45393181699  0 0 0 
1439621271  0  5745  11415242  0  0  0  0  4672060  4672100  9366991  119287  0  126951  1  126951  5101  0  0  111759  0  119287  40  56196628  0  0  12875  0  130627  152296  0  0  8.45393181699  0 0 0 
1439621281  0  5745  11542185  0  0  0  0  4734106  4734146  9490921  119287  0  126951  1  126951  5101  0  0  111759  0  119287  40  56941111  0  0  12875  0  130627  152296  0  0  8.45393181699  0 0 0 
1439621291  0  5745  11677026  0  0  0  0  4799798  4799840  9622780  119287  0  126951  1  126951  5101  0  0  111759  0  119287  42  57729394  0  0  12875  0  130627  152296  0  0  8.45393181699  0 0 0 
1439621301  0  5745  11791204  0  0  0  0  4855599  4855641  9733910  119287  0  126951  1  126951  5101  0  0  111759  0  119287  42  58399006  0  0  12875  0  130627  152296  0  0  8.45393181699  0 0 0 
1439621311  0  5745  11919892  0  0  0  0  4918795  4918837  9859952  119287  0  126951  1  126951  5101  0  0  111759  0  119287  42  59157358  0  0  12875  0  130627  152296  0  0  8.45393181699  0 0 0 
1439621321  0  5745  12027117  0  0  0  0  4971377  4971420  9964700  119287  0  126951  1  126951  5101  0  0  111759  0  119287  43  59788308  0  0  12875  0  130627  152296  0  0  8.45393181699  0 0 0 
1439621331  0  5745  12144629  0  0  0  0  5028807  5028850  10079597  119287  0  126951  1  126951  5101  0  0  111759  0  119287  43  60477468  0  0  12875  0  130627  152296  0  0  8.45393181699  0 0 0 
1439621341  0  5745  12256249  0  0  0  0  5083209  5083252  10188297  119287  0  126951  1  126951  5101  0  0  111759  0  119287  43  61130283  0  0  12875  0  130627  152296  0  0  8.45393181699  0 0 0 
1439621351  0  5745  12392236  0  0  0  0  5149680  5149725  10321310  119287  0  126951  1  126951  5101  0  0  111759  0  119287  45  61927912  0  0  12875  0  130627  152296  0  0  8.45393181699  0 0 0 
1439621361  0  5745  12559044  0  0  0  0  5231078  5231123  10483891  119287  0  126951  1  126951  5101  0  0  111759  0  119287  45  62904688  0  0  12875  0  130627  152296  0  0  8.45393181699  0 0 0 
1439621371  0  5745  12687254  0  0  0  0  5293537  5293583  10609007  119287  0  126951  1  126951  5101  0  0  111759  0  119287  46  63654192  0  0  12875  0  130627  152296  0  0  8.45393181699  0 0 0 
1439621381  0  5745  12817518  0  0  0  0  5356982  5357028  10735806  119287  0  126951  1  126951  5101  0  0  111759  0  119287  46  64415532  0  0  12875  0  130627  152296  0  0  8.45393181699  0 0 0 
1439621391  0  5745  12954895  0  0  0  0  5424031  5424077  10869775  119287  0  126951  1  126951  5101  0  0  111759  0  119287  46  65220120  0  0  12875  0  130627  152296  0  0  8.45393181699  0 0 0 
1439621401  0  5745  13094587  0  0  0  0  5492188  5492236  11006078  119287  0  126951  1  126951  5101  0  0  111759  0  119287  48  66037994  0  0  12875  0  130627  152296  0  0  8.45393181699  0 0 0 
1439621411  0  5745  13230665  0  0  0  0  5558255  5558303  11138543  119287  0  126951  1  126951  5101  0  0  111759  0  119287  48  66830798  0  0  12875  0  130627  152296  0  0  8.45393181699  0 0 0 
1439621421  0  5745  13347179  0  0  0  0  5614818  5614866  11252157  119287  0  126951  1  126951  5101  0  0  111759  0  119287  48  67509554  0  0  12875  0  130627  152296  0  0  8.45393181699  0 0 0 
