#Type:X;CI:2;ww:0;ca:0;co:0;fr:0;Type:X;CI:2;PI:0;PT:EP;U0:0;U1:0;
#time  Pp  gt  gs  cn  cm  cb  Nc  Pc  cp  Tc  Nm  pr  ps  pt  px  pd  Pm  Om  fs  ft  Oc  Em  Gp  Ec  Ge  ot  os  Total_cycles_diff  Successful_get_diff  Total_get_diff  succ_put_diff  total_put_diff  get_hit  
1439072632  0  0  0  0  0  0  0  0  0  3295166  0  0  0  0  0  0  0  0  0  0  0  0  0  0  0  0  0  3295166  0  0  0  0  
1439072642  0  0  0  0  0  0  0  0  0  3295166  0  0  0  0  0  0  0  0  0  0  0  0  0  0  0  0  0  0  0  0  0  0  0 
1439072652  0  0  0  0  0  0  0  0  0  3295166  0  0  0  0  0  0  0  0  0  0  0  0  0  0  0  0  0  0  0  0  0  0  0 
1439072662  0  0  0  0  0  0  0  0  0  3295166  0  0  0  0  0  0  0  0  0  0  0  0  0  0  0  0  0  0  0  0  0  0  0 
1439072672  0  0  0  0  0  0  0  0  0  3295166  0  0  0  0  0  0  0  0  0  0  0  0  0  0  0  0  0  0  0  0  0  0  0 
1439072682  0  0  0  0  0  0  0  0  0  3295166  0  0  0  0  0  0  0  0  0  0  0  0  0  0  0  0  0  0  0  0  0  0  0 
1439072692  0  0  0  0  0  0  0  0  0  3295166  0  0  0  0  0  0  0  0  0  0  0  0  0  0  0  0  0  0  0  0  0  0  0 
1439072702  0  0  0  0  0  0  0  0  0  3295166  0  0  0  0  0  0  0  0  0  0  0  0  0  0  0  0  0  0  0  0  0  0  0 
1439072712  0  0  0  0  0  0  0  0  0  3295166  0  0  0  0  0  0  0  0  0  0  0  0  0  0  0  0  0  0  0  0  0  0  0 
1439072722  0  0  0  0  0  0  0  0  0  3295166  0  0  0  0  0  0  0  0  0  0  0  0  0  0  0  0  0  0  0  0  0  0  0 
1439072732  0  0  0  0  0  0  0  0  0  3295166  0  0  0  0  0  0  0  0  0  0  0  0  0  0  0  0  0  0  0  0  0  0  0 
1439072742  0  0  0  0  0  0  0  0  0  3347493  0  0  0  0  0  0  0  0  0  0  0  0  0  0  0  0  0  52327  0  0  0  0  0 
1439072752  0  0  0  0  0  0  0  0  0  4257245  0  0  0  0  0  0  0  0  0  0  0  0  0  0  0  0  0  909752  0  0  0  0  0 
1439072762  0  0  0  0  0  0  0  0  0  4262272  0  0  0  0  0  0  0  0  0  0  0  0  0  0  0  0  0  5027  0  0  0  0  0 
1439072772  0  0  0  0  0  0  0  0  0  4262272  0  0  0  0  0  0  0  0  0  0  0  0  0  0  0  0  0  0  0  0  0  0  0 
1439072783  0  0  0  0  0  0  0  0  0  4262272  0  0  0  0  0  0  0  0  0  0  0  0  0  0  0  0  0  0  0  0  0  0  0 
1439072793  0  0  0  0  0  0  0  0  0  4262272  0  0  0  0  0  0  0  0  0  0  0  0  0  0  0  0  0  0  0  0  0  0  0 
1439072803  0  0  0  0  0  0  0  0  0  4262272  0  0  0  0  0  0  0  0  0  0  0  0  0  0  0  0  0  0  0  0  0  0  0 
1439072813  0  0  0  0  0  0  0  0  0  4262272  0  0  0  0  0  0  0  0  0  0  0  0  0  0  0  0  0  0  0  0  0  0  0 
1439072823  0  0  0  0  0  0  0  0  0  4262272  0  0  0  0  0  0  0  0  0  0  0  0  0  0  0  0  0  0  0  0  0  0  0 
1439072833  0  0  0  0  0  0  0  0  0  4262272  0  0  0  0  0  0  0  0  0  0  0  0  0  0  0  0  0  0  0  0  0  0  0 
1439072843  0  0  0  0  0  0  0  0  0  4262272  0  0  0  0  0  0  0  0  0  0  0  0  0  0  0  0  0  0  0  0  0  0  0 
1439072853  0  0  0  0  0  0  0  0  0  4262272  0  0  0  0  0  0  0  0  0  0  0  0  0  0  0  0  0  0  0  0  0  0  0 
1439072863  0  0  0  0  0  0  0  0  0  4262272  0  0  0  0  0  0  0  0  0  0  0  0  0  0  0  0  0  0  0  0  0  0  0 
1439072873  0  0  0  0  0  0  0  0  0  4262272  0  0  0  0  0  0  0  0  0  0  0  0  0  0  0  0  0  0  0  0  0  0  0 
1439072883  0  0  0  0  0  0  0  0  0  4262272  0  0  0  0  0  0  0  0  0  0  0  0  0  0  0  0  0  0  0  0  0  0  0 
1439072893  0  0  0  0  0  0  0  0  0  4262272  0  0  0  0  0  0  0  0  0  0  0  0  0  0  0  0  0  0  0  0  0  0  0 
1439072903  0  0  0  0  0  0  0  0  0  4262272  0  0  0  0  0  0  0  0  0  0  0  0  0  0  0  0  0  0  0  0  0  0  0 
1439072913  0  0  0  0  0  0  0  0  0  4262272  0  0  0  0  0  0  0  0  0  0  0  0  0  0  0  0  0  0  0  0  0  0  0 
1439072923  0  0  0  0  0  0  0  0  0  4262272  0  0  0  0  0  0  0  0  0  0  0  0  0  0  0  0  0  0  0  0  0  0  0 
