#Type:X;CI:2;ww:0;ca:0;co:1;fr:0;Type:X;CI:2;PI:0;PT:EP;U0:0;U1:0;Type:X;CI:2;PI:1;PT:EP;U0:0;U1:0;
#time  Pp  gt  gs  cn  cm  cb  Nc  Pc  cp  Tc  Nm  pr  ps  pt  px  pd  Pm  Om  fs  ft  Oc  Em  Gp  Ec  Ge  ot  os  Total_cycles_diff  Successful_get_diff  Total_get_diff  succ_put_diff  total_put_diff  get_hit  
1438939837  0  0  0  0  0  0  0  0  0  4310248  0  0  0  0  0  0  0  0  0  21  0  0  0  0  0  46  0  4310248  0  0  0  0  
1438939847  0  0  0  0  0  0  0  0  0  4312697  0  0  0  0  0  0  0  0  0  21  0  0  0  0  0  46  0  2449  0  0  0  0  0 
1438939857  0  11936  0  8288  5  6526529  368  11119  2831  1378354522  368  0  11119  11124  5  0  11119  272  0  103  272  11119  0  11119  0  46  0  1374041825  0  11936  11119  11124  0.0  
1438939867  0  74304  0  70501  5  6526529  1562  73332  2831  9323737000  1562  0  73332  73337  5  0  73332  272  0  103  272  73332  0  73332  0  46  0  7945382478  0  62368  62213  62213  0.0  
1438939877  0  174293  8124  168899  5  8185097  2494  90927  3516  22119624670  2884  0  172616  172621  5  0  110053  272  0  103  18  110053  0  90927  8124  46  0  12795887670  8124  99989  99284  99284  4.66111662545  
1438939887  0  215772  22992  208935  5  8185097  1626  51133  3516  28199604595  2884  0  212705  212710  5  0  110053  272  0  103  3  110053  0  51133  22992  46  0  6079979925  14868  41479  40089  40089  10.6556921195  
1438939897  0  267547  37609  260616  5  8438609  1642  53188  3640  35574460201  2884  0  264510  264515  5  0  110053  272  0  103  6  110053  0  53188  37609  46  0  7374855606  14617  51775  51805  51805  14.0569694297  
1438939907  0  316704  54115  309852  5  8459208  1916  64499  3649  42467395068  2884  0  313755  313760  5  0  110053  272  0  103  6  110053  0  64499  54115  46  0  6892934867  16506  49157  49245  49245  17.086932909  
1438939917  0  388274  85710  380241  5  10260327  2197  74187  4396  52480436371  2884  0  384891  384896  5  0  110053  272  0  124  180  110053  0  74187  85710  46  0  10013041303  31595  71570  71136  71136  22.0746174094  
1438939927  0  447268  111351  439255  5  10245946  2046  71030  4391  60636271247  2884  0  443905  443910  5  0  110053  272  0  124  2  110053  0  71030  111351  46  0  8155834876  25641  58994  59014  59014  24.895811907  
1438939937  0  503588  135535  495600  5  10256497  1984  69434  4396  68360437867  2884  0  500255  500260  5  0  110053  272  0  124  3  110053  0  69434  135535  46  0  7724166620  24184  56320  56350  56350  26.9138660969  
1438939947  0  563257  162234  555298  5  10262786  2027  70831  4398  76816805567  2884  0  559955  559960  5  0  110053  272  0  124  3  110053  0  70831  162234  46  0  8456367700  26699  59669  59700  59700  28.802837781  
1438939957  0  624163  187248  615295  5  11833024  2077  68047  4983  84981478616  2884  0  620537  620542  5  0  110053  272  0  124  40  110053  0  68047  187248  46  0  8164673049  25014  60906  60582  60582  29.9998558069  
1438939967  0  688417  214374  679710  5  11833024  2042  71147  4983  94033850293  2884  0  684952  684957  5  0  110053  272  0  124  3  110053  0  71147  214374  46  0  9052371677  27126  64254  64415  64415  31.1401374458  
1438939977  0  746743  242252  738030  5  11833024  2025  69460  4983  102159118981  2884  0  743272  743277  5  0  110053  272  0  124  2  110053  0  69460  242252  46  0  8125268688  27878  58326  58320  58320  32.4411477577  
1438939987  0  810975  272364  802385  5  11931769  1986  69483  5019  111637834562  2884  0  807665  807670  5  0  110053  272  0  124  6  110053  0  69483  272364  46  0  9478715581  30112  64232  64393  64393  33.5847590863  
1438939997  0  869305  299109  860751  5  11858753  2009  69806  4994  120081094939  2884  0  866037  866042  5  0  110053  272  0  124  3  110053  0  69806  299109  46  0  8443260377  26745  58330  58372  58372  34.4078315436  
1438940007  0  930603  325928  921743  5  12161374  2075  72021  5113  128965360753  2884  0  927176  927181  5  0  110053  272  0  124  4  110053  0  72021  325928  46  0  8884265814  26819  61298  61139  61139  35.0233128412  
1438940017  0  997363  358208  988486  5  12270365  2088  73881  5164  138456904415  2884  0  993970  993975  5  0  110053  272  0  124  5  110053  0  73881  358208  46  0  9491543662  32280  66760  66794  66794  35.9155091978  
1438940027  0  1076146  395148  1066833  5  12350195  2094  73030  5195  149628565736  2884  0  1072348  1072353  5  0  110053  272  0  124  5  110053  0  73030  395148  46  0  11171661321  36940  78783  78378  78378  36.7188095296  
1438940037  0  1131940  419716  1122869  5  12432713  2115  73905  5229  157842124742  2884  0  1128581  1128586  5  0  110053  272  0  124  6  110053  0  73905  419716  46  0  8213559006  24568  55794  56233  56233  37.0793504956  
1438940047  0  1189833  446628  1180329  5  13039190  2061  71280  5464  166246731475  2884  0  1186348  1186353  5  0  110053  272  0  124  5  110053  0  71280  446628  46  0  8404606733  26912  57893  57767  57767  37.5370325079  
1438940057  0  1259808  479543  1250334  5  13035257  2080  73109  5442  176252885442  2884  0  1256539  1256544  5  0  110053  272  0  124  5  110053  0  73109  479543  46  0  10006153967  32915  69975  70191  70191  38.0647685997  
1438940067  0  1319350  505486  1309413  5  13661111  2005  68831  5704  184602165831  2884  0  1315880  1315885  5  0  110053  272  0  124  7  110053  0  68831  505486  46  0  8349280389  25943  59542  59341  59341  38.3132603176  
1438940077  0  1386781  537190  1376848  5  13724234  2033  70962  5727  194358068521  2884  0  1383338  1383343  5  0  110053  272  0  124  7  110053  0  70962  537190  46  0  9755902690  31704  67431  67458  67458  38.7364695651  
1438940087  0  1436957  560267  1427222  5  13725540  1952  67972  5728  201662563182  2884  0  1433713  1433718  5  0  110053  272  0  124  3  110053  0  67972  560267  46  0  7304494661  23077  50176  50375  50375  38.9898236342  
1438940097  0  1500336  588527  1490049  5  13865797  1967  68087  5779  210690567738  2884  0  1496591  1496596  5  0  110053  272  0  124  4  110053  0  68087  588527  46  0  9028004556  28260  63379  62878  62878  39.2263466317  
1438940107  0  1562149  615244  1551896  5  14018593  1992  70501  5853  219700669625  2884  0  1558546  1558551  5  0  110053  272  0  124  6  110053  0  70501  615244  46  0  9010101887  26717  61813  61955  61955  39.3844633258  
1438940117  0  1619916  642174  1609691  5  14213953  1997  69149  5934  227789002465  2884  0  1616567  1616572  5  0  110053  272  0  124  3  110053  0  69149  642174  46  0  8088332840  26930  57767  58021  58021  39.6424259036  
1438940127  0  1677242  668928  1666898  5  14587855  1982  67438  6071  236077501711  2884  0  1673912  1673917  5  0  110053  272  0  124  4  110053  0  67438  668928  46  0  8288499246  26754  57326  57345  57345  39.8826168198  
1438940137  0  1739131  695060  1728549  5  14631187  1904  63881  6087  244578681378  2884  0  1735617  1735622  5  0  110053  272  0  124  4  110053  0  63881  695060  46  0  8501179667  26132  61889  61705  61705  39.9659370111  
1438940147  0  1808173  726316  1797532  5  14786568  2028  71417  6155  254287667272  2884  0  1804692  1804697  5  0  110053  272  0  124  4  110053  0  71417  726316  46  0  9708985894  31256  69042  69075  69075  40.1685015759  
1438940157  0  1866695  755120  1855839  5  15019235  1991  67312  6246  262182439776  2884  0  1863090  1863095  5  0  110053  272  0  124  5  110053  0  67312  755120  46  0  7894772504  28804  58522  58398  58398  40.4522431356  
1438940167  0  1919155  777423  1908630  5  15019036  1942  66155  6246  269752757782  2884  0  1915883  1915888  5  0  110053  272  0  124  4  110053  0  66155  777423  46  0  7570318006  22303  52460  52793  52793  40.5086092577  
1438940177  0  1974654  799864  1964042  5  15184627  1928  65967  6311  277664269255  2884  0  1971403  1971408  5  0  110053  272  0  124  3  110053  0  65967  799864  46  0  7911511473  22441  55499  55520  55520  40.5065393735  
1438940187  0  2030668  823523  2019721  5  15598049  2002  68794  6467  285773590670  2884  0  2027268  2027273  5  0  110053  272  0  124  5  110053  0  68794  823523  46  0  8109321415  23659  56014  55865  55865  40.5542905093  
1438940197  0  2095581  851727  2084701  5  15578135  2151  75947  6464  295360579500  2884  0  2092321  2092326  5  0  110053  272  0  124  5  110053  0  75947  851727  46  0  9586988830  28204  64913  65053  65053  40.6439550654  
1438940207  0  2162873  884014  2151653  5  16001434  2130  73086  6637  304789678014  2884  0  2159449  2159454  5  0  110053  272  0  124  5  110053  0  73086  884014  46  0  9429098514  32287  67292  67128  67128  40.87221025  
1438940217  0  2218265  908908  2207106  5  16036973  1974  66241  6650  312345514312  2884  0  2214915  2214920  5  0  110053  272  0  124  5  110053  0  66241  908908  46  0  7555836298  24894  55392  55466  55466  40.9738241373  
1438940227  0  2282886  936132  2271692  5  16041114  2047  71397  6652  321720156753  2884  0  2279504  2279509  5  0  110053  272  0  124  3  110053  0  71397  936132  46  0  9374642441  27224  64621  64589  64589  41.006515437  
1438940237  0  2337390  961772  2326115  5  16184461  2168  75043  6705  329584658308  2884  0  2334070  2334075  5  0  110053  272  0  124  4  110053  0  75043  961772  46  0  7864501555  25640  54504  54566  54566  41.147262545  
1438940247  0  2399430  990390  2387728  5  16613152  2092  70025  6870  338907320053  2884  0  2395880  2395885  5  0  110053  272  0  124  5  110053  0  70025  990390  46  0  9322661745  28618  62040  61810  61810  41.2760530626  
1438940258  0  2455851  1014030  2444015  5  16816934  2051  69672  6944  346742907021  2884  0  2452285  2452290  5  0  110053  272  0  124  6  110053  0  69672  1014030  46  0  7835586968  23640  56421  56405  56405  41.2903714435  
1438940268  0  2521198  1042545  2509417  5  17002418  2085  73033  7030  356077926745  2884  0  2517773  2517778  5  0  110053  272  0  124  6  110053  0  73033  1042545  46  0  9335019724  28515  65347  65488  65488  41.351175116  
1438940278  0  2571680  1064196  2559851  5  17003918  2020  68840  7031  363367553004  2884  0  2568208  2568213  5  0  110053  272  0  124  4  110053  0  68840  1064196  46  0  7289626259  21651  50482  50435  50435  41.3813538232  
1438940288  0  2639090  1091704  2627435  5  17057138  2034  73591  7054  373554886671  2884  0  2635815  2635820  5  0  110053  272  0  124  3  110053  0  73591  1091704  46  0  10187333667  27508  67410  67607  67607  41.3666832128  
1438940298  0  2700688  1120847  2688557  5  17275764  2102  75132  7138  382391165154  2884  0  2697114  2697119  5  0  110053  272  0  124  4  110053  0  75132  1120847  46  0  8836278483  29143  61598  61299  61299  41.502276457  
1438940308  0  2758671  1146941  2746413  5  17777514  2096  71919  7339  390886097296  2884  0  2755211  2755216  5  0  110053  272  0  124  6  110053  0  71919  1146941  46  0  8494932142  26094  57983  58097  58097  41.5758530104  
1438940318  0  2817736  1172159  2805378  5  17888836  1979  68452  7380  399454533960  2884  0  2814217  2814222  5  0  110053  272  0  124  5  110053  0  68452  1172159  46  0  8568436664  25218  59065  59006  59006  41.5993194536  
1438940328  0  2872617  1195534  2860451  5  17890142  1939  66486  7381  407248402255  2884  0  2869291  2869296  5  0  110053  272  0  124  3  110053  0  66486  1195534  46  0  7793868295  23375  54881  55074  55074  41.6182874362  
1438940338  0  2939280  1225145  2927123  5  17900227  2092  74278  7385  417199369779  2884  0  2935967  2935972  5  0  110053  272  0  124  3  110053  0  74278  1225145  46  0  9950967524  29611  66663  66676  66676  41.6818064288  
1438940348  0  2988203  1247260  2976006  5  17898293  2047  68672  7384  424480980961  2884  0  2984945  2984950  5  0  110053  272  0  124  3  110053  0  68672  1247260  46  0  7281611182  22115  48923  48978  48978  41.7394668301  
1438940358  0  3047718  1273819  3035121  5  18620042  2006  67256  7667  433236253302  2884  0  3044343  3044348  5  0  110053  272  0  124  5  110053  0  67256  1273819  46  0  8755272341  26559  59515  59398  59398  41.7958288792  
1438940368  0  3106845  1298997  3093980  5  18808276  1979  68686  7744  441665945571  2884  0  3103279  3103284  5  0  110053  272  0  124  6  110053  0  68686  1298997  46  0  8429692269  25178  59127  58936  58936  41.8108080706  
1438940378  0  3167678  1325014  3154876  5  18808276  1999  69204  7744  450276959285  2884  0  3164175  3164180  5  0  110053  272  0  124  3  110053  0  69204  1325014  46  0  8611013714  26017  60833  60896  60896  41.8291884466  
1438940388  0  3231330  1352748  3218609  5  18850754  2016  69921  7761  459558824693  2884  0  3227925  3227930  5  0  110053  272  0  124  4  110053  0  69921  1352748  46  0  9281865408  27734  63652  63750  63750  41.8635051202  
1438940398  0  3278995  1373239  3266071  5  18909543  1951  67230  7783  466748546977  2884  0  3275454  3275459  5  0  110053  272  0  124  4  110053  0  67230  1373239  46  0  7189722284  20491  47665  47529  47529  41.8798747787  
1438940408  0  3339464  1399607  3326613  5  19194643  2063  73411  7910  475547087969  2884  0  3336177  3336182  5  0  110053  272  0  124  5  110053  0  73411  1399607  46  0  8798540992  26368  60469  60723  60723  41.9111270551  
1438940418  0  3399089  1425747  3385816  5  19653297  2068  70997  8085  483777683018  2884  0  3395555  3395560  5  0  110053  272  0  124  6  110053  0  70997  1425747  46  0  8230595049  26140  59625  59378  59378  41.9449740798  
1438940428  0  3451815  1449202  3438707  5  19708868  1840  60145  8106  491313387354  2884  0  3448467  3448472  5  0  110053  272  0  124  4  110053  0  60145  1449202  46  0  7535704336  23455  52726  52912  52912  41.9837679598  
1438940438  0  3519291  1477221  3506222  5  19708868  2003  72299  8106  501191607688  2884  0  3515982  3515987  5  0  110053  272  0  124  3  110053  0  72299  1477221  46  0  9878220334  28019  67476  67515  67515  41.9749602974  
1438940448  0  3567763  1499881  3554294  5  19714115  1991  69764  8108  508434950958  2884  0  3564097  3564102  5  0  110053  272  0  124  3  110053  0  69764  1499881  46  0  7243343270  22660  48472  48115  48115  42.0398159855  
1438940458  0  3633422  1527638  3619956  5  20150261  1970  66968  8282  517754192854  2884  0  3629933  3629938  5  0  110053  272  0  124  5  110053  0  66968  1527638  46  0  9319241896  27757  65659  65836  65836  42.0440565395  
1438940468  0  3698075  1556516  3684778  5  20170895  2011  71606  8290  527333428213  2884  0  3694769  3694774  5  0  110053  272  0  124  5  110053  0  71606  1556516  46  0  9579235359  28878  64653  64836  64836  42.0898981227  
1438940478  0  3731799  1571527  3717992  5  20247884  1908  62576  8324  532300143214  2884  0  3728071  3728076  5  0  110053  272  0  124  3  110053  0  62576  1571527  46  0  4966715001  15011  33724  33302  33302  42.111780404  
1438940488  0  3733538  1571748  3719824  5  20167495  1401  37048  8289  532519438817  2884  0  3729903  3729908  5  0  110053  272  0  124  2  110053  0  37048  1571748  46  0  219295603  221  1739  1832  1832  42.09808498  
1438940498  0  3733711  1571748  3720138  5  20167495  341  6484  8289  532582768767  2884  0  3730217  3730222  5  0  110053  272  0  124  2  110053  0  6484  1571748  46  0  63329950  0  173  314  314  42.0961343821  
1438940508  0  3733711  1571748  3720138  5  20167495  38  638  8289  532582768767  2884  0  3730217  3730222  5  0  110053  272  0  124  2  110053  0  638  1571748  46  0  0  0  0  0  0  42.0961343821  
