#type:T;
#time  gt  cn  Pt  Px  gx  cx  gn  gm  Pn  Pm  Ft  cm  pt  Fx  px  ct  pn  Fm  Fn  pm  dn  On  Om  dm  dx  Ox  dt  Ot  Gt  Cn  Cm  Gx  Cx  Gn  Gm  Ct  
1438451938  2233409  0  0  0  9734  0  2473  160  0  2147483647  26723  2147483647  0  2031  0  0  0  369  21  2147483647  0  46  254  2147483647  0  3751  0  81248  0  0  2147483647  0  0  0  2147483647  0  
1438451948  2233409  0  0  0  9734  0  2473  160  0  2147483647  26723  2147483647  0  2031  0  0  0  369  21  2147483647  0  46  254  2147483647  0  3751  0  81248  0  0  2147483647  0  0  0  2147483647  0  
1438451958  234566907  31125  3953291270  669425  500309  667074  111537  154  31120  6236  42696  5571  626410  2031  129270  3836594473  5  211  63  122288  0  46  254  2147483647  0  3751  0  81248  0  28273  390  0  33342  0  2147483647  25198305  
1438451968  756138422  128392  16137385579  881320  512492  876168  208561  154  128387  6236  42696  5571  626410  2031  129270  15663060121  5  211  63  122288  0  46  254  2147483647  0  3751  0  81248  0  124716  384  0  33342  0  2147483647  105496094  
1438451978  1060051103  350493  38927964191  881320  512492  876168  276820  154  350526  6236  42696  5571  626410  2031  129270  37703583874  5  211  63  122288  40  46  254  10159  48173  3751  887217  81248  1293333295  502175  275  626712  49121  156015  1491  502724359  
1438451988  1269848452  627301  66460801945  881320  512492  876168  316903  154  627381  6236  51190  5571  626410  2743  129270  64344712762  5  211  74  122288  41  46  254  10159  48173  3751  907299  81248  3388888577  1014011  275  626712  51637  393120  1491  1049833741  
1438451998  1444089686  903897  93757921878  1004128  512492  876168  355825  154  904023  6236  51190  5571  626410  2743  129270  90775775617  5  211  74  122288  154  46  254  10159  61514  3751  3949567  81248  5484964059  1527441  275  967978  80539  631034  1491  1594127710  
1438452008  1618140883  1178453  121094929546  1004128  512492  876168  394620  154  1178617  6236  51190  5571  626410  2743  129270  117238945638  5  211  74  122288  247  46  254  8314  64134  3751  6425813  81248  7592513102  2036518  275  967978  80539  866648  1491  2135639590  
1438452019  1795831671  1497300  152582719010  1137767  512492  876168  433049  154  1497515  6236  51190  5571  626410  2743  129270  147703985187  5  211  74  122288  247  46  254  8314  64134  3751  6425813  81248  10193194222  2634960  275  967978  80539  1147112  1491  2772150933  
1438452029  1931360377  1790583  181559514163  1137767  512492  876168  465581  154  1790847  6236  51190  5571  626410  2743  129270  175759446515  5  211  74  122288  562  46  254  6542  64134  3751  14798626  81248  12592553984  3187510  275  967978  532420  1407969  1491  3359502860  
1438452039  2080744838  2111934  213070810143  1137767  736371  876168  500185  154  2112258  6236  51190  5571  626410  2743  129270  206090745023  5  211  74  122288  562  46  254  6542  64134  3751  14798626  81248  15342122488  3794862  275  967978  532420  1694922  1491  4001117354  
1438452049  2230530325  2459624  249807774020  5707632  736371  876168  536117  154  2459999  6236  51190  5571  626410  2743  129270  238781243588  5  211  74  122288  562  46  254  6542  64134  3751  14798626  81248  18409485155  4453216  275  4929996  549954  2006537  1491  4695654866  
1438452059  2371664440  2768322  281767564563  5707632  736371  876168  567344  154  2768747  6236  51190  5571  626410  2743  129270  268029740759  5  211  74  122288  635  46  254  6542  64134  3751  16636416  81248  21036054188  5038260  275  4929996  549954  2283986  1491  5314197184  
1438452069  2496581533  3080606  314199493414  5707632  736371  876168  596001  154  3081080  6236  51190  5571  626410  2743  129270  297523047728  5  211  74  122288  831  46  254  4467  64134  3751  21629242  81248  23813288797  5632812  275  4929996  549954  2567847  1491  5944181319  
1438452079  2642882731  3381358  347312370412  10717541  736371  876168  630114  154  3381882  6236  51190  5571  626410  2743  129270  326086462970  5  211  74  122288  832  46  254  4467  64134  3751  21649106  81248  26502458308  6199143  275  4929996  549954  2834251  1491  6543763451  
1438452089  2787208466  3720677  382503076669  10717541  736371  876168  663660  154  3721259  6236  51190  5571  626410  2743  129270  358171436173  5  211  74  122288  935  46  254  4467  64134  3751  24524786  81248  29484480733  6843412  275  4929996  549954  3140351  1491  7226893916  
1438452099  2925199792  4040532  415617998793  10717541  736371  876168  693358  154  4041179  6236  51190  5571  626410  2743  129270  388170978724  5  211  74  122288  935  46  254  4467  64134  3751  24524786  81248  32270275104  7452348  275  4929996  549954  3430589  1491  7869396337  
1438452109  3064607786  4350819  447901758654  10717541  736371  876168  724659  154  4351516  6236  51190  5571  626410  2743  129270  417356483278  5  211  74  122288  935  46  254  4467  64134  3751  24524786  81248  34801935277  8040770  275  4929996  549954  3709570  1491  8487435886  
1438452119  3207920379  4666169  480149339908  10717541  736371  876168  755756  154  4666907  6236  51190  5571  626410  2743  129270  447043368346  5  211  74  122288  935  46  254  4467  64134  3751  24524786  81248  37595813309  8639585  275  4929996  549954  3993899  1491  9119482411  
1438452129  3316955001  5002930  514944729073  10717541  736371  876168  784944  154  5003723  6236  51190  5571  626410  2743  129270  479068693008  5  211  74  122288  1294  46  254  4467  129192  3751  34857038  81248  40565831545  9281990  275  4929996  549954  4301608  1491  9799336658  
1438452139  3449380448  5309431  547838960628  14580827  736371  876168  816550  154  5310284  6236  51190  5571  626410  2743  129270  508081100407  5  211  74  122288  1294  46  254  4467  129192  3751  34857038  81248  43149205845  9862520  272  4929996  549954  4576463  1491  10411993143  
1438452149  3578280113  5627003  580302555682  14580827  736371  876168  846863  154  5627906  6236  51190  5571  626410  2743  129270  537970591273  5  211  74  122288  1295  46  254  4467  129192  3751  34877111  81248  45879795750  10466574  272  4929996  549954  4863822  1491  11050888548  
1438452159  3711093309  5972770  615408709055  14580827  736371  876168  877995  154  5973721  6236  51190  5571  626410  2743  129270  570666060545  5  211  74  122288  1423  46  254  4467  129192  3751  38412435  81248  49008913513  11125464  272  4929996  549954  5178445  1491  11752339132  
1438452169  3832866632  6276605  649410212067  14580827  736371  876168  909283  154  6277614  6236  51190  5571  626410  2743  129270  599329621496  5  211  74  122288  1423  46  254  4467  129192  3751  38412435  81248  51703066108  11701064  272  8198777  549954  5451066  1491  12356658740  
1438452179  3980385833  6593533  682257552581  14580827  736371  876168  940590  154  6594612  6236  51190  5571  626410  2743  129270  629111065172  5  211  74  122288  1424  46  254  4467  129192  3751  38432816  81248  54410398243  12302780  272  8198777  549954  5736720  1491  12991561892  
1438452189  4126775319  6898462  713189165215  14580827  736371  876168  971205  154  6899590  6236  51190  5571  626410  2743  129270  658192390003  5  211  74  122288  1587  46  254  4467  129192  3751  43311991  81248  57040038312  12880559  272  8198777  549954  6011229  1491  13607126664  
1438452199  4278346805  7239004  750793225899  14580827  736371  876168  1007085  154  7240198  6236  51190  5571  626410  2743  129270  690192379455  5  211  74  122288  1587  46  254  4467  129192  3751  43311991  81248  59959404940  13524800  272  8198777  549954  6315875  1491  14283944823  
1438452209  4419738798  7550542  782277086984  14580827  736371  876168  1039948  154  7551776  6236  51190  5571  626410  2743  129270  719650332182  5  211  74  122288  1587  46  254  4467  129192  3751  43311991  81248  62601742827  14114245  272  8198777  549954  6594619  1491  14905933668  
1438452219  4549075810  7865540  814096447254  14580827  736371  876168  1068429  154  7866835  6236  51190  5571  626410  2743  129270  749453866487  5  211  74  122288  1749  46  254  4467  129192  3751  47943755  81248  65345554129  14714304  272  8198777  549954  6881201  1491  15542378705  
1438452229  4680878582  8179659  847315800961  14580827  736371  876168  1097703  154  8181015  6236  51190  5571  626410  2743  129270  778928897007  5  211  74  122288  1749  46  254  4467  129192  3751  47943755  81248  68086793523  15312349  272  8198777  549954  7165953  1491  16172296471  
1438452239  4835108165  8515987  883616830836  14580827  736371  876168  1132435  154  8517392  6236  51190  5571  626410  2743  129270  810904854205  5  211  74  122288  1749  46  254  4467  129192  3751  47943755  81248  71042988578  15949190  272  8198777  549954  7467386  1491  16845934605  
1438452249  4955405585  8822701  915164339254  14580827  736371  876168  1162386  154  8824150  6236  51190  5571  626410  2743  129270  839972181877  5  211  74  122288  2044  46  254  4467  129192  3751  55950837  81248  73692543261  16531238  272  8198777  602162  7744575  1491  17463159318  
1438452259  5086225489  9131771  947570686757  14580827  736371  876168  1194757  154  9133277  6236  51190  5571  626410  2743  129270  869054411253  5  211  74  122288  2044  46  254  4467  129192  3751  55950837  81248  76330750396  17116116  272  8198777  602162  8021199  1491  18078939813  
1438452269  5244368705  9470479  983079918479  14580827  736371  876168  1230077  154  9472045  6236  51190  5571  626410  2743  129270  901105917232  5  211  74  122288  2044  46  254  4467  129192  3751  55950837  81248  79241258445  17757373  272  8198777  602162  8324625  1491  18757369906  
1438452279  5364436049  9771775  1014799127655  14580827  736371  876168  1261473  154  9773395  6236  51190  5571  626410  2743  129270  929854701095  5  211  74  122288  2218  46  254  4467  129192  3751  60716383  81248  81837224279  18327302  272  8198777  602162  8594723  1491  19363739329  
1438452289  5534737933  10083953  1046173651726  14580827  736371  876168  1296687  154  10085632  6236  51190  5571  626410  2743  129270  959570466511  5  211  74  122288  2218  46  254  4467  129192  3751  60716383  81248  84479487281  18915615  272  8198777  602162  8871715  1491  19985889559  
1438452299  5680285488  10396910  1078399151132  14580827  736371  876168  1330292  154  10398657  6236  51190  5571  626410  2743  129270  989207172909  5  211  74  122288  2218  46  254  4467  129192  3751  60716383  81248  87096639746  19507181  272  8198777  602162  9151185  1491  20610780985  
1438452309  5846263285  10737825  1113723046798  14580827  736371  876168  1363194  154  10739625  6236  51190  5571  626410  2743  129270  1021575290127  5  211  74  122288  2517  46  254  4467  129192  3751  68889978  81248  90111864347  20154187  272  8198777  602162  9459251  1491  21300463614  
1438452319  5969251391  11043125  1146234720223  14580827  736371  876168  1394787  154  11044973  6236  51190  5571  626410  2743  129270  1050549993662  5  211  74  122288  2517  46  254  4467  129192  3751  68889978  81248  92694394644  20732318  272  8198777  602162  9732896  1491  21900101589  
1438452329  6101501037  11356554  1177770763747  14580827  736371  876168  1425314  154  11358459  6236  51190  5571  626410  2743  129270  1080186195731  5  211  74  122288  2517  46  254  4467  129192  3751  68889978  81248  95329551209  21327730  272  8198777  602162  10015667  1491  22502945476  
1438452339  6236524404  11666286  1209225697088  14580827  736371  876168  1458081  154  11668231  6236  51190  5571  626410  2743  129270  1109579253807  5  211  74  122288  2597  46  254  4467  129192  3751  71001504  81248  97932502818  21913361  272  8198777  602162  10292814  1491  23094751724  
1438452349  6375874820  12012792  1245055704835  14580827  736371  876168  1494004  154  12014797  6236  51190  5571  626410  2743  129270  1142380263494  5  211  74  122288  2597  46  254  4467  129192  3751  71001504  81248  100815732869  22569662  272  8198777  602162  10603553  1491  23756804431  
1438452359  6510662057  12342733  1277586771545  14580827  736371  876168  1524921  154  12344788  6236  51190  5571  626410  2743  129270  1173344303287  5  211  74  122288  2597  46  254  4467  129192  3751  71001504  81248  103535878811  23197577  272  8198777  602162  10902489  1491  24389903233  
1438452369  6635433038  12652336  1308853496030  14580827  736371  876168  1556504  154  12654436  6236  51190  5571  626410  2743  129270  1202749833735  5  211  74  122288  2786  46  254  4467  129192  3751  76539947  81248  106141397352  23783842  272  8198777  602162  11180652  1491  24985255368  
1438452379  6764991116  12978656  1346303194243  14580827  736371  876168  1589660  154  12980814  6236  51190  5571  626410  2743  129270  1233521829993  5  211  74  122288  2786  46  254  4467  129192  3751  76539947  81248  108895913001  24402481  272  8198777  602162  11473882  1491  25607749323  
1438452389  6882716811  13295793  1379078798172  14580827  736371  876168  1620373  154  13297995  6236  51190  5571  626410  2743  129270  1263430515442  5  211  74  122288  2786  46  254  4467  129192  3751  76539947  81248  111477520542  25005357  272  8198777  602162  11760494  1491  26217593149  
1438452399  7014526272  13605176  1410606185575  14580827  736371  876168  1651575  154  13607435  6236  51190  5571  626410  2743  129270  1292862380103  5  211  74  122288  2983  46  254  4467  129192  3751  81925628  81248  114031799457  25591532  272  8198777  602162  12038558  1491  26811702803  
1438452409  7143988283  13916582  1443132536637  14580827  736371  876168  1683910  154  13918888  6236  51190  5571  626410  2743  129270  1322211901360  5  211  74  122288  2983  46  254  4467  129192  3751  81925628  81248  116561689935  26180945  272  8198777  602162  12317598  1491  27402322692  
1438452419  7289944729  14261589  1479077977745  14580827  736371  876168  1717684  154  14263959  6236  51190  5571  626410  2743  129270  1354643714894  5  211  74  122288  2983  46  254  4467  129192  3751  81925628  81248  119457646069  26836448  272  8198777  602162  12629019  1491  28061160561  
1438452429  7414769428  14561033  1511262414658  14580827  736371  876168  1747372  154  14563456  6236  51190  5571  626410  2743  129270  1382997350618  5  211  74  122288  3172  46  254  4467  129192  3751  87076301  81248  121987460465  27404004  272  8198777  602162  12898564  1491  28634668987  
1438452439  7540042690  14864522  1544513712372  14580827  736371  876168  1775621  154  14867008  6236  51190  5571  626410  2743  129270  1411528691054  5  211  74  122288  3172  46  254  4467  129192  3751  87076301  81248  124656601989  27981983  272  8198777  602162  13174075  1491  29215739691  
1438452449  7681758940  15207505  1581720144991  14580827  736371  876168  1810806  154  15210056  6236  51190  5571  626410  2743  129270  1443771905461  5  211  74  122288  3172  46  254  4467  129192  3751  87076301  81248  127526970379  28631951  272  8198777  602162  13481996  1491  29867312133  
1438452459  7806388305  15513802  1612588716898  14580827  736371  876168  1843672  154  15516390  6236  51190  5571  626410  2743  129270  1472860039773  5  211  74  122288  3232  46  254  4467  129192  3751  88695308  81248  130020341440  29210808  272  8198777  602162  13755541  1491  30452549500  
1438452469  7949188876  15816231  1645502057294  14580827  736371  876168  1873742  154  15818865  6236  51190  5571  626410  2743  129270  1501519085912  5  211  74  122288  3300  46  254  4467  129192  3751  90476679  81248  132590235933  29784280  272  8198777  602162  14027739  1491  31032018530  
1438452479  8090715705  16125420  1676664332664  14580827  736371  876168  1906615  154  16128101  6236  51190  5571  626410  2743  129270  1530747801435  5  211  74  122288  3304  46  254  4467  129192  3751  90557319  81248  135099201908  30369128  272  8198777  602162  14304226  1491  31621247639  
1438452489  8242821045  16479717  1711866612516  14580827  736371  876168  1940904  154  16482473  6236  51190  5571  626410  2743  129270  1564122774849  5  211  74  122288  3367  46  254  4467  129192  3751  92316874  81248  137925024113  31042294  272  8198777  602162  14624410  1491  32299593042  
1438452499  8378319040  16800668  1744918543593  14580827  736371  876168  1971347  154  16803465  6236  51190  5571  626410  2743  129270  1594224017505  5  211  74  122288  3560  46  254  4467  129192  3751  97209877  81248  140549318514  31651965  272  8198777  602162  14914610  1491  32913621941  
1438452509  8514001911  17116644  1776982764616  14580827  736371  876168  2002644  154  17119499  6236  51190  5571  626410  2743  129270  1624034349482  5  211  74  122288  3560  46  254  4467  129192  3751  97209877  81248  143186518439  32252012  272  8198777  602162  15199551  1491  33519538487  
1438452519  8662389471  17460760  1814130404131  14580827  736371  876168  2034760  154  17463677  6236  51190  5571  626410  2743  129270  1656492610396  5  211  74  122288  3560  46  254  4467  129192  3751  97209877  81248  145978027898  32907352  272  8198777  602162  15511747  1491  34179564060  
1438452529  8778488312  17777238  1845686373023  14580827  736371  876168  2064098  154  17780206  6236  51190  5571  626410  2743  129270  1686331916986  5  211  74  122288  3610  46  254  4467  129192  3751  98566107  81248  148550268152  33509611  272  8198777  602162  15798810  1491  34788704384  
1438452539  8922253153  18089102  1876755478941  14580827  736371  876168  2097148  154  18092120  6236  51190  5571  626410  2743  129270  1716042556468  5  211  74  122288  3611  46  254  4467  129192  3751  98586010  81248  151096801087  34099528  272  8198777  602162  16077693  1491  35385911155  
1438452549  9054787154  18397155  1910576421140  14580827  736371  876168  2127589  154  18400212  6236  51190  5571  626410  2743  129270  1744993177462  5  211  74  122288  3692  46  254  4467  129192  3751  100549187  81248  153727802719  34684034  272  8198777  602162  16355413  1491  35972648292  
1438452559  9208187907  18734736  1947750423889  14580827  736371  876168  2161114  154  18737855  6236  51190  5571  626410  2743  129270  1776800262140  5  211  74  122288  3934  46  254  4467  129192  3751  107177259  81248  156634981413  35324125  272  8198777  602162  16659501  1491  36615468646  
1438452569  9341057638  19040119  1980405386748  14580827  736371  876168  2191760  154  19043286  6236  51190  5571  626410  2743  129270  1805799408010  5  211  74  122288  3934  46  254  4467  129192  3751  107177259  81248  159118633113  35903119  272  8198777  602162  16933986  1491  37201661453  
