#Type:X;CI:4;ww:0;ca:0;co:0;fr:0;Type:X;CI:4;PI:0;PT:EP;U0:0;U1:0;Type:X;CI:4;PI:1;PT:EP;U0:0;U1:0;
#time  Pp  gt  gs  cn  cm  cb  Nc  Pc  cp  Tc  Nm  pr  ps  pt  px  pd  Pm  Om  fs  ft  Oc  Em  Gp  Ec  Ge  ot  os  Total_cycles_diff  Successful_get_diff  Total_get_diff  succ_put_diff  total_put_diff  get_hit  
1439421911  0  0  0  0  0  0  0  0  0  4648991  0  0  0  0  0  0  0  0  0  21  0  0  0  0  0  46  0  4648991  0  0  0  0  
1439421921  0  0  0  0  0  0  0  0  0  4651613  0  0  0  0  0  0  0  0  0  21  0  0  0  0  0  46  0  2622  0  0  0  0  0 
1439421931  0  551  342  0  0  0  188  2734  0  24886579  232  0  3417  3417  0  0  3417  350  0  138  199  3417  0  2734  342  3597  112  20234966  342  551  3417  3417  62.0689655172  
1439421941  0  551  342  0  0  0  188  2734  0  24886579  232  0  3417  3417  0  0  3417  350  0  138  199  3417  0  2734  342  3597  112  0  0  0  0  0  62.0689655172  
1439421951  0  552  343  0  0  0  217  3187  0  31943138  232  0  3871  3871  0  0  3417  350  0  6290  235  3417  0  3187  343  3597  112  7056559  1  1  454  454  62.1376811594  
1439421961  0  552  343  0  0  0  217  3187  0  57445100  232  0  3871  3871  0  0  3417  350  0  32752  235  3417  0  3187  343  3597  112  25501962  0  0  0  0  62.1376811594  
1439421971  0  552  343  0  0  0  217  3187  0  89535566  232  0  3871  3871  0  0  3417  350  0  72309  235  3417  0  3187  343  3597  112  32090466  0  0  0  0  62.1376811594  
1439421981  0  584  362  0  0  0  152  3258  0  117954714  232  0  4648  4648  0  0  3417  350  0  98529  140  3417  0  3258  362  3796  208  28419148  19  32  777  777  61.9863013699  
1439421991  0  751  501  0  0  0  111  2517  0  142304633  232  0  4657  4657  0  0  3417  350  0  124915  70  3417  0  2517  501  4098  281  24349919  139  167  9  9  66.7110519308  
1439422001  0  5675  571  0  0  0  128  2782  0  168045237  232  0  5012  5012  0  0  3417  350  0  161135  76  3417  0  2782  571  5141  288  25740604  70  4924  355  355  10.0616740088  
1439422011  0  16289  618  0  0  0  168  3485  0  196722736  232  0  5789  5789  0  0  3485  350  0  184977  104  3485  0  3485  618  5748  293  28677499  47  10614  777  777  3.79397139174  
1439422021  0  27119  618  0  0  0  250  5102  0  242052510  250  0  7414  7414  0  0  5102  350  0  207473  157  5102  0  5102  618  6262  295  45329774  0  10830  1625  1625  2.27884509016  
1439422031  0  33266  618  0  0  0  426  10442  0  303483439  426  0  12754  12754  0  0  10442  350  0  217635  257  10442  0  10442  618  6424  295  61430929  0  6147  5340  5340  1.85775266037  
1439422041  0  42138  659  0  0  0  767  22354  0  430956800  767  0  24711  24711  0  0  22354  451  0  228316  451  22354  0  22354  659  6648  296  127473361  41  8872  11957  11957  1.56390906071  
1439422051  0  48439  659  0  0  0  971  28630  0  495926391  971  0  30987  30987  0  0  28630  560  0  235760  560  28630  0  28630  659  6794  296  64969591  0  6301  6276  6276  1.36047399822  
1439422061  0  55773  1954  0  0  0  1102  33466  0  601408589  1102  0  39398  39398  0  0  33466  629  1  245743  629  33466  0  33466  1954  7011  328  105482198  1295  7334  8411  8411  3.50348735051  
1439422071  0  66783  5433  0  0  0  1310  38891  0  753661575  1310  0  51266  51266  0  0  38891  736  6  259432  736  38891  0  38891  5433  7325  379  152252986  3479  11010  11868  11868  8.1353038947  
1439422081  0  74614  6960  0  0  0  1471  44226  0  863413746  1471  0  60637  60637  0  0  44226  817  29  269346  817  44226  0  44226  6960  7546  416  109752171  1527  7831  9371  9371  9.3280081486  
1439422091  0  81978  8992  0  0  0  1554  47078  0  967432659  1555  0  68426  68426  0  0  47113  860  55  277870  859  47113  0  47078  8992  7786  460  104018913  2032  7364  7789  7789  10.9687965064  
1439422101  0  87797  10312  0  0  0  1640  50318  0  1054579566  1655  0  75779  75779  0  0  50763  925  86  286228  915  50763  0  50318  10312  7978  483  87146907  1320  5819  7353  7353  11.7452760345  
1439422111  0  93577  12181  0  0  0  1498  45122  0  1137541624  1655  0  81610  81610  0  0  50763  925  104  293592  828  50763  0  45122  12181  8129  509  82962058  1869  5780  5831  5831  13.0170875322  
1439422121  0  100437  14369  0  0  0  1506  44602  0  1239845176  1655  0  89029  89029  0  0  50763  925  127  303059  814  50763  0  44602  14369  8441  566  102303552  2188  6860  7419  7419  14.3064806794  
1439422131  0  105922  15231  0  0  0  1533  45970  0  1313901168  1655  0  95071  95071  0  0  50763  925  147  312242  832  50763  0  45970  15231  8648  588  74055992  862  5485  6042  6042  14.3794490285  
1439422141  0  114042  17508  0  0  0  1416  43381  0  1431524594  1655  0  103326  103326  0  0  50763  925  172  323120  780  50763  0  43381  17508  8998  661  117623426  2277  8120  8255  8255  15.3522386489  
1439422151  0  121886  18825  0  0  0  1379  42037  0  1540856079  1655  0  111950  111950  0  0  50763  925  195  333868  755  50763  0  42037  18825  9313  715  109331485  1317  7844  8624  8624  15.4447598576  
1439422161  0  128459  21053  0  0  0  1327  40917  0  1632515356  1655  0  118337  118337  0  0  50763  925  215  344667  727  50763  0  40917  21053  9602  752  91659277  2228  6573  6387  6387  16.3888867265  
1439422171  0  133789  22522  0  0  0  1278  39706  0  1723111881  1655  0  125467  125467  0  0  50763  925  228  352557  686  50763  0  39706  22522  9807  775  90596525  1469  5330  7130  7130  16.8339699078  
1439422181  0  140287  24511  0  0  0  1289  39742  0  1801569340  1655  0  131570  131570  0  0  50763  925  242  360374  691  50763  0  39742  24511  10061  822  78457459  1989  6498  6103  6103  17.472039462  
1439422191  0  147598  26201  0  0  0  1394  42906  0  1901000168  1655  0  139292  139292  0  0  50763  925  270  371313  747  50763  0  42906  26201  10329  853  99430828  1690  7311  7722  7722  17.7515955501  
1439422201  0  153363  27917  0  0  0  1346  41121  0  1979248005  1655  0  145617  145617  0  0  50763  925  288  378218  719  50763  0  41121  27917  10625  913  78247837  1716  5765  6325  6325  18.2032172036  
1439422211  0  158092  28772  0  0  0  1281  38705  0  2033788957  1655  0  150016  150016  0  0  50763  925  302  385635  695  50763  0  38705  28772  10880  956  54540952  855  4729  4399  4399  18.199529388  
1439422221  0  163634  29690  0  0  0  1304  39987  0  2121563171  1655  0  157568  157568  0  0  50763  925  322  393966  715  50763  0  39987  29690  11126  991  87774214  918  5542  7552  7552  18.1441509711  
1439422231  0  168340  30461  0  0  0  1308  40585  0  2183720272  1655  0  162370  162370  0  0  50763  925  330  401309  713  50763  0  40585  30461  11338  1009  62157101  771  4706  4802  4802  18.0949269336  
1439422241  0  172172  31070  0  0  0  1248  38714  0  2236975285  1655  0  166446  166446  0  0  50763  925  344  407378  674  50763  0  38714  31070  11554  1057  53255013  609  3832  4076  4076  18.0459075808  
1439422251  0  177674  32074  0  0  0  1216  37020  0  2292266264  1655  0  170077  170077  0  0  50763  925  357  416918  665  50763  0  37020  32074  11820  1100  55290979  1004  5502  3631  3631  18.0521629501  
1439422261  0  181108  32636  0  0  0  1219  36626  0  2341813787  1655  0  174042  174042  0  0  50763  925  371  422113  686  50763  0  36626  32636  11971  1118  49547523  562  3434  3965  3965  18.0201868498  
1439422271  0  187343  34691  0  0  0  1191  35491  0  2414890868  1655  0  178432  178432  0  0  50763  925  380  432983  670  50763  0  35491  34691  12245  1157  73077081  2055  6235  4390  4390  18.5173718794  
1439422281  0  192875  35652  0  0  0  1197  35769  0  2493431985  1655  0  184808  184808  0  0  50763  925  392  440552  664  50763  0  35769  35652  12500  1202  78541117  961  5532  6376  6376  18.4845106935  
1439422291  0  200078  37365  0  0  0  1325  39221  0  2594558962  1655  0  192696  192696  0  0  50763  925  420  449415  726  50763  0  39221  37365  12701  1228  101126977  1713  7203  7888  7888  18.6752166655  
1439422301  0  208828  39350  0  0  0  1295  38419  0  2694496296  1655  0  199786  199786  0  0  50763  925  432  459739  705  50763  0  38419  39350  13021  1286  99937334  1985  8750  7090  7090  18.8432585669  
1439422311  0  213492  40090  0  0  0  1345  40267  0  2750638437  1655  0  205222  205222  0  0  50763  925  445  466800  711  50763  0  40267  40090  13274  1329  56142141  740  4664  5436  5436  18.778221198  
1439422321  0  220223  41133  0  0  0  1325  40881  0  2845264832  1655  0  213045  213045  0  0  50763  925  458  474797  690  50763  0  40881  41133  13588  1386  94626395  1043  6731  7823  7823  18.6778855978  
1439422331  0  225576  42265  0  0  0  1289  39915  0  2920759619  1655  0  218225  218225  0  0  50763  925  469  484278  670  50763  0  39915  42265  13852  1430  75494787  1132  5353  5180  5180  18.7364790581  
1439422341  0  230867  42848  0  0  0  1294  40052  0  2981320784  1655  0  222966  222966  0  0  50763  925  476  492040  675  50763  0  40052  42848  14143  1484  60561165  583  5291  4741  4741  18.5596035813  
1439422351  0  236768  43827  0  0  0  1350  41808  0  3055387518  1655  0  228759  228759  0  0  50763  925  486  500664  700  50763  0  41808  43827  14394  1515  74066734  979  5901  5793  5793  18.510525071  
1439422361  0  243722  45790  0  0  0  1376  42472  0  3149290790  1655  0  235699  235699  0  0  50763  925  492  510529  714  50763  0  42472  45790  14657  1556  93903272  1963  6954  6940  6940  18.7877992139  
1439422371  0  253748  48514  0  0  0  1384  42733  0  3275562432  1655  0  244365  244365  0  0  50763  925  514  523762  751  50763  0  42733  48514  15059  1622  126271642  2724  10026  8666  8666  19.1189684254  
1439422381  0  259077  49920  0  0  0  1433  44428  0  3351705688  1655  0  250070  250070  0  0  50763  925  532  531302  779  50763  0  44428  49920  15254  1642  76143256  1406  5329  5705  5705  19.26840283  
1439422391  0  264807  51008  0  0  0  1446  45089  0  3440565799  1655  0  257737  257737  0  0  50763  925  554  539198  771  50763  0  45089  51008  15474  1674  88860111  1088  5730  7667  7667  19.2623306786  
1439422401  0  270093  51932  0  0  0  1441  44305  0  3511846982  1655  0  262955  262955  0  0  50763  925  576  546030  766  50763  0  44305  51932  15667  1711  71281183  924  5286  5218  5218  19.2274512853  
1439422411  0  276160  53219  0  0  0  1481  44778  0  3592073754  1655  0  268778  268778  0  0  50763  925  598  553952  785  50763  0  44778  53219  15876  1746  80226772  1287  6067  5823  5823  19.2710747393  
1439422421  0  281525  54637  0  0  0  1517  45715  0  3677119233  1655  0  275458  275458  0  0  50763  925  612  562128  789  50763  0  45715  54637  16093  1774  85045479  1418  5365  6680  6680  19.4075126543  
1439422431  0  285646  55234  0  0  0  1485  45341  0  3733177050  1655  0  279709  279709  0  0  50763  925  630  569264  767  50763  0  45341  55234  16301  1809  56057817  597  4121  4251  4251  19.3365214286  
1439422441  0  288722  55573  0  0  0  1514  46431  0  3766139144  1655  0  282433  282433  0  0  50763  925  642  574049  776  50763  0  46431  55573  16412  1820  32962094  339  3076  2724  2724  19.2479270717  
1439422451  0  293787  56965  0  0  0  1480  45458  0  3821330787  1655  0  286299  286299  0  0  50763  925  655  581208  773  50763  0  45458  56965  16576  1847  55191643  1392  5065  3866  3866  19.3898981235  
1439422461  0  299133  58247  0  0  0  1424  43734  0  3886923137  1655  0  290963  290963  0  0  50763  925  670  589853  769  50763  0  43734  58247  16805  1882  65592350  1282  5346  4664  4664  19.4719405749  
1439422471  0  301565  58765  0  0  0  1454  44636  0  3922413523  1655  0  294195  294195  0  0  50763  925  680  592937  780  50763  0  44636  58765  16899  1884  35490386  518  2432  3232  3232  19.4866778307  
1439422481  0  306860  59849  0  0  0  1424  43566  0  3995126731  1655  0  300411  300411  0  0  50763  925  701  600817  759  50763  0  43566  59849  17123  1915  72713208  1084  5295  6216  6216  19.5036824611  
1439422492  0  310323  60699  0  0  0  1372  41487  0  4045140662  1655  0  304259  304259  0  0  50763  925  713  605915  739  50763  0  41487  60699  17258  1937  50013931  850  3463  3848  3848  19.5599423826  
1439422502  0  316559  62605  0  0  0  1227  37082  0  4119358924  1655  0  310032  310032  0  0  50763  925  730  615457  679  50763  0  37082  62605  17490  1968  74218262  1906  6236  5773  5773  19.7767240862  
1439422512  0  323097  63665  0  0  0  1183  36298  0  4202233415  1655  0  316554  316554  0  0  50763  925  752  624827  643  50763  0  36298  63665  17774  2000  82874491  1060  6538  6522  6522  19.7046088326  
1439422522  0  327489  64347  0  0  0  1225  37948  0  4255737510  1655  0  321118  321118  0  0  50763  925  756  630768  665  50763  0  37948  64347  17918  2015  53504095  682  4392  4564  4564  19.6485988842  
1439422532  0  334223  65971  0  0  0  1241  39036  0  4337042467  1655  0  327625  327625  0  0  50763  925  758  640717  665  50763  0  39036  65971  18131  2042  81304957  1624  6734  6507  6507  19.7386176295  
1439422542  0  338986  66698  0  0  0  1255  39366  0  4397431234  1655  0  331883  331883  0  0  50763  925  774  648085  680  50763  0  39366  66698  18343  2076  60388767  727  4763  4258  4258  19.6757388211  
1439422552  0  343427  67844  0  0  0  1232  39192  0  4455825575  1655  0  336410  336410  0  0  50763  925  787  655297  665  50763  0  39192  67844  18531  2105  58394341  1146  4441  4527  4527  19.7549988789  
1439422562  0  349868  69429  0  0  0  1291  40243  0  4547341342  1655  0  343635  343635  0  0  50763  925  810  664731  682  50763  0  40243  69429  18789  2144  91515767  1585  6441  7225  7225  19.8443412944  
1439422572  0  354521  70496  0  0  0  1211  37950  0  4597268546  1655  0  347260  347260  0  0  50763  925  821  670919  638  50763  0  37950  70496  19014  2187  49927204  1067  4653  3625  3625  19.8848587249  
1439422582  0  359734  71833  0  0  0  1254  38913  0  4670510616  1655  0  352721  352721  0  0  50763  925  835  679501  667  50763  0  38913  71833  19217  2200  73242070  1337  5213  5461  5461  19.9683655145  
1439422592  0  366085  73063  0  0  0  1297  40546  0  4732326227  1655  0  357901  357901  0  0  50763  925  851  687153  692  50763  0  40546  73063  19415  2228  61815611  1230  6351  5180  5180  19.9579332669  
1439422602  0  371269  74053  0  0  0  1354  42003  0  4807431081  1655  0  363774  363774  0  0  50763  925  869  695941  737  50763  0  42003  74053  19623  2260  75104854  990  5184  5873  5873  19.9459152259  
1439422612  0  375518  75025  0  0  0  1297  40218  0  4880639844  1655  0  369301  369301  0  0  50763  925  886  702294  702  50763  0  40218  75025  19829  2297  73208763  972  4249  5527  5527  19.9790689128  
1439422622  0  380011  75918  0  0  0  1305  40584  0  4939856665  1655  0  374568  374568  0  0  50763  925  901  710079  690  50763  0  40584  75918  20056  2326  59216821  893  4493  5267  5267  19.9778427467  
1439422632  0  386322  77184  0  0  0  1288  40309  0  5008704329  1655  0  380392  380392  0  0  50763  925  923  719156  693  50763  0  40309  77184  20311  2375  68847664  1266  6311  5824  5824  19.9791883455  
1439422642  0  391308  78210  0  0  0  1306  40839  0  5066785232  1655  0  384878  384878  0  0  50763  925  938  727388  714  50763  0  40839  78210  20539  2411  58080903  1026  4986  4486  4486  19.9868134564  
1439422652  0  397962  79208  0  0  0  1312  41259  0  5140431571  1655  0  390597  390597  0  0  50763  925  952  735314  720  50763  0  41259  79208  20801  2457  73646339  998  6654  5719  5719  19.9034078631  
1439422662  0  402039  79420  0  0  0  1302  40560  0  5192479716  1655  0  395033  395033  0  0  50763  925  956  740868  706  50763  0  40560  79420  21026  2505  52048145  212  4077  4436  4436  19.7543024433  
1439422672  0  405680  79712  0  0  0  1245  38921  0  5236430031  1655  0  397993  397993  0  0  50763  925  965  747162  684  50763  0  38921  79712  21248  2542  43950315  292  3641  2960  2960  19.6489844212  
1439422682  0  410316  80634  0  0  0  1304  41067  0  5298116597  1655  0  402942  402942  0  0  50763  925  974  752973  706  50763  0  41067  80634  21385  2553  61686566  922  4636  4949  4949  19.651683093  
1439422692  0  414354  81339  0  0  0  1288  40955  0  5352920025  1655  0  407248  407248  0  0  50763  925  981  758943  691  50763  0  40955  81339  21578  2586  54803428  705  4038  4306  4306  19.6303161065  
1439422702  0  417853  81897  0  0  0  1242  39312  0  5407006286  1655  0  411949  411949  0  0  50763  925  999  765442  660  50763  0  39312  81897  21877  2661  54086261  558  3499  4701  4701  19.5994763709  
1439422712  0  422160  82337  0  0  0  1323  41864  0  5449792139  1655  0  415516  415516  0  0  50763  925  1009  770863  695  50763  0  41864  82337  22000  2667  42785853  440  4307  3567  3567  19.5037426568  
1439422722  0  427064  82898  0  0  0  1220  37847  0  5512934474  1655  0  419793  419793  0  0  50763  925  1020  778888  643  50763  0  37847  82898  22388  2755  63142335  561  4904  4277  4277  19.4111421239  
1439422732  0  431378  83577  0  0  0  1078  33040  0  5564662063  1655  0  423435  423435  0  0  50763  925  1032  786218  597  50763  0  33040  83577  22651  2807  51727589  679  4314  3642  3642  19.3744233596  
1439422742  0  435276  84274  0  0  0  1143  35526  0  5618063132  1655  0  427902  427902  0  0  50763  925  1042  790901  631  50763  0  35526  84274  22773  2813  53401069  697  3898  4467  4467  19.3610490815  
1439422752  0  440899  85473  0  0  0  1143  35082  0  5687565743  1655  0  432821  432821  0  0  50763  925  1055  798476  631  50763  0  35082  85473  23037  2855  69502611  1199  5623  4919  4919  19.3860725472  
1439422762  0  444645  85997  0  0  0  1122  34227  0  5737719833  1655  0  436981  436981  0  0  50763  925  1062  804565  613  50763  0  34227  85997  23288  2895  50154090  524  3746  4160  4160  19.3405975554  
1439422772  0  448407  86858  0  0  0  1057  32434  0  5789139134  1655  0  440935  440935  0  0  50763  925  1070  809973  583  50763  0  32434  86858  23533  2938  51419301  861  3762  3954  3954  19.3703488126  
1439422782  0  454620  87626  0  0  0  1097  34341  0  5871543078  1655  0  447965  447965  0  0  50763  925  1085  816705  596  50763  0  34341  87626  23801  2994  82403944  768  6213  7030  7030  19.2745589723  
1439422792  0  458880  88113  0  0  0  1154  36458  0  5916626860  1655  0  451543  451543  0  0  50763  925  1091  823425  628  50763  0  36458  88113  23942  3002  45083782  487  4260  3578  3578  19.2017520921  
1439422802  0  465703  89468  0  0  0  1140  35481  0  6003645360  1655  0  457494  457494  0  0  50763  925  1110  835052  622  50763  0  35481  89468  24302  3063  87018500  1355  6823  5951  5951  19.2113857974  
1439422812  0  470687  90536  0  0  0  1215  38314  0  6078515556  1655  0  463504  463504  0  0  50763  925  1121  841701  654  50763  0  38314  90536  24505  3097  74870196  1068  4984  6010  6010  19.2348630831  
1439422822  0  477251  91808  0  0  0  1334  42339  0  6165673911  1655  0  470594  470594  0  0  50763  925  1131  850217  730  50763  0  42339  91808  24749  3126  87158355  1272  6564  7090  7090  19.2368376389  
1439422832  0  483613  93536  0  0  0  1339  41987  0  6251177469  1655  0  476554  476554  0  0  50763  925  1147  860475  723  50763  0  41987  93536  25006  3166  85503558  1728  6362  5960  5960  19.3410847103  
1439422842  0  489152  94495  0  0  0  1373  43277  0  6320098469  1655  0  481800  481800  0  0  50763  925  1161  867880  740  50763  0  43277  94495  25154  3186  68921000  959  5539  5246  5246  19.3181260631  
1439422852  0  493925  95781  0  0  0  1345  41969  0  6372357849  1655  0  485557  485557  0  0  50763  925  1168  874353  722  50763  0  41969  95781  25345  3211  52259380  1286  4773  3757  3757  19.3918104975  
1439422862  0  502376  97225  0  0  0  1392  43410  0  6477673210  1655  0  493571  493571  0  0  50763  925  1195  885039  747  50763  0  43410  97225  25606  3243  105315361  1444  8451  8014  8014  19.3530343806  
1439422872  0  506399  98611  0  0  0  1386  43329  0  6532314046  1655  0  498547  498547  0  0  50763  925  1212  891072  738  50763  0  43329  98611  25782  3269  54640836  1386  4023  4976  4976  19.4729847413  
1439422882  0  512707  100186  0  0  0  1396  43420  0  6622570024  1655  0  505633  505633  0  0  50763  925  1230  899271  731  50763  0  43420  100186  26038  3311  90255978  1575  6308  7086  7086  19.5405953108  
1439422892  0  518207  101514  0  0  0  1346  42535  0  6684163813  1655  0  510519  510519  0  0  50763  925  1246  907340  707  50763  0  42535  101514  26269  3347  61593789  1328  5500  4886  4886  19.5894690732  
1439422902  0  521586  102466  0  0  0  1345  42852  0  6725367431  1655  0  513393  513393  0  0  50763  925  1255  910691  706  50763  0  42852  102466  26354  3357  41203618  952  3379  2874  2874  19.6450824984  
1439422912  0  522913  102466  0  0  0  1315  41888  0  6727441000  1655  0  513393  513393  0  0  50763  925  1255  910963  694  50763  0  41888  102466  26356  3358  2073569  0  1327  0  0  19.5952290343  
1439422922  0  522913  102466  0  0  0  1315  41888  0  6727441000  1655  0  513393  513393  0  0  50763  925  1255  910963  694  50763  0  41888  102466  26356  3358  0  0  0  0  0  19.5952290343  
1439422932  0  522913  102466  0  0  0  1300  41331  0  6727441000  1655  0  513393  513393  0  0  50763  925  1255  910963  686  50763  0  41331  102466  26356  3358  0  0  0  0  0  19.5952290343  
1439422942  0  522913  102466  0  0  0  1300  41331  0  6727441000  1655  0  513393  513393  0  0  50763  925  1255  910963  686  50763  0  41331  102466  26356  3358  0  0  0  0  0  19.5952290343  
1439422952  0  522913  102466  0  0  0  1300  41331  0  6727441000  1655  0  513393  513393  0  0  50763  925  1255  910963  686  50763  0  41331  102466  26356  3358  0  0  0  0  0  19.5952290343  
1439422962  0  522913  102466  0  0  0  1300  41331  0  6727441000  1655  0  513393  513393  0  0  50763  925  1255  910963  686  50763  0  41331  102466  26356  3358  0  0  0  0  0  19.5952290343  
1439422972  0  522913  102466  0  0  0  1300  41331  0  6727441000  1655  0  513393  513393  0  0  50763  925  1255  910963  686  50763  0  41331  102466  26356  3358  0  0  0  0  0  19.5952290343  
1439422982  0  522913  102466  0  0  0  1300  41331  0  6727441000  1655  0  513393  513393  0  0  50763  925  1255  910963  686  50763  0  41331  102466  26356  3358  0  0  0  0  0  19.5952290343  
1439422992  0  522913  102466  0  0  0  1277  40607  0  6727441000  1655  0  513393  513393  0  0  50763  925  1255  910963  672  50763  0  40607  102466  26356  3358  0  0  0  0  0  19.5952290343  
1439423002  0  522913  102466  0  0  0  1131  35307  0  6727441000  1655  0  513393  513393  0  0  50763  925  1255  910963  593  50763  0  35307  102466  26356  3358  0  0  0  0  0  19.5952290343  
1439423012  0  522913  102466  0  0  0  999  30810  0  6727441000  1655  0  513393  513393  0  0  50763  925  1255  910963  523  50763  0  30810  102466  26356  3358  0  0  0  0  0  19.5952290343  
1439423022  0  522913  102466  0  0  0  903  27592  0  6727441000  1655  0  513393  513393  0  0  50763  925  1255  910963  478  50763  0  27592  102466  26356  3358  0  0  0  0  0  19.5952290343  
1439423032  0  522913  102466  0  0  0  787  23743  0  6727441000  1655  0  513393  513393  0  0  50763  925  1255  910963  416  50763  0  23743  102466  26356  3358  0  0  0  0  0  19.5952290343  
1439423043  0  522913  102466  0  0  0  679  20348  0  6727441000  1655  0  513393  513393  0  0  50763  925  1255  910963  357  50763  0  20348  102466  26356  3358  0  0  0  0  0  19.5952290343  
1439423053  0  522913  102466  0  0  0  556  16388  0  6727441000  1655  0  513393  513393  0  0  50763  925  1255  910963  291  50763  0  16388  102466  26356  3358  0  0  0  0  0  19.5952290343  
1439423063  0  522913  102466  0  0  0  526  15127  0  6727441000  1655  0  513393  513393  0  0  50763  925  1255  910963  276  50763  0  15127  102466  26356  3358  0  0  0  0  0  19.5952290343  
1439423073  0  522913  102466  0  0  0  465  13454  0  6727441000  1655  0  513393  513393  0  0  50763  925  1255  910963  239  50763  0  13454  102466  26356  3358  0  0  0  0  0  19.5952290343  
1439423083  0  522913  102466  0  0  0  428  11994  0  6727441000  1655  0  513393  513393  0  0  50763  925  1255  910963  223  50763  0  11994  102466  26356  3358  0  0  0  0  0  19.5952290343  
1439423093  0  522913  102466  0  0  0  349  9919  0  6727441000  1655  0  513393  513393  0  0  50763  925  1255  910963  184  50763  0  9919  102466  26356  3358  0  0  0  0  0  19.5952290343  
1439423103  0  522913  102466  0  0  0  322  9261  0  6727441000  1655  0  513393  513393  0  0  50763  925  1255  910963  171  50763  0  9261  102466  26356  3358  0  0  0  0  0  19.5952290343  
1439423113  0  522913  102466  0  0  0  322  9261  0  6727441000  1655  0  513393  513393  0  0  50763  925  1255  910963  171  50763  0  9261  102466  26356  3358  0  0  0  0  0  19.5952290343  
1439423123  0  522913  102466  0  0  0  310  8694  0  6727441000  1655  0  513393  513393  0  0  50763  925  1255  910963  167  50763  0  8694  102466  26356  3358  0  0  0  0  0  19.5952290343  
1439423133  0  522913  102466  0  0  0  293  8251  0  6727441000  1655  0  513393  513393  0  0  50763  925  1255  910963  158  50763  0  8251  102466  26356  3358  0  0  0  0  0  19.5952290343  
1439423143  0  522913  102466  0  0  0  290  8168  0  6727441000  1655  0  513393  513393  0  0  50763  925  1255  910963  157  50763  0  8168  102466  26356  3358  0  0  0  0  0  19.5952290343  
1439423153  0  522913  102466  0  0  0  279  7994  0  6727441000  1655  0  513393  513393  0  0  50763  925  1255  910963  150  50763  0  7994  102466  26356  3358  0  0  0  0  0  19.5952290343  
1439423163  0  522913  102466  0  0  0  251  7089  0  6727441000  1655  0  513393  513393  0  0  50763  925  1255  910963  138  50763  0  7089  102466  26356  3358  0  0  0  0  0  19.5952290343  
1439423173  0  522913  102466  0  0  0  243  6787  0  6727441000  1655  0  513393  513393  0  0  50763  925  1255  910963  133  50763  0  6787  102466  26356  3358  0  0  0  0  0  19.5952290343  
1439423183  0  522913  102466  0  0  0  208  5661  0  6727441000  1655  0  513393  513393  0  0  50763  925  1255  910963  117  50763  0  5661  102466  26356  3358  0  0  0  0  0  19.5952290343  
1439423193  0  522913  102466  0  0  0  197  5295  0  6727441000  1655  0  513393  513393  0  0  50763  925  1255  910963  110  50763  0  5295  102466  26356  3358  0  0  0  0  0  19.5952290343  
1439423203  0  522913  102466  0  0  0  197  5295  0  6727441000  1655  0  513393  513393  0  0  50763  925  1255  910963  110  50763  0  5295  102466  26356  3358  0  0  0  0  0  19.5952290343  
1439423213  0  522913  102466  0  0  0  129  3728  0  6727441000  1655  0  513393  513393  0  0  50763  925  1255  910963  69  50763  0  3728  102466  26356  3358  0  0  0  0  0  19.5952290343  
1439423223  0  522919  102466  0  0  0  129  3728  0  6727450981  1655  0  513393  513393  0  0  50763  925  1255  910963  69  50763  0  3728  102466  26356  3358  9981  0  6  0  0  19.5950041976  
1439423233  0  522974  102466  0  0  0  129  3728  0  6727604347  1655  0  513393  513393  0  0  50763  925  1255  910963  69  50763  0  3728  102466  26356  3358  153366  0  55  0  0  19.592943435  
1439423243  0  522974  102466  0  0  0  129  3728  0  6727608501  1655  0  513393  513393  0  0  50763  925  1255  910963  69  50763  0  3728  102466  26357  3358  4154  0  0  0  0  19.592943435  
1439423253  0  522974  102466  0  0  0  125  3589  0  6727608501  1655  0  513393  513393  0  0  50763  925  1255  910963  66  50763  0  3589  102466  26357  3358  0  0  0  0  0  19.592943435  
1439423263  0  522974  102466  0  0  0  119  3360  0  6727608501  1655  0  513393  513393  0  0  50763  925  1255  910963  64  50763  0  3360  102466  26357  3358  0  0  0  0  0  19.592943435  
1439423273  0  522974  102466  0  0  0  119  3360  0  6727608501  1655  0  513393  513393  0  0  50763  925  1255  910963  64  50763  0  3360  102466  26357  3358  0  0  0  0  0  19.592943435  
1439423283  0  522974  102466  0  0  0  119  3360  0  6727608501  1655  0  513393  513393  0  0  50763  925  1255  910963  64  50763  0  3360  102466  26357  3358  0  0  0  0  0  19.592943435  
1439423293  0  522974  102466  0  0  0  102  2887  0  6727608501  1655  0  513393  513393  0  0  50763  925  1255  910963  55  50763  0  2887  102466  26357  3358  0  0  0  0  0  19.592943435  
1439423303  0  522974  102466  0  0  0  102  2885  0  6727608501  1655  0  513393  513393  0  0  50763  925  1255  910963  55  50763  0  2885  102466  26357  3358  0  0  0  0  0  19.592943435  
1439423313  0  522974  102466  0  0  0  88  2602  0  6727608501  1655  0  513393  513393  0  0  50763  925  1255  910963  46  50763  0  2602  102466  26357  3358  0  0  0  0  0  19.592943435  
1439423323  0  522974  102466  0  0  0  42  1218  0  6727608501  1655  0  513393  513393  0  0  50763  925  1255  910963  24  50763  0  1218  102466  26357  3358  0  0  0  0  0  19.592943435  
1439423333  0  522974  102466  0  0  0  42  1218  0  6727608501  1655  0  513393  513393  0  0  50763  925  1255  910963  24  50763  0  1218  102466  26357  3358  0  0  0  0  0  19.592943435  
1439423343  0  522974  102466  0  0  0  42  1218  0  6727608501  1655  0  513393  513393  0  0  50763  925  1255  910963  24  50763  0  1218  102466  26357  3358  0  0  0  0  0  19.592943435  
1439423353  0  522974  102466  0  0  0  42  1218  0  6727608501  1655  0  513393  513393  0  0  50763  925  1255  910963  24  50763  0  1218  102466  26357  3358  0  0  0  0  0  19.592943435  
1439423363  0  522974  102466  0  0  0  42  1218  0  6727608501  1655  0  513393  513393  0  0  50763  925  1255  910963  24  50763  0  1218  102466  26357  3358  0  0  0  0  0  19.592943435  
1439423373  0  522974  102466  0  0  0  42  1218  0  6727608501  1655  0  513393  513393  0  0  50763  925  1255  910963  24  50763  0  1218  102466  26357  3358  0  0  0  0  0  19.592943435  
1439423383  0  522974  102466  0  0  0  42  1218  0  6727608501  1655  0  513393  513393  0  0  50763  925  1255  910963  24  50763  0  1218  102466  26357  3358  0  0  0  0  0  19.592943435  
1439423393  0  522974  102466  0  0  0  42  1218  0  6727608501  1655  0  513393  513393  0  0  50763  925  1255  910963  24  50763  0  1218  102466  26357  3358  0  0  0  0  0  19.592943435  
1439423403  0  522974  102466  0  0  0  42  1218  0  6727608501  1655  0  513393  513393  0  0  50763  925  1255  910963  24  50763  0  1218  102466  26357  3358  0  0  0  0  0  19.592943435  
1439423413  0  522974  102466  0  0  0  42  1218  0  6727608501  1655  0  513393  513393  0  0  50763  925  1255  910963  24  50763  0  1218  102466  26357  3358  0  0  0  0  0  19.592943435  
1439423423  0  522974  102466  0  0  0  42  1218  0  6727608501  1655  0  513393  513393  0  0  50763  925  1255  910963  24  50763  0  1218  102466  26357  3358  0  0  0  0  0  19.592943435  
1439423433  0  522974  102466  0  0  0  42  1218  0  6727608501  1655  0  513393  513393  0  0  50763  925  1255  910963  24  50763  0  1218  102466  26357  3358  0  0  0  0  0  19.592943435  
1439423443  0  522974  102466  0  0  0  42  1218  0  6727608501  1655  0  513393  513393  0  0  50763  925  1255  910963  24  50763  0  1218  102466  26357  3358  0  0  0  0  0  19.592943435  
1439423453  0  522974  102466  0  0  0  42  1218  0  6727608501  1655  0  513393  513393  0  0  50763  925  1255  910963  24  50763  0  1218  102466  26357  3358  0  0  0  0  0  19.592943435  
1439423463  0  522974  102466  0  0  0  42  1218  0  6727608501  1655  0  513393  513393  0  0  50763  925  1255  910963  24  50763  0  1218  102466  26357  3358  0  0  0  0  0  19.592943435  
1439423473  0  522974  102466  0  0  0  42  1218  0  6727608501  1655  0  513393  513393  0  0  50763  925  1255  910963  24  50763  0  1218  102466  26357  3358  0  0  0  0  0  19.592943435  
1439423483  0  522974  102466  0  0  0  42  1218  0  6727608501  1655  0  513393  513393  0  0  50763  925  1255  910963  24  50763  0  1218  102466  26357  3358  0  0  0  0  0  19.592943435  
1439423493  0  522974  102466  0  0  0  42  1218  0  6727608501  1655  0  513393  513393  0  0  50763  925  1255  910963  24  50763  0  1218  102466  26357  3358  0  0  0  0  0  19.592943435  
1439423503  0  522974  102466  0  0  0  42  1218  0  6727608501  1655  0  513393  513393  0  0  50763  925  1255  910963  24  50763  0  1218  102466  26357  3358  0  0  0  0  0  19.592943435  
1439423513  0  522974  102466  0  0  0  42  1218  0  6727608501  1655  0  513393  513393  0  0  50763  925  1255  910963  24  50763  0  1218  102466  26357  3358  0  0  0  0  0  19.592943435  
1439423523  0  522974  102466  0  0  0  42  1218  0  6727608501  1655  0  513393  513393  0  0  50763  925  1255  910963  24  50763  0  1218  102466  26357  3358  0  0  0  0  0  19.592943435  
1439423533  0  522974  102466  0  0  0  42  1218  0  6727608501  1655  0  513393  513393  0  0  50763  925  1255  910963  24  50763  0  1218  102466  26357  3358  0  0  0  0  0  19.592943435  
1439423543  0  522974  102466  0  0  0  42  1218  0  6727608501  1655  0  513393  513393  0  0  50763  925  1255  910963  24  50763  0  1218  102466  26357  3358  0  0  0  0  0  19.592943435  
1439423553  0  522974  102466  0  0  0  42  1218  0  6727608501  1655  0  513393  513393  0  0  50763  925  1255  910963  24  50763  0  1218  102466  26357  3358  0  0  0  0  0  19.592943435  
1439423563  0  522974  102466  0  0  0  42  1218  0  6727608501  1655  0  513393  513393  0  0  50763  925  1255  910963  24  50763  0  1218  102466  26357  3358  0  0  0  0  0  19.592943435  
1439423573  0  522974  102466  0  0  0  42  1218  0  6727608501  1655  0  513393  513393  0  0  50763  925  1255  910963  24  50763  0  1218  102466  26357  3358  0  0  0  0  0  19.592943435  
1439423583  0  522974  102466  0  0  0  42  1218  0  6727608501  1655  0  513393  513393  0  0  50763  925  1255  910963  24  50763  0  1218  102466  26357  3358  0  0  0  0  0  19.592943435  
1439423593  0  522974  102466  0  0  0  42  1218  0  6727608501  1655  0  513393  513393  0  0  50763  925  1255  910963  24  50763  0  1218  102466  26357  3358  0  0  0  0  0  19.592943435  
1439423603  0  522974  102466  0  0  0  42  1218  0  6727608501  1655  0  513393  513393  0  0  50763  925  1255  910963  24  50763  0  1218  102466  26357  3358  0  0  0  0  0  19.592943435  
1439423613  0  522974  102466  0  0  0  42  1218  0  6727608501  1655  0  513393  513393  0  0  50763  925  1255  910963  24  50763  0  1218  102466  26357  3358  0  0  0  0  0  19.592943435  
1439423623  0  522974  102466  0  0  0  42  1218  0  6727608501  1655  0  513393  513393  0  0  50763  925  1255  910963  24  50763  0  1218  102466  26357  3358  0  0  0  0  0  19.592943435  
1439423634  0  522974  102466  0  0  0  42  1218  0  6727608501  1655  0  513393  513393  0  0  50763  925  1255  910963  24  50763  0  1218  102466  26357  3358  0  0  0  0  0  19.592943435  
1439423644  0  522974  102466  0  0  0  42  1218  0  6727608501  1655  0  513393  513393  0  0  50763  925  1255  910963  24  50763  0  1218  102466  26357  3358  0  0  0  0  0  19.592943435  
1439423654  0  522974  102466  0  0  0  42  1218  0  6727608501  1655  0  513393  513393  0  0  50763  925  1255  910963  24  50763  0  1218  102466  26357  3358  0  0  0  0  0  19.592943435  
1439423664  0  522974  102466  0  0  0  42  1218  0  6727608501  1655  0  513393  513393  0  0  50763  925  1255  910963  24  50763  0  1218  102466  26357  3358  0  0  0  0  0  19.592943435  
1439423674  0  522974  102466  0  0  0  42  1218  0  6727608501  1655  0  513393  513393  0  0  50763  925  1255  910963  24  50763  0  1218  102466  26357  3358  0  0  0  0  0  19.592943435  
1439423684  0  522974  102466  0  0  0  42  1218  0  6727608501  1655  0  513393  513393  0  0  50763  925  1255  910963  24  50763  0  1218  102466  26357  3358  0  0  0  0  0  19.592943435  
1439423694  0  522974  102466  0  0  0  42  1218  0  6727608501  1655  0  513393  513393  0  0  50763  925  1255  910963  24  50763  0  1218  102466  26357  3358  0  0  0  0  0  19.592943435  
1439423704  0  522974  102466  0  0  0  42  1218  0  6727608501  1655  0  513393  513393  0  0  50763  925  1255  910963  24  50763  0  1218  102466  26357  3358  0  0  0  0  0  19.592943435  
1439423714  0  522974  102466  0  0  0  42  1218  0  6727608501  1655  0  513393  513393  0  0  50763  925  1255  910963  24  50763  0  1218  102466  26357  3358  0  0  0  0  0  19.592943435  
1439423724  0  522974  102466  0  0  0  42  1218  0  6727608501  1655  0  513393  513393  0  0  50763  925  1255  910963  24  50763  0  1218  102466  26357  3358  0  0  0  0  0  19.592943435  
1439423734  0  522974  102466  0  0  0  42  1218  0  6727608501  1655  0  513393  513393  0  0  50763  925  1255  910963  24  50763  0  1218  102466  26357  3358  0  0  0  0  0  19.592943435  
1439423744  0  522974  102466  0  0  0  42  1218  0  6727608501  1655  0  513393  513393  0  0  50763  925  1255  910963  24  50763  0  1218  102466  26357  3358  0  0  0  0  0  19.592943435  
1439423754  0  522974  102466  0  0  0  42  1218  0  6727608501  1655  0  513393  513393  0  0  50763  925  1255  910963  24  50763  0  1218  102466  26357  3358  0  0  0  0  0  19.592943435  
1439423764  0  522974  102466  0  0  0  42  1218  0  6727608501  1655  0  513393  513393  0  0  50763  925  1255  910963  24  50763  0  1218  102466  26357  3358  0  0  0  0  0  19.592943435  
1439423774  0  522974  102466  0  0  0  42  1218  0  6727608501  1655  0  513393  513393  0  0  50763  925  1255  910963  24  50763  0  1218  102466  26357  3358  0  0  0  0  0  19.592943435  
1439423784  0  522974  102466  0  0  0  42  1218  0  6727608501  1655  0  513393  513393  0  0  50763  925  1255  910963  24  50763  0  1218  102466  26357  3358  0  0  0  0  0  19.592943435  
1439423794  0  522974  102466  0  0  0  42  1218  0  6727608501  1655  0  513393  513393  0  0  50763  925  1255  910963  24  50763  0  1218  102466  26357  3358  0  0  0  0  0  19.592943435  
1439423804  0  522974  102466  0  0  0  42  1218  0  6727608501  1655  0  513393  513393  0  0  50763  925  1255  910963  24  50763  0  1218  102466  26357  3358  0  0  0  0  0  19.592943435  
1439423814  0  522974  102466  0  0  0  42  1218  0  6727608501  1655  0  513393  513393  0  0  50763  925  1255  910963  24  50763  0  1218  102466  26357  3358  0  0  0  0  0  19.592943435  
1439423824  0  522974  102466  0  0  0  42  1218  0  6727608501  1655  0  513393  513393  0  0  50763  925  1255  910963  24  50763  0  1218  102466  26357  3358  0  0  0  0  0  19.592943435  
1439423834  0  522974  102466  0  0  0  42  1218  0  6727608501  1655  0  513393  513393  0  0  50763  925  1255  910963  24  50763  0  1218  102466  26357  3358  0  0  0  0  0  19.592943435  
1439423844  0  522974  102466  0  0  0  42  1218  0  6727608501  1655  0  513393  513393  0  0  50763  925  1255  910963  24  50763  0  1218  102466  26357  3358  0  0  0  0  0  19.592943435  
1439423854  0  522974  102466  0  0  0  42  1218  0  6727608501  1655  0  513393  513393  0  0  50763  925  1255  910963  24  50763  0  1218  102466  26357  3358  0  0  0  0  0  19.592943435  
1439423864  0  522974  102466  0  0  0  42  1218  0  6727608501  1655  0  513393  513393  0  0  50763  925  1255  910963  24  50763  0  1218  102466  26357  3358  0  0  0  0  0  19.592943435  
1439423874  0  522974  102466  0  0  0  42  1218  0  6727608501  1655  0  513393  513393  0  0  50763  925  1255  910963  24  50763  0  1218  102466  26357  3358  0  0  0  0  0  19.592943435  
