#type:T;
#time  gt  cn  Pt  Px  gx  cx  gn  gm  Pn  Pm  Ft  cm  pt  Fx  px  ct  pn  Fm  Fn  pm  dn  On  Om  dm  dx  Ox  dt  Ot  Gt  Cn  Cm  Gx  Cx  Gn  Gm  Ct  
1439257932  9602823  0  0  0  31062  0  17148  154  0  2147483647  87163  2147483647  0  29220  0  0  0  235  84  2147483647  0  184  248  2147483647  0  5580  0  167162  0  0  2147483647  0  0  0  2147483647  0  
1439257942  9613228  0  0  0  31062  0  17152  154  0  2147483647  87163  2147483647  0  29220  0  0  0  235  84  2147483647  0  184  248  2147483647  0  5580  0  167162  0  0  2147483647  0  0  0  2147483647  0  
1439257952  10721212  10212  705725218  663596  31062  662674  18037  154  10197  6838  189028  5925  1183425  29220  119778  696982201  15  208  430  55600  0  8107  242  2147483647  0  87084  0  12933338  59325981  45  269  157279  5301  883  2713  36981  
1439257962  10830535  10608  737910094  663596  31062  662674  18119  154  10581  6838  14936004  5925  1991229  29220  119778  729392545  27  205  19430  55600  0  8146  242  2147483647  0  87084  0  13104290  63884549  67  269  157279  5301  931  2713  60920  
1439257972  10830535  10608  737910094  663596  31062  662674  18119  154  10581  6838  53723721  5925  1991229  30616  119778  729392545  27  205  63850  55600  0  8200  242  2147483647  0  87084  0  13355814  64029693  67  269  157279  5301  933  2713  60920  
1439257982  16819642  12594  930858448  663596  31062  662674  23997  154  12542  6520  89217799  5925  6002979  46799  280643  922048334  52  205  120708  55600  0  8681  211  2147483647  0  87084  0  14774977  67567239  110  269  157279  5301  1026  2713  101103  
1439257992  33442935  14715  988877494  663596  31062  662674  40943  154  14663  6520  151038667  5813  6002979  46799  280643  973537589  52  205  197062  55600  0  9172  211  2147483647  0  87084  0  16510372  67681283  110  269  157279  5301  1030  2713  101103  
1439258002  44886840  21143  1184165446  663596  31062  662674  52062  154  21090  6291  210284842  5622  6479170  46799  476191  1150306583  53  205  263455  55600  0  9722  211  2147483647  0  87084  0  17704919  70078343  110  269  157279  5301  1049  2713  101103  
1439258012  56056328  32944  1478539634  663596  31062  662674  63807  154  32890  6227  262437811  5604  6592455  46799  476191  1419072922  54  205  341695  55600  0  10429  205  2147483647  0  308791  0  23326026  193504132  115  269  157279  5301  3080  2713  103284  
1439258022  72448383  43491  1777923129  663596  31062  662674  80757  154  43436  6227  301446448  5598  6725271  46799  476191  1692645580  55  205  405428  55600  0  11325  205  2147483647  0  308791  0  31383584  343450849  120  269  157279  5301  5078  2713  105426  
1439258032  96568418  54538  2050125093  663596  31062  662674  104547  154  54483  6191  346507314  5574  6725271  46799  476191  1936650970  55  205  453561  55600  0  12234  205  2147483647  0  308791  0  36321523  441537463  120  269  157279  5301  6573  2713  105426  
1439258042  116253848  66777  2380200080  663596  31062  662674  123746  154  66721  6191  382677661  5574  7011106  46799  476191  2234730194  56  205  491421  55600  0  12908  205  2147483647  0  308791  0  42218821  620109381  120  269  157279  5301  8917  2713  105426  
1439258052  134846416  83565  2789640859  663596  31062  662674  142485  154  83509  6179  413135794  5553  7011106  46799  476191  2601260500  56  205  524470  55600  0  13763  205  2147483647  0  308791  0  48142869  836495898  120  269  157279  5301  12097  2713  105426  
1439258062  153421972  101378  3223457985  663596  31062  662674  160958  154  101321  6179  443555888  5520  7090124  46799  476191  2990356282  57  205  557343  55600  0  14358  205  2147483647  0  325438  0  56783208  1110683314  120  269  157279  5301  16078  2713  105426  
1439258072  168661475  125958  3812320898  663596  31062  662674  175523  154  125901  6179  466030550  5504  7090124  46799  476191  3518232709  57  205  581622  55600  0  14966  205  2147483647  0  392816  0  67776252  1572408391  120  269  157279  5301  22789  2713  105426  
1439258082  183157682  147887  4371116791  663596  32978  662674  189421  154  147830  6179  489452686  5504  7090124  46799  476191  4019502898  57  205  605771  55600  0  15608  205  2147483647  0  694725  0  80128190  1964236135  120  269  185349  5301  28358  2713  105426  
1439258092  196891458  175257  5024578501  663596  32978  662674  204007  154  175201  6176  513792462  5504  7090124  46799  476191  4604317504  57  205  633648  55600  0  16313  205  2147483647  0  694725  0  93407456  2504769035  120  269  186062  5301  36291  2713  105426  
1439258102  207763861  195771  5533234584  663596  32978  662674  214951  154  195715  6176  537909305  5504  7090124  46799  476191  5060629711  57  205  659641  55600  0  16911  205  2147483647  0  694725  0  105555708  3051138539  120  269  186062  5301  43393  2713  105426  
1439258112  218996380  218233  6022933254  663596  32978  662674  226589  154  218177  6176  561163895  5504  7090124  46799  476191  5498888174  57  205  685678  55600  0  17583  205  2147483647  0  694725  0  116052339  3580165908  120  269  186062  5301  51164  2713  105426  
1439258122  231281397  242323  6583837401  663596  32978  662674  238835  154  242267  6173  583750727  5504  7090124  46799  476191  6001933447  57  205  710869  55600  0  18289  205  2147483647  0  694725  0  128684973  4011140761  120  269  186062  5301  57812  2713  105426  
1439258132  242167421  263380  7051796280  663596  32978  662674  250009  154  263324  6127  608623972  5504  7090124  46799  476191  6421383571  57  205  738275  55600  0  18951  205  2147483647  0  1293599  0  141709489  4612692396  120  269  186062  5301  67091  2713  105426  
1439258142  250497219  281145  7438738477  663596  32978  662674  258872  154  281089  6127  628675258  5504  7090124  46799  476191  6770272209  57  205  762985  55600  0  19609  205  2147483647  0  1740867  0  153899593  5079387943  120  269  186062  5301  74089  2713  105426  
1439258152  260734048  301229  7883426990  663596  32978  662674  269495  154  301172  6127  653346793  5504  7090124  103540  476191  7169561659  57  205  790503  55600  0  20286  205  2147483647  0  3061420  0  168492441  5678160782  120  269  186062  5301  83730  2713  105426  
1439258162  271135311  320988  8347596444  663596  32978  662674  280155  154  320931  6127  679567695  5504  7090124  103540  476191  7585299180  57  205  819141  55600  0  21008  205  2147483647  0  3061420  0  182818420  6280793423  120  269  186062  5301  92574  2713  105426  
1439258173  281982626  344124  8865017470  663596  32978  662674  291418  154  344067  6127  707190793  5504  7090124  103540  476191  8048357565  57  205  850757  55600  0  21818  205  2147483647  0  3061420  0  199359192  6915632989  120  269  186062  5301  102944  2713  105426  
1439258183  290505206  364393  9282217523  663596  33582  662674  300831  154  364336  6127  730041377  5495  7090124  103540  476191  8421968741  57  205  877730  55600  0  22508  205  2147483647  0  3061420  0  211707574  7388302132  120  269  186062  5301  111416  2713  105426  
1439258193  299521864  381617  9711193716  663596  33582  662674  309601  154  381560  6127  753739678  5495  7090124  103540  476191  8806906950  57  205  902491  55600  0  23132  205  2147483647  0  3061420  0  225700930  7900164036  120  269  186062  5301  118914  2713  105426  
1439258203  306956319  401609  10183037208  663596  33582  662674  317009  154  401552  6127  779929313  5495  7090124  103540  476191  9231661804  57  205  932525  55600  0  23918  205  2147483647  0  3061420  0  238700511  8596980330  120  269  186062  5301  129396  2713  105426  
1439258213  315551502  419809  10633363146  663596  33582  662674  325547  154  419752  6127  809061445  5495  7090124  103540  476191  9635113980  57  205  964130  55600  0  24677  205  2147483647  0  3061420  0  251175881  9327052995  120  269  186062  5301  140720  2713  105426  
1439258223  325004623  438612  11062946190  663596  33582  662674  334968  154  438555  6127  834384882  5495  7090124  103540  476191  10020261477  57  205  991185  55600  0  25388  205  2147483647  0  3061420  0  263647984  10016237738  120  269  186062  5301  150646  2713  105426  
1439258233  334149647  456675  11519595569  663596  33582  662674  343904  154  456618  6127  859072907  5495  7090124  103540  476191  10429051284  57  205  1017112  55600  0  26066  205  2147483647  0  3061420  0  279976630  10640014639  120  269  186062  5301  159815  2713  105426  
1439258243  340462605  475151  11925167788  663596  33582  662674  350673  154  475094  6127  882419451  5495  7090124  103540  476191  10792986667  57  205  1044151  55600  0  26720  205  2147483647  0  3061420  0  293320198  11279618999  120  269  186062  5301  169866  2713  105426  
1439258253  348900738  493456  12347423612  663596  33582  662674  359413  154  493399  6127  905882747  5495  7090124  103540  476191  11172372791  57  205  1070286  55600  0  27404  205  2147483647  0  3061420  0  305366812  11808810501  120  269  186062  5301  178466  2713  105426  
1439258263  357475365  513737  12812234422  663596  62698  662674  368397  154  513680  6127  934437107  5495  7090124  103540  476191  11587951415  57  205  1101822  55600  0  28187  205  2147483647  0  3061420  0  319403465  12470464401  120  269  186062  5301  188186  2713  105426  
1439258273  367894654  532247  13231897628  663596  62698  662674  378917  154  532190  6127  957395632  5495  7090124  103540  476191  11964359703  57  205  1129027  55600  0  28866  205  2147483647  0  3061420  0  329953934  13087457150  120  269  186062  5301  198138  2713  105426  
1439258283  376893395  550417  13655648826  663596  62698  662674  388379  154  550360  6127  985286366  5495  7090124  103540  476191  12343835919  57  205  1158370  55600  0  29577  205  2147483647  0  3061420  0  341723362  13716943195  120  269  186062  5301  207105  2713  105426  
1439258293  384710003  566604  13989388441  663596  62698  662674  396543  154  566547  6127  1004293570  5495  7090124  103540  476191  12642935957  57  205  1181513  55600  0  30218  205  2147483647  0  3061420  0  352632327  14233115251  120  269  186062  5301  215757  2713  105426  
1439258303  393996429  586483  14453529179  663596  62698  662674  405382  154  586426  6127  1031907752  5495  7090124  103540  476191  13058427199  57  205  1211488  55600  0  31020  205  2147483647  0  3061420  0  368999548  14973033349  120  269  186062  5301  226258  2713  105426  
1439258313  402432630  602263  14823604763  663596  62698  662674  413383  154  602206  6127  1053574063  5495  7090124  103540  476191  13390020567  57  205  1233805  55600  0  31611  205  2147483647  0  3061420  0  380065522  15400735505  120  269  202132  5301  232972  2713  105426  
1439258323  410922398  623345  15364141219  663596  99804  662674  421735  154  623288  6127  1080058166  5495  7090124  103540  476191  13877856741  57  205  1261258  55600  0  32377  205  2147483647  0  3061420  0  394985204  16055397490  120  269  202132  5301  242666  2713  105426  
1439258333  419040299  640629  15723712840  663596  99804  662674  430109  154  640572  6127  1102152051  5495  7090124  103540  476191  14200141716  57  205  1287224  55600  0  33070  205  2147483647  0  3061420  0  407233606  16534018980  120  269  202132  5301  250451  2713  105426  
1439258343  427821231  658569  16140661217  663596  99804  662674  439245  154  658512  6127  1130584519  5495  7090124  103540  476191  14573592228  57  205  1318513  55600  0  33820  205  2147483647  0  3061420  0  425048378  17256995483  120  269  202132  5301  262173  2713  105426  
1439258353  437054764  675893  16610394426  663596  99804  662674  448651  154  675836  6127  1155238721  5495  7090124  103540  476191  15000782303  57  205  1345288  55600  0  34452  205  2147483647  0  3061420  0  437588620  17882449330  121  269  202132  5301  271453  2713  107674  
1439258363  447204958  694640  17121973985  663596  99804  662674  458401  154  694583  6127  1183148309  5495  7090124  103540  476191  15463186122  57  205  1374441  55600  0  35207  205  2147483647  0  3061420  0  452195866  18471100449  122  269  202132  5301  279987  2713  110356  
1439258373  455472612  713519  17559988552  663596  99804  662674  466483  154  713462  6127  1206087637  5495  7090124  103540  476191  15856555617  57  205  1399324  55600  0  35834  205  2147483647  0  3061420  0  463603544  19055234938  122  269  549886  5301  289244  2713  110356  
1439258383  464768915  730809  17930928118  663596  99804  662674  476705  154  730752  6127  1231728401  5495  7090124  103540  476191  16189024692  57  205  1427675  55600  0  36507  205  2147483647  0  3061420  0  482807525  19620712595  122  269  549886  5301  297599  2713  110356  
1439258393  474822294  751575  18469312898  663596  99804  662674  486113  154  751518  6127  1261674515  5495  7090124  103540  476191  16675499381  57  205  1459630  55600  0  37312  205  2147483647  0  3061420  0  499096219  20369910686  123  269  549886  5301  308264  2713  112278  
1439258403  483328540  770463  18877442084  663596  99804  662674  494769  154  770406  6127  1284502042  5495  7090124  103540  476191  17041856603  57  205  1485912  55600  0  37977  205  2147483647  0  3061420  0  515882345  21020780687  123  269  549886  5301  318557  2713  112278  
1439258413  493033689  787490  19387944623  663596  99804  662674  503936  154  787433  6127  1309995481  5495  7090124  103540  476191  17507387740  57  205  1512052  55600  0  38632  205  2147483647  0  3061420  0  528148152  21615111755  123  269  549886  5301  327042  2713  112278  
1439258423  499786598  805696  19852136327  663596  99804  662674  511435  154  805639  6127  1332760285  5495  7090124  103540  476191  17930638477  57  205  1539066  55600  0  39330  205  2147483647  0  3061420  0  539293441  22309266412  124  269  549886  5301  337555  2713  114293  
1439258433  507038186  822384  20245510880  663596  99804  662674  519336  154  822327  6127  1355965146  5495  7090124  103540  476191  18284752334  57  205  1564307  55600  0  39985  205  2147483647  0  3061420  0  551524607  22830607770  124  269  549886  5301  345920  2713  114293  
1439258443  514630611  839296  20648995795  663596  99804  662674  526929  154  839239  6127  1379484297  5495  7090124  103540  476191  18646563100  57  205  1589430  55600  0  40665  205  2147483647  0  3061420  0  563494395  23343651277  124  269  549886  5301  353887  2713  114293  
1439258453  524654219  858281  21094033959  663596  99804  662674  536908  154  858224  6127  1404659567  5495  7090124  103540  476191  19046552410  57  205  1617854  55600  0  41385  205  2147483647  0  3061420  0  578928751  23950518527  124  269  549886  5301  363419  2713  114293  
1439258463  532291177  877860  21512244695  663596  99804  662674  545030  154  877803  6127  1428733656  5495  7090124  103540  476191  19421274245  57  205  1644005  55600  0  42036  205  2147483647  0  3061420  0  590971116  24576078127  124  269  549886  5301  373180  2713  114293  
1439258473  539730635  894366  21870039381  663596  99804  662674  552974  154  894309  6127  1451336389  5495  7090124  103540  476191  19741404442  57  205  1669253  55600  0  42671  205  2147483647  0  3061420  0  602027409  25088053209  124  269  549886  5301  381935  2713  114293  
1439258483  547621412  911416  22272453167  663596  99804  662674  561528  154  911359  6082  1475026007  5495  7090124  103540  476191  20101319348  57  205  1696207  55600  0  43372  205  2147483647  0  3061420  0  612537695  25704735965  124  269  549886  5301  391413  2713  114293  
1439258493  555313920  927735  22632541870  663596  99804  662674  569366  154  927678  6082  1497210461  5495  7090124  103540  476191  20424331404  57  205  1722482  55600  0  44028  205  2147483647  0  3061420  0  624959395  26275476404  124  269  549886  5301  400143  2713  114293  
1439258503  563278934  945030  23065473902  663596  99804  662674  576741  154  944973  6082  1521022326  5495  7090124  103540  476191  20812924812  57  205  1747009  55600  0  44690  205  2147483647  0  3061420  0  637029685  26918594645  124  269  549886  5301  409226  2713  114293  
1439258513  570582036  961342  23416410305  663596  99804  662674  584609  154  961285  6082  1544330833  5495  7090124  103540  476191  21127320829  57  205  1773159  55600  0  45343  205  2147483647  0  3061420  0  649616040  27480982200  124  269  549886  5301  418262  2713  114293  
1439258523  578783234  977983  23773838422  663596  99804  662674  592829  154  977926  6082  1567597303  5495  7090124  103540  476191  21447720635  57  205  1799221  55600  0  45999  205  2147483647  0  3061420  0  660827416  28059079339  124  269  549886  5301  427223  2713  114293  
1439258533  586694285  994553  24119180969  663596  99804  662674  601525  154  994496  6082  1589326600  5495  7090124  103540  476191  21757218626  57  205  1825198  55600  0  46636  205  2147483647  0  3061420  0  672994388  28531719255  124  269  549886  5301  435665  2713  114293  
1439258543  593480992  1009846  24472439663  663596  99804  662674  608368  154  1009789  6082  1611406268  5495  7090124  103540  476191  22073797565  57  205  1849174  55600  0  47282  205  2147483647  0  3061420  0  684252184  29020868529  124  269  549886  5301  443365  2713  114293  
1439258553  601296346  1026031  24864613664  663596  99804  662674  616306  154  1025974  6082  1634396711  5495  7090124  103540  476191  22425423684  57  205  1874377  55600  0  47937  205  2147483647  0  3061420  0  696281122  29576837359  124  269  549886  5301  452038  2713  114293  
1439258563  609371039  1047145  25356529993  663596  99804  662674  624123  154  1047088  6082  1660770216  5495  7090124  103540  476191  22866657627  57  205  1903309  55600  0  48676  205  2147483647  0  3061420  0  710036346  30223038310  124  269  549886  5301  462548  2713  114293  
1439258573  617138567  1064607  25774796171  663596  99804  662674  631668  154  1064550  6082  1684847280  5495  7090124  103540  476191  23242943696  57  205  1930458  55600  0  49381  205  2147483647  0  3061420  0  722082645  30844029356  125  269  549886  5301  471949  2713  114916  
1439258583  624968502  1082179  26167423837  663596  99804  662674  640222  154  1082122  6082  1708307647  5495  7090124  103540  476191  23595635414  57  205  1956629  55600  0  50038  205  2147483647  0  3061420  0  733664362  31452712828  125  269  549886  5301  481079  2713  114916  
1439258593  632666431  1096204  26658898185  663596  99804  662674  647908  154  1096147  6082  1730336979  5495  7090124  103540  476191  24050905943  57  205  1980475  55600  0  50587  205  2147483647  0  3061420  0  744617820  32022502447  126  269  549886  5301  489030  2713  116931  
1439258603  640499387  1114478  27073435599  663596  99804  662674  655784  154  1114422  6082  1755299327  5495  7090124  103540  476191  24422987345  57  205  2008089  55600  0  51254  205  2147483647  0  3061420  0  756807402  32698954627  126  269  549886  5301  500182  2713  116931  
1439258613  649316753  1130328  27449543245  663596  99804  662674  664289  154  1130272  6082  1778971678  5495  7090124  103540  476191  24760095571  57  205  2033002  55600  0  51889  205  2147483647  0  3061420  0  767141038  33218908351  126  269  549886  5301  507964  2713  116931  
1439258623  656884872  1150087  27906566001  663596  99804  662674  672488  154  1150031  6082  1803631523  5495  7090124  103540  476191  25169939661  57  205  2060386  55600  0  52605  205  2147483647  0  3061420  0  779448279  33817211920  126  269  549886  5301  516973  2713  116931  
1439258633  665726873  1165178  28265062557  663596  99804  662674  681117  154  1165122  6082  1830099490  5495  7090124  103540  476191  25491524150  57  205  2088234  55600  0  53293  205  2147483647  0  3061420  0  791556264  34373325020  126  269  549886  5301  525324  2713  116931  
1439258643  672845871  1181153  28623500878  663596  99804  662674  688292  154  1181097  6082  1851409320  5495  7090124  103540  476191  25812648539  57  205  2111753  55600  0  53927  205  2147483647  0  3061420  0  806124811  34864615062  126  269  549886  5301  533566  2713  116931  
1439258653  679066537  1197733  29000646386  663596  99804  662674  694466  154  1197677  6082  1874742362  5495  7090124  103540  476191  26150849563  57  205  2136024  55600  0  54548  205  2147483647  0  3061420  0  818710502  35492689307  126  269  549886  5301  543264  2713  116931  
1439258663  688575176  1216946  29478302222  663596  99804  662674  703583  154  1216891  6082  1904229347  5495  7090124  103540  476191  26579386605  57  205  2167674  55600  0  55326  205  2147483647  0  3061420  0  835837394  36247517147  126  269  549886  5301  555081  2713  116931  
1439258673  694619500  1233233  29832902512  663596  99804  662674  709976  154  1233178  6082  1926762887  5495  7090124  103540  476191  26897101919  57  205  2192140  55600  0  56011  205  2147483647  0  3061420  0  847859154  36829938726  126  269  549886  5301  563631  2713  116931  
1439258683  703359964  1249564  30201010365  663596  99804  662674  718344  154  1249510  6082  1951654546  5495  7090124  103540  476191  27226768976  57  205  2219040  55600  0  56712  205  2147483647  0  3061420  0  861278547  37477890299  126  269  549886  5301  573302  2713  116931  
1439258693  710840686  1267719  30593421575  663596  99804  662674  726084  154  1267665  6082  1973311529  5495  7090124  103540  476191  27578609137  57  205  2244037  55600  0  57354  205  2147483647  0  3061420  0  874464841  38055499386  126  269  549886  5301  582152  2713  116931  
1439258703  718615180  1282188  30939112800  663596  99804  662674  733369  154  1282134  6082  1998709907  5495  7090124  103540  476191  27888831468  57  205  2270557  55600  0  58005  205  2147483647  0  3061420  0  885878972  38696243664  126  269  549886  5301  591321  2713  116931  
1439258713  726923120  1301918  31365322216  663596  99804  662674  742217  154  1301864  6082  2020525929  5495  7090124  103540  476191  28271213978  57  205  2298231  55600  0  58700  205  2147483647  0  3061420  0  898260769  39186264561  126  269  549886  5301  599828  2713  116931  
1439258723  735281350  1318327  31766419565  663596  99804  662674  750194  154  1318273  6082  2046012446  5495  7090124  103540  476191  28631102329  57  205  2325001  55600  0  59372  205  2147483647  0  3061420  0  910715856  39814376042  126  269  549886  5301  609111  2713  116931  
1439258733  742839999  1335799  32172380746  663596  99804  662674  757715  154  1335745  6082  2071076414  5495  7090124  103540  476191  28995142044  57  205  2352366  55600  0  60072  205  2147483647  0  3061420  0  925217101  40327230380  126  269  549886  5301  617157  2713  116931  
1439258743  750797258  1353212  32593482743  663596  99804  662674  765683  154  1353158  6082  2091544790  5495  7090124  103540  476191  29372639497  57  205  2375129  55600  0  60680  205  2147483647  0  3061420  0  936767783  40892426858  126  269  549886  5301  625662  2713  116931  
1439258753  761347095  1370729  32995257294  663596  99804  662674  776735  154  1370675  6082  2120779796  5495  7090124  103540  476191  29732728889  57  205  2406645  55600  0  61393  205  2147483647  0  3061420  0  949410097  41468300640  126  269  549886  5301  634578  2713  116931  
1439258763  770333908  1386290  33367007814  663596  99804  662674  785094  154  1386236  6082  2143978305  5495  7090124  103540  476191  30066012560  57  205  2431636  55600  0  62057  205  2147483647  0  3061420  0  961181928  42044503245  126  269  549886  5301  642879  2713  116931  
1439258773  776395777  1399926  33676761907  663596  99804  662674  791255  154  1399872  6082  2166154436  5495  7090124  103540  476191  30343096749  57  205  2456189  55600  0  62628  205  2147483647  0  3061420  0  973526645  42524526289  126  269  549886  5301  650320  2713  116931  
1439258783  784618452  1415543  34034451510  663596  99804  662674  799769  154  1415489  6082  2186715799  5495  7090124  103540  476191  30663668475  57  205  2480358  55600  0  63338  205  2147483647  0  3061420  0  987223706  43001225581  126  269  549886  5301  657949  2713  116931  
1439258793  792303939  1433757  34469949890  663596  99804  662674  807181  154  1433703  6082  2209137993  5495  7090124  103540  476191  31054291972  57  205  2503491  55600  0  63930  205  2147483647  0  3061420  0  1000224877  43498239139  126  269  549886  5301  665370  2713  116931  
1439258803  800720582  1449750  34862974568  663596  99804  662674  815375  154  1449696  6082  2236068744  5495  7090124  103540  476191  31407173162  57  205  2533182  55600  0  64625  205  2147483647  0  3061420  0  1013328610  44101649638  126  269  549886  5301  675347  2713  116931  
1439258814  811706326  1470781  35353327545  663596  99804  662674  826001  154  1470727  6082  2264388075  5495  7090124  103540  476191  31847079682  57  205  2563877  55600  0  65413  205  2147483647  0  3061420  0  1029987278  44631653836  126  269  549886  5301  684293  2713  116931  
1439258824  817046942  1484025  35660148733  663596  99804  662674  831678  154  1483971  6082  2282632869  5495  7090124  505231  476191  32122116230  57  205  2585539  55600  0  65978  205  2147483647  0  3061420  0  1037202873  45085390615  126  269  549886  5301  691333  2713  116931  
1439258834  825747788  1503842  36132544394  663596  99804  662674  840245  154  1503788  6082  2308278951  5495  7090124  505231  476191  32545826560  57  205  2613888  55600  0  66734  205  2147483647  0  3061420  0  1054349950  45674636632  126  269  549886  5301  701247  2713  116931  
1439258844  832430148  1522526  36701328894  663596  99804  662674  847493  154  1522469  6082  2329028013  5495  7599834  505231  476191  33077294482  62  205  2636683  55600  0  67398  205  2147483647  0  3061420  0  1065248941  46069678424  139  269  549886  5301  707632  2713  122450  
1439258854  840878987  1539327  37095645877  663596  99804  662674  855698  154  1539270  6082  2354897073  5495  7599834  505231  476191  33431373796  62  205  2664656  55600  0  68029  205  2147483647  0  3061420  0  1078578528  46594628295  139  269  549886  5301  716057  2713  122450  
1439258864  848258481  1550568  37357168166  663596  99804  662674  862988  154  1550511  6082  2378083098  5495  7599834  505231  476191  33665410396  62  205  2689014  55600  0  68597  205  2147483647  0  3061420  0  1088513163  47034655109  139  269  549886  5301  723199  2713  122450  
1439258874  855723621  1565578  37721368637  663596  99804  662674  870050  154  1565522  6082  2401864961  5495  7599834  505231  476191  33991124449  62  205  2713368  55600  0  69168  205  2147483647  0  3061420  0  1101791748  47502730064  142  269  549886  5301  730081  2713  133797  
1439258884  861668854  1575747  37975593281  663596  99804  662674  875790  154  1575691  6082  2420665430  5495  7599834  505231  476191  34219265182  62  205  2731902  55600  0  69588  205  2147483647  0  3061420  0  1109134295  48078695768  149  269  549886  5301  738203  2713  158094  
1439258894  865896905  1583633  38234127797  663596  99804  662674  879903  154  1583565  6082  2435385014  5495  8745627  505231  476191  34458287925  74  205  2747194  55600  0  69912  205  2147483647  0  3061420  0  1114127552  48354791393  168  269  549886  5301  742106  2713  165055  
1439258904  871717390  1591929  38404976677  663596  99804  662674  885803  154  1591861  6082  2458183971  5495  8745627  505231  476191  34611444074  74  205  2774347  55600  0  70212  205  2147483647  0  3061420  0  1121183215  48594313294  168  269  549886  5301  746022  2713  165055  
1439258914  875690563  1599340  38588450369  663596  99804  662674  889409  154  1599272  6082  2488169202  5495  8745627  505231  476191  34775715511  74  205  2810085  55600  0  70474  205  2147483647  0  3061420  0  1124793992  48841964803  172  269  549886  5301  749665  2713  180617  
1439258924  876717145  1602371  38697292040  663596  99804  662674  890388  154  1602302  6082  2517278262  5495  8865910  515219  476191  34878107872  75  205  2868793  55600  0  70839  205  2147483647  0  3061420  0  1127582927  49111843423  187  269  549886  5301  753993  2713  204574  
1439258934  893574854  1604021  38745653196  663596  99804  662674  906375  154  1603952  6082  2552197954  5495  8865910  515219  476191  34921082669  75  205  2905764  55600  0  71388  205  2147483647  0  3061420  0  1130593372  49115579216  187  269  549886  5301  754037  2713  204574  
1439258944  907240422  1607858  38869480116  663596  99804  662674  919655  154  1607788  6082  2577489047  5495  9101510  515219  476191  35034188844  76  205  2933150  55600  0  71933  205  2147483647  0  3061420  0  1132060915  49118434684  187  269  549886  5301  754060  2713  204574  
1439258954  918183428  1622897  39243784430  663596  99804  662674  929956  154  1622827  6082  2592097004  5495  9101510  515219  476191  35370543415  76  205  2949310  55600  0  72294  205  2147483647  0  3061420  0  1136107492  49266344202  187  269  549886  5301  756241  2713  204574  
1439258964  927538323  1637945  39613098616  663596  99804  662674  938985  154  1637875  6082  2608266656  5486  9101510  515219  476191  35702611371  76  205  2966602  55600  0  72700  205  2147483647  0  3061420  0  1142640473  49497197314  187  269  549886  5301  759463  2713  204574  
1439258974  936917653  1650170  39943111876  663596  99804  662674  947279  154  1650100  6082  2624468735  5486  9101510  515219  476191  35998760119  76  205  2982340  55600  0  73033  205  2147483647  0  3061420  0  1147876877  49754964237  187  269  549886  5301  762923  2713  204574  
1439258984  946269347  1666059  40342517446  663596  99804  662674  955670  154  1665989  6082  2644044937  5486  9101510  515219  476191  36357003217  76  205  3002875  55600  0  73500  205  2147483647  0  3061420  0  1155097598  50147291981  187  269  549886  5301  768166  2713  204574  
1439258994  953925216  1679725  40689347892  663596  99804  662674  962710  154  1679655  6082  2660970304  5486  9101510  515219  476191  36668088876  76  205  3019936  55600  0  73939  205  2147483647  0  3061420  0  1163422408  50467577343  187  269  549886  5301  772833  2713  204574  
1439259004  960855786  1694029  41036608297  663596  99804  662674  969392  154  1693959  6082  2678827418  5486  9101510  515219  476191  36979441620  76  205  3038959  55600  0  74412  205  2147483647  0  3061420  0  1173851858  50867757583  187  269  549886  5301  778631  2713  204574  
1439259014  969023782  1709670  41416587883  663596  99804  662674  977364  154  1709600  6082  2700312721  5486  9101510  515219  476191  37320081563  76  205  3061725  55600  0  74940  205  2147483647  0  3061420  0  1181592408  51405610973  187  269  549886  5301  786261  2713  204574  
1439259024  974796121  1720544  41716765673  663596  99804  662674  982498  154  1720474  6082  2714513298  5486  9101510  515219  476191  37592029517  76  205  3075628  55600  0  75309  205  2147483647  0  3061420  0  1187037534  51763455577  187  269  549886  5301  791079  2713  204574  
1439259034  979946675  1729920  41963796507  663596  99804  662674  987030  154  1729850  6082  2729180690  5486  9101510  515219  476191  37813466777  76  205  3090061  55600  0  75642  205  2147483647  0  3061420  0  1194102888  52168953298  187  269  549886  5301  796283  2713  204574  
1439259044  985632019  1742669  42267507489  663596  99804  662674  992167  154  1742599  6082  2746692716  5486  9101510  515219  476191  38085515302  76  205  3108726  55600  0  76142  205  2147483647  0  3061420  0  1204082085  52664970188  187  269  549886  5301  803254  2713  204574  
1439259054  991113237  1753244  42545703960  663596  99804  662674  997067  154  1753174  6082  2764491487  5486  9101510  515219  476191  38334676883  76  205  3125593  55600  0  76538  205  2147483647  0  3061420  0  1212283873  53110900323  187  269  549886  5301  809226  2713  204574  
1439259064  997771549  1766016  42865594234  663596  99804  662674  1003070  154  1765946  6082  2783962615  5486  9101510  515219  476191  38621251433  76  205  3145458  55600  0  77012  205  2147483647  0  3061420  0  1221763992  53586749609  187  269  549886  5301  816123  2713  204574  
1439259074  1003258821  1776240  43148036442  663596  99804  662674  1007655  154  1776170  6082  2800212639  5486  9101510  515219  476191  38874524230  76  205  3161755  55600  0  77401  205  2147483647  0  3061420  0  1227959085  53982027809  187  269  549886  5301  821233  2713  204574  
1439259084  1009492113  1786296  43401001919  663596  99804  662674  1012873  154  1786226  6082  2817338248  5486  9101510  515219  476191  39101017984  76  205  3178729  55600  0  77791  205  2147483647  0  3061420  0  1235039962  54389686449  187  269  549886  5301  826953  2713  204574  
1439259094  1015831758  1795029  43633321275  663596  99804  662674  1018415  154  1794959  6082  2832059258  5486  9101510  515219  476191  39309118211  76  205  3192858  55600  0  78097  205  2147483647  0  3061420  0  1241575197  54737098436  187  269  549886  5301  831586  2713  204574  
1439259104  1023128971  1806697  43931464979  663596  99804  662674  1024725  154  1806627  6082  2847184990  5486  9101510  515219  476191  39576218761  76  205  3208324  55600  0  78489  205  2147483647  0  3061420  0  1249297090  55094837330  187  269  549886  5301  836526  2713  204574  
1439259114  1029976789  1820377  44412006854  663596  99804  662674  1030674  154  1820307  6082  2864252079  5486  9101510  515219  476191  40019391531  76  205  3224976  55600  0  78904  205  2147483647  0  3061420  0  1257668572  55617079443  189  269  549886  5301  843282  2713  207255  
1439259124  1035570681  1832446  44718904534  663596  99804  662674  1035617  154  1832376  6082  2881607096  5486  9101510  515219  476191  40294406305  76  205  3241914  55600  0  79321  205  2147483647  0  3061420  0  1265687595  56037346754  189  269  549886  5301  849404  2713  207255  
1439259134  1041743345  1842901  44988908049  663596  99804  662674  1040908  154  1842831  6082  2898072869  5486  9101510  515219  476191  40536831963  76  205  3257764  55600  0  79744  205  2147483647  0  3061420  0  1274019378  56409105260  189  269  549886  5301  854356  2713  207255  
1439259144  1048320278  1852064  45237805465  663596  99804  662674  1046444  154  1851994  6082  2911323195  5486  9101510  515219  476191  40759810973  76  205  3270726  55600  0  80066  205  2147483647  0  3061420  0  1281720577  56687492751  189  269  549886  5301  858092  2713  207255  
1439259154  1052829729  1862405  45504059000  663596  99804  662674  1050625  154  1862335  6082  2929282881  5486  9101510  515219  476191  40998393718  76  205  3288532  55600  0  80538  205  2147483647  0  3061420  0  1289557159  57122732979  189  269  549886  5301  863930  2713  207255  
1439259164  1056358765  1870333  45694012789  663596  99804  662674  1053781  154  1870263  6082  2941855715  5486  9101510  515219  476191  41168605319  76  205  3301103  55600  0  80858  205  2147483647  0  3061420  0  1294399808  57438074482  189  269  549886  5301  868163  2713  207255  
1439259174  1061783511  1880966  45944939493  663596  99804  662674  1058776  154  1880896  6082  2957551157  5486  9101510  515219  476191  41393523796  76  205  3316867  55600  0  81210  205  2147483647  0  3061420  0  1300800056  57863295270  189  269  549886  5301  874695  2713  207255  
1439259184  1066405418  1890835  46207320991  663596  99804  662674  1062845  154  1890765  6082  2973455712  5486  9101510  515219  476191  41628598157  76  205  3331845  55600  0  81595  205  2147483647  0  3061420  0  1309122663  58264473413  189  269  549886  5301  879768  2713  207255  
1439259194  1070464439  1900920  46465919977  663596  99804  662674  1066483  154  1900850  6082  2990219677  5486  9101510  515219  476191  41860175850  76  205  3348738  55600  0  81992  205  2147483647  0  3061420  0  1316442566  58703040513  189  269  549886  5301  885663  2713  207255  
1439259204  1076120208  1910295  46712836825  663596  99804  662674  1071347  154  1910225  6082  3004619387  5486  9101510  515219  476191  42081353689  76  205  3362631  55600  0  82324  205  2147483647  0  3061420  0  1322759443  59130587312  189  269  549886  5301  891262  2713  207255  
1439259214  1081237976  1919142  46924268573  663596  99804  662674  1075945  154  1919072  6082  3020733445  5486  9101510  515219  476191  42270775354  76  205  3380311  55600  0  82747  205  2147483647  0  3061420  0  1329629973  59475391646  189  269  549886  5301  896115  2713  207255  
1439259224  1085761737  1929026  47174163919  663596  99804  662674  1079821  154  1928956  6082  3036094339  5486  9101510  515219  476191  42494689519  76  205  3395860  55600  0  83103  205  2147483647  0  3061420  0  1337110157  59891665249  189  269  549886  5301  901736  2713  207255  
1439259234  1090665316  1939306  47442380248  663596  99804  662674  1083932  154  1939236  6082  3051145256  5486  9101510  515219  476191  42734973246  76  205  3410323  55600  0  83444  205  2147483647  0  3061420  0  1346007809  60400858356  189  269  549886  5301  908409  2713  207255  
1439259244  1096100533  1948883  47697984930  663596  99804  662674  1088730  154  1948813  6082  3064886858  5486  9101510  515219  476191  42964094348  76  205  3423473  55600  0  83737  205  2147483647  0  3061420  0  1352259483  60724655896  189  269  549886  5301  912672  2713  207255  
1439259254  1102338738  1957848  47943857221  663596  99804  662674  1093846  154  1957778  6082  3080884595  5486  9101510  515219  476191  43184381213  76  205  3438952  55600  0  84064  205  2147483647  0  3061420  0  1358724220  61126529053  189  269  549886  5301  917781  2713  207255  
1439259264  1107744688  1969464  48228521969  663596  99804  662674  1098608  154  1969394  6082  3094545656  5486  9101510  515219  476191  43439716900  76  205  3453245  55600  0  84413  205  2147483647  0  3061420  0  1367927350  61496642502  189  269  549886  5301  923086  2713  207255  
1439259274  1113251827  1978152  48442667152  663596  99804  662674  1103548  154  1978082  6082  3109456579  5486  9101510  515219  476191  43631802288  76  205  3468050  55600  0  84760  205  2147483647  0  3061420  0  1373628073  61837431833  189  269  549886  5301  927710  2713  207255  
1439259284  1118018270  1989175  48733039039  663596  99804  662674  1107836  154  1989105  6082  3124761334  5486  9101510  515219  476191  43891942891  76  205  3483216  55600  0  85139  205  2147483647  0  3061420  0  1379716332  62301327362  189  269  549886  5301  933702  2713  207255  
1439259294  1123433490  1999358  48972766866  663596  99804  662674  1112840  154  1999288  6082  3138962548  5486  9101510  515219  476191  44106878232  76  205  3499374  55600  0  85527  205  2147483647  0  3061420  0  1387965268  62646277971  189  269  549886  5301  939108  2713  207255  
1439259304  1128205804  2008764  49190133748  663596  99804  662674  1117043  154  2008694  6082  3152740611  5486  9101510  515219  476191  44301610189  76  205  3513634  55600  0  85870  205  2147483647  0  3061420  0  1394628736  63051904465  189  269  549886  5301  944821  2713  207255  
1439259314  1134659396  2018782  49444933452  663596  99804  662674  1122692  154  2018712  6082  3166752438  5486  9101510  515219  476191  44530010907  76  205  3527546  55600  0  86202  205  2147483647  0  3061420  0  1402481127  63407479902  189  269  549886  5301  949615  2713  207255  
1439259324  1139430845  2028505  49703797632  663596  99804  662674  1126912  154  2028435  6082  3181201585  5486  9101510  515219  476191  44762214685  76  205  3542079  55600  0  86576  205  2147483647  0  3061420  0  1410718193  63756039236  189  269  549886  5301  954387  2713  207255  
1439259335  1146392773  2039601  49995391124  663596  99804  662674  1133006  154  2039531  6082  3196918617  5486  9101510  515219  476191  45023554966  76  205  3557221  55600  0  86968  205  2147483647  0  3061420  0  1419324540  64209753552  189  269  549886  5301  960653  2713  207255  
1439259345  1151231339  2048505  50215585947  663596  99804  662674  1137429  154  2048435  6082  3208814742  5486  9101510  515219  476191  45220856958  76  205  3568985  55600  0  87262  205  2147483647  0  3061420  0  1425549534  64585416320  189  269  549886  5301  965864  2713  207255  
1439259355  1156325651  2057481  50443322296  663596  99804  662674  1141644  154  2057411  6082  3220153068  5486  9101510  515219  476191  45425009476  76  205  3579767  55600  0  87528  205  2147483647  0  3061420  0  1430649384  64895181633  189  269  549886  5301  969699  2713  207255  
1439259365  1161164243  2065919  50658784800  663596  99804  662674  1145673  154  2065849  6082  3232510559  5486  9101510  515219  476191  45618284434  76  205  3592628  55600  0  87833  205  2147483647  0  3061420  0  1435964960  65246254424  189  269  549886  5301  974220  2713  207255  
1439259375  1165454660  2076089  50913170115  663596  99804  662674  1149515  154  2076019  6082  3245724975  5486  9101510  515219  476191  45846304644  76  205  3605903  55600  0  88164  205  2147483647  0  3061420  0  1442496716  65714101280  189  269  549886  5301  980467  2713  207255  
1439259385  1169431446  2086316  51160754502  663596  99804  662674  1153002  154  2086246  6082  3257637040  5486  9101510  515219  476191  46068477002  76  205  3617648  55600  0  88489  205  2147483647  0  3061420  0  1449588483  66047595566  189  269  549886  5301  985281  2713  207255  
1439259395  1174779473  2094210  51361773480  663596  99804  662674  1157536  154  2094140  6082  3270676551  5486  9101510  515219  476191  46248700116  76  205  3630915  55600  0  88759  205  2147483647  0  3061420  0  1455486963  66422014914  189  269  549886  5301  990270  2713  207255  
1439259405  1179127396  2101674  51553226832  663596  99804  662674  1161181  154  2101604  6082  3284621518  5486  9101510  515219  476191  46420285165  76  205  3644471  55600  0  89081  205  2147483647  0  3061420  0  1460747415  66799445570  189  269  549886  5301  995010  2713  207255  
1439259415  1183462124  2110828  51786179036  663596  99804  662674  1165078  154  2110758  6082  3294528276  5486  9101510  515219  476191  46629098596  76  205  3654810  55600  0  89403  205  2147483647  0  3061420  0  1466851202  67073545709  189  269  549886  5301  998976  2713  207255  
1439259425  1188145598  2120233  52032366033  663596  99804  662674  1168990  154  2120163  6082  3308828500  5486  9101510  515219  476191  46849832877  76  205  3668624  55600  0  89739  205  2147483647  0  3061420  0  1472841113  67485528637  189  269  549886  5301  1004328  2713  207255  
1439259435  1192832299  2127483  52215369422  663596  99804  662674  1173480  154  2127413  6082  3321286878  5486  9101510  515219  476191  47014014271  76  205  3681780  55600  0  90065  205  2147483647  0  3061420  0  1479570101  67795565275  189  269  549886  5301  1008770  2713  207255  
1439259445  1198694781  2140018  52552214396  663596  99804  662674  1178497  154  2139948  6082  3336081288  5486  9101510  515219  476191  47316688810  76  205  3696575  55600  0  90454  205  2147483647  0  3061420  0  1487511294  68273661887  189  269  549886  5301  1015524  2713  207255  
1439259455  1202513386  2148786  52771585900  663596  99804  662674  1181878  154  2148716  6082  3347321256  5486  9101510  515219  476191  47513307505  76  205  3707497  55600  0  90743  205  2147483647  0  3061420  0  1492217732  68586225369  189  269  549886  5301  1019862  2713  207255  
1439259465  1207070705  2158210  53004298455  663596  99804  662674  1185716  154  2158140  6082  3359189007  5486  9101510  515219  476191  47721951073  76  205  3719267  55600  0  91034  205  2147483647  0  3061420  0  1499906744  68879898988  189  269  549886  5301  1023962  2713  207255  
1439259475  1210997089  2166118  53211608327  663596  99804  662674  1189056  154  2166048  6082  3373877992  5486  9101510  515219  476191  47907835503  76  205  3734015  55600  0  91391  205  2147483647  0  3061420  0  1505913743  69314968692  189  269  549886  5301  1029827  2713  207255  
1439259485  1215553145  2174519  53431397017  663596  99804  662674  1192803  154  2174449  6082  3387998013  5486  9101510  515219  476191  48104819294  76  205  3747251  55600  0  91703  205  2147483647  0  3061420  0  1513742579  69657455411  189  269  549886  5301  1034128  2713  207255  
1439259495  1219771623  2182464  53648314527  663596  99804  662674  1196276  154  2182394  6082  3400181221  5486  9101510  515219  476191  48299415442  76  205  3758372  55600  0  91960  205  2147483647  0  3061420  0  1521022251  69956406971  189  269  549886  5301  1037816  2713  207255  
1439259505  1224268074  2187743  53782395220  663596  99804  662674  1199975  154  2187673  6082  3410459776  5486  9101510  515219  476191  48419630609  76  205  3769016  55600  0  92188  205  2147483647  0  3061420  0  1526801500  70160293056  189  269  549886  5301  1040405  2713  207255  
1439259515  1228531210  2196164  54012304794  663596  99804  662674  1203492  154  2196094  6082  3422071168  5486  9101510  515219  476191  48625734029  76  205  3780040  55600  0  92444  205  2147483647  0  3061420  0  1532371380  70461310036  189  269  549886  5301  1044460  2713  207255  
1439259525  1233414150  2203428  54206802396  663596  99804  662674  1207406  154  2203358  6082  3434367999  5486  9101510  515219  476191  48799970309  76  205  3791523  55600  0  92728  205  2147483647  0  3061420  0  1539577264  70728826423  189  269  549886  5301  1047783  2713  207255  
1439259535  1237355812  2210186  54373952391  663596  99804  662674  1210817  154  2210116  6082  3447373649  5486  9101510  515219  476191  48949771084  76  205  3804847  55600  0  92994  205  2147483647  0  3061420  0  1544471442  71010765114  189  269  549886  5301  1051501  2713  207255  
1439259545  1243763067  2218740  54589198195  663596  99804  662674  1216127  154  2218670  6082  3460593670  5486  9101510  515219  476191  49142565342  76  205  3818865  55600  0  93330  205  2147483647  0  3061420  0  1551036451  71361137987  189  269  549886  5301  1056219  2713  207255  
1439259555  1248160193  2226811  54788946266  663596  99804  662674  1219831  154  2226741  6082  3472517964  5486  9101510  515219  476191  49321569375  76  205  3831538  55600  0  93618  205  2147483647  0  3061420  0  1556332679  71702707918  189  269  549886  5301  1060714  2713  207255  
1439259565  1253673341  2236535  55059815703  663596  99804  662674  1224263  154  2236465  6082  3485834881  5486  9101510  515219  476191  49564764635  76  205  3844022  55600  0  93926  205  2147483647  0  3061420  0  1563742773  72065415849  189  269  549886  5301  1065376  2713  207255  
1439259575  1259026985  2244238  55261572765  663596  99804  662674  1228926  154  2244168  6082  3496801108  5486  9101510  515219  476191  49745749442  76  205  3854980  55600  0  94183  205  2147483647  0  3061420  0  1569513608  72321485761  189  269  549886  5301  1069059  2713  207255  
1439259585  1263919695  2253122  55497202883  663596  99804  662674  1232880  154  2253052  6082  3510305051  5486  9101510  515219  476191  49957026197  76  205  3867576  55600  0  94476  205  2147483647  0  3061420  0  1575840546  72693402358  189  269  549886  5301  1074202  2713  207255  
1439259595  1266947350  2260459  55674352068  663596  99804  662674  1235435  154  2260389  6082  3518710097  5486  9101510  515219  476191  50115960675  76  205  3875709  55600  0  94691  205  2147483647  0  3061420  0  1580628572  72920647978  189  269  549886  5301  1077181  2713  207255  
1439259605  1271464101  2268483  55869672284  663596  99804  662674  1239323  154  2268413  6082  3529796853  5486  9101510  515219  476191  50291262377  76  205  3886816  55600  0  94961  205  2147483647  0  3061420  0  1586597048  73176297650  189  269  549886  5301  1080873  2713  207255  
1439259615  1275550950  2274443  56016674992  663596  99804  662674  1242650  154  2274373  6082  3541599024  5486  9101510  515219  476191  50422587989  76  205  3898785  55600  0  95230  205  2147483647  0  3061420  0  1591851220  73394184370  189  269  549886  5301  1083919  2713  207255  
1439259625  1281100539  2283640  56240940659  663596  99804  662674  1247397  154  2283570  6082  3554982553  5486  9101510  515219  476191  50623643877  76  205  3912898  55600  0  95564  205  2147483647  0  3061420  0  1597937442  73757629503  189  269  549886  5301  1089099  2713  207255  
1439259635  1287194890  2291704  56459628892  663596  99804  662674  1252474  154  2291634  6082  3569097192  5486  9101510  515219  476191  50819686125  76  205  3925892  55600  0  95854  205  2147483647  0  3061420  0  1605962917  74022249870  189  269  549886  5301  1092503  2713  207255  
1439259645  1290302682  2298967  56645604645  663596  99804  662674  1255142  154  2298897  6082  3578944317  5486  9101510  515219  476191  50986330808  76  205  3935470  55600  0  96075  205  2147483647  0  3061420  0  1610649316  74206818900  189  269  549886  5301  1095505  2713  207255  
1439259655  1294747195  2305149  56808622365  663596  99804  662674  1258851  154  2305079  6082  3591029928  5486  9101510  515219  476191  51132369806  76  205  3947146  55600  0  96342  205  2147483647  0  3061420  0  1615932013  74411246346  189  269  549886  5301  1098318  2713  207255  
1439259665  1299448637  2311795  56986381108  663596  99804  662674  1262661  154  2311725  6082  3601392350  5486  9101510  515219  476191  51291673562  76  205  3957606  55600  0  96587  205  2147483647  0  3061420  0  1620866975  74688989051  189  269  549886  5301  1101908  2713  207255  
1439259675  1303971276  2319095  57168895926  663596  99804  662674  1266283  154  2319025  6082  3612228632  5486  9101510  515219  476191  51455165902  76  205  3968339  55600  0  96830  205  2147483647  0  3061420  0  1626179504  74936604523  189  269  549886  5301  1105216  2713  207255  
1439259685  1307771038  2327821  57394712530  663596  99804  662674  1269585  154  2327751  6082  3625209091  5486  9101510  515219  476191  51657731597  76  205  3981431  55600  0  97164  205  2147483647  0  3061420  0  1631982311  75329973251  189  269  549886  5301  1110624  2713  207255  
1439259695  1313060348  2334925  57593180256  663596  99804  662674  1274265  154  2334855  6082  3638843595  5486  9101510  515219  476191  51835584620  76  205  3994088  55600  0  97407  205  2147483647  0  3061420  0  1638239837  75575614170  189  269  549886  5301  1113716  2713  207255  
1439259705  1316499069  2340775  57742320573  663596  99804  662674  1276956  154  2340705  6082  3647494552  5486  9101510  515219  476191  51969544486  76  205  4002516  55600  0  97609  205  2147483647  0  3061420  0  1644156409  75840250691  189  269  549886  5301  1117043  2713  207255  
1439259715  1320178876  2349808  57962951808  663596  99804  662674  1280130  154  2349738  6082  3660578300  5486  9101510  515219  476191  52167395823  76  205  4015230  55600  0  97914  205  2147483647  0  3061420  0  1648926580  76229398841  189  269  549886  5301  1122607  2713  207255  
1439259725  1325353164  2357269  58163924461  663596  99804  662674  1284484  154  2357199  6082  3672712780  5486  9101510  515219  476191  52347624458  76  205  4026340  55600  0  98191  205  2147483647  0  3061420  0  1653496541  76451638781  189  269  549886  5301  1125587  2713  207255  
1439259735  1328744490  2365066  58376249171  663596  99804  662674  1287401  154  2364996  6082  3684887114  5486  9101510  515219  476191  52538517202  76  205  4038160  55600  0  98437  205  2147483647  0  3061420  0  1660356046  76823755217  189  269  549886  5301  1130157  2713  207255  
1439259745  1333191261  2373461  58620738233  663596  99804  662674  1291243  154  2373391  6082  3699651303  5486  9101510  515219  476191  52760983190  76  205  4053225  55600  0  98825  205  2147483647  0  3061420  0  1667798047  77243323437  189  269  549886  5301  1135641  2713  207255  
1439259755  1335321942  2377882  58736251739  663596  99804  662674  1292945  154  2377812  6082  3707155478  5486  9101510  515219  476191  52864670488  76  205  4060490  55600  0  98999  205  2147483647  0  3061420  0  1671448418  77449074817  189  269  549886  5301  1138434  2713  207255  
1439259765  1339486445  2386832  58974147756  663596  99804  662674  1296317  154  2386762  6082  3720135935  5486  9101510  515219  476191  53079064908  76  205  4072837  55600  0  99281  205  2147483647  0  3061420  0  1677323610  77758990279  189  269  549886  5301  1142779  2713  207255  
1439259775  1343169870  2393777  59166520198  663596  99804  662674  1299324  154  2393707  6082  3731261456  5486  9101510  515219  476191  53251426664  76  205  4083451  55600  0  99506  205  2147483647  0  3061420  0  1682043218  78068814746  189  269  549886  5301  1146812  2713  207255  
1439259785  1347203881  2402171  59379359116  663596  99804  662674  1302886  154  2402101  6082  3743921112  5486  9101510  515219  476191  53442470285  76  205  4096065  55600  0  99820  205  2147483647  0  3061420  0  1687937055  78412635236  189  269  549886  5301  1151283  2713  207255  
1439259795  1352873818  2411156  59604297931  663596  99804  662674  1307739  154  2411086  6082  3759270897  5486  9101510  515219  476191  53644126531  76  205  4111149  55600  0  100183  205  2147483647  0  3061420  0  1695038870  78804724032  189  269  549886  5301  1156708  2713  207255  
1439259805  1355780017  2415611  59720658855  663596  99804  662674  1310102  154  2415541  6082  3767638907  5486  9101510  515219  476191  53748711181  76  205  4119226  55600  0  100360  205  2147483647  0  3061420  0  1698807695  79022757377  189  269  549886  5301  1159566  2713  207255  
1439259815  1359961427  2422933  59924050735  663596  99804  662674  1313562  154  2422863  6082  3778085706  5486  9101510  515219  476191  53931373808  76  205  4128603  55600  0  100594  205  2147483647  0  3061420  0  1706151458  79261291824  189  269  549886  5301  1162557  2713  207255  
1439259825  1363795102  2428841  60087605962  663596  99804  662674  1316834  154  2428771  6082  3788137727  5486  9101510  515219  476191  54078789948  76  205  4138417  55600  0  100818  205  2147483647  0  3061420  0  1711268659  79552179875  190  269  549886  5301  1166116  2713  211207  
