#type:T;
#time  gt  cn  Pt  Px  gx  cx  gn  gm  Pn  Pm  Ft  cm  pt  Fx  px  ct  pn  Fm  Fn  pm  dn  On  Om  dm  dx  Ox  dt  Ot  Gt  Cn  Cm  Gx  Cx  Gn  Gm  Ct  
1439434630  9929951  0  0  0  32061  0  17055  154  0  2147483647  89675  2147483647  0  30100  0  0  0  239  84  2147483647  0  184  239  2147483647  0  30851  0  208591  0  0  2147483647  0  0  0  2147483647  0  
1439434640  9939880  0  0  0  32061  0  17059  154  0  2147483647  89675  2147483647  0  30100  0  0  0  239  84  2147483647  0  184  239  2147483647  0  30851  0  208591  0  0  2147483647  0  0  0  2147483647  0  
1439434650  11026331  0  33897495  64717  32061  0  17903  154  6745  3063  159888  2147483647  0  30100  0  0  0  211  350  2147483647  0  14027  239  2147483647  0  49370  0  19591638  5366107  7429  502  37949  62331  684  1890  12728928  
1439434660  11261769  0  61773380  64717  32061  0  18065  154  10591  3063  653788  2147483647  0  30100  0  0  0  205  1398  2147483647  0  14608  239  2147483647  0  49370  0  20695929  8538624  11567  502  37949  62331  976  1884  20972583  
1439434670  11331736  0  67471468  64717  32061  0  18125  154  11050  3063  61408429  2147483647  0  37866  0  0  0  205  69615  2147483647  0  14641  239  2147483647  0  49370  0  20853915  9189049  12079  502  37949  62331  1029  1884  22224384  
1439434680  11349135  0  79700210  64717  32061  0  18143  154  11829  3063  135969608  2147483647  0  37866  0  0  0  205  149990  2147483647  0  14958  239  2147483647  0  70075  0  23299275  9189049  12858  502  37949  62331  1029  1884  25188014  
1439434690  11393944  0  91620286  64717  32061  0  18181  154  12584  3063  203621125  2147483647  0  47579  0  0  0  205  226273  2147483647  0  15840  205  2147483647  0  182140  0  25791141  9277147  13619  502  37949  62331  1035  1884  27279298  
1439434700  11436475  0  97862428  64717  32061  0  18207  154  13079  3063  262757327  2147483647  0  51724  0  0  0  205  295915  2147483647  0  16591  205  2147483647  0  182140  0  27248130  9681229  14152  502  37949  62331  1073  1884  28506750  
1439434710  11516313  0  98460766  65333  32061  0  18293  154  13110  3063  340626270  2147483647  0  51724  0  0  0  205  392577  2147483647  0  18102  205  2147483647  0  182140  0  29378849  11184400  14344  502  37949  62331  1234  1884  29204747  
1439434720  17483984  0  112729562  65333  32061  0  27058  154  14035  3063  387314568  2147483647  0  51724  0  0  0  205  487136  2147483647  0  19675  205  2147483647  0  182140  0  30446870  13039797  15476  299  37949  62331  1441  1884  31747963  
1439434730  38953765  0  152255190  65333  32061  0  50314  154  16520  3063  449087678  2147483647  0  51724  0  0  0  205  584677  2147483647  0  22485  205  2147483647  0  182140  0  34582974  13607091  18040  284  37949  62331  1520  1884  37495590  
1439434740  56794226  0  314492110  65333  32061  0  68764  154  25227  3063  493297675  2147483647  0  51724  0  0  0  205  634357  2147483647  0  23934  205  2147483647  0  197982  0  38960983  13623641  26749  284  37949  62331  1522  1884  57494677  
1439434750  76478144  0  637497913  68402  32061  0  88248  154  42167  3063  528995303  2147483647  0  51724  0  0  0  205  675234  2147483647  0  25053  205  2147483647  0  197982  0  41601435  13843481  43714  284  37949  62331  1547  1884  97641443  
1439434760  97925976  0  972220940  68402  32061  0  109333  154  61622  3063  567394360  2147483647  0  51724  0  0  0  205  714751  2147483647  0  26426  205  2147483647  0  197982  0  44633838  13999901  63180  284  37949  62331  1558  1884  143795981  
1439434770  113870410  0  1266334461  68402  32061  0  124436  154  78478  3063  599083285  2147483647  0  51724  0  0  0  205  751593  2147483647  0  28037  205  2147483647  0  199578  0  51074111  14272233  80056  284  37949  62331  1578  1884  183789352  
1439434780  130205468  0  1595552516  68402  32061  0  140275  154  97532  3063  631257966  2147483647  0  51724  0  0  0  205  787332  2147483647  0  29184  205  2147483647  0  218937  0  59464340  14300288  99111  284  37949  62331  1579  1884  228941943  
1439434790  146773714  0  1941948871  106299  32061  0  156248  154  116885  3063  664248934  2147483647  0  51724  0  0  0  205  822372  2147483647  0  30533  205  2147483647  0  296251  0  77909947  14604766  118499  284  37949  62331  1615  1884  275671792  
1439434800  161898652  0  2202055923  106299  32061  0  170061  154  131096  3063  692884414  2147483647  0  51724  0  0  0  205  851524  2147483647  0  31452  205  2147483647  0  396025  0  94380751  22802160  133894  284  37949  62331  2799  1884  312203867  
1439434810  180490215  0  2556470377  106299  32061  0  187575  154  151511  3063  727656738  2147483647  0  100362  0  0  0  205  888589  2147483647  0  32976  205  2147483647  0  396025  0  112587627  29008159  155408  284  37949  62331  3898  1439  361813529  
1439434820  194425286  0  2813853345  106299  32061  0  201935  154  168665  3063  756962177  2147483647  0  100362  0  0  0  205  922165  2147483647  0  34218  205  2147483647  0  396025  0  120584900  38534539  174261  284  37949  62331  5597  1313  401202684  
1439434830  212198536  0  3118368325  121892  32061  0  221295  154  188107  3063  788472872  2147483647  0  100362  0  0  0  205  980982  2147483647  0  35972  205  2147483647  0  396025  0  132620305  52949762  196784  275  37949  62331  8678  1297  447732614  
1439434840  229162596  0  3406968632  121892  38148  0  237890  154  204789  3063  818832372  2147483647  0  100362  0  0  0  205  1013286  2147483647  0  36812  205  2147483647  0  396025  0  143267808  70564293  216482  275  37949  62331  11695  1297  491007408  
1439434850  246103983  0  3644507494  121892  38148  0  254217  154  218791  3063  851084816  2147483647  0  100362  0  0  0  205  1046899  2147483647  0  38041  205  2147483647  0  396025  0  153964536  88390105  233230  275  41577  62331  14441  1297  527980235  
1439434860  264176362  0  3914917205  121892  38148  0  272174  154  235589  3063  876811630  2147483647  0  100362  0  0  0  205  1079458  2147483647  0  38758  205  2147483647  0  396025  0  161256817  110751387  253862  275  59424  83850  18275  1297  571313691  
1439434870  284465812  0  4191042193  126992  51417  0  291891  154  251454  3063  911166837  2147483647  0  100362  0  0  0  205  1114115  2147483647  0  39883  205  2147483647  0  396025  0  171149932  134535330  273536  275  59424  83850  22084  1297  614599769  
1439434880  302236987  0  4482751383  126992  51417  0  308274  154  268007  3063  937904881  2147483647  0  100362  0  0  0  205  1140975  2147483647  0  40920  205  2147483647  0  396025  0  178105770  156355525  293454  275  59424  83850  25449  1297  659397162  
1439434890  321281700  0  4894699751  126992  51417  0  326869  154  293647  3063  968624659  2147483647  0  100362  0  0  0  205  1173792  2147483647  0  42536  205  2147483647  0  396025  0  190851619  179185382  322999  275  59424  83850  29354  1297  722598379  
1439434900  339594307  0  5251843774  126992  51417  0  343338  154  314248  3063  991784885  2147483647  0  100362  0  0  0  205  1196040  2147483647  0  43224  205  2147483647  0  396025  0  201313033  199361355  346513  275  59424  83850  32267  1297  775952271  
1439434910  356926814  0  5595083610  126992  55952  0  359565  154  335145  3063  1016883674  2147483647  0  100362  0  0  0  205  1220619  2147483647  0  44236  205  2147483647  0  396025  0  218794086  220881448  370623  275  59424  83850  35480  1297  828344935  
1439434920  374534288  0  5935601104  126992  55952  0  375605  154  353887  3063  1042286931  2147483647  0  100362  0  0  0  205  1244910  2147483647  0  45212  205  2147483647  0  396025  0  234131777  233029854  391267  275  59424  83850  37384  1297  876656156  
1439434930  390065875  0  6231418122  126992  55952  0  389335  154  370409  3063  1065177758  2147483647  0  100362  0  0  0  205  1266997  2147483647  0  46009  205  2147483647  0  403883  0  249357670  244922323  409516  275  59424  83850  39113  1297  918835259  
1439434940  409936375  0  6657966168  126992  59582  0  407528  154  395553  3063  1094598390  2147483647  0  100362  0  0  0  205  1295057  2147483647  0  47079  205  2147483647  0  403883  0  267543487  276552678  439299  275  59424  83850  43754  1297  984367992  
1439434950  426379882  0  6994752162  126992  59582  0  423314  154  416104  3063  1120712928  2147483647  0  100362  0  0  0  205  1321201  2147483647  0  48464  205  2147483647  0  403883  0  293629886  295822060  462954  275  59424  83850  46860  1297  1035343176  
1439434960  441681809  0  7316076276  126992  59582  0  436904  154  434862  3063  1141996682  2147483647  0  100362  0  0  0  205  1341062  2147483647  0  49041  205  2147483647  0  403883  0  303874985  323497767  486019  275  59424  83850  51167  1297  1085451374  
1439434970  458959266  0  7653678214  126992  59582  0  452801  154  453974  3063  1167863694  2147483647  0  100362  0  0  0  205  1366706  2147483647  0  50006  205  2147483647  0  403883  0  319901822  352159572  509568  275  59424  83850  55604  1297  1137534253  
1439434980  478143625  0  7998104494  126992  94845  0  469835  154  473989  3063  1196194423  2147483647  0  100362  0  0  0  205  1393584  2147483647  0  51135  205  2147483647  0  405108  0  342836951  377249909  533395  275  59424  83850  59416  1297  1190477769  
1439434990  492755328  0  8291381626  126992  94845  0  483099  154  490872  3063  1217621619  2147483647  0  100362  0  0  0  205  1414122  2147483647  0  51844  205  2147483647  0  405108  0  354409168  398032284  553268  275  59424  83850  62410  1297  1235028901  
1439435000  507951904  0  8654002873  126992  94845  0  497286  154  512713  3063  1244970741  2147483647  0  100362  0  0  0  205  1441658  2147483647  0  52779  205  2147483647  0  405108  0  372628879  438529973  581449  275  59424  83850  68750  1297  1294354028  
1439435010  523358408  0  8982900610  126992  94845  0  511987  154  532724  3063  1267021167  2147483647  0  100362  0  0  0  205  1464691  2147483647  0  53561  205  2147483647  0  405108  0  384500762  469447893  606201  275  59424  83850  73491  1297  1347129427  
1439435020  537586024  0  9295646448  126992  94845  0  525154  154  551203  3063  1288773153  2147483647  0  100362  0  0  0  205  1487061  2147483647  0  54522  205  2147483647  0  405108  0  398301558  492433345  628777  275  59424  83850  77588  1297  1395428215  
1439435030  552418855  0  9582181030  126992  94845  0  538466  154  568317  3063  1312531572  2147483647  0  100362  0  0  0  205  1510581  2147483647  0  55240  205  2147483647  0  405108  0  411492345  521862370  650656  275  59424  83850  82353  1297  1441919281  
1439435040  567971227  0  9878774030  126992  94845  0  552827  154  585709  3063  1338408894  2147483647  0  100362  0  0  0  205  1535556  2147483647  0  56431  205  2147483647  0  452647  0  433339566  549040116  672593  275  59424  83850  86898  1297  1488246848  
1439435050  582932785  0  10197336790  126992  94845  0  566432  154  603371  3063  1361947968  2147483647  0  100362  0  0  0  205  1557645  2147483647  0  57433  205  2147483647  0  452647  0  456904567  570814935  693691  275  59424  83850  90334  1297  1535978966  
1439435060  600447284  0  10499092821  126992  94845  0  582193  154  621028  3063  1388524148  2147483647  0  100362  0  0  0  205  1583945  2147483647  0  58644  205  2147483647  0  452647  0  477169069  589761690  714422  275  59424  83850  93408  1297  1581723037  
1439435071  615223471  0  10812972870  126992  94845  0  595557  154  639743  3063  1409977969  2147483647  0  100362  0  0  0  205  1606118  2147483647  0  59336  205  2147483647  0  452647  0  485844148  620256353  738132  275  59424  83850  98403  1297  1632257252  
1439435081  631137297  0  11130331935  126992  94845  0  610544  154  659102  3063  1435498093  2147483647  0  100362  0  0  0  205  1631645  2147483647  0  60777  205  2147483647  0  452647  0  512740208  647406206  761504  275  59424  83850  102417  1297  1682595427  
1439435091  645959623  0  11439625921  126992  94845  0  623654  154  675650  3063  1457300810  2147483647  0  100362  0  0  0  205  1651646  2147483647  0  61630  205  2147483647  0  452647  0  533274925  663422960  780362  275  59424  83850  104727  1297  1725522413  
1439435101  661154998  0  11805163736  126992  94845  0  637746  154  694405  3063  1480753759  2147483647  0  100362  0  0  0  205  1674038  2147483647  0  62483  205  2147483647  0  628168  0  553481799  683289224  802425  275  59424  83850  108035  1297  1773271711  
1439435111  676667367  0  12183330482  126992  94845  0  651567  154  712747  3063  1502624465  2147483647  0  100362  0  0  0  205  1694818  2147483647  0  63419  205  2147483647  0  628168  0  576839873  700731077  823514  275  59424  83850  110782  1297  1820915400  
1439435121  687428890  0  12484355802  126992  94845  0  662419  154  728423  3063  1521949492  2147483647  0  100362  0  0  0  205  1715024  2147483647  0  64247  205  2147483647  0  645932  0  591815422  718705268  842091  275  59424  83850  113683  1297  1860742622  
1439435131  701931168  0  12811161064  126992  94845  0  675447  154  744636  3063  1545118220  2147483647  0  100362  0  0  0  205  1737355  2147483647  0  65101  205  2147483647  0  645932  0  609686480  744065397  862587  275  59424  83850  117969  1297  1903046410  
1439435141  714009487  0  13048824933  126992  94845  0  686776  154  756719  3063  1562309038  2147483647  0  100362  0  0  0  205  1753567  2147483647  0  65863  205  2147483647  0  645932  0  626690493  750382232  875745  275  59424  83850  119044  1297  1931284524  
1439435151  728455817  0  13311743062  126992  94845  0  699873  154  769821  3063  1584130171  2147483647  0  100362  0  0  0  205  1776465  2147483647  0  66864  205  2147483647  0  645932  0  643424703  768505520  891524  275  59424  83850  121722  1297  1965434790  
1439435161  741578713  0  13648415248  126992  94845  0  712346  154  786661  3063  1606560588  2147483647  0  100362  0  0  0  205  1798747  2147483647  0  67986  205  2147483647  0  645932  0  659110869  786486184  911523  275  59424  83850  124881  1297  2007181594  
1439435171  755118274  0  13920711343  126992  94845  0  724619  154  800547  3063  1625873555  2147483647  0  100362  0  0  0  205  1817721  2147483647  0  68985  205  2147483647  0  645932  0  676867956  799869277  927284  275  108655  83850  126756  1297  2041126383  
1439435181  770288490  0  14224385813  126992  94845  0  737644  154  814661  3063  1649905902  2147483647  0  100362  0  0  0  205  1839190  2147483647  0  69889  205  2147483647  0  645932  0  694349169  815106109  943787  275  108655  83850  129145  1297  2077855463  
1439435191  783570221  0  14543923006  126992  94845  0  750415  154  831245  3063  1670520972  2147483647  0  100362  0  0  0  205  1860245  2147483647  0  70895  205  2147483647  0  645932  0  718457385  830105837  962951  275  108655  83850  131725  1297  2117601572  
1439435201  795591734  0  14799147881  126992  94845  0  761798  154  843618  3063  1685929013  2147483647  0  100362  0  0  0  205  1876124  2147483647  0  71636  205  2147483647  0  645932  0  728448649  842658951  977153  275  108655  83850  133555  1297  2148332262  
1439435211  812630385  0  15136271935  126992  94845  0  777227  154  859538  3063  1709716611  2147483647  0  100362  0  0  0  205  1898757  2147483647  0  72567  205  2147483647  0  645932  0  744986864  853105853  994543  275  108655  83850  135025  1297  2187717433  
1439435221  826735229  0  15426465726  126992  94845  0  789342  154  873254  3063  1729444929  2147483647  0  100362  0  0  0  205  1916665  2147483647  0  73373  205  2147483647  0  645932  0  762576783  868049578  1010413  275  108655  83850  137179  1273  2223147888  
1439435231  844111811  0  15771117935  126992  94845  0  805028  154  890125  3063  1755084701  2147483647  0  100362  0  0  0  205  1941071  2147483647  0  74410  205  2147483647  0  685829  0  780907433  884754657  1030184  275  108655  83850  140080  1273  2265381378  
1439435241  857568457  0  16139340791  126992  94845  0  817765  154  907596  3063  1776412052  2147483647  0  100362  0  0  0  205  1962233  2147483647  0  75198  205  2147483647  0  685829  0  796527860  904296639  1050634  275  108655  83850  143061  1273  2310169041  
1439435251  871350480  0  16443755818  126992  94845  0  830158  154  923086  3063  1795228452  2147483647  0  100362  0  0  0  205  1982563  2147483647  0  76182  205  2147483647  0  685829  0  815859487  919141693  1068645  242  108655  83850  145585  1273  2347602999  
1439435261  883456458  0  16733319065  126992  94845  0  840893  154  937146  3063  1814091716  2147483647  0  100362  0  0  0  205  1999969  2147483647  0  76765  205  2147483647  0  685829  0  827768887  935235091  1085048  242  108655  83850  147929  1273  2383449055  
1439435271  898951034  0  17046405769  126992  94845  0  855642  154  952760  3063  1835173374  2147483647  0  100362  0  0  0  205  2020775  2147483647  0  77825  205  2147483647  0  685829  0  850216327  948832393  1102713  242  108655  83850  149981  1273  2421564879  
1439435281  910645785  0  17299141018  126992  94845  0  866939  154  966520  3063  1855834229  2147483647  0  100362  0  0  0  205  2041034  2147483647  0  78563  205  2147483647  0  685829  0  865512444  969905042  1119746  242  108655  83850  153254  1273  2455958023  
1439435291  923512174  0  17613715036  126992  94845  0  878986  154  982312  3063  1877322402  2147483647  0  100362  0  0  0  205  2062492  2147483647  0  79160  205  2147483647  0  685829  0  875669922  992210333  1138997  242  108655  83850  156713  1273  2496990384  
1439435301  936468583  0  17882328922  126992  94845  0  890803  154  996739  3063  1898788431  2147483647  0  100362  0  0  0  205  2082933  2147483647  0  80299  205  2147483647  0  685829  0  897843954  1011002201  1156336  242  108655  83850  159625  1273  2535714483  
1439435311  949899407  0  18138652361  126992  94845  0  903455  154  1012081  3063  1918294344  2147483647  0  100362  0  0  0  205  2103149  2147483647  0  80830  205  2147483647  0  685829  0  905976600  1029057091  1174831  242  108655  83850  162778  1273  2573914654  
1439435321  962622440  0  18374735489  126992  94845  0  915310  154  1026339  3063  1936816421  2147483647  0  100362  0  0  0  205  2121510  2147483647  0  81545  205  2147483647  0  685829  0  917145350  1049837300  1192244  242  108655  83850  165933  1273  2610090971  
1439435331  977478371  0  18643228504  126992  94845  0  928932  154  1041665  3063  1959578883  2147483647  0  100362  0  0  0  205  2143309  2147483647  0  82402  205  2147483647  0  685829  0  934589229  1074999538  1211568  242  108655  83850  169931  1273  2651105990  
1439435341  995742493  0  18914055521  126992  94845  0  945753  154  1058062  3063  1986633841  2147483647  0  100362  0  0  0  205  2170239  2147483647  0  83370  205  2147483647  0  685829  0  954180913  1094893697  1230906  242  108655  83850  172872  1273  2691860801  
1439435351  1008014860  0  19226492747  126992  94845  0  956483  154  1075431  3063  2003242045  2147483647  0  100362  0  0  0  205  2185310  2147483647  0  83814  205  2147483647  0  685829  0  960739121  1110559864  1250847  242  108655  83850  175444  1273  2736108305  
1439435361  1021602581  0  19470888460  126992  94845  0  968528  154  1088993  3063  2027023984  2147483647  0  100362  0  0  0  205  2207169  2147483647  0  84774  205  2147483647  0  685829  0  981503487  1132238895  1267706  242  108655  83850  178743  1273  2772781599  
1439435371  1035968458  0  19751976957  126992  94845  0  981452  154  1105457  3063  2046919714  2147483647  0  100362  0  0  0  205  2226613  2147483647  0  85677  205  2147483647  0  685829  0  998818474  1149420863  1287119  242  108655  83850  181692  1273  2813990345  
1439435381  1048049376  0  19970060617  126992  94845  0  992592  154  1118489  3063  2065827754  2147483647  0  100362  0  0  0  205  2245029  2147483647  0  86548  205  2147483647  0  685829  0  1013618120  1155739229  1301267  242  108655  83850  182808  1273  2844511311  
1439435391  1062726861  0  20264769005  126992  94845  0  1006178  154  1136480  3063  2085835824  2147483647  0  100362  0  0  0  205  2265025  2147483647  0  87603  205  2147483647  0  685829  0  1034386888  1166932744  1320944  242  108655  83850  184494  1273  2886581117  
1439435401  1078332202  0  20560104314  126992  94845  0  1020869  154  1153589  3063  2107345113  2147483647  0  100362  0  0  0  205  2285167  2147483647  0  88323  205  2147483647  0  685829  0  1049116245  1181700465  1340417  242  108655  83850  186858  1273  2928871025  
1439435411  1091598382  0  20777445280  126992  94845  0  1033077  154  1166433  3063  2126273428  2147483647  0  100362  0  0  0  205  2306118  2147483647  0  89246  205  2147483647  0  685829  0  1061727225  1193974091  1355242  242  108655  83850  188839  1273  2960605799  
1439435421  1108230127  0  21096755508  126992  94845  0  1047547  154  1184245  3063  2149652219  2147483647  0  100362  0  0  0  205  2328123  2147483647  0  90306  205  2147483647  0  685829  0  1085710122  1211261614  1376156  242  108655  83850  191941  1273  3005886540  
1439435431  1123800157  0  21324378801  126992  94845  0  1061734  154  1197794  3063  2169823932  2147483647  0  100362  0  0  0  205  2348368  2147483647  0  91293  205  2147483647  0  685829  0  1105555552  1225625168  1392335  242  108655  83850  194571  1273  3039021432  
1439435441  1138592419  0  21600018831  126992  94845  0  1075660  154  1214048  3063  2193700980  2147483647  0  100362  0  0  0  205  2371150  2147483647  0  92173  205  2147483647  0  685829  0  1125589987  1249544888  1411850  242  108655  83850  197832  1273  3080659537  
1439435451  1150922989  0  21862527441  126992  94845  0  1086970  154  1229994  3063  2210772484  2147483647  0  100362  0  0  0  205  2387829  2147483647  0  93000  205  2147483647  0  685829  0  1149434142  1267438169  1430631  242  108655  83850  200667  1273  3120161935  
1439435461  1167302683  0  22161730067  126992  94845  0  1101956  154  1247761  3063  2232355039  2147483647  0  100362  0  0  0  205  2407888  2147483647  0  93989  205  2147483647  0  685829  0  1170376849  1275714600  1449896  242  108655  83850  202165  1273  3161649575  
1439435471  1181070172  0  22393075378  126992  94845  0  1115224  154  1262210  3063  2248480949  2147483647  0  100362  0  0  0  205  2425137  2147483647  0  94801  205  2147483647  0  685829  0  1185443802  1283082050  1465712  242  108655  83850  203532  1273  3194667113  
1439435481  1195049888  0  22675221409  126992  94845  0  1128128  154  1279017  3063  2267592143  2147483647  0  100362  0  0  0  205  2443215  2147483647  0  95793  205  2147483647  0  685829  0  1202060984  1296373711  1484580  242  108655  83850  205594  1273  3235340456  
1439435491  1207999493  0  22923429575  126992  94845  0  1140089  154  1293110  3063  2289450515  2147483647  0  100362  0  0  0  205  2464258  2147483647  0  96822  205  2147483647  0  685829  0  1225371763  1313118966  1501107  242  108655  83850  208028  1273  3271445803  
1439435501  1220870774  0  23196932590  126992  94845  0  1152785  154  1310586  3063  2309922839  2147483647  0  100362  0  0  0  205  2484770  2147483647  0  97690  205  2147483647  0  685829  0  1243059204  1334583684  1522199  242  108655  83850  211644  1273  3313439913  
1439435511  1232916711  0  23436014265  126992  94845  0  1164108  154  1324411  3063  2326857471  2147483647  0  100362  0  0  0  205  2502090  2147483647  0  98321  205  2147483647  0  685829  0  1254269188  1350592252  1538364  242  108655  83850  213986  1273  3348523471  
1439435521  1245483886  0  23659314883  126992  94845  0  1176240  154  1338641  3063  2346173576  2147483647  0  100362  0  0  0  205  2523846  2147483647  0  99373  205  2147483647  0  685829  0  1270711065  1363546999  1554588  242  108655  83850  215980  1273  3382143398  
1439435531  1257323010  0  23971050598  126992  94845  0  1187696  154  1355210  3063  2364274568  2147483647  0  100362  0  0  0  205  2542902  2147483647  0  100414  205  2147483647  0  685829  0  1295108524  1386077979  1574883  242  108655  83850  219707  1273  3423601782  
1439435541  1271350651  0  24349415865  126992  94845  0  1200409  154  1372383  3063  2385483271  2147483647  0  100362  0  0  0  205  2562594  2147483647  0  101466  205  2147483647  0  685829  0  1318164277  1403733165  1594958  242  108655  83850  222610  1273  3466676805  
1439435551  1283012593  0  24627428730  126992  94845  0  1211688  154  1386022  3063  2406793674  2147483647  0  100362  0  0  0  205  2583407  2147483647  0  102356  205  2147483647  0  685829  0  1337045401  1422580977  1611750  242  108655  83850  225763  1273  3500612883  
1439435561  1300151456  0  24972153374  126992  94845  0  1226594  154  1400772  3063  2430282675  2147483647  0  100362  0  0  0  205  2604759  2147483647  0  103104  205  2147483647  0  685829  0  1351491218  1433877339  1628095  242  108655  83850  227358  1273  3538030602  
1439435571  1311926346  0  25217661978  126992  94845  0  1237595  154  1412973  3063  2447438902  2147483647  0  100362  0  0  0  205  2621569  2147483647  0  103878  205  2147483647  0  685829  0  1369693067  1439316496  1641097  242  108655  83850  228159  1273  3565523761  
1439435581  1326871715  0  25524564469  126992  94845  0  1250848  154  1426445  3063  2466230181  2147483647  0  100362  0  0  0  205  2640364  2147483647  0  104840  205  2147483647  0  685829  0  1384570592  1449473047  1656163  242  108655  83850  229753  1273  3598870114  
1439435591  1342798271  0  25851145150  126992  94845  0  1265749  154  1442106  3063  2490169096  2147483647  0  100362  0  0  0  205  2664366  2147483647  0  105715  205  2147483647  0  685829  0  1398935639  1460768200  1673729  242  108655  83850  231658  1273  3635561200  
1439435602  1357145760  0  26254817373  126992  94845  0  1279157  154  1460504  3063  2511941002  2147483647  0  100362  0  0  0  205  2686952  2147483647  0  106682  205  2147483647  0  685829  0  1413530916  1478179667  1694881  242  108655  83850  234412  1273  3680994402  
1439435612  1370448648  0  26563948502  126992  94845  0  1291148  154  1474531  3063  2533320378  2147483647  0  100362  0  0  0  205  2706723  2147483647  0  107310  205  2147483647  0  733723  0  1425739619  1498551856  1711971  242  108655  83850  237475  1273  3717293391  
1439435622  1381869303  0  26828158769  126992  94845  0  1302052  154  1486275  3063  2549360208  2147483647  0  100362  0  0  0  205  2722016  2147483647  0  107866  205  2147483647  0  733723  0  1435327466  1512385723  1725533  242  108655  83850  239293  1273  3748209558  
1439435632  1394728597  0  27097699759  126992  94845  0  1313335  154  1497892  3063  2566118267  2147483647  0  100362  0  0  0  205  2737551  2147483647  0  108833  205  2147483647  0  733723  0  1449293773  1531348816  1739507  242  108655  83850  241650  1273  3781438688  
1439435642  1405176366  0  27264667065  126992  94845  0  1322594  154  1505539  3063  2579312562  2147483647  0  100362  0  0  0  205  2750208  2147483647  0  109608  205  2147483647  0  733723  0  1460294184  1531472911  1747169  242  108655  83850  241665  1273  3798382653  
1439435652  1416066803  0  27531021192  126992  94845  0  1332549  154  1517253  3063  2591309652  2147483647  0  100362  0  0  0  205  2761883  2147483647  0  110401  205  2147483647  0  733723  0  1472841019  1531633461  1758921  242  108655  83850  241703  1273  3824833107  
1439435662  1428428039  0  27807159244  126992  94845  0  1343213  154  1528696  3063  2607849454  2147483647  0  100362  0  0  0  205  2777027  2147483647  0  111205  205  2147483647  0  733723  0  1483143545  1532749419  1770513  242  108655  83850  241852  1273  3851883967  
1439435672  1439761205  0  28063131205  126992  94845  0  1353683  154  1540242  3063  2620646172  2147483647  0  100362  0  0  0  205  2791899  2147483647  0  112225  205  2147483647  0  733723  0  1499824724  1533194562  1782118  242  108655  83850  241911  1273  3877626842  
1439435682  1452597935  0  28291451427  126992  94845  0  1364851  154  1550477  3063  2635531216  2147483647  0  100362  0  0  0  205  2805939  2147483647  0  112978  205  2147483647  0  733723  0  1512712419  1534513549  1792513  242  108655  83850  242071  1273  3900978939  
1439435692  1465735435  0  28547519686  126992  94845  0  1376112  154  1561748  3063  2652351426  2147483647  0  100362  0  0  0  205  2823830  2147483647  0  113939  205  2147483647  0  733723  0  1528632018  1536560680  1804065  242  108655  83850  242352  1273  3926915731  
1439435702  1479016939  0  28812026666  126992  94845  0  1387643  154  1573075  3063  2668925454  2147483647  0  100362  0  0  0  205  2839303  2147483647  0  115044  205  2147483647  0  733723  0  1551782333  1537662927  1815531  242  108655  83850  242491  1273  3953288816  
1439435712  1490295712  0  29078167857  126992  94845  0  1397495  154  1585091  3063  2681429149  2147483647  0  100362  0  0  0  205  2852928  2147483647  0  115871  205  2147483647  0  733723  0  1561876031  1538602639  1827663  242  108655  83850  242607  1273  3980312274  
1439435722  1505935996  0  29326994786  126992  94845  0  1410781  154  1595969  3063  2700271872  2147483647  0  100362  0  0  0  205  2871636  2147483647  0  116591  205  2147483647  0  733723  0  1571396304  1540727021  1838829  242  108655  83850  242895  1273  4005337788  
1439435732  1512115314  0  29468705007  126992  94845  0  1416130  154  1601934  3063  2708446115  2147483647  0  100362  0  0  0  205  2880169  2147483647  0  117793  205  2147483647  0  733723  0  1584217591  1549488167  1845638  242  108655  83850  243739  1273  4021904309  
1439435742  1512400968  0  29485269058  126992  94845  0  1416352  154  1605337  2940  2708458266  2147483647  0  100362  0  0  0  205  2880210  2147483647  0  119087  205  2147483647  0  733723  0  1589648332  1553319710  1849395  242  108655  83850  244093  1273  4028238344  
1439435752  1512400968  0  29485269058  126992  94845  0  1416352  154  1605337  2940  2708458266  2147483647  0  100362  0  0  0  205  2880210  2147483647  0  119087  205  2147483647  0  733723  0  1589648332  1553319710  1849395  242  108655  83850  244093  1273  4028238344  
1439435762  1512400968  0  29488122891  126992  94845  0  1416352  154  1605802  2940  2745225089  2147483647  0  100362  0  0  0  205  2929080  2147483647  0  119087  205  2147483647  0  733723  0  1589648332  1553319710  1849860  242  108655  83850  244093  1273  4028918474  
1439435772  1512405312  0  29496048472  126992  94845  0  1416365  154  1606584  2940  2785365472  2147483647  0  100362  0  0  0  205  2975630  2147483647  0  119361  205  2147483647  0  733723  0  1593023911  1553319710  1850642  242  108655  83850  244093  1273  4030576914  
1439435782  1512437634  0  29496280234  126992  94845  0  1416402  154  1606597  2940  2831324823  2147483647  0  100362  0  0  0  205  3028639  2147483647  0  120466  205  2147483647  0  733723  0  1594752417  1553319710  1850655  242  108655  83850  244093  1273  4030623775  
1439435792  1512457940  0  29496415954  126992  94845  0  1416414  154  1606601  2940  2873171091  2147483647  0  100362  0  0  0  205  3079769  2147483647  0  121464  205  2147483647  0  733723  0  1595610473  1553358057  1850660  242  108655  83850  244094  1273  4030641263  
1439435802  1525898136  0  29525659944  126992  94845  0  1429740  154  1607964  2940  2914956992  2147483647  0  100362  0  0  0  205  3147085  2147483647  0  123239  205  2147483647  0  733723  0  1597619294  1554536277  1852250  242  108655  83850  244321  1273  4034234388  
1439435812  1540170112  0  29608616404  126992  94845  0  1443840  154  1612136  2940  2942621896  2147483647  0  100362  0  0  0  205  3176181  2147483647  0  124073  205  2147483647  0  733723  0  1599327763  1554614491  1856441  242  108655  83850  244340  1273  4043839601  
1439435822  1552825061  0  29887690577  126992  94845  0  1456086  154  1625421  2940  2957696856  2147483647  0  100362  0  0  0  205  3191324  2147483647  0  124761  205  2147483647  0  733723  0  1600989723  1555149859  1869785  242  108655  83850  244399  1273  4074724952  
1439435832  1564215517  0  30181580477  126992  94845  0  1466653  154  1639528  2940  2969252618  2147483647  0  100362  0  0  0  205  3202917  2147483647  0  125382  205  2147483647  0  733723  0  1602488350  1555149859  1883892  242  108655  83850  244399  1273  4107152362  
1439435842  1581556349  0  30545501511  126992  94845  0  1483127  154  1658333  2940  2988516311  2147483647  0  100362  0  0  0  205  3225344  2147483647  0  126817  205  2147483647  0  733723  0  1621287602  1555491464  1902752  242  108655  83850  244454  1273  4148469479  
1439435852  1597165365  0  30871868134  126992  94845  0  1496594  154  1673440  2940  3003582629  2147483647  0  100362  0  0  0  205  3239202  2147483647  0  127534  205  2147483647  0  733723  0  1632141269  1555817725  1917888  242  108655  83850  244483  1273  4184131881  
1439435862  1609860014  0  31130357560  126992  94845  0  1507815  154  1685738  2940  3021921896  2147483647  0  100362  0  0  0  205  3256375  2147483647  0  128405  205  2147483647  0  733723  0  1644955566  1556207502  1930224  242  108655  83850  244521  1273  4212623151  
1439435872  1625467103  0  31391901467  126992  94845  0  1521882  154  1698720  2940  3042287550  2147483647  0  100362  0  0  0  205  3276036  2147483647  0  129429  205  2147483647  0  733723  0  1661182697  1556266591  1943209  242  108655  83850  244524  1273  4241729995  
1439435882  1639828742  0  31709969934  126992  94845  0  1535493  154  1714061  2940  3061193034  2147483647  0  100362  0  0  0  205  3296719  2147483647  0  130845  205  2147483647  0  733723  0  1686801272  1556701832  1958591  242  108655  83850  244565  1273  4276834337  
1439435892  1651814857  0  31900052220  126992  94845  0  1546699  154  1723525  2940  3073051735  2147483647  0  100362  0  0  0  205  3308517  2147483647  0  131674  205  2147483647  0  733723  0  1700914581  1556968091  1968083  242  108655  83850  244593  1273  4298004430  
1439435902  1665986317  0  32138572898  126992  94845  0  1559365  154  1735325  2940  3089814389  2147483647  0  100362  0  0  0  205  3324882  2147483647  0  132507  205  2147483647  0  733723  0  1714445464  1558041283  1980049  242  108655  83850  244759  1273  4324655502  
1439435912  1681113245  0  32405510493  126992  94845  0  1572612  154  1748185  2940  3107995166  2147483647  0  100362  0  0  0  205  3342197  2147483647  0  133501  205  2147483647  0  733723  0  1731545855  1558444716  1992950  242  108655  83850  244800  1273  4353901804  
1439435922  1698815747  0  32736223631  126992  94845  0  1588566  154  1764031  2940  3128607903  2147483647  0  100362  0  0  0  205  3364038  2147483647  0  134790  205  2147483647  0  733723  0  1750309779  1558931565  2008876  242  108655  83850  244880  1273  4389969984  
1439435932  1712061489  0  33036278797  126992  94845  0  1600316  154  1777342  2940  3144491404  2147483647  0  100362  0  0  0  205  3378376  2147483647  0  135700  205  2147483647  0  733723  0  1766998618  1561518320  2022443  242  108655  83850  245136  1273  4422784658  
1439435942  1726828659  0  33327688982  126992  94845  0  1613924  154  1791764  2940  3162006672  2147483647  0  100362  0  0  0  205  3395637  2147483647  0  136597  205  2147483647  0  733723  0  1782153079  1562069087  2036928  242  108655  83850  245199  1273  4454980548  
1439435952  1741627500  0  33567675699  126992  94845  0  1626900  154  1802679  2940  3181445317  2147483647  0  100362  0  0  0  205  3413316  2147483647  0  137618  205  2147483647  0  733723  0  1802908191  1562288767  2047865  242  108655  83850  245221  1273  4480631654  
1439435962  1755534340  0  33829226634  126992  94845  0  1639138  154  1814633  2940  3199996217  2147483647  0  100362  0  0  0  205  3430162  2147483647  0  138758  205  2147483647  0  733723  0  1824662098  1562418855  2059830  242  108655  83850  245232  1273  4508449061  
1439435972  1770089489  0  34098314511  126992  94845  0  1651973  154  1827528  2940  3216419112  2147483647  0  100362  0  0  0  205  3445778  2147483647  0  139681  205  2147483647  0  733723  0  1840474009  1563523447  2072881  242  108655  83850  245388  1273  4538101670  
1439435982  1784656414  0  34423977625  126992  94845  0  1664699  154  1842083  2940  3232539746  2147483647  0  100362  0  0  0  205  3461181  2147483647  0  140623  205  2147483647  0  733723  0  1851151398  1564111891  2087513  242  108655  83850  245465  1273  4572847885  
1439435992  1799890130  0  34708264509  126992  94845  0  1678368  154  1855589  2940  3249850640  2147483647  0  100362  0  0  0  205  3478028  2147483647  0  142053  205  2147483647  0  733723  0  1873270027  1564960674  2101132  242  108655  83850  245578  1273  4603826985  
1439436002  1814599705  0  34987947578  126992  94845  0  1691202  154  1868747  2940  3268559573  2147483647  0  100362  0  0  0  205  3495844  2147483647  0  143180  205  2147483647  0  733723  0  1895445936  1565268256  2114316  242  108655  83850  245604  1273  4633874643  
1439436012  1826031797  0  35198537382  126992  94845  0  1700977  154  1878257  2940  3278647768  2147483647  0  100362  0  0  0  205  3505095  2147483647  0  143716  205  2147483647  0  733723  0  1903234760  1565268256  2123826  242  108655  83850  245604  1273  4656256781  
1439436022  1839272563  0  35454926468  126992  94845  0  1712734  154  1890383  2940  3295322673  2147483647  0  100362  0  0  0  205  3520485  2147483647  0  144407  205  2147483647  0  733723  0  1913411881  1565726626  2136014  242  108655  83850  245666  1273  4684178107  
1439436032  1852940267  0  35697131819  126992  94845  0  1725389  154  1901886  2940  3310676239  2147483647  0  100362  0  0  0  205  3535750  2147483647  0  145381  205  2147483647  0  733723  0  1927300238  1566760691  2147645  242  108655  83850  245794  1273  4710568041  
1439436042  1866444325  0  35982863909  126992  94845  0  1737275  154  1915213  2940  3326335117  2147483647  0  100362  0  0  0  205  3550480  2147483647  0  146144  205  2147483647  0  733723  0  1939300497  1567205897  2161025  242  108655  83850  245847  1273  4741263947  
1439436052  1880205452  0  36245385967  126992  94845  0  1748805  154  1926829  2940  3341548444  2147483647  0  100362  0  0  0  205  3566444  2147483647  0  147186  205  2147483647  0  733723  0  1956200227  1567913899  2172732  242  108655  83850  245938  1273  4767731124  
1439436062  1893931968  0  36574726819  126992  94845  0  1760810  154  1940360  2940  3359092774  2147483647  0  100362  0  0  0  205  3582787  2147483647  0  148255  205  2147483647  0  733723  0  1976518105  1568388700  2186323  242  108655  83850  245998  1273  4798574848  
1439436072  1908014875  0  36829837936  126992  94845  0  1773151  154  1950376  2940  3374129081  2147483647  0  100362  0  0  0  205  3596595  2147483647  0  148977  205  2147483647  0  733723  0  1991298724  1569407795  2196480  242  108655  83850  246139  1273  4822194863  
1439436082  1922279709  0  37161803372  126992  94845  0  1785978  154  1964037  2940  3391094174  2147483647  0  100362  0  0  0  205  3612593  2147483647  0  150007  205  2147483647  0  733723  0  2010903332  1570137166  2210247  242  108655  83850  246245  1273  4853384903  
1439436092  1935863324  0  37463008936  126992  94845  0  1798145  154  1976387  2940  3404488210  2147483647  0  100362  0  0  0  205  3626402  2147483647  0  150715  205  2147483647  0  733723  0  2019232077  1570838195  2222684  242  108655  83850  246332  1273  4881391025  
1439436102  1948765193  0  37712871004  126992  94845  0  1809497  154  1986992  2940  3419356763  2147483647  0  100362  0  0  0  205  3641380  2147483647  0  151851  205  2147483647  0  733723  0  2037590975  1570920872  2233299  242  108655  83850  246342  1273  4904619987  
1439436112  1960664029  0  37993607219  126992  94845  0  1820123  154  1998599  2940  3433190111  2147483647  0  100362  0  0  0  205  3654734  2147483647  0  152355  205  2147483647  0  733723  0  2045326398  1572384779  2245104  242  108655  83850  246540  1273  4931233672  
1439436122  1974386444  0  38291263038  126992  94845  0  1831918  154  2010436  2940  3448988632  2147483647  0  100362  0  0  0  205  3669306  2147483647  0  153319  205  2147483647  0  733723  0  2064442089  1572662215  2256963  242  108655  83850  246562  1273  4958716418  
1439436133  1983523468  0  38547956474  126992  94845  0  1839567  154  2020040  2940  3459237429  2147483647  0  100362  0  0  0  205  3678264  2147483647  0  153907  205  2147483647  0  733723  0  2076154089  1572767367  2266577  242  108655  83850  246572  1273  4981833829  
1439436143  1998610120  0  38776361594  126992  94845  0  1852690  154  2029666  2940  3475649979  2147483647  0  100362  0  0  0  205  3693858  2147483647  0  154558  205  2147483647  0  733723  0  2088497521  1572977004  2276221  242  108655  83850  246590  1273  5003390835  
1439436153  2012382033  0  39043381249  157743  94845  0  1864238  154  2040182  2940  3491225352  2147483647  0  100362  0  0  0  205  3708257  2147483647  0  155659  205  2147483647  0  733723  0  2111646839  1573318665  2286779  242  108655  83850  246632  1273  5027882561  
1439436163  2024383894  0  39377231892  157743  94845  0  1874869  154  2053877  2940  3503927474  2147483647  0  100362  0  0  0  205  3720516  2147483647  0  156517  205  2147483647  0  733723  0  2127109604  1576649571  2300945  242  108655  83850  247103  1273  5059635850  
1439436173  2037444369  0  39670669347  157743  94845  0  1886799  154  2065644  2940  3520035699  2147483647  0  100362  0  0  0  205  3737299  2147483647  0  157568  205  2147483647  0  733723  0  2142938787  1577088053  2312758  242  108655  83850  247149  1273  5086737657  
1439436183  2051171697  0  39982040386  157743  94845  0  1898566  154  2078030  2940  3533906636  2147483647  0  100362  0  0  0  205  3749850  2147483647  0  158073  205  2147483647  0  733723  0  2149100073  1577803612  2325231  242  108655  83850  247236  1273  5115511589  
1439436193  2062473829  0  40210684708  157743  94845  0  1908583  154  2087139  2940  3546777097  2147483647  0  100362  0  0  0  205  3762142  2147483647  0  159084  205  2147483647  0  733723  0  2171362016  1577981149  2334360  242  108655  83850  247256  1273  5136697107  
1439436203  2077178964  0  40518020412  157743  94845  0  1921347  154  2099208  2940  3563238252  2147483647  0  100362  0  0  0  205  3778514  2147483647  0  160147  205  2147483647  0  733723  0  2184083023  1578118820  2346446  242  108655  83850  247273  1273  5164704202  
1439436213  2091308955  0  40810236256  157743  94845  0  1933695  154  2110793  2940  3576815246  2147483647  0  100362  0  0  0  205  3791389  2147483647  0  160657  205  2147483647  0  733723  0  2192722204  1578385761  2358053  242  108655  83850  247295  1273  5191486357  
1439436223  2100067890  0  41018816220  157743  94845  0  1941417  154  2119564  2940  3586846005  2147483647  0  100362  0  0  0  205  3801972  2147483647  0  161367  205  2147483647  0  733723  0  2200781303  1578385761  2366824  242  108655  83850  247295  1273  5210936315  
1439436233  2113335476  0  41290719504  157743  94845  0  1952824  154  2130277  2940  3601148575  2147483647  0  100362  0  0  0  205  3815814  2147483647  0  162175  205  2147483647  0  733723  0  2212894986  1578405873  2377541  242  108655  83850  247299  1273  5235844557  
1439436243  2126101337  0  41611477274  157743  94845  0  1963700  154  2142956  2940  3615153001  2147483647  0  100362  0  0  0  205  3828675  2147483647  0  163029  205  2147483647  0  733723  0  2230577744  1578728939  2390257  242  108655  83850  247336  1273  5265373002  
1439436253  2136665906  0  41857214153  157743  94845  0  1972856  154  2153236  2940  3625369256  2147483647  0  100362  0  0  0  205  3838151  2147483647  0  163750  205  2147483647  0  733723  0  2244361414  1579054815  2400580  242  108655  83850  247379  1273  5288469834  
1439436263  2149852030  0  42102262679  157743  94845  0  1984402  154  2163027  2940  3639466172  2147483647  0  100362  0  0  0  205  3851654  2147483647  0  164708  205  2147483647  0  733723  0  2262032971  1579091380  2410374  242  108655  83850  247382  1273  5311135517  
1439436273  2162249749  0  42360661277  157743  94845  0  1995275  154  2173314  2940  3653616454  2147483647  0  100362  0  0  0  205  3864375  2147483647  0  165398  205  2147483647  0  733723  0  2276133129  1579405967  2420701  242  108655  83850  247422  1273  5334962932  
1439436283  2176359688  0  42659367777  157743  94845  0  2007386  154  2184915  2940  3669418723  2147483647  0  100362  0  0  0  205  3878518  2147483647  0  166474  205  2147483647  0  733723  0  2297171921  1579657548  2432337  242  108655  83850  247457  1273  5362131020  
1439436293  2188628498  0  42963216289  157743  94845  0  2017667  154  2196842  2940  3683819974  2147483647  0  100362  0  0  0  205  3892021  2147483647  0  167226  205  2147483647  0  733723  0  2309082339  1579728041  2444272  242  108655  83850  247465  1273  5389844461  
1439436303  2202722510  0  43259275610  157743  94845  0  2030022  154  2208976  2940  3697673967  2147483647  0  100362  0  0  0  205  3905291  2147483647  0  168092  205  2147483647  0  733723  0  2325069060  1580060078  2456452  242  108655  83850  247511  1273  5417283149  
1439436313  2215102199  0  43457012779  157743  94845  0  2040553  154  2216463  2940  3710616383  2147483647  0  100362  0  0  0  205  3917635  2147483647  0  168967  205  2147483647  0  733723  0  2337418373  1580060078  2463939  242  108655  83850  247511  1273  5434985388  
1439436323  2224647461  0  43741401613  157743  94845  0  2048416  154  2227827  2940  3720434877  2147483647  0  100362  0  0  0  205  3926467  2147483647  0  169476  205  2147483647  0  733723  0  2346324843  1580106546  2475308  242  108655  83850  247516  1273  5461081309  
1439436333  2233686352  0  43992081397  157743  94845  0  2056016  154  2237671  2940  3730357048  2147483647  0  100362  0  0  0  205  3935609  2147483647  0  170232  205  2147483647  0  733723  0  2361650951  1580125286  2485153  242  108655  83850  247517  1273  5483963014  
1439436343  2247067738  0  44198998869  157743  94845  0  2067776  154  2246021  2940  3747931175  2147483647  0  100362  0  0  0  205  3951962  2147483647  0  170775  205  2147483647  0  733723  0  2371316336  1580224688  2493531  242  108655  83850  247545  1273  5503075068  
1439436353  2259899896  0  44452988740  157743  94845  0  2078808  154  2256316  2940  3760377228  2147483647  0  100362  0  0  0  205  3964215  2147483647  0  171564  205  2147483647  0  733723  0  2388055428  1580310680  2503846  242  108655  83850  247565  1273  5526565918  
1439436363  2271285499  0  44751537355  157743  94845  0  2088957  154  2268618  2940  3771584191  2147483647  0  100362  0  0  0  205  3974528  2147483647  0  172344  205  2147483647  0  733723  0  2403725894  1580310680  2516148  242  108655  83850  247565  1273  5554251050  
1439436373  2280580070  0  44947724912  157743  94845  0  2097139  154  2276725  2940  3783571360  2147483647  0  100362  0  0  0  205  3985718  2147483647  0  173066  205  2147483647  0  733723  0  2417191747  1580310680  2524255  242  108655  83850  247565  1273  5572588176  
1439436383  2293031304  0  45223046173  157743  94845  0  2107959  154  2287445  2940  3799438169  2147483647  0  100362  0  0  0  205  4000468  2147483647  0  173819  205  2147483647  0  733723  0  2428638494  1580903988  2535058  242  108655  83850  247648  1273  5597737249  
1439436393  2305234332  0  45508815615  157743  94845  0  2118513  154  2299316  2940  3811718603  2147483647  0  100362  0  0  0  205  4011929  2147483647  0  174666  205  2147483647  0  733723  0  2447733746  1580903988  2546929  242  108655  83850  247648  1273  5624329295  
1439436403  2317251919  0  45754697874  157743  94845  0  2129196  154  2308716  2940  3824828088  2147483647  0  100362  0  0  0  205  4024636  2147483647  0  175429  205  2147483647  0  733723  0  2452452894  1580954891  2556334  242  108655  83850  247653  1273  5646520239  
1439436413  2328677501  0  45988691503  157743  94845  0  2139372  154  2318139  2940  3838667806  2147483647  0  100362  0  0  0  205  4037527  2147483647  0  176557  205  2147483647  0  733723  0  2476507666  1581090993  2565783  242  108655  83850  247679  1273  5668192110  
1439436423  2339872813  0  46206714570  157743  94845  0  2148661  154  2326734  2940  3850157001  2147483647  0  100362  0  0  0  205  4048171  2147483647  0  176985  205  2147483647  0  733723  0  2484371810  1581181373  2574387  242  108655  83850  247688  1273  5688033793  
1439436433  2350766947  0  46434921402  157743  94845  0  2157985  154  2336207  2940  3860925880  2147483647  0  100362  0  0  0  205  4058907  2147483647  0  177754  205  2147483647  0  733723  0  2498110045  1581483111  2583902  242  108655  83850  247730  1273  5709375137  
1439436443  2360558390  0  46646592812  157743  94845  0  2166427  154  2344500  2940  3873695932  2147483647  0  100362  0  0  0  205  4070985  2147483647  0  178405  205  2147483647  0  733723  0  2508810020  1581483111  2592195  242  108655  83850  247730  1273  5728626859  
1439436453  2371765537  0  46925405561  157743  94845  0  2176195  154  2356134  2940  3885093930  2147483647  0  100362  0  0  0  205  4081998  2147483647  0  179253  205  2147483647  0  733723  0  2525251735  1581545282  2603835  242  108655  83850  247736  1273  5754640438  
1439436463  2382677331  0  47222317829  157743  94845  0  2185660  154  2367554  2940  3897119616  2147483647  0  100362  0  0  0  205  4093088  2147483647  0  180124  205  2147483647  0  733723  0  2541556004  1581689308  2615272  242  108655  83850  247753  1273  5781677635  
1439436473  2395762427  0  47451147451  157743  94845  0  2197628  154  2376988  2940  3911726868  2147483647  0  100362  0  0  0  205  4107499  2147483647  0  180907  205  2147483647  0  733723  0  2558303537  1581805604  2624722  242  108655  83850  247769  1273  5802885502  
1439436483  2406687444  0  47711395000  157743  94845  0  2207209  154  2387288  2940  3922234494  2147483647  0  100362  0  0  0  205  4117482  2147483647  0  181585  205  2147483647  0  733723  0  2571327872  1581835736  2635024  242  108655  83850  247771  1273  5826665866  
1439436493  2416274745  0  47886689327  157743  94845  0  2215542  154  2394570  2940  3932793804  2147483647  0  100362  0  0  0  205  4127135  2147483647  0  182281  205  2147483647  0  733723  0  2585208292  1582022078  2642330  242  108655  83850  247795  1273  5843112347  
1439436503  2424414130  0  48032860796  157743  94845  0  2222611  154  2400500  2940  3941224079  2147483647  0  100362  0  0  0  205  4136456  2147483647  0  182640  205  2147483647  0  733723  0  2587440015  1582022078  2648260  242  108655  83850  247795  1273  5856598361  
1439436513  2437817271  0  48314420285  157743  94845  0  2234401  154  2411747  2940  3955916190  2147483647  0  100362  0  0  0  205  4150118  2147483647  0  183482  205  2147483647  0  733723  0  2602402665  1582467007  2659561  242  108655  83850  247849  1273  5882496701  
1439436523  2448120579  0  48596991020  157743  94845  0  2243510  154  2423489  2940  3965523528  2147483647  0  100362  0  0  0  205  4159363  2147483647  0  184219  205  2147483647  0  733723  0  2614863997  1582576774  2671321  242  108655  83850  247867  1273  5908907192  
1439436533  2458830411  0  48810662935  157743  94845  0  2253050  154  2432201  2940  3976834308  2147483647  0  100362  0  0  0  205  4170170  2147483647  0  184850  205  2147483647  0  733723  0  2620818481  1583302793  2680125  242  108655  83850  247959  1273  5928809991  
1439436543  2469094191  0  49021338750  157743  94845  0  2262106  154  2440790  2940  3987440512  2147483647  0  100362  0  0  0  205  4180313  2147483647  0  185643  205  2147483647  0  733723  0  2637230036  1583302793  2688714  242  108655  83850  247959  1273  5948320396  
1439436553  2481400925  0  49303777024  579624  94845  0  2272814  154  2452135  2940  4000026653  2147483647  0  100362  0  0  0  205  4192329  2147483647  0  186443  205  2147483647  0  733723  0  2653638879  1583433924  2700075  242  108655  83850  247975  1273  5974374195  
1439436563  2494007403  0  49573622746  579624  94845  0  2283684  154  2462879  2940  4013091825  2147483647  0  100362  0  0  0  205  4204494  2147483647  0  187170  205  2147483647  0  733723  0  2668789232  1583805768  2710861  242  108655  83850  248017  1273  5999179133  
1439436573  2505235751  0  49845806105  579624  94845  0  2293503  154  2473790  2940  4026546302  2147483647  0  100362  0  0  0  205  4216905  2147483647  0  187940  205  2147483647  0  733723  0  2681995797  1583805768  2721772  242  108655  83850  248017  1273  6024215742  
1439436583  2514734994  0  50075638863  579624  94845  0  2301416  154  2482866  2940  4035591294  2147483647  0  100362  0  0  0  205  4225271  2147483647  0  188416  205  2147483647  0  733723  0  2689133676  1583860564  2730869  242  108655  83850  248038  1273  6045455046  
1439436593  2523953238  0  50257319442  579624  94845  0  2309537  154  2490137  2940  4044585357  2147483647  0  100362  0  0  0  205  4233747  2147483647  0  188807  205  2147483647  0  733723  0  2698418610  1584180484  2738172  242  108655  83850  248070  1273  6062299303  
1439436603  2535791521  0  50480429908  579624  94845  0  2319851  154  2499149  2940  4056891003  2147483647  0  100362  0  0  0  205  4244960  2147483647  0  189574  205  2147483647  0  733723  0  2713621735  1584649067  2747234  242  108655  83850  248120  1273  6082985022  
1439436613  2546401333  0  50703972332  579624  94845  0  2329258  154  2508446  2940  4068209222  2147483647  0  100362  0  0  0  205  4255372  2147483647  0  190570  205  2147483647  0  733723  0  2735629866  1584931366  2756560  242  108655  83850  248149  1273  6103887962  
1439436623  2559245129  0  50975077419  579624  94845  0  2340503  154  2518793  2940  4080163483  2147483647  0  100362  0  0  0  205  4266160  2147483647  0  191316  205  2147483647  0  733723  0  2750285310  1584959266  2766908  242  108655  83850  248150  1273  6128277742  
1439436633  2568385381  0  51166660963  579624  94845  0  2348433  154  2526608  2940  4089142043  2147483647  0  100362  0  0  0  205  4276123  2147483647  0  191687  205  2147483647  0  733723  0  2752459028  1584987570  2774725  242  108655  83850  248152  1273  6145988949  
1439436643  2581543739  0  51429183973  579624  94845  0  2359883  154  2537105  2940  4102734516  2147483647  0  100362  0  0  0  205  4288744  2147483647  0  192435  205  2147483647  0  733723  0  2767855995  1585006030  2785223  242  108655  83850  248153  1273  6170079777  
1439436653  2592109762  0  51657114796  579624  94845  0  2369048  154  2546670  2940  4111986138  2147483647  0  100362  0  0  0  205  4297898  2147483647  0  192948  205  2147483647  0  733723  0  2776806515  1585285790  2794825  242  108655  83850  248190  1273  6191415910  
1439436663  2602192060  0  51872093559  579624  94845  0  2377592  154  2555601  2940  4120956006  2147483647  0  100362  0  0  0  205  4306696  2147483647  0  193756  205  2147483647  0  733723  0  2792427381  1585285790  2803756  242  108655  83850  248190  1273  6211409160  
1439436673  2615444774  0  52181243124  579624  94845  0  2389316  154  2567938  2940  4134853371  2147483647  0  100362  0  0  0  205  4319927  2147483647  0  194471  205  2147483647  0  733723  0  2802756445  1585737664  2816155  242  108655  83850  248252  1273  6239840219  
1439436683  2625224029  0  52413089360  579624  94845  0  2397892  154  2577170  2940  4144519295  2147483647  0  100362  0  0  0  205  4329041  2147483647  0  195440  205  2147483647  0  733723  0  2825355467  1586328463  2825464  242  108655  83850  248329  1273  6261236400  
1439436693  2637416004  0  52655463297  579624  94845  0  2408318  154  2586635  2940  4157126158  2147483647  0  100362  0  0  0  205  4340931  2147483647  0  196258  205  2147483647  0  733723  0  2832039187  1586392214  2834937  242  108655  83850  248337  1273  6283316741  
