#Type:X;CI:2;ww:0;ca:0;co:0;fr:0;Type:X;CI:2;PI:0;PT:EP;U0:0;U1:0;Type:X;CI:2;PI:1;PT:EP;U0:0;U1:0;
#time  Pp  gt  gs  cn  cm  cb  Nc  Pc  cp  Tc  Nm  pr  ps  pt  px  pd  Pm  Om  fs  ft  Oc  Em  Gp  Ec  Ge  ot  os  Total_cycles_diff  Successful_get_diff  Total_get_diff  succ_put_diff  total_put_diff  get_hit  
1438947691  0  0  0  0  0  0  0  0  0  4071577  0  0  0  0  0  0  0  0  0  21  0  0  0  0  0  46  0  4071577  0  0  0  0  
1438947701  0  0  0  0  0  0  0  0  0  4074321  0  0  0  0  0  0  0  0  0  21  0  0  0  0  0  46  0  2744  0  0  0  0  0 
1438947711  0  1728  0  0  0  0  92  1302  0  73782407  92  0  1302  1302  0  0  1302  150  0  23  150  1302  0  1302  0  46  0  69708086  0  1728  1302  1302  0.0  
1438947721  0  37440  0  0  0  0  807  36704  0  431590136  807  0  36704  36704  0  0  36704  272  0  91  272  36704  0  36704  0  46  0  357807729  0  35712  35402  35402  0.0  
1438947731  0  104075  38  0  0  0  1224  61043  0  1115635190  1224  0  103248  103248  0  0  61043  272  0  91  28  61043  0  61043  38  46  0  684045054  38  66635  66544  66544  0.036512130675  
1438947741  0  166771  38  0  0  0  1197  56043  0  1747025429  1327  0  165943  165943  0  0  62793  272  0  91  2  62793  0  56043  38  46  0  631390239  0  62696  62695  62695  0.0227857361292  
1438947751  0  233725  5535  0  0  0  1061  48263  0  2485447968  1362  0  232790  232790  0  0  63604  272  0  91  6  63604  0  48263  5535  46  0  738422539  5497  66954  66847  66847  2.36816771847  
1438947761  0  296351  20923  0  0  0  1309  54944  0  3216489720  1362  0  293631  293631  0  0  63604  272  0  91  7  63604  0  54944  20923  46  0  731041752  15388  62626  60841  60841  7.06020900891  
1438947771  0  351267  35001  0  0  0  1369  51207  0  3852074276  1507  0  348337  348337  0  0  63604  272  0  91  4  63604  0  51207  35001  46  0  635584556  14078  54916  54706  54706  9.96421525506  
1438947781  0  409029  46500  0  0  0  1402  53524  0  4523258136  1507  0  406209  406209  0  0  63604  272  0  91  4  63604  0  53524  46500  46  0  671183860  11499  57762  57872  57872  11.3683870826  
1438947791  0  449326  55746  0  0  0  1163  40397  0  4992940491  1507  0  446125  446125  0  0  63604  272  0  109  178  63604  0  40397  55746  46  0  469682355  9246  40297  39916  39916  12.4065823033  
1438947801  0  505729  69787  0  0  0  1351  51063  0  5676210114  1507  0  502511  502511  0  0  63604  272  0  109  2  63604  0  51063  69787  46  0  683269623  14041  56403  56386  56386  13.7992877608  
1438947811  0  557711  81908  0  0  0  1172  42297  0  6291201197  1507  0  554561  554561  0  0  63604  272  0  109  2  63604  0  42297  81908  46  0  614991083  12121  51982  52050  52050  14.6864594745  
1438947821  0  612963  95974  0  0  0  1339  50741  0  6970650121  1507  0  609630  609630  0  0  63604  272  0  109  3  63604  0  50741  95974  46  0  679448924  14066  55252  55069  55069  15.657388782  
1438947831  0  669293  110294  0  0  0  1424  53609  0  7665715966  1570  0  665901  665901  0  0  63604  272  0  109  3  63604  0  53609  110294  46  0  695065845  14320  56330  56271  56271  16.4791802693  
1438947841  0  723112  123055  0  0  0  1345  50306  0  8308626440  1570  0  719983  719983  0  0  63604  272  0  109  41  63604  0  50306  123055  46  0  642910474  12761  53819  54082  54082  17.017419155  
1438947851  0  780479  139341  0  0  0  1491  56679  0  9030672524  1570  0  777365  777365  0  0  63604  272  0  109  30  63604  0  56679  139341  46  0  722046084  16286  57367  57382  57382  17.8532670322  
1438947861  0  829209  151914  0  0  0  1272  46341  0  9627466409  1570  0  825758  825758  0  0  63604  272  0  109  3  63604  0  46341  151914  46  0  596793885  12573  48730  48393  48393  18.3203510816  
1438947871  0  890011  165499  0  0  0  1287  49637  0  10375722127  1570  0  886677  886677  0  0  63604  272  0  109  2  63604  0  49637  165499  46  0  748255718  13585  60802  60919  60919  18.5951634306  
1438947881  0  942767  178991  0  0  0  1364  50958  0  11004910335  1570  0  939514  939514  0  0  63604  272  0  109  2  63604  0  50958  178991  46  0  629188208  13492  52756  52837  52837  18.9857090882  
1438947891  0  993425  190706  0  0  0  1351  50569  0  11634502755  1570  0  990292  990292  0  0  63604  272  0  109  3  63604  0  50569  190706  46  0  629592420  11715  50658  50778  50778  19.1968190855  
1438947901  0  1046783  202349  0  0  0  1276  48427  0  12278434764  1570  0  1043477  1043477  0  0  63604  272  0  109  3  63604  0  48427  202349  46  0  643932009  11643  53358  53185  53185  19.3305584825  
1438947911  0  1104148  217932  0  0  0  1439  55796  0  12992228920  1570  0  1100897  1100897  0  0  63604  272  0  109  2  63604  0  55796  217932  46  0  713794156  15583  57365  57420  57420  19.7375714125  
1438947921  0  1154401  230056  0  0  0  1250  46461  0  13611253592  1570  0  1151286  1151286  0  0  63604  272  0  109  2  63604  0  46461  230056  46  0  619024672  12124  50253  50389  50389  19.9286036655  
1438947931  0  1199351  238118  0  0  0  1134  41629  0  14150956703  1570  0  1196216  1196216  0  0  63604  272  0  109  2  63604  0  41629  238118  46  0  539703111  8062  44950  44930  44930  19.8539043199  
1438947941  0  1245804  248151  0  0  0  1252  45675  0  14715795101  1570  0  1242651  1242651  0  0  63604  272  0  109  3  63604  0  45675  248151  46  0  564838398  10033  46453  46435  46435  19.9189439109  
1438947951  0  1295353  259407  0  0  0  1248  45435  0  15330104508  1570  0  1291961  1291961  0  0  63604  272  0  109  3  63604  0  45435  259407  46  0  614309407  11256  49549  49310  49310  20.025969755  
1438947961  0  1344170  270153  0  0  0  1266  47645  0  15915622339  1570  0  1340835  1340835  0  0  63604  272  0  109  2  63604  0  47645  270153  46  0  585517831  10746  48817  48874  48874  20.098127469  
1438947971  0  1385828  278356  0  0  0  1206  43190  0  16426799594  1570  0  1382536  1382536  0  0  63604  272  0  109  3  63604  0  43190  278356  46  0  511177255  8203  41658  41701  41701  20.0858981057  
1438947981  0  1440957  289513  0  0  0  1364  51394  0  17092002763  1570  0  1437461  1437461  0  0  63604  272  0  109  3  63604  0  51394  289513  46  0  665203169  11157  55129  54925  54925  20.0917168243  
1438947991  0  1501783  302660  0  0  0  1344  51404  0  17827727267  1570  0  1498580  1498580  0  0  63604  272  0  109  2  63604  0  51404  302660  46  0  735724504  13147  60826  61119  61119  20.1533776851  
1438948001  0  1559852  318999  0  0  0  1533  58841  0  18559411716  1570  0  1556553  1556553  0  0  63604  272  0  109  2  63604  0  58841  318999  46  0  731684449  16339  58069  57973  57973  20.4505940307  
1438948011  0  1610275  332371  0  0  0  1402  52190  0  19173599086  1570  0  1606793  1606793  0  0  63604  272  0  109  3  63604  0  52190  332371  46  0  614187370  13372  50423  50240  50240  20.6406359162  
1438948021  0  1664750  344320  0  0  0  1380  52031  0  19843436370  1570  0  1661475  1661475  0  0  63604  272  0  109  4  63604  0  52031  344320  46  0  669837284  11949  54475  54682  54682  20.6829854332  
1438948031  0  1704357  353588  0  0  0  1288  47881  0  20343385051  1570  0  1701325  1701325  0  0  63604  272  0  109  4  63604  0  47881  353588  46  0  499948681  9268  39607  39850  39850  20.7461230247  
1438948041  0  1745018  363836  0  0  0  1251  46908  0  20850301996  1570  0  1742078  1742078  0  0  63604  272  0  109  20  63604  0  46908  363836  47  0  506916945  10248  40661  40753  40753  20.8499855016  
1438948051  0  1806984  379280  0  0  0  1415  53590  0  21610952993  1570  0  1803763  1803763  0  0  63604  272  0  110  21  63604  0  53590  379280  47  0  760650997  15444  61966  61685  61685  20.9896711869  
1438948061  0  1871716  399510  0  0  0  1471  56516  0  22443125483  1570  0  1868602  1868602  0  0  63604  272  0  110  5  63604  0  56516  399510  47  0  832172490  20230  64732  64839  64839  21.344584328  
1438948071  0  1928859  414196  0  0  0  1446  56357  0  23149415594  1570  0  1925625  1925625  0  0  63604  272  0  110  2  63604  0  56357  414196  47  0  706290111  14686  57143  57023  57023  21.4736276731  
1438948081  0  1996185  434817  0  0  0  1584  60750  0  24018542216  1601  0  1992930  1992930  0  0  63604  272  0  110  2  63604  0  60750  434817  47  0  869126622  20621  67326  67305  67305  21.7823999279  
1438948091  0  2038779  444120  0  0  0  1289  47046  0  24561512703  1601  0  2035627  2035627  0  0  63604  272  0  110  22  63604  0  47046  444120  47  0  542970487  9303  42594  42697  42697  21.7836263764  
1438948101  0  2079333  452595  0  0  0  1147  41089  0  25047267368  1601  0  2075837  2075837  0  0  63604  272  0  111  4  63604  0  41089  452595  47  0  485754665  8475  40554  40210  40210  21.766354884  
1438948111  0  2138717  466051  0  0  0  1385  52299  0  25792269788  1601  0  2135240  2135240  0  0  63604  272  0  111  6  63604  0  52299  466051  47  0  745002420  13456  59384  59403  59403  21.7911486185  
1438948121  0  2197189  480473  0  0  0  1415  54171  0  26535418837  1601  0  2193796  2193796  0  0  63604  272  0  111  2  63604  0  54171  480473  47  0  743149049  14422  58472  58556  58556  21.8676226761  
1438948131  0  2254521  494685  0  0  0  1302  50655  0  27246901071  1601  0  2251262  2251262  0  0  63604  272  0  111  5  63604  0  50655  494685  47  0  711482234  14212  57332  57466  57466  21.9419113861  
1438948141  0  2288191  501862  0  0  0  1022  36298  0  27657927817  1601  0  2284774  2284774  0  0  63604  272  0  111  4  63604  0  36298  501862  47  0  411026746  7177  33670  33512  33512  21.932697052  
1438948151  0  2348724  517167  0  0  0  1423  54824  0  28416179697  1601  0  2345473  2345473  0  0  63604  272  0  111  8  63604  0  54824  517167  47  0  758251880  15305  60533  60699  60699  22.0190622653  
1438948161  0  2422210  541379  0  0  0  1643  65434  0  29358562335  1666  0  2418932  2418932  0  0  66447  272  0  111  6  66447  0  65434  541379  47  0  942382638  24212  73486  73459  73459  22.3506219527  
1438948171  0  2468170  554860  0  0  0  1301  48305  0  29953868935  1666  0  2464824  2464824  0  0  66447  272  0  111  6  66447  0  48305  554860  47  0  595306600  13481  45960  45892  45892  22.4806232958  
1438948181  0  2523321  568218  0  0  0  1337  48833  0  30659576840  1666  0  2520171  2520171  0  0  66447  272  0  111  6  66447  0  48833  568218  47  0  705707905  13358  55151  55347  55347  22.5186569604  
1438948191  0  2587518  585067  0  0  0  1527  58005  0  31455124627  1666  0  2584364  2584364  0  0  66447  272  0  111  4  66447  0  58005  585067  47  0  795547787  16849  64197  64193  64193  22.6111277294  
1438948201  0  2636019  598553  0  0  0  1329  50018  0  32068960736  1666  0  2632914  2632914  0  0  66447  272  0  111  2  66447  0  50018  598553  47  0  613836109  13486  48501  48550  48550  22.7067027969  
1438948211  0  2687742  611194  0  0  0  1311  48017  0  32717884534  1666  0  2684630  2684630  0  0  66447  272  0  111  5  66447  0  48017  611194  47  0  648923798  12641  51723  51716  51716  22.740054663  
1438948221  0  2746690  624938  0  0  0  1463  54443  0  33426862194  1666  0  2743567  2743567  0  0  66447  272  0  111  5  66447  0  54443  624938  47  0  708977660  13744  58948  58937  58937  22.7524038024  
1438948231  0  2802541  640245  0  0  0  1506  56694  0  34122197837  1666  0  2799375  2799375  0  0  66447  272  0  111  3  66447  0  56694  640245  47  0  695335643  15307  55851  55808  55808  22.8451608737  
1438948241  0  2855408  651554  0  0  0  1382  51068  0  34780429657  1666  0  2852299  2852299  0  0  66447  272  0  111  4  66447  0  51068  651554  47  0  658231820  11309  52867  52924  52924  22.8182452385  
1438948252  0  2900415  660843  0  0  0  1275  45172  0  35315934344  1666  0  2897176  2897176  0  0  66447  272  0  111  3  66447  0  45172  660843  47  0  535504687  9289  45007  44877  44877  22.7844291248  
1438948262  0  2966938  679358  0  0  0  1596  60971  0  36151722533  1666  0  2963505  2963505  0  0  66447  272  0  111  3  66447  0  60971  679358  47  0  835788189  18515  66523  66329  66329  22.897613634  
1438948272  0  3030518  698409  0  0  0  1533  58626  0  36941347984  1666  0  3027432  3027432  0  0  66447  272  0  111  6  66447  0  58626  698409  47  0  789625451  19051  63580  63927  63927  23.0458621265  
1438948282  0  3085600  713485  0  0  0  1376  52199  0  37620380350  1666  0  3082495  3082495  0  0  66447  272  0  111  6  66447  0  52199  713485  47  0  679032366  15076  55082  55063  55063  23.1230554835  
1438948292  0  3124626  721395  0  0  0  1153  40334  0  38088365154  1666  0  3121392  3121392  0  0  66447  272  0  111  2  66447  0  40334  721395  47  0  467984804  7910  39026  38897  38897  23.0874031004  
1438948302  0  3199059  740755  0  0  0  1578  61642  0  39001545732  1666  0  3195931  3195931  0  0  66447  272  0  111  3  66447  0  61642  740755  47  0  913180578  19360  74433  74539  74539  23.1554028857  
1438948312  0  3263304  762092  0  0  0  1606  61496  0  39806001548  1729  0  3260043  3260043  0  0  69008  272  0  111  4  69008  0  61496  762092  47  0  804455816  21337  64245  64112  64112  23.353386629  
1438948322  0  3326383  779851  0  0  0  1494  56093  0  40580247985  1729  0  3323171  3323171  0  0  69008  272  0  111  5  69008  0  56093  779851  47  0  774246437  17759  63079  63128  63128  23.4444139475  
1438948332  0  3387135  796209  0  0  0  1479  54954  0  41330254605  1729  0  3383835  3383835  0  0  69008  272  0  111  3  69008  0  54954  796209  47  0  750006620  16358  60752  60664  60664  23.5068575655  
1438948342  0  3455927  816199  0  0  0  1543  60340  0  42193113307  1729  0  3452644  3452644  0  0  69008  272  0  111  4  69008  0  60340  816199  47  0  862858702  19990  68792  68809  68809  23.6173680752  
1438948352  0  3493833  826014  0  0  0  1280  46757  0  42659709658  1729  0  3490770  3490770  0  0  69008  272  0  111  2  69008  0  46757  826014  47  0  466596351  9815  37906  38126  38126  23.642057305  
1438948362  0  3495026  826014  0  0  0  216  5915  0  42669334262  1729  0  3491579  3491579  0  0  69008  272  0  111  2  69008  0  5915  826014  47  0  9624604  0  1193  809  809  23.6339872722  
1438948372  0  3495266  826014  0  0  0  27  632  0  42673205706  1729  0  3491931  3491931  0  0  69008  272  0  111  2  69008  0  632  826014  47  0  3871444  0  240  352  352  23.632364461  
