#Type:X;CI:8;ww:0;ca:0;co:0;fr:0;Type:X;CI:8;PI:0;PT:EP;U0:0;U1:0;Type:X;CI:8;PI:1;PT:EP;U0:0;U1:0;
#time  Pp  gt  gs  cn  cm  cb  Nc  Pc  cp  Tc  Nm  pr  ps  pt  px  pd  Pm  Om  fs  ft  Oc  Em  Gp  Ec  Ge  ot  os  Total_cycles_diff  Successful_get_diff  Total_get_diff  succ_put_diff  total_put_diff  get_hit  
1439441997  0  0  0  0  0  0  0  0  0  4177980  0  0  0  0  0  0  0  0  0  21  0  0  0  0  0  46  0  4177980  0  0  0  0  
1439442007  0  0  0  0  0  0  0  0  0  4177980  0  0  0  0  0  0  0  0  0  21  0  0  0  0  0  46  0  0  0  0  0  0  0 
1439442017  0  0  0  0  0  0  0  0  0  4177980  0  0  0  0  0  0  0  0  0  21  0  0  0  0  0  46  0  0  0  0  0  0  0 
1439442027  0  0  0  0  0  0  0  0  0  4181641  0  0  0  0  0  0  0  0  0  21  0  0  0  0  0  46  0  3661  0  0  0  0  0 
1439442037  0  0  0  0  0  0  0  0  0  4281774  0  0  0  0  0  0  0  0  0  21  0  0  0  0  0  46  0  100133  0  0  0  0  0 
1439442047  0  551  342  0  0  0  178  2587  0  45883047  223  0  3326  3326  0  0  3326  340  0  137  187  3326  0  2587  342  4275  114  41601273  342  551  3326  3326  62.0689655172  
1439442057  0  552  343  0  0  0  178  2586  0  45916480  223  0  3326  3326  0  0  3326  340  0  137  186  3326  0  2586  343  4275  114  33433  1  1  0  0  62.1376811594  
1439442067  0  552  343  0  0  0  208  3043  0  81986140  223  0  3783  3783  0  0  3326  340  0  33943  223  3326  0  3043  343  4275  114  36069660  0  0  457  457  62.1376811594  
1439442077  0  552  343  0  0  0  208  3044  0  118861919  223  0  3784  3784  0  0  3326  340  0  74415  224  3326  0  3044  343  4275  114  36875779  0  0  1  1  62.1376811594  
1439442087  0  588  362  0  0  0  143  3172  0  143808201  223  0  4559  4559  0  0  3326  340  0  96478  135  3326  0  3172  362  4461  203  24946282  19  36  775  775  61.5646258503  
1439442097  0  601  362  0  0  0  112  2659  0  171798117  223  0  4571  4571  0  0  3326  340  0  126404  72  3326  0  2659  362  4768  272  27989916  0  13  12  12  60.2329450915  
1439442107  0  601  362  0  0  0  111  2647  0  203931068  223  0  4576  4576  0  0  3326  340  0  161826  68  3326  0  2647  362  5597  276  32132951  0  0  5  5  60.2329450915  
1439442117  0  6264  605  0  0  0  131  2886  0  240515763  223  0  5089  5089  0  0  3326  340  0  204829  70  3326  0  2886  605  6766  285  36584695  243  5663  513  513  9.65836526181  
1439442127  0  14672  605  0  0  0  181  3673  0  276831208  223  0  5883  5883  0  0  3673  340  0  223685  105  3673  0  3673  605  7317  286  36315445  0  8408  794  794  4.12350054526  
1439442137  0  21634  605  0  0  0  225  4451  0  310214784  225  0  6661  6661  0  0  4451  340  0  239524  137  4451  0  4451  605  7514  286  33383576  0  6962  778  778  2.79652399002  
1439442147  0  30021  677  0  0  0  301  6027  0  359544815  301  0  8309  8309  0  0  6027  340  0  257532  187  6027  0  6027  677  8131  286  49330031  72  8387  1648  1648  2.25508810499  
1439442157  0  38738  688  0  0  0  581  16226  0  524586861  581  0  18519  18519  0  0  16226  344  0  267091  344  16226  0  16226  688  8406  286  165042046  11  8717  10210  10210  1.77603386855  
1439442167  0  49851  692  0  0  0  945  28284  0  715753907  945  0  30581  30581  0  0  28284  541  0  278437  541  28284  0  28284  692  8641  286  191167046  4  11113  12062  12062  1.38813664721  
1439442177  0  56806  696  0  0  0  1190  35988  0  831862659  1190  0  38289  38289  0  0  35988  668  0  285795  668  35988  0  35988  696  8811  286  116108752  4  6955  7708  7708  1.22522268774  
1439442187  0  65076  1446  0  0  0  1482  44788  0  944900102  1487  0  48321  48321  0  0  45002  814  0  293727  813  45002  0  44788  1446  8982  295  113037443  750  8270  10032  10032  2.22201733358  
1439442197  0  71601  2713  0  0  0  1610  49480  0  1101689530  1610  0  57082  57082  0  0  49480  857  2  302768  857  49480  0  49480  2713  9249  349  156789428  1267  6525  8761  8761  3.78905322551  
1439442207  0  79862  3882  0  0  0  114  2589  0  1375157488  1702  0  66523  66523  0  0  52311  887  5  311890  58  52311  0  2589  3882  9547  395  273467958  1169  8261  9441  9441  4.86088502667  
1439442217  0  82131  3882  0  0  0  0  0  0  1499007118  1702  0  69044  74675  5631  0  52311  887  5  321427  0  52311  0  0  3882  9757  395  123849630  0  2269  2521  8152  4.72659531724  
1439442227  0  82131  3882  0  0  0  0  0  0  1607883715  1702  0  69044  84265  15221  0  52311  887  5  331328  0  52311  0  0  3882  9999  395  108876597  0  0  0  9590  4.72659531724  
1439442237  0  82131  3882  0  0  0  0  0  0  1711980477  1702  0  69044  92571  23527  0  52311  887  5  341425  0  52311  0  0  3882  10201  395  104096762  0  0  0  8306  4.72659531724  
1439442247  0  82131  3882  0  0  0  0  0  0  1828860798  1702  0  69044  101591  32547  0  52311  887  5  355551  0  52311  0  0  3882  10484  395  116880321  0  0  0  9020  4.72659531724  
1439442257  0  82131  3882  0  0  0  0  0  0  1900461352  1702  0  69044  107770  38726  0  52311  887  5  362409  0  52311  0  0  3882  10647  395  71600554  0  0  0  6179  4.72659531724  
1439442267  0  82131  3882  0  0  0  0  0  0  1994155782  1702  0  69044  115127  46083  0  52311  887  5  369737  0  52311  0  0  3882  10869  395  93694430  0  0  0  7357  4.72659531724  
1439442277  0  82131  3882  0  0  0  0  0  0  2072795884  1702  0  69044  122262  53218  0  52311  887  5  378339  0  52311  0  0  3882  11066  395  78640102  0  0  0  7135  4.72659531724  
1439442287  0  82131  3882  0  0  0  0  0  0  2126414174  1702  0  69044  126385  57341  0  52311  887  5  385616  0  52311  0  0  3882  11208  395  53618290  0  0  0  4123  4.72659531724  
1439442297  0  82131  3882  0  0  0  0  0  0  2183611208  1702  0  69044  130624  61580  0  52311  887  5  392245  0  52311  0  0  3882  11350  395  57197034  0  0  0  4239  4.72659531724  
1439442307  0  82131  3882  0  0  0  0  0  0  2237296478  1702  0  69044  134611  65567  0  52311  887  5  398048  0  52311  0  0  3882  11493  395  53685270  0  0  0  3987  4.72659531724  
1439442317  0  82131  3882  0  0  0  0  0  0  2305538316  1702  0  69044  140856  71812  0  52311  887  5  404626  0  52311  0  0  3882  11652  395  68241838  0  0  0  6245  4.72659531724  
1439442327  0  82131  3882  0  0  0  0  0  0  2388386905  1702  0  69044  147730  78686  0  52311  887  5  412878  0  52311  0  0  3882  11828  395  82848589  0  0  0  6874  4.72659531724  
1439442337  0  82131  3882  0  0  0  0  0  0  2468463385  1702  0  69044  153761  84717  0  52311  887  5  422764  0  52311  0  0  3882  12041  395  80076480  0  0  0  6031  4.72659531724  
1439442347  0  82131  3882  0  0  0  0  0  0  2532853931  1702  0  69044  158612  89568  0  52311  887  5  431243  0  52311  0  0  3882  12214  395  64390546  0  0  0  4851  4.72659531724  
1439442357  0  82131  3882  0  0  0  0  0  0  2612073353  1702  0  69044  164864  95820  0  52311  887  5  439709  0  52311  0  0  3882  12410  395  79219422  0  0  0  6252  4.72659531724  
1439442367  0  82131  3882  0  0  0  0  0  0  2714401545  1702  0  69044  173172  104128  0  52311  887  5  448251  0  52311  0  0  3882  12678  395  102328192  0  0  0  8308  4.72659531724  
1439442377  0  82131  3882  0  0  0  0  0  0  2802558085  1702  0  69044  180427  111383  0  52311  887  5  456743  0  52311  0  0  3882  12968  395  88156540  0  0  0  7255  4.72659531724  
1439442387  0  82131  3882  0  0  0  0  0  0  2889880727  1702  0  69044  187386  118342  0  52311  887  5  464633  0  52311  0  0  3882  13251  395  87322642  0  0  0  6959  4.72659531724  
1439442397  0  82131  3882  0  0  0  0  0  0  2977700707  1702  0  69044  194796  125752  0  52311  887  5  475691  0  52311  0  0  3882  13490  395  87819980  0  0  0  7410  4.72659531724  
1439442407  0  82131  3882  0  0  0  0  0  0  3048723418  1702  0  69044  200605  131561  0  52311  887  5  484941  0  52311  0  0  3882  13755  395  71022711  0  0  0  5809  4.72659531724  
1439442417  0  82131  3882  0  0  0  0  0  0  3116039337  1702  0  69044  206554  137510  0  52311  887  5  492043  0  52311  0  0  3882  13962  395  67315919  0  0  0  5949  4.72659531724  
1439442427  0  82131  3882  0  0  0  0  0  0  3167763896  1702  0  69044  210170  141126  0  52311  887  5  500044  0  52311  0  0  3882  14120  395  51724559  0  0  0  3616  4.72659531724  
1439442437  0  82131  3882  0  0  0  0  0  0  3255946596  1702  0  69044  216718  147674  0  52311  887  5  512165  0  52311  0  0  3882  14536  395  88182700  0  0  0  6548  4.72659531724  
1439442448  0  82131  3882  0  0  0  0  0  0  3360724132  1702  0  69044  224892  155848  0  52311  887  5  520956  0  52311  0  0  3882  14790  395  104777536  0  0  0  8174  4.72659531724  
1439442458  0  82131  3882  0  0  0  0  0  0  3446496916  1702  0  69044  231878  162834  0  52311  887  5  528928  0  52311  0  0  3882  15018  395  85772784  0  0  0  6986  4.72659531724  
1439442468  0  82131  3882  0  0  0  0  0  0  3535526450  1702  0  69044  239130  170086  0  52311  887  5  537536  0  52311  0  0  3882  15275  395  89029534  0  0  0  7252  4.72659531724  
1439442478  0  82131  3882  0  0  0  0  0  0  3601783097  1702  0  69044  244175  175131  0  52311  887  5  545233  0  52311  0  0  3882  15439  395  66256647  0  0  0  5045  4.72659531724  
1439442488  0  82131  3882  0  0  0  0  0  0  3676890393  1702  0  69044  250023  180979  0  52311  887  5  554441  0  52311  0  0  3882  15682  395  75107296  0  0  0  5848  4.72659531724  
1439442498  0  82131  3882  0  0  0  0  0  0  3764831497  1702  0  69044  257232  188188  0  52311  887  5  563736  0  52311  0  0  3882  15907  395  87941104  0  0  0  7209  4.72659531724  
1439442508  0  82131  3882  0  0  0  0  0  0  3862237907  1702  0  69044  264148  195104  0  52311  887  5  574326  0  52311  0  0  3882  16203  395  97406410  0  0  0  6916  4.72659531724  
1439442518  0  82131  3882  0  0  0  0  0  0  3944607295  1702  0  69044  270668  201624  0  52311  887  5  583167  0  52311  0  0  3882  16391  395  82369388  0  0  0  6520  4.72659531724  
1439442528  0  82131  3882  0  0  0  0  0  0  4011164593  1702  0  69044  275854  206810  0  52311  887  5  591771  0  52311  0  0  3882  16601  395  66557298  0  0  0  5186  4.72659531724  
1439442538  0  82131  3882  0  0  0  0  0  0  4058598735  1702  0  69044  279716  210672  0  52311  887  5  598388  0  52311  0  0  3882  16730  395  47434142  0  0  0  3862  4.72659531724  
1439442548  0  82131  3882  0  0  0  0  0  0  4139485404  1702  0  69044  285858  216814  0  52311  887  5  606677  0  52311  0  0  3882  16921  395  80886669  0  0  0  6142  4.72659531724  
1439442558  0  82131  3882  0  0  0  0  0  0  4189531700  1702  0  69044  289608  220564  0  52311  887  5  612611  0  52311  0  0  3882  17044  395  50046296  0  0  0  3750  4.72659531724  
1439442568  0  82131  3882  0  0  0  0  0  0  4265928373  1702  0  69044  295435  226391  0  52311  887  5  622034  0  52311  0  0  3882  17253  395  76396673  0  0  0  5827  4.72659531724  
1439442578  0  82131  3882  0  0  0  0  0  0  4328797266  1702  0  69044  300781  231737  0  52311  887  5  628701  0  52311  0  0  3882  17399  395  62868893  0  0  0  5346  4.72659531724  
1439442588  0  82131  3882  0  0  0  0  0  0  4402925734  1702  0  69044  306824  237780  0  52311  887  5  636077  0  52311  0  0  3882  17578  395  74128468  0  0  0  6043  4.72659531724  
1439442598  0  82131  3882  0  0  0  0  0  0  4454761978  1702  0  69044  310857  241813  0  52311  887  5  641336  0  52311  0  0  3882  17695  395  51836244  0  0  0  4033  4.72659531724  
1439442608  0  82131  3882  0  0  0  0  0  0  4521100812  1702  0  69044  315905  246861  0  52311  887  5  649560  0  52311  0  0  3882  17868  395  66338834  0  0  0  5048  4.72659531724  
1439442618  0  82131  3882  0  0  0  0  0  0  4584941315  1702  0  69044  321209  252165  0  52311  887  5  657243  0  52311  0  0  3882  18022  395  63840503  0  0  0  5304  4.72659531724  
1439442628  0  82131  3882  0  0  0  0  0  0  4651301347  1702  0  69044  326135  257091  0  52311  887  5  663789  0  52311  0  0  3882  18164  395  66360032  0  0  0  4926  4.72659531724  
1439442638  0  82131  3882  0  0  0  0  0  0  4771285474  1702  0  69044  336455  267411  0  52311  887  5  674817  0  52311  0  0  3882  18414  395  119984127  0  0  0  10320  4.72659531724  
1439442648  0  82131  3882  0  0  0  0  0  0  4836260408  1702  0  69044  341605  272561  0  52311  887  5  681785  0  52311  0  0  3882  18542  395  64974934  0  0  0  5150  4.72659531724  
1439442658  0  82131  3882  0  0  0  0  0  0  4913515082  1702  0  69044  347464  278420  0  52311  887  5  690335  0  52311  0  0  3882  18702  395  77254674  0  0  0  5859  4.72659531724  
1439442668  0  82131  3882  0  0  0  0  0  0  4998035197  1702  0  69044  354772  285728  0  52311  887  5  697680  0  52311  0  0  3882  18887  395  84520115  0  0  0  7308  4.72659531724  
1439442678  0  82131  3882  0  0  0  0  0  0  5085509782  1702  0  69044  361750  292706  0  52311  887  5  706478  0  52311  0  0  3882  19099  395  87474585  0  0  0  6978  4.72659531724  
1439442688  0  82131  3882  0  0  0  0  0  0  5155235680  1702  0  69044  367612  298568  0  52311  887  5  715164  0  52311  0  0  3882  19313  395  69725898  0  0  0  5862  4.72659531724  
1439442698  0  82131  3882  0  0  0  0  0  0  5215654856  1702  0  69044  372276  303232  0  52311  887  5  721813  0  52311  0  0  3882  19469  395  60419176  0  0  0  4664  4.72659531724  
1439442708  0  82131  3882  0  0  0  0  0  0  5279918338  1702  0  69044  377089  308045  0  52311  887  5  730106  0  52311  0  0  3882  19617  395  64263482  0  0  0  4813  4.72659531724  
1439442718  0  82131  3882  0  0  0  0  0  0  5344137884  1702  0  69044  381948  312904  0  52311  887  5  735884  0  52311  0  0  3882  19753  395  64219546  0  0  0  4859  4.72659531724  
1439442728  0  82131  3882  0  0  0  0  0  0  5391202962  1702  0  69044  386211  317167  0  52311  887  5  743064  0  52311  0  0  3882  19902  395  47065078  0  0  0  4263  4.72659531724  
1439442738  0  82131  3882  0  0  0  0  0  0  5446538207  1702  0  69044  390089  321045  0  52311  887  5  750184  0  52311  0  0  3882  20057  395  55335245  0  0  0  3878  4.72659531724  
1439442748  0  82131  3882  0  0  0  0  0  0  5520277630  1702  0  69044  396259  327215  0  52311  887  5  755831  0  52311  0  0  3882  20224  395  73739423  0  0  0  6170  4.72659531724  
1439442758  0  82131  3882  0  0  0  0  0  0  5622244938  1702  0  69044  404033  334989  0  52311  887  5  764702  0  52311  0  0  3882  20434  395  101967308  0  0  0  7774  4.72659531724  
1439442768  0  82131  3882  0  0  0  0  0  0  5675088753  1702  0  69044  408178  339134  0  52311  887  5  771913  0  52311  0  0  3882  20586  395  52843815  0  0  0  4145  4.72659531724  
1439442779  0  82131  3882  0  0  0  0  0  0  5740653147  1702  0  69044  413108  344064  0  52311  887  5  781180  0  52311  0  0  3882  20781  395  65564394  0  0  0  4930  4.72659531724  
1439442789  0  82131  3882  0  0  0  0  0  0  5811414741  1702  0  69044  419015  349971  0  52311  887  5  786686  0  52311  0  0  3882  20927  395  70761594  0  0  0  5907  4.72659531724  
1439442799  0  82131  3882  0  0  0  0  0  0  5892443665  1702  0  69044  425729  356685  0  52311  887  5  794306  0  52311  0  0  3882  21118  395  81028924  0  0  0  6714  4.72659531724  
1439442809  0  82131  3882  0  0  0  0  0  0  5968020131  1702  0  69044  431460  362416  0  52311  887  5  802275  0  52311  0  0  3882  21295  395  75576466  0  0  0  5731  4.72659531724  
1439442819  0  82131  3882  0  0  0  0  0  0  6040778154  1702  0  69044  437687  368643  0  52311  887  5  809911  0  52311  0  0  3882  21461  395  72758023  0  0  0  6227  4.72659531724  
1439442829  0  82131  3882  0  0  0  0  0  0  6087302301  1702  0  69044  441165  372121  0  52311  887  5  815386  0  52311  0  0  3882  21554  395  46524147  0  0  0  3478  4.72659531724  
1439442839  0  82131  3882  0  0  0  0  0  0  6145366947  1702  0  69044  445391  376347  0  52311  887  5  821684  0  52311  0  0  3882  21704  395  58064646  0  0  0  4226  4.72659531724  
1439442849  0  82131  3882  0  0  0  0  0  0  6230313066  1702  0  69044  452926  383882  0  52311  887  5  829988  0  52311  0  0  3882  21901  395  84946119  0  0  0  7535  4.72659531724  
1439442859  0  82131  3882  0  0  0  0  0  0  6283600477  1702  0  69044  457219  388175  0  52311  887  5  836179  0  52311  0  0  3882  22026  395  53287411  0  0  0  4293  4.72659531724  
1439442869  0  82131  3882  0  0  0  0  0  0  6352080626  1702  0  69044  461972  392927  0  52311  887  5  845190  0  52311  0  0  3882  22194  395  68480149  0  0  0  4753  4.72659531724  
1439442879  0  82131  3882  0  0  0  0  0  0  6404201639  1702  0  69044  465573  396528  0  52311  887  5  851650  0  52311  0  0  3882  22335  395  52121013  0  0  0  3601  4.72659531724  
1439442889  0  82131  3882  0  0  0  0  0  0  6484819954  1702  0  69044  471725  402680  0  52311  887  5  860009  0  52311  0  0  3882  22500  395  80618315  0  0  0  6152  4.72659531724  
1439442899  0  82131  3882  0  0  0  0  0  0  6525215138  1702  0  69044  475017  405972  0  52311  887  5  864921  0  52311  0  0  3882  22604  395  40395184  0  0  0  3292  4.72659531724  
1439442909  0  82131  3882  0  0  0  0  0  0  6609888046  1702  0  69044  482363  413318  0  52311  887  5  872151  0  52311  0  0  3882  22788  395  84672908  0  0  0  7346  4.72659531724  
1439442919  0  82131  3882  0  0  0  0  0  0  6659591242  1702  0  69044  486555  417510  0  52311  887  5  879006  0  52311  0  0  3882  22930  395  49703196  0  0  0  4192  4.72659531724  
1439442929  0  82131  3882  0  0  0  0  0  0  6712414798  1702  0  69044  490397  421352  0  52311  887  5  884023  0  52311  0  0  3882  23052  395  52823556  0  0  0  3842  4.72659531724  
1439442939  0  82131  3882  0  0  0  0  0  0  6781524935  1702  0  69044  495817  426772  0  52311  887  5  891520  0  52311  0  0  3882  23220  395  69110137  0  0  0  5420  4.72659531724  
1439442950  0  82131  3882  0  0  0  0  0  0  6846456908  1702  0  69044  501172  432127  0  52311  887  5  898580  0  52311  0  0  3882  23366  395  64931973  0  0  0  5355  4.72659531724  
1439442960  0  82131  3882  0  0  0  0  0  0  6902004656  1702  0  69044  505320  436275  0  52311  887  5  906411  0  52311  0  0  3882  23489  395  55547748  0  0  0  4148  4.72659531724  
1439442970  0  82131  3882  0  0  0  0  0  0  6965985436  1702  0  69044  510495  441450  0  52311  887  5  915063  0  52311  0  0  3882  23628  395  63980780  0  0  0  5175  4.72659531724  
1439442980  0  82131  3882  0  0  0  0  0  0  7043788878  1702  0  69044  516601  447556  0  52311  887  5  922581  0  52311  0  0  3882  23795  395  77803442  0  0  0  6106  4.72659531724  
1439442990  0  82131  3882  0  0  0  0  0  0  7097134468  1702  0  69044  520634  451589  0  52311  887  5  928965  0  52311  0  0  3882  23921  395  53345590  0  0  0  4033  4.72659531724  
1439443000  0  82131  3882  0  0  0  0  0  0  7148313356  1702  0  69044  524917  455872  0  52311  887  5  934162  0  52311  0  0  3882  24045  395  51178888  0  0  0  4283  4.72659531724  
1439443010  0  82131  3882  0  0  0  0  0  0  7223082617  1702  0  69044  530685  461640  0  52311  887  5  944375  0  52311  0  0  3882  24242  395  74769261  0  0  0  5768  4.72659531724  
1439443020  0  82131  3882  0  0  0  0  0  0  7266472540  1702  0  69044  534638  465593  0  52311  887  5  948079  0  52311  0  0  3882  24326  395  43389923  0  0  0  3953  4.72659531724  
1439443030  0  82131  3882  0  0  0  0  0  0  7267488504  1702  0  69044  534638  465593  0  52311  887  5  948376  0  52311  0  0  3882  24328  395  1015964  0  0  0  0  4.72659531724  
1439443040  0  82131  3882  0  0  0  0  0  0  7267898231  1702  0  69044  534638  465593  0  52311  887  5  948376  0  52311  0  0  3882  24328  395  409727  0  0  0  0  4.72659531724  
1439443050  0  82131  3882  0  0  0  0  0  0  7267898231  1702  0  69044  534638  465593  0  52311  887  5  948376  0  52311  0  0  3882  24328  395  0  0  0  0  0  4.72659531724  
1439443060  0  82131  3882  0  0  0  0  0  0  7267898231  1702  0  69044  534638  465593  0  52311  887  5  948376  0  52311  0  0  3882  24328  395  0  0  0  0  0  4.72659531724  
1439443070  0  82131  3882  0  0  0  0  0  0  7267898231  1702  0  69044  534638  465593  0  52311  887  5  948376  0  52311  0  0  3882  24328  395  0  0  0  0  0  4.72659531724  
1439443080  0  82131  3882  0  0  0  0  0  0  7267898231  1702  0  69044  534638  465593  0  52311  887  5  948376  0  52311  0  0  3882  24328  395  0  0  0  0  0  4.72659531724  
1439443090  0  82131  3882  0  0  0  0  0  0  7267898231  1702  0  69044  534638  465593  0  52311  887  5  948376  0  52311  0  0  3882  24328  395  0  0  0  0  0  4.72659531724  
1439443100  0  82131  3882  0  0  0  0  0  0  7267898231  1702  0  69044  534638  465593  0  52311  887  5  948376  0  52311  0  0  3882  24328  395  0  0  0  0  0  4.72659531724  
1439443110  0  82131  3882  0  0  0  0  0  0  7267898231  1702  0  69044  534638  465593  0  52311  887  5  948376  0  52311  0  0  3882  24328  395  0  0  0  0  0  4.72659531724  
1439443120  0  82131  3882  0  0  0  0  0  0  7267898231  1702  0  69044  534638  465593  0  52311  887  5  948376  0  52311  0  0  3882  24328  395  0  0  0  0  0  4.72659531724  
1439443130  0  82131  3882  0  0  0  0  0  0  7267898231  1702  0  69044  534638  465593  0  52311  887  5  948376  0  52311  0  0  3882  24328  395  0  0  0  0  0  4.72659531724  
1439443140  0  82131  3882  0  0  0  0  0  0  7267898231  1702  0  69044  534638  465593  0  52311  887  5  948376  0  52311  0  0  3882  24328  395  0  0  0  0  0  4.72659531724  
1439443150  0  82131  3882  0  0  0  0  0  0  7267898231  1702  0  69044  534638  465593  0  52311  887  5  948376  0  52311  0  0  3882  24328  395  0  0  0  0  0  4.72659531724  
1439443160  0  82131  3882  0  0  0  0  0  0  7267898231  1702  0  69044  534638  465593  0  52311  887  5  948376  0  52311  0  0  3882  24328  395  0  0  0  0  0  4.72659531724  
1439443170  0  82131  3882  0  0  0  0  0  0  7267898231  1702  0  69044  534638  465593  0  52311  887  5  948376  0  52311  0  0  3882  24328  395  0  0  0  0  0  4.72659531724  
1439443180  0  82131  3882  0  0  0  0  0  0  7267898231  1702  0  69044  534638  465593  0  52311  887  5  948376  0  52311  0  0  3882  24328  395  0  0  0  0  0  4.72659531724  
1439443190  0  82131  3882  0  0  0  0  0  0  7267898231  1702  0  69044  534638  465593  0  52311  887  5  948376  0  52311  0  0  3882  24328  395  0  0  0  0  0  4.72659531724  
1439443200  0  82131  3882  0  0  0  0  0  0  7267898231  1702  0  69044  534638  465593  0  52311  887  5  948376  0  52311  0  0  3882  24328  395  0  0  0  0  0  4.72659531724  
1439443211  0  82131  3882  0  0  0  0  0  0  7267898231  1702  0  69044  534638  465593  0  52311  887  5  948376  0  52311  0  0  3882  24328  395  0  0  0  0  0  4.72659531724  
1439443221  0  82131  3882  0  0  0  0  0  0  7267898231  1702  0  69044  534638  465593  0  52311  887  5  948376  0  52311  0  0  3882  24328  395  0  0  0  0  0  4.72659531724  
1439443231  0  82131  3882  0  0  0  0  0  0  7267898231  1702  0  69044  534638  465593  0  52311  887  5  948376  0  52311  0  0  3882  24328  395  0  0  0  0  0  4.72659531724  
1439443241  0  82131  3882  0  0  0  0  0  0  7267898231  1702  0  69044  534638  465593  0  52311  887  5  948376  0  52311  0  0  3882  24328  395  0  0  0  0  0  4.72659531724  
1439443251  0  82131  3882  0  0  0  0  0  0  7267898231  1702  0  69044  534638  465593  0  52311  887  5  948376  0  52311  0  0  3882  24328  395  0  0  0  0  0  4.72659531724  
1439443261  0  82131  3882  0  0  0  0  0  0  7267898231  1702  0  69044  534638  465593  0  52311  887  5  948376  0  52311  0  0  3882  24328  395  0  0  0  0  0  4.72659531724  
1439443271  0  82131  3882  0  0  0  0  0  0  7267898231  1702  0  69044  534638  465593  0  52311  887  5  948376  0  52311  0  0  3882  24328  395  0  0  0  0  0  4.72659531724  
1439443281  0  82131  3882  0  0  0  0  0  0  7267898231  1702  0  69044  534638  465593  0  52311  887  5  948376  0  52311  0  0  3882  24328  395  0  0  0  0  0  4.72659531724  
1439443291  0  82131  3882  0  0  0  0  0  0  7267898231  1702  0  69044  534638  465593  0  52311  887  5  948376  0  52311  0  0  3882  24328  395  0  0  0  0  0  4.72659531724  
1439443301  0  82131  3882  0  0  0  0  0  0  7267898231  1702  0  69044  534638  465593  0  52311  887  5  948376  0  52311  0  0  3882  24328  395  0  0  0  0  0  4.72659531724  
1439443311  0  82131  3882  0  0  0  0  0  0  7267898231  1702  0  69044  534638  465593  0  52311  887  5  948376  0  52311  0  0  3882  24328  395  0  0  0  0  0  4.72659531724  
1439443321  0  82131  3882  0  0  0  0  0  0  7267898231  1702  0  69044  534638  465593  0  52311  887  5  948376  0  52311  0  0  3882  24328  395  0  0  0  0  0  4.72659531724  
1439443331  0  82131  3882  0  0  0  0  0  0  7267898231  1702  0  69044  534638  465593  0  52311  887  5  948376  0  52311  0  0  3882  24328  395  0  0  0  0  0  4.72659531724  
1439443341  0  82131  3882  0  0  0  0  0  0  7267898231  1702  0  69044  534638  465593  0  52311  887  5  948376  0  52311  0  0  3882  24328  395  0  0  0  0  0  4.72659531724  
1439443351  0  82131  3882  0  0  0  0  0  0  7267898231  1702  0  69044  534638  465593  0  52311  887  5  948376  0  52311  0  0  3882  24328  395  0  0  0  0  0  4.72659531724  
1439443361  0  82131  3882  0  0  0  0  0  0  7267898231  1702  0  69044  534638  465593  0  52311  887  5  948376  0  52311  0  0  3882  24328  395  0  0  0  0  0  4.72659531724  
1439443371  0  82131  3882  0  0  0  0  0  0  7267898231  1702  0  69044  534638  465593  0  52311  887  5  948376  0  52311  0  0  3882  24328  395  0  0  0  0  0  4.72659531724  
1439443381  0  82131  3882  0  0  0  0  0  0  7267898231  1702  0  69044  534638  465593  0  52311  887  5  948376  0  52311  0  0  3882  24328  395  0  0  0  0  0  4.72659531724  
1439443391  0  82131  3882  0  0  0  0  0  0  7267898231  1702  0  69044  534638  465593  0  52311  887  5  948376  0  52311  0  0  3882  24328  395  0  0  0  0  0  4.72659531724  
1439443401  0  82131  3882  0  0  0  0  0  0  7267898231  1702  0  69044  534638  465593  0  52311  887  5  948376  0  52311  0  0  3882  24328  395  0  0  0  0  0  4.72659531724  
1439443411  0  82131  3882  0  0  0  0  0  0  7267898231  1702  0  69044  534638  465593  0  52311  887  5  948376  0  52311  0  0  3882  24328  395  0  0  0  0  0  4.72659531724  
1439443421  0  82131  3882  0  0  0  0  0  0  7267898231  1702  0  69044  534638  465593  0  52311  887  5  948376  0  52311  0  0  3882  24328  395  0  0  0  0  0  4.72659531724  
1439443431  0  82131  3882  0  0  0  0  0  0  7267898231  1702  0  69044  534638  465593  0  52311  887  5  948376  0  52311  0  0  3882  24328  395  0  0  0  0  0  4.72659531724  
1439443441  0  82131  3882  0  0  0  0  0  0  7267898231  1702  0  69044  534638  465593  0  52311  887  5  948376  0  52311  0  0  3882  24328  395  0  0  0  0  0  4.72659531724  
1439443451  0  82131  3882  0  0  0  0  0  0  7267898231  1702  0  69044  534638  465593  0  52311  887  5  948376  0  52311  0  0  3882  24328  395  0  0  0  0  0  4.72659531724  
1439443461  0  82131  3882  0  0  0  0  0  0  7267898231  1702  0  69044  534638  465593  0  52311  887  5  948376  0  52311  0  0  3882  24328  395  0  0  0  0  0  4.72659531724  
1439443471  0  82131  3882  0  0  0  0  0  0  7267898231  1702  0  69044  534638  465593  0  52311  887  5  948376  0  52311  0  0  3882  24328  395  0  0  0  0  0  4.72659531724  
1439443481  0  82131  3882  0  0  0  0  0  0  7267898231  1702  0  69044  534638  465593  0  52311  887  5  948376  0  52311  0  0  3882  24328  395  0  0  0  0  0  4.72659531724  
1439443491  0  82131  3882  0  0  0  0  0  0  7268010004  1702  0  69044  534638  465593  0  52311  887  5  948376  0  52311  0  0  3882  24328  395  111773  0  0  0  0  4.72659531724  
1439443501  0  82131  3882  0  0  0  0  0  0  7268010004  1702  0  69044  534638  465593  0  52311  887  5  948376  0  52311  0  0  3882  24328  395  0  0  0  0  0  4.72659531724  
1439443511  0  82131  3882  0  0  0  0  0  0  7268010004  1702  0  69044  534638  465593  0  52311  887  5  948376  0  52311  0  0  3882  24328  395  0  0  0  0  0  4.72659531724  
1439443521  0  82131  3882  0  0  0  0  0  0  7268010004  1702  0  69044  534638  465593  0  52311  887  5  948376  0  52311  0  0  3882  24328  395  0  0  0  0  0  4.72659531724  
1439443531  0  82131  3882  0  0  0  0  0  0  7268010004  1702  0  69044  534638  465593  0  52311  887  5  948376  0  52311  0  0  3882  24328  395  0  0  0  0  0  4.72659531724  
1439443541  0  82131  3882  0  0  0  0  0  0  7268010004  1702  0  69044  534638  465593  0  52311  887  5  948376  0  52311  0  0  3882  24328  395  0  0  0  0  0  4.72659531724  
1439443551  0  82131  3882  0  0  0  0  0  0  7268010004  1702  0  69044  534638  465593  0  52311  887  5  948376  0  52311  0  0  3882  24328  395  0  0  0  0  0  4.72659531724  
1439443561  0  82131  3882  0  0  0  0  0  0  7268010004  1702  0  69044  534638  465593  0  52311  887  5  948376  0  52311  0  0  3882  24328  395  0  0  0  0  0  4.72659531724  
1439443571  0  82131  3882  0  0  0  0  0  0  7268010004  1702  0  69044  534638  465593  0  52311  887  5  948376  0  52311  0  0  3882  24328  395  0  0  0  0  0  4.72659531724  
1439443581  0  82131  3882  0  0  0  0  0  0  7268010004  1702  0  69044  534638  465593  0  52311  887  5  948376  0  52311  0  0  3882  24328  395  0  0  0  0  0  4.72659531724  
1439443591  0  82131  3882  0  0  0  0  0  0  7268010004  1702  0  69044  534638  465593  0  52311  887  5  948376  0  52311  0  0  3882  24328  395  0  0  0  0  0  4.72659531724  
1439443601  0  82131  3882  0  0  0  0  0  0  7268010004  1702  0  69044  534638  465593  0  52311  887  5  948376  0  52311  0  0  3882  24328  395  0  0  0  0  0  4.72659531724  
1439443611  0  82131  3882  0  0  0  0  0  0  7268010004  1702  0  69044  534638  465593  0  52311  887  5  948376  0  52311  0  0  3882  24328  395  0  0  0  0  0  4.72659531724  
1439443621  0  82131  3882  0  0  0  0  0  0  7268010004  1702  0  69044  534638  465593  0  52311  887  5  948376  0  52311  0  0  3882  24328  395  0  0  0  0  0  4.72659531724  
1439443631  0  82131  3882  0  0  0  0  0  0  7268010004  1702  0  69044  534638  465593  0  52311  887  5  948376  0  52311  0  0  3882  24328  395  0  0  0  0  0  4.72659531724  
1439443641  0  82131  3882  0  0  0  0  0  0  7268010004  1702  0  69044  534638  465593  0  52311  887  5  948376  0  52311  0  0  3882  24328  395  0  0  0  0  0  4.72659531724  
1439443651  0  82131  3882  0  0  0  0  0  0  7268010004  1702  0  69044  534638  465593  0  52311  887  5  948376  0  52311  0  0  3882  24328  395  0  0  0  0  0  4.72659531724  
1439443661  0  82131  3882  0  0  0  0  0  0  7268010004  1702  0  69044  534638  465593  0  52311  887  5  948376  0  52311  0  0  3882  24328  395  0  0  0  0  0  4.72659531724  
1439443671  0  82131  3882  0  0  0  0  0  0  7268010004  1702  0  69044  534638  465593  0  52311  887  5  948376  0  52311  0  0  3882  24328  395  0  0  0  0  0  4.72659531724  
1439443681  0  82131  3882  0  0  0  0  0  0  7268010004  1702  0  69044  534638  465593  0  52311  887  5  948376  0  52311  0  0  3882  24328  395  0  0  0  0  0  4.72659531724  
1439443691  0  82131  3882  0  0  0  0  0  0  7268010004  1702  0  69044  534638  465593  0  52311  887  5  948376  0  52311  0  0  3882  24328  395  0  0  0  0  0  4.72659531724  
1439443701  0  82131  3882  0  0  0  0  0  0  7268010004  1702  0  69044  534638  465593  0  52311  887  5  948376  0  52311  0  0  3882  24328  395  0  0  0  0  0  4.72659531724  
1439443711  0  82131  3882  0  0  0  0  0  0  7268010004  1702  0  69044  534638  465593  0  52311  887  5  948376  0  52311  0  0  3882  24328  395  0  0  0  0  0  4.72659531724  
1439443721  0  82131  3882  0  0  0  0  0  0  7268010004  1702  0  69044  534638  465593  0  52311  887  5  948376  0  52311  0  0  3882  24328  395  0  0  0  0  0  4.72659531724  
1439443731  0  82131  3882  0  0  0  0  0  0  7268010004  1702  0  69044  534638  465593  0  52311  887  5  948376  0  52311  0  0  3882  24328  395  0  0  0  0  0  4.72659531724  
1439443741  0  82131  3882  0  0  0  0  0  0  7268010004  1702  0  69044  534638  465593  0  52311  887  5  948376  0  52311  0  0  3882  24328  395  0  0  0  0  0  4.72659531724  
1439443751  0  82131  3882  0  0  0  0  0  0  7268010004  1702  0  69044  534638  465593  0  52311  887  5  948376  0  52311  0  0  3882  24328  395  0  0  0  0  0  4.72659531724  
1439443761  0  82131  3882  0  0  0  0  0  0  7268010004  1702  0  69044  534638  465593  0  52311  887  5  948376  0  52311  0  0  3882  24328  395  0  0  0  0  0  4.72659531724  
1439443771  0  82131  3882  0  0  0  0  0  0  7268010004  1702  0  69044  534638  465593  0  52311  887  5  948376  0  52311  0  0  3882  24328  395  0  0  0  0  0  4.72659531724  
1439443781  0  82131  3882  0  0  0  0  0  0  7268010004  1702  0  69044  534638  465593  0  52311  887  5  948376  0  52311  0  0  3882  24328  395  0  0  0  0  0  4.72659531724  
1439443791  0  82131  3882  0  0  0  0  0  0  7268010004  1702  0  69044  534638  465593  0  52311  887  5  948376  0  52311  0  0  3882  24328  395  0  0  0  0  0  4.72659531724  
1439443801  0  82131  3882  0  0  0  0  0  0  7268010004  1702  0  69044  534638  465593  0  52311  887  5  948376  0  52311  0  0  3882  24328  395  0  0  0  0  0  4.72659531724  
1439443811  0  82131  3882  0  0  0  0  0  0  7268010004  1702  0  69044  534638  465593  0  52311  887  5  948376  0  52311  0  0  3882  24328  395  0  0  0  0  0  4.72659531724  
1439443821  0  82131  3882  0  0  0  0  0  0  7268010004  1702  0  69044  534638  465593  0  52311  887  5  948376  0  52311  0  0  3882  24328  395  0  0  0  0  0  4.72659531724  
1439443831  0  82131  3882  0  0  0  0  0  0  7268010004  1702  0  69044  534638  465593  0  52311  887  5  948376  0  52311  0  0  3882  24328  395  0  0  0  0  0  4.72659531724  
1439443841  0  82131  3882  0  0  0  0  0  0  7268010004  1702  0  69044  534638  465593  0  52311  887  5  948376  0  52311  0  0  3882  24328  395  0  0  0  0  0  4.72659531724  
1439443852  0  82131  3882  0  0  0  0  0  0  7268010004  1702  0  69044  534638  465593  0  52311  887  5  948376  0  52311  0  0  3882  24328  395  0  0  0  0  0  4.72659531724  
1439443862  0  82131  3882  0  0  0  0  0  0  7268010004  1702  0  69044  534638  465593  0  52311  887  5  948376  0  52311  0  0  3882  24328  395  0  0  0  0  0  4.72659531724  
1439443872  0  82131  3882  0  0  0  0  0  0  7268010004  1702  0  69044  534638  465593  0  52311  887  5  948376  0  52311  0  0  3882  24328  395  0  0  0  0  0  4.72659531724  
1439443882  0  82131  3882  0  0  0  0  0  0  7268010004  1702  0  69044  534638  465593  0  52311  887  5  948376  0  52311  0  0  3882  24328  395  0  0  0  0  0  4.72659531724  
1439443892  0  82131  3882  0  0  0  0  0  0  7268010004  1702  0  69044  534638  465593  0  52311  887  5  948376  0  52311  0  0  3882  24328  395  0  0  0  0  0  4.72659531724  
1439443902  0  82131  3882  0  0  0  0  0  0  7268010004  1702  0  69044  534638  465593  0  52311  887  5  948376  0  52311  0  0  3882  24328  395  0  0  0  0  0  4.72659531724  
1439443912  0  82131  3882  0  0  0  0  0  0  7268010004  1702  0  69044  534638  465593  0  52311  887  5  948376  0  52311  0  0  3882  24328  395  0  0  0  0  0  4.72659531724  
1439443922  0  82131  3882  0  0  0  0  0  0  7268010004  1702  0  69044  534638  465593  0  52311  887  5  948376  0  52311  0  0  3882  24328  395  0  0  0  0  0  4.72659531724  
1439443932  0  82131  3882  0  0  0  0  0  0  7268010004  1702  0  69044  534638  465593  0  52311  887  5  948376  0  52311  0  0  3882  24328  395  0  0  0  0  0  4.72659531724  
1439443942  0  82131  3882  0  0  0  0  0  0  7268010004  1702  0  69044  534638  465593  0  52311  887  5  948376  0  52311  0  0  3882  24328  395  0  0  0  0  0  4.72659531724  
1439443952  0  82131  3882  0  0  0  0  0  0  7268010004  1702  0  69044  534638  465593  0  52311  887  5  948376  0  52311  0  0  3882  24328  395  0  0  0  0  0  4.72659531724  
1439443962  0  82131  3882  0  0  0  0  0  0  7268010004  1702  0  69044  534638  465593  0  52311  887  5  948376  0  52311  0  0  3882  24328  395  0  0  0  0  0  4.72659531724  
1439443972  0  82131  3882  0  0  0  0  0  0  7268010004  1702  0  69044  534638  465593  0  52311  887  5  948376  0  52311  0  0  3882  24328  395  0  0  0  0  0  4.72659531724  
1439443982  0  82131  3882  0  0  0  0  0  0  7268010004  1702  0  69044  534638  465593  0  52311  887  5  948376  0  52311  0  0  3882  24328  395  0  0  0  0  0  4.72659531724  
1439443992  0  82131  3882  0  0  0  0  0  0  7268010004  1702  0  69044  534638  465593  0  52311  887  5  948376  0  52311  0  0  3882  24328  395  0  0  0  0  0  4.72659531724  
1439444002  0  82131  3882  0  0  0  0  0  0  7268010004  1702  0  69044  534638  465593  0  52311  887  5  948376  0  52311  0  0  3882  24328  395  0  0  0  0  0  4.72659531724  
1439444012  0  82131  3882  0  0  0  0  0  0  7268010004  1702  0  69044  534638  465593  0  52311  887  5  948376  0  52311  0  0  3882  24328  395  0  0  0  0  0  4.72659531724  
1439444022  0  82131  3882  0  0  0  0  0  0  7268010004  1702  0  69044  534638  465593  0  52311  887  5  948376  0  52311  0  0  3882  24328  395  0  0  0  0  0  4.72659531724  
1439444032  0  82131  3882  0  0  0  0  0  0  7268010004  1702  0  69044  534638  465593  0  52311  887  5  948376  0  52311  0  0  3882  24328  395  0  0  0  0  0  4.72659531724  
1439444042  0  82131  3882  0  0  0  0  0  0  7268010004  1702  0  69044  534638  465593  0  52311  887  5  948376  0  52311  0  0  3882  24328  395  0  0  0  0  0  4.72659531724  
1439444052  0  82131  3882  0  0  0  0  0  0  7268010004  1702  0  69044  534638  465593  0  52311  887  5  948376  0  52311  0  0  3882  24328  395  0  0  0  0  0  4.72659531724  
