#type:T;
#time  gt  cn  Pt  Px  gx  cx  gn  gm  Pn  Pm  Ft  cm  pt  Fx  px  ct  pn  Fm  Fn  pm  dn  On  Om  dm  dx  Ox  dt  Ot  Gt  Cn  Cm  Gx  Cx  Gn  Gm  Ct  
1439441656  6082927  0  0  0  30797  0  12186  154  0  2147483647  33718  2147483647  0  2651  0  0  0  236  63  2147483647  0  138  248  2147483647  0  31582  0  146505  0  0  2147483647  0  0  0  2147483647  0  
1439441666  6090945  0  0  0  30797  0  12189  154  0  2147483647  33718  2147483647  0  2651  0  0  0  236  63  2147483647  0  138  248  2147483647  0  31582  0  146505  0  0  2147483647  0  0  0  2147483647  0  
1439441676  6090945  0  0  0  30797  0  12189  154  0  2147483647  33718  2147483647  0  2651  0  0  0  236  63  2147483647  0  138  248  2147483647  0  31582  0  146505  0  0  2147483647  0  0  0  2147483647  0  
1439441686  6090945  0  0  0  30797  0  12189  154  0  2147483647  33718  2147483647  0  2651  0  0  0  236  63  2147483647  0  138  248  2147483647  0  31582  0  146505  0  0  2147483647  0  0  0  2147483647  0  
1439441696  6090945  0  0  0  30797  0  12189  154  0  2147483647  33718  2147483647  0  2651  0  0  0  236  63  2147483647  0  138  248  2147483647  0  31582  0  146505  0  0  2147483647  0  0  0  2147483647  0  
1439441706  6090945  0  0  0  30797  0  12189  154  0  2147483647  33718  2147483647  0  2651  0  0  0  236  63  2147483647  0  138  248  2147483647  0  31582  0  146505  0  0  2147483647  0  0  0  2147483647  0  
1439441716  6090945  0  0  0  30797  0  12189  154  0  2147483647  33718  2147483647  0  2651  0  0  0  236  63  2147483647  0  138  248  2147483647  0  31582  0  146505  0  0  2147483647  0  0  0  2147483647  0  
1439441726  6090945  0  0  0  30797  0  12189  154  0  2147483647  33718  2147483647  0  2651  0  0  0  236  63  2147483647  0  138  248  2147483647  0  31582  0  146505  0  0  2147483647  0  0  0  2147483647  0  
1439441736  6090945  0  0  0  30797  0  12189  154  0  2147483647  33718  2147483647  0  2651  0  0  0  236  63  2147483647  0  138  248  2147483647  0  31582  0  146505  0  0  2147483647  0  0  0  2147483647  0  
1439441746  6090945  0  0  0  30797  0  12189  154  0  2147483647  33718  2147483647  0  2651  0  0  0  236  63  2147483647  0  138  248  2147483647  0  31582  0  146505  0  0  2147483647  0  0  0  2147483647  0  
1439441756  6090945  0  0  0  30797  0  12189  154  0  2147483647  33718  2147483647  0  2651  0  0  0  236  63  2147483647  0  138  248  2147483647  0  31582  0  146505  0  0  2147483647  0  0  0  2147483647  0  
1439441766  6090945  0  0  0  30797  0  12189  154  0  2147483647  33718  2147483647  0  2651  0  0  0  236  63  2147483647  0  138  248  2147483647  0  31582  0  146505  0  0  2147483647  0  0  0  2147483647  0  
1439441776  6090945  0  0  0  30797  0  12189  154  0  2147483647  33718  2147483647  0  2651  0  0  0  236  63  2147483647  0  138  248  2147483647  0  31582  0  146505  0  0  2147483647  0  0  0  2147483647  0  
1439441786  6090945  0  0  0  30797  0  12189  154  0  2147483647  33718  2147483647  0  2651  0  0  0  236  63  2147483647  0  138  248  2147483647  0  31582  0  146505  0  0  2147483647  0  0  0  2147483647  0  
1439441796  6090945  0  0  0  30797  0  12189  154  0  2147483647  33718  2147483647  0  2651  0  0  0  236  63  2147483647  0  138  248  2147483647  0  31582  0  146505  0  0  2147483647  0  0  0  2147483647  0  
1439441806  6090945  0  0  0  30797  0  12189  154  0  2147483647  33718  2147483647  0  2651  0  0  0  236  63  2147483647  0  138  248  2147483647  0  31582  0  146505  0  0  2147483647  0  0  0  2147483647  0  
1439441816  6090945  0  0  0  30797  0  12189  154  0  2147483647  33718  2147483647  0  2651  0  0  0  236  63  2147483647  0  138  248  2147483647  0  31582  0  146505  0  0  2147483647  0  0  0  2147483647  0  
1439441826  6090945  0  0  0  30797  0  12189  154  0  2147483647  33718  2147483647  0  2651  0  0  0  236  63  2147483647  0  138  248  2147483647  0  31582  0  146505  0  0  2147483647  0  0  0  2147483647  0  
1439441836  6090945  0  0  0  30797  0  12189  154  0  2147483647  33718  2147483647  0  2651  0  0  0  236  63  2147483647  0  138  248  2147483647  0  31582  0  146505  0  0  2147483647  0  0  0  2147483647  0  
1439441846  6090945  0  0  0  30797  0  12189  154  0  2147483647  33718  2147483647  0  2651  0  0  0  236  63  2147483647  0  138  248  2147483647  0  31582  0  146505  0  0  2147483647  0  0  0  2147483647  0  
1439441856  6090945  0  0  0  30797  0  12189  154  0  2147483647  33718  2147483647  0  2651  0  0  0  236  63  2147483647  0  138  248  2147483647  0  31582  0  146505  0  0  2147483647  0  0  0  2147483647  0  
1439441866  6090945  0  0  0  30797  0  12189  154  0  2147483647  33718  2147483647  0  2651  0  0  0  236  63  2147483647  0  138  248  2147483647  0  31582  0  146505  0  0  2147483647  0  0  0  2147483647  0  
1439441876  6090945  0  0  0  30797  0  12189  154  0  2147483647  33718  2147483647  0  2651  0  0  0  236  63  2147483647  0  138  248  2147483647  0  31582  0  146505  0  0  2147483647  0  0  0  2147483647  0  
1439441886  6090945  0  0  0  30797  0  12189  154  0  2147483647  33718  2147483647  0  2651  0  0  0  236  63  2147483647  0  138  248  2147483647  0  31582  0  146505  0  0  2147483647  0  0  0  2147483647  0  
1439441896  6090945  0  0  0  30797  0  12189  154  0  2147483647  33718  2147483647  0  2651  0  0  0  236  63  2147483647  0  138  248  2147483647  0  31582  0  146505  0  0  2147483647  0  0  0  2147483647  0  
1439441906  6090945  0  0  0  30797  0  12189  154  0  2147483647  33718  2147483647  0  2651  0  0  0  236  63  2147483647  0  138  248  2147483647  0  31582  0  146505  0  0  2147483647  0  0  0  2147483647  0  
1439441916  6090945  0  0  0  30797  0  12189  154  0  2147483647  33718  2147483647  0  2651  0  0  0  236  63  2147483647  0  138  248  2147483647  0  31582  0  146505  0  0  2147483647  0  0  0  2147483647  0  
1439441926  6090945  0  0  0  30797  0  12189  154  0  2147483647  33718  2147483647  0  2651  0  0  0  236  63  2147483647  0  138  248  2147483647  0  31582  0  146505  0  0  2147483647  0  0  0  2147483647  0  
1439441936  6090945  0  0  0  30797  0  12189  154  0  2147483647  33718  2147483647  0  2651  0  0  0  236  63  2147483647  0  138  248  2147483647  0  31582  0  146505  0  0  2147483647  0  0  0  2147483647  0  
1439441946  6090945  0  0  0  30797  0  12189  154  0  2147483647  33718  2147483647  0  2651  0  0  0  236  63  2147483647  0  138  248  2147483647  0  31582  0  146505  0  0  2147483647  0  0  0  2147483647  0  
1439441956  6327264  0  0  0  30797  0  12426  154  0  2147483647  47323  2147483647  0  2651  0  0  0  236  75  2147483647  0  177  248  2147483647  0  31582  0  221654  0  0  2147483647  0  0  0  2147483647  0  
1439441967  6327264  0  0  0  30797  0  12426  154  0  2147483647  47323  2147483647  0  2651  0  0  0  236  75  2147483647  0  177  248  2147483647  0  31582  0  221654  0  0  2147483647  0  0  0  2147483647  0  
1439441977  7590737  0  0  0  30901  0  16806  154  0  2147483647  55615  2147483647  0  2651  0  0  0  217  96  2147483647  0  223  248  2147483647  0  31582  0  253892  0  0  2147483647  0  0  0  2147483647  0  
1439441987  9109946  0  0  0  30901  0  20709  154  0  2147483647  64643  2147483647  0  2651  0  0  0  217  117  2147483647  0  269  248  2147483647  0  31582  0  283093  0  0  2147483647  0  0  0  2147483647  0  
1439441997  16244421  0  0  0  30901  0  29412  154  0  2147483647  99470  2147483647  0  2651  0  0  0  217  159  2147483647  0  361  242  2147483647  0  31582  0  382605  0  0  2147483647  0  0  0  2147483647  0  
1439442007  16244421  0  0  0  30901  0  29412  154  0  2147483647  99470  2147483647  0  2651  0  0  0  217  159  2147483647  0  361  242  2147483647  0  31582  0  382605  0  0  2147483647  0  0  0  2147483647  0  
1439442017  16244421  0  0  0  30901  0  29412  154  0  2147483647  99470  2147483647  0  2651  0  0  0  217  159  2147483647  0  361  242  2147483647  0  31582  0  382605  0  0  2147483647  0  0  0  2147483647  0  
1439442027  16255812  0  0  0  30901  0  29416  154  0  2147483647  99470  2147483647  0  2651  0  0  0  217  159  2147483647  0  361  242  2147483647  0  31582  0  382605  0  0  2147483647  0  0  0  2147483647  0  
1439442037  16471933  0  0  0  30901  0  29582  154  0  2147483647  99470  2147483647  0  2651  0  0  0  217  159  2147483647  0  361  242  2147483647  0  31582  0  382605  0  0  2147483647  0  0  0  2147483647  0  
1439442047  17265657  0  79725156  46420  30901  0  30273  154  10055  3176  256651  2147483647  0  2704  0  0  0  211  536  2147483647  0  14695  242  2147483647  0  68227  0  20579360  6666602  10699  541  33418  37504  744  1890  22662284  
1439442057  17406101  0  83013231  52761  30901  0  30367  154  10509  3176  2062449  2147483647  0  7347  0  0  0  205  4097  2147483647  0  14727  242  2147483647  0  68227  0  20737897  9582762  11344  541  36317  41439  979  1890  24277408  
1439442067  17531999  0  88642445  52761  30901  0  30482  154  10966  3176  63374437  2147483647  0  11439  0  0  0  205  73316  2147483647  0  14754  242  2147483647  0  68227  0  20877396  10192102  11860  541  36317  41439  1040  1890  25470550  
1439442077  17531999  0  99739057  52761  30901  0  30482  154  11710  3176  138115502  2147483647  0  51799  0  0  0  205  155484  2147483647  0  14955  242  2147483647  0  166067  0  22761502  10192102  12604  541  36317  41439  1040  1890  28268443  
1439442087  17618372  0  107109184  52761  30901  0  30555  154  12532  3176  193180021  2147483647  0  51799  0  0  0  202  219753  2147483647  0  15514  236  2147483647  0  166067  0  25181992  10649788  13464  541  36317  41439  1078  1890  29939027  
1439442097  17646754  0  115479423  52761  30901  0  30577  154  13036  3176  263779944  2147483647  0  51799  0  0  0  202  298958  2147483647  0  16729  208  2147483647  0  166067  0  27093182  10649788  13968  541  36317  41439  1078  1890  31283583  
1439442107  17646754  0  116112785  70153  30901  0  30577  154  13063  3176  347154786  2147483647  0  51799  0  0  0  202  390030  2147483647  0  18121  208  2147483647  0  166067  0  28862197  10649788  13995  541  36317  41439  1078  1890  31377529  
1439442117  26048518  0  123937640  70153  30901  0  38871  154  13658  3176  422401990  2147483647  0  51799  0  0  0  202  518752  2147483647  0  20759  205  2147483647  0  166067  0  32813957  14473226  15010  541  36317  41439  1542  1890  34576739  
1439442127  41788527  0  151018704  70153  30901  0  54969  154  16098  3176  486377821  2147483647  0  51799  0  0  0  202  588165  2147483647  0  21831  205  2147483647  0  204383  0  37116579  14538651  17453  541  36317  41439  1546  1890  41074586  
1439442137  56305594  0  170273858  70153  30901  0  70254  154  17501  3176  552077107  2147483647  0  51799  0  0  0  202  663097  2147483647  0  23596  205  2147483647  0  204383  0  40301800  14655465  18879  541  36317  41439  1569  1890  45651122  
1439442147  73010137  0  207430724  70153  30967  0  86888  154  20115  3045  601501007  2147483647  0  51799  0  0  0  202  718308  2147483647  0  25071  205  2147483647  0  204383  0  42930384  17249619  21724  541  36317  41439  1801  1890  55037260  
1439442157  90075662  0  469049840  70153  30967  0  103428  154  39011  3045  630796074  2147483647  0  51799  0  0  0  202  752211  2147483647  0  25803  205  2147483647  0  204383  0  44945144  17576667  40643  541  36317  41439  1826  1890  120318005  
1439442167  111204020  0  800362588  72308  37007  0  122940  154  62584  3045  664629964  2147483647  0  51799  0  0  0  202  786315  2147483647  0  27041  205  2147483647  0  204383  0  47850137  17645192  64219  541  36317  41439  1830  1890  201154059  
1439442177  131473855  0  1105438328  72308  37007  0  142599  154  84827  3045  696411919  2147483647  0  51799  0  0  0  202  821471  2147483647  0  28522  205  2147483647  0  325763  0  56533291  19429472  86646  541  36317  41439  2015  1890  274162597  
1439442187  144120976  0  1319002536  72308  37007  0  162318  154  107456  3045  720634617  2147483647  0  51799  0  0  0  202  871027  2147483647  0  29707  205  2147483647  0  403093  0  66258944  24462569  109330  541  36317  41439  2830  1732  329625049  
1439442197  164044592  0  1534881897  72308  37007  0  181312  154  122804  3045  754163809  2147483647  0  51799  0  0  0  202  905774  2147483647  0  30817  205  2147483647  0  404085  0  80493667  33102447  124678  541  38068  41439  4097  1446  380491974  
1439442207  189142042  0  2014005355  1878476  37007  0  205471  154  139774  3045  795622043  2147483647  0  51799  0  0  0  202  947855  2147483647  0  32506  205  2147483647  0  632106  0  90680229  43528729  141854  541  38068  41439  5402  1446  435755808  
1439442217  204123778  0  2089383889  1878476  37007  0  225841  154  143171  3045  822283600  2147483647  146715313  51799  48467  0  14118  202  978244  2123  0  33690  205  2147483647  0  632106  0  92812288  43528729  145251  541  38068  41439  5402  1446  447582049  
1439442227  215953233  0  2089383889  1878476  37007  0  242304  154  143171  3045  845269066  2147483647  316386489  51799  48467  0  30541  202  1003522  2068  0  34301  205  2147483647  0  632106  0  94404091  43528729  145251  541  38068  41439  5402  1446  447582049  
1439442237  230325459  0  2089383889  1878476  37007  0  261976  154  143171  3045  868855860  2147483647  555062652  51799  61101  0  53070  202  1028908  2068  0  35190  205  2147483647  0  632106  0  96365893  43528729  145251  541  38068  41439  5402  1446  447582049  
1439442247  246567216  0  2089383889  1878476  37007  0  284385  154  143171  3045  894377337  2147483647  806495922  51799  61101  0  77055  202  1057354  2065  0  36311  205  2147483647  0  632106  0  98502623  43528729  145251  541  38068  41439  5402  1446  447582049  
1439442257  260153989  0  2089383889  1878476  37007  0  302899  154  143171  3045  915742457  2147483647  1025813523  51799  65022  0  97507  202  1081263  2065  0  37099  205  2147483647  0  632106  0  100066788  43528729  145251  541  38068  41439  5402  1446  447582049  
1439442267  272206567  0  2089383889  1878476  37007  0  319966  154  143171  3045  933822913  2147483647  1225048721  51799  65022  0  116452  202  1101162  2065  0  37860  205  2147483647  0  632106  0  101777939  43528729  145251  541  38068  41439  5402  1446  447582049  
1439442277  285916604  0  2089383889  1878476  37007  0  339624  154  143171  3045  958507105  2147483647  1443368047  51799  65022  0  138504  202  1127961  2065  0  38668  205  2147483647  0  632106  0  103713105  43528729  145251  541  38068  41439  5402  1446  447582049  
1439442287  298629941  0  2089383889  1878476  37007  0  357180  154  143171  3045  978294368  2147483647  1618194779  51799  65022  0  155317  202  1148778  2053  0  39380  205  2147483647  0  632106  0  105406885  43528729  145251  541  38068  41439  5402  1446  447582049  
1439442297  312235584  0  2089383889  1878476  38130  0  376328  154  143171  3045  1001499694  2147483647  1788184958  51799  65022  0  172317  202  1173616  2053  0  40210  205  2147483647  0  632106  0  107206686  43528729  145251  541  38068  41439  5402  1446  447582049  
1439442307  325218579  0  2089383889  1878476  38130  0  394151  154  143171  3045  1022494137  2147483647  1985679533  51799  65022  0  190919  202  1196153  2053  0  40969  205  2147483647  0  632106  0  109048863  43528729  145251  541  38068  41439  5402  1446  447582049  
1439442317  340014280  0  2089383889  1878476  38130  0  414712  154  143171  3045  1047138655  2147483647  2211607294  51799  65022  0  212495  202  1223243  2053  0  41889  205  2147483647  0  632106  0  111025615  43528729  145251  541  38068  41439  5402  1446  447582049  
1439442327  352091950  0  2089383889  1878476  38130  0  432270  154  143171  3045  1069867699  2147483647  2386562953  51799  65022  0  229211  202  1247799  2053  0  42701  205  2147483647  0  632106  0  112868445  43528729  145251  541  38068  41439  5402  1446  447582049  
1439442337  364295376  0  2089383889  1878476  38130  0  448984  154  143171  3045  1088848818  2147483647  2576533906  51799  65022  0  247247  202  1268897  2053  0  43226  205  2147483647  0  632106  0  114452019  43528729  145251  541  38068  41439  5402  1446  447582049  
1439442347  376877876  0  2089383889  1878476  38130  0  466498  154  143171  3045  1107797697  2147483647  2765894729  51799  65022  0  264819  202  1289626  2053  0  44004  205  2147483647  0  632106  0  116168946  43528729  145251  541  38068  41439  5402  1446  447582049  
1439442357  388177213  0  2089383889  1878476  38130  0  482770  154  143171  3045  1128258311  2147483647  2923521966  51799  65022  0  280004  202  1312013  2053  0  44822  205  2147483647  0  632106  0  117871186  43528729  145251  541  38068  41439  5402  1446  447582049  
1439442367  401626213  0  2089383889  1878476  38130  0  501881  154  143171  3045  1146532727  2147483647  3124612636  51799  65022  0  299820  202  1332801  2053  0  45424  205  2147483647  0  632106  0  119551201  43528729  145251  541  38068  41439  5402  1446  447582049  
1439442377  415401098  0  2089383889  1878476  38130  0  520583  154  143171  3045  1166667094  2147483647  3322546485  51799  65022  0  318697  202  1355409  2053  0  46538  205  2147483647  0  632106  0  121586677  43528729  145251  541  38068  41439  5402  1446  447582049  
1439442387  427677417  0  2089383889  1878476  38130  0  537536  154  143171  3045  1186560656  2147483647  3523910937  51799  65022  0  337351  202  1378292  2053  0  47400  205  2147483647  0  632106  0  123418851  43528729  145251  541  38068  41439  5402  1446  447582049  
1439442397  437687278  0  2089383889  1878476  38130  0  551763  154  143171  3045  1203958472  2147483647  3683970173  51799  65022  0  354100  202  1397774  2053  0  47924  205  2147483647  0  632106  0  124910335  43528729  145251  541  38068  41439  5402  1446  447582049  
1439442407  448606860  0  2089383889  1878476  38130  0  567092  154  143171  3045  1223876218  2147483647  3856821589  51799  93232  0  370643  202  1420227  2053  0  48762  205  2147483647  0  632106  0  126726651  43528729  145251  541  38068  41439  5402  1446  447582049  
1439442417  458734870  0  2089383889  1878476  38130  0  581109  154  143171  3045  1241419427  2147483647  4011526230  51799  93232  0  385751  202  1439063  2053  0  49522  205  2147483647  0  632106  0  128351048  43528729  145251  541  38068  41439  5402  1446  447582049  
1439442427  473340478  0  2089383889  1878476  38130  0  600823  154  143171  3045  1263956612  2147483647  4189573738  51799  93232  0  402207  202  1463213  2053  0  50326  205  2147483647  0  632106  0  130088563  43528729  145251  541  38068  41439  5402  1446  447582049  
1439442437  486906827  0  2089383889  1878476  38130  0  619942  154  143171  3045  1286517249  2147483647  4360341947  51799  93232  0  418420  202  1488657  2053  0  51228  205  2147483647  0  632106  0  132062152  43528729  145251  541  38068  41439  5402  1446  447582049  
1439442448  497965353  0  2089383889  1878476  38130  0  635285  154  143171  3045  1304658362  2147483647  4531283996  51799  93232  0  433796  202  1508661  2053  0  51967  205  2147483647  0  632106  0  133723880  43528729  145251  541  38068  41439  5402  1446  447582049  
1439442458  510404525  0  2089383889  1878476  38130  0  652516  154  143171  3045  1325735454  2147483647  4732722989  51799  93232  0  453117  202  1532078  2053  0  52866  205  2147483647  0  632106  0  135683166  43528729  145251  541  38068  41439  5402  1446  447582049  
1439442468  522391370  0  2089383889  1878476  38130  0  668981  154  143171  3045  1345855827  2147483647  4899893035  51799  93232  0  468878  202  1554868  2053  0  53916  205  2147483647  0  632106  0  137594857  43528729  145251  541  38068  41439  5402  1446  447582049  
1439442478  532120669  0  2089383889  1878476  38130  0  682276  154  143171  3045  1362311222  2147483647  5034893208  51799  93232  0  481588  202  1572622  2053  0  54402  205  2147483647  0  632106  0  138955530  43528729  145251  541  38068  41439  5402  1446  447582049  
1439442488  544131507  0  2089383889  1878476  38130  0  698802  154  143171  3045  1385231562  2147483647  5219023957  51799  93232  0  498536  202  1597231  2053  0  55601  205  2147483647  0  632106  0  141395048  43528729  145251  541  38068  41439  5402  1446  447582049  
1439442498  554198588  0  2089383889  1878476  38130  0  712919  154  143171  3045  1401522495  2147483647  5381608784  51799  93232  0  514359  202  1615644  2053  0  56428  205  2147483647  0  632106  0  143348657  43528729  145251  541  38068  41439  5402  1446  447582049  
1439442508  566142102  0  2089383889  1878476  38130  0  729108  154  143171  3045  1422797902  2147483647  5554000726  51799  93232  0  529932  202  1639171  2053  0  57314  205  2147483647  0  632106  0  145237858  43528729  145251  541  38068  41439  5402  1446  447582049  
1439442518  577679056  0  2089383889  1878476  38130  0  745005  154  143171  3045  1441298623  2147483647  5720525224  51799  93232  0  545793  202  1659580  2053  0  58048  205  2147483647  0  632106  0  146902183  43528729  145251  541  38068  41439  5402  1446  447582049  
1439442528  588752037  0  2089383889  1878476  38130  0  760149  154  143171  3045  1460961158  2147483647  5873773954  51799  93232  0  560042  202  1680798  2053  0  58609  205  2147483647  0  632106  0  148495896  43528729  145251  541  38068  41439  5402  1446  447582049  
1439442538  598213048  0  2089383889  1878476  38130  0  773433  154  143171  3045  1478801203  2147483647  6011396287  51799  93232  0  573716  202  1700415  2053  0  59567  205  2147483647  0  632106  0  150098536  43528729  145251  541  38068  41439  5402  1446  447582049  
1439442548  609616991  0  2089383889  1878476  38130  0  789146  154  143171  3045  1498917916  2147483647  6195441985  51799  93232  0  591080  202  1721830  2053  0  60378  205  2147483647  0  632106  0  151916835  43528729  145251  541  38068  41439  5402  1446  447582049  
1439442558  619609849  0  2089383889  1878476  38130  0  802713  154  143171  3045  1513806219  2147483647  6334896237  51799  93232  0  604069  202  1737875  2053  0  60789  205  2147483647  0  632106  0  153085096  43528729  145251  541  38068  41439  5402  1446  447582049  
1439442568  631353615  0  2089383889  1878476  38130  0  819460  154  143171  3045  1534222149  2147483647  6509342660  51799  93232  0  621117  202  1760108  2053  0  61698  205  2147483647  0  632106  0  154982397  43528729  145251  541  38068  41439  5402  1446  447582049  
1439442578  640186556  0  2089383889  1878476  38130  0  831585  154  143171  3045  1549790481  2147483647  6614831685  51799  93232  0  631199  202  1776619  2053  0  62247  205  2147483647  0  632106  0  156186668  43528729  145251  541  38068  41439  5402  1446  447582049  
1439442588  651006028  0  2089383889  1878476  38130  0  846142  154  143171  3045  1567948513  2147483647  6773847467  51799  93232  0  645694  202  1795920  2053  0  63067  205  2147483647  0  632106  0  157995966  43528729  145251  541  38068  41439  5402  1446  447582049  
1439442598  662431317  0  2089383889  1878476  38130  0  861367  154  143171  3045  1585411603  2147483647  6952117707  51799  93232  0  661748  202  1814366  2053  0  63652  205  2147483647  0  632106  0  159414741  43528729  145251  541  38068  41439  5402  1446  447582049  
1439442608  673872290  0  2089383889  1878476  38130  0  876966  154  143171  3045  1603453233  2147483647  7113966801  51799  93232  0  676844  202  1833809  2053  0  64457  205  2147483647  0  632106  0  161075015  43528729  145251  541  38068  41439  5402  1446  447582049  
1439442618  685448402  0  2089383889  1878476  38130  0  893184  154  143171  3045  1621584578  2147483647  7272642224  51799  93232  0  692167  202  1856846  2031  0  65393  205  2147483647  0  632106  0  162611782  43528729  145251  541  38068  41439  5402  1446  447582049  
1439442628  695532707  0  2089383889  1878476  38130  0  907114  154  143171  3045  1638945476  2147483647  7428915239  51799  113507  0  706608  202  1876766  2031  0  66128  205  2147483647  0  632106  0  164139511  43528729  145251  541  38068  41439  5402  1446  447582049  
1439442638  709763549  0  2089383889  1878476  38130  0  926707  154  143171  3045  1658806500  2147483647  7621604378  51799  113507  0  725531  202  1898222  2031  0  66919  205  2147483647  0  632106  0  166041359  43528729  145251  541  38068  41439  5402  1446  447582049  
1439442648  718580896  0  2089383889  1878476  38130  0  938847  154  143171  3045  1673431896  2147483647  7748398332  51799  113507  0  737852  202  1914267  2031  0  67599  205  2147483647  0  632106  0  167427642  43528729  145251  541  38068  41439  5402  1446  447582049  
1439442658  728884536  0  2089383889  1878476  38130  0  953096  154  143171  3045  1690715424  2147483647  7918640979  51799  113507  0  753222  202  1933604  2031  0  68049  205  2147483647  0  632106  0  168724484  43528729  145251  541  38068  41439  5402  1446  447582049  
1439442668  738089418  0  2089383889  1878476  38130  0  965917  154  143171  3045  1706489553  2147483647  8059815555  51799  113507  0  767383  202  1950938  2031  0  68681  205  2147483647  0  632106  0  170178276  43528729  145251  541  38068  41439  5402  1446  447582049  
1439442678  750051075  0  2089383889  1878476  38130  0  982420  154  143171  3045  1723982854  2147483647  8240994761  51799  113507  0  784655  202  1970477  2031  0  69489  205  2147483647  0  632106  0  171880521  43528729  145251  541  38068  41439  5402  1446  447582049  
1439442688  761732775  0  2089383889  1878476  38130  0  998500  154  143171  3045  1746099491  2147483647  8396331174  51799  113507  0  799597  202  1994239  2031  0  70284  205  2147483647  0  632106  0  173702660  43528729  145251  541  38068  41439  5402  1446  447582049  
1439442698  770831847  0  2089383889  1878476  38130  0  1011006  154  143171  3045  1759236848  2147483647  8539066237  51799  113507  0  812988  202  2008563  2031  0  70651  205  2147483647  0  632106  0  174778734  43528729  145251  541  38068  41439  5402  1446  447582049  
1439442708  781901327  0  2089383889  1878476  38130  0  1026042  154  143171  3045  1777365564  2147483647  8701894709  51799  113507  0  827698  202  2027781  2031  0  71446  205  2147483647  0  632106  0  176455513  43528729  145251  541  38068  41439  5402  1446  447582049  
1439442718  790817270  0  2089383889  1878476  38130  0  1038796  154  143171  3045  1791239054  2147483647  8832655644  51799  113507  0  839658  202  2042750  2031  0  71828  205  2147483647  0  632106  0  177560050  43528729  145251  541  38068  41439  5402  1446  447582049  
1439442728  803235588  0  2089383889  1878476  38130  0  1056224  154  143171  3045  1811509192  2147483647  8984446919  51799  113507  0  854799  202  2066752  2031  0  73068  205  2147483647  0  632106  0  179536570  43528729  145251  541  38068  41439  5402  1446  447582049  
1439442738  812832286  0  2089383889  1878476  38130  0  1069286  154  143171  3045  1827982255  2147483647  9119185320  51799  113507  0  867360  202  2084195  2031  0  73544  205  2147483647  0  632106  0  180792030  43528729  145251  541  38068  41439  5402  1446  447582049  
1439442748  823705981  0  2089383889  1878476  38130  0  1084253  154  143171  3045  1843779376  2147483647  9298170909  51799  113507  0  884218  202  2101561  2031  0  74702  205  2147483647  0  632106  0  182679167  43528729  145251  541  38068  41439  5402  1446  447582049  
1439442758  834945189  0  2089383889  1878476  38130  0  1100221  154  143171  3045  1863772467  2147483647  9482408442  51799  113507  0  901627  202  2124152  2031  0  75538  205  2147483647  0  632106  0  184415071  43528729  145251  541  38068  41439  5402  1446  447582049  
1439442768  842558797  0  2089383889  1878476  38130  0  1110956  154  143171  3045  1876605849  2147483647  9594980996  51799  113507  0  912420  202  2139053  2031  0  75903  205  2147483647  0  632106  0  185511056  43528729  145251  541  38068  41439  5402  1446  447582049  
1439442779  855122778  0  2089383889  1878476  38130  0  1128099  154  143171  3045  1898418122  2147483647  9753431508  51799  113507  0  927192  202  2161801  2031  0  76692  205  2147483647  0  632106  0  187382803  43528729  145251  541  38068  41439  5402  1446  447582049  
1439442789  863388502  0  2089383889  1878476  38130  0  1139645  154  143171  3045  1912266231  2147483647  9898859724  51799  113507  0  941211  202  2177755  2031  0  77460  205  2147483647  0  632106  0  188723258  43528729  145251  541  38068  41439  5402  1446  447582049  
1439442799  873107816  0  2089383889  1878476  45364  0  1153021  154  143171  3045  1928636757  2147483647  10044511590  51799  113507  0  955285  202  2195101  2031  0  78079  205  2147483647  0  632106  0  190169353  43528729  145251  541  38068  41439  5402  1446  447582049  
1439442809  884236740  0  2089383889  1878476  45364  0  1168672  154  143171  3045  1948076678  2147483647  10212671988  51799  113507  0  970625  202  2215756  2031  0  78822  205  2147483647  0  632106  0  191927425  43528729  145251  541  38068  41439  5402  1446  447582049  
1439442819  893714655  0  2089383889  1878476  45364  0  1182489  154  143171  3045  1963490467  2147483647  10358734852  51799  113507  0  984625  202  2233521  2031  0  79241  205  2147483647  0  632106  0  193115846  43528729  145251  541  38068  41439  5402  1446  447582049  
1439442829  903876546  0  2089383889  1878476  45364  0  1196890  154  143171  3045  1980392511  2147483647  10505607110  51799  113507  0  999319  202  2252592  2031  0  79950  205  2147483647  0  632106  0  194555817  43528729  145251  541  38068  41439  5402  1446  447582049  
1439442839  913166527  0  2089383889  1878476  45364  0  1209195  154  143171  3045  1997285156  2147483647  10635245906  51799  113507  0  1011098  202  2270119  2031  0  80642  205  2147483647  0  632106  0  196065263  43528729  145251  541  38068  41439  5402  1446  447582049  
1439442849  925082038  0  2089383889  1878476  45364  0  1225664  154  143171  3045  2016961308  2147483647  10826781038  51799  113507  0  1030331  202  2291509  2031  0  81475  205  2147483647  0  632106  0  197891288  43528729  145251  541  38068  41439  5402  1446  447582049  
1439442859  934380937  0  2089383889  1878476  45364  0  1238424  154  143171  3045  2035276214  2147483647  10948798056  51799  113507  0  1042487  202  2311192  2031  0  82118  205  2147483647  0  632106  0  199216132  43528729  145251  541  38068  41439  5402  1446  447582049  
1439442869  945782674  0  2089383889  1878476  45364  0  1253745  154  143171  3045  2054749683  2147483647  11106762245  51799  113507  0  1056215  202  2331559  2031  0  82567  205  2147483647  0  632106  0  200553588  43528729  145251  541  38068  41439  5402  1446  447582049  
1439442879  954879282  0  2089383889  1878476  45364  0  1266146  154  143171  3045  2070766004  2147483647  11223970345  51799  113507  0  1066682  202  2348065  2031  0  83362  205  2147483647  0  632106  0  202116458  43528729  145251  541  38068  41439  5402  1446  447582049  
1439442889  966101151  0  2089383889  1878476  45364  0  1281243  154  143171  3045  2089605547  2147483647  11391268426  51799  113507  0  1082180  202  2368718  2031  0  84426  205  2147483647  0  632106  0  203921760  43528729  145251  541  38068  41439  5402  1446  447582049  
1439442899  975654927  0  2089383889  1878476  45364  0  1294558  154  143171  3045  2105036756  2147483647  11505507865  51799  113507  0  1093701  202  2385524  2031  0  84855  205  2147483647  0  632106  0  205023331  43528729  145251  541  38068  41439  5402  1446  447582049  
1439442909  986561929  0  2089383889  1878476  45364  0  1309781  154  143171  3045  2119554816  2147483647  11668355955  51799  113507  0  1109523  202  2401436  2031  0  85553  205  2147483647  0  632106  0  206658109  43528729  145251  541  38068  41439  5402  1446  447582049  
1439442919  995283262  0  2089383889  1878476  45364  0  1321987  154  143171  3045  2134457819  2147483647  11782948706  51799  113507  0  1120833  202  2419524  2031  0  86212  205  2147483647  0  632106  0  207893968  43528729  145251  541  38068  41439  5402  1446  447582049  
1439442929  1004910110  0  2089383889  1878476  45364  0  1335173  154  143171  3045  2151047477  2147483647  11910672870  51799  113507  0  1133229  202  2438758  2031  0  86993  205  2147483647  0  632106  0  209292989  43528729  145251  541  38068  41439  5402  1446  447582049  
1439442939  1014389194  0  2089383889  1878476  45364  0  1347985  154  143171  3045  2167032340  2147483647  12065105924  51799  113507  0  1147960  202  2456143  2031  0  87500  205  2147483647  0  632106  0  210770690  43528729  145251  541  38068  41439  5402  1446  447582049  
1439442950  1025622195  0  2089383889  1878476  45364  0  1363642  154  143171  3045  2186277171  2147483647  12245656065  51799  113507  0  1164731  202  2476504  2031  0  88475  205  2147483647  0  632106  0  212721769  43528729  145251  541  38068  41439  5402  1446  447582049  
1439442960  1035315204  0  2089383889  1878476  45364  0  1377082  154  143171  3045  2203812590  2147483647  12387938379  51799  113507  0  1178128  202  2495757  2031  0  89182  205  2147483647  0  632106  0  214207944  43528729  145251  541  38068  41439  5402  1446  447582049  
1439442970  1045982779  0  2089383889  1878476  45364  0  1391927  154  143171  3045  2223973054  2147483647  12519731740  51799  113507  0  1191366  202  2518295  2031  0  89884  205  2147483647  0  632106  0  215788472  43528729  145251  541  38068  41439  5402  1446  447582049  
1439442980  1056087163  0  2089383889  1878476  45364  0  1405526  154  143171  3045  2241155841  2147483647  12706453529  51799  113507  0  1207314  202  2536755  2031  0  90542  205  2147483647  0  632106  0  217300493  43528729  145251  541  38068  41439  5402  1446  447582049  
1439442990  1065429781  0  2089383889  1878476  45364  0  1418848  154  143171  3045  2255718308  2147483647  12837672935  51799  113507  0  1220313  202  2553219  2031  0  90911  205  2147483647  0  632106  0  218449484  43528729  145251  541  38068  41439  5402  1446  447582049  
1439443000  1075649329  0  2089383889  1878476  45364  0  1433014  154  143171  3045  2270765973  2147483647  12983083583  51799  113507  0  1234375  202  2570538  2031  0  91599  205  2147483647  0  632106  0  219925173  43528729  145251  541  38068  41439  5402  1446  447582049  
1439443010  1087165216  0  2089383889  1878476  45364  0  1448515  154  143171  3045  2290661001  2147483647  13127257759  51799  113507  0  1247959  202  2592366  2031  0  92164  205  2147483647  0  632106  0  221364837  43528729  145251  541  38068  41439  5402  1446  447582049  
1439443020  1096085322  0  2089383889  1878476  45364  0  1460803  154  143171  3045  2304194211  2147483647  13233024614  51799  113507  0  1258687  202  2607193  2031  0  93173  205  2147483647  0  632106  0  222961169  43528729  145251  541  38068  41439  5402  1446  447582049  
1439443030  1105297882  0  2089383889  1878476  45364  0  1472950  154  143171  3045  2316712913  2147483647  13372729973  51799  113507  0  1271209  202  2620344  2031  0  94110  205  2147483647  0  632106  0  224986070  43528729  145251  541  38068  41439  5402  1446  447582049  
1439443040  1112648324  0  2089383889  1878476  45364  0  1482708  154  143171  3045  2330120601  2147483647  13478260052  51799  113507  0  1281323  202  2634727  2031  0  95284  205  2147483647  0  632106  0  227004840  43528729  145251  541  38068  41439  5402  1446  447582049  
1439443050  1120029904  0  2089383889  1878476  45364  0  1492376  154  143171  3045  2342340732  2147483647  13586609179  51799  113507  0  1291167  202  2647618  2031  0  96097  205  2147483647  0  632106  0  228724170  43528729  145251  541  38068  41439  5402  1446  447582049  
1439443060  1127773598  0  2089383889  1878476  45364  0  1502941  154  143171  3045  2355997377  2147483647  13690638759  51799  113507  0  1300412  202  2662167  2031  0  96989  205  2147483647  0  632106  0  230551027  43528729  145251  541  38068  41439  5402  1446  447582049  
1439443070  1135629967  0  2089383889  1878476  45364  0  1513480  154  143171  3045  2368899345  2147483647  13797646742  51799  113507  0  1311108  202  2677112  2031  0  98104  205  2147483647  0  632106  0  232331135  43528729  145251  541  38068  41439  5402  1446  447582049  
1439443080  1145432009  0  2089383889  1878476  45364  0  1526934  154  143171  3045  2384242101  2147483647  13931417944  51799  113507  0  1323748  202  2693281  2031  0  99289  205  2147483647  0  632106  0  234483566  43528729  145251  541  38068  41439  5402  1446  447582049  
1439443090  1150000169  0  2089383889  1878476  45364  0  1532743  154  143171  3045  2389986162  2147483647  13986313672  51799  113507  0  1328534  202  2699092  2031  0  100276  205  2147483647  0  632106  0  237758747  43528729  145251  541  38068  41439  5402  1446  447582049  
1439443100  1150000169  0  2089383889  1878476  45364  0  1532743  154  143171  3045  2389986162  2147483647  13986313672  51799  113507  0  1328534  202  2699092  2031  0  101667  205  2147483647  0  632106  0  243856527  43528729  145251  541  38068  41439  5402  1446  447582049  
1439443110  1150733209  0  2107619651  1878476  45364  0  1533319  154  146572  3045  2389999756  2147483647  13986313672  51799  113507  0  1328534  202  2699144  2031  0  101814  205  2147483647  0  632106  0  243958707  43528729  148652  541  38068  41439  5402  1446  451762194  
1439443120  1150733209  0  2110293912  1878476  45364  0  1533319  154  147037  3045  2410802953  2147483647  13986313672  51799  113507  0  1328534  202  2728634  2031  0  101814  205  2147483647  0  632106  0  243958707  43528729  149117  541  38068  41439  5402  1446  452371173  
1439443130  1150733209  0  2124329098  1878476  45364  0  1533319  154  147781  3045  2459702588  2147483647  13986313672  55664  113507  0  1328534  202  2785844  2031  0  102019  205  2147483647  0  632106  0  244046296  43528729  149861  541  38068  41439  5402  1446  454268006  
1439443140  1150814339  0  2125961101  1878476  45364  0  1533399  154  147853  3045  2511428656  2147483647  13986313672  55664  113507  0  1328534  202  2847771  2031  0  103225  205  2147483647  0  632106  0  245154974  43528729  149933  541  38068  41439  5402  1446  454467299  
1439443150  1150827591  0  2125994136  1878476  45364  0  1533406  154  147855  3045  2561098734  2147483647  13986313672  55664  113507  0  1328534  202  2902529  2031  0  104199  205  2147483647  0  632106  0  245882015  43528729  149935  541  38068  41439  5402  1446  454471612  
1439443160  1160438633  0  2131319559  1878476  45364  0  1544689  154  148110  3045  2596299885  2147483647  13995069101  55664  113507  0  1329382  202  2962828  2031  0  105564  202  2147483647  0  632106  0  247237842  43528729  150190  541  38068  41439  5402  1446  455241131  
1439443170  1170789883  0  2131319559  1878476  45364  0  1559674  154  148110  3045  2625597216  2147483647  14043522217  96147  113507  0  1333739  202  2995500  2031  0  106745  202  2147483647  0  632106  0  249138797  43528729  150190  541  38068  41439  5402  1446  455241131  
1439443180  1181439720  0  2131319559  1878476  45364  0  1574703  154  148110  3045  2641354206  2147483647  14224344527  96147  113507  0  1351322  202  3012912  2031  0  107459  202  2147483647  0  632106  0  250568143  43528729  150190  541  38068  41439  5402  1446  455241131  
1439443190  1190771413  0  2131319559  1878476  45364  0  1587661  154  148110  3045  2653704266  2147483647  14381031953  96147  113507  0  1366180  202  3026567  2031  0  108339  202  2147483647  0  632106  0  251981247  43528729  150190  541  38068  41439  5402  1446  455241131  
1439443200  1199015061  0  2131319559  1878476  45364  0  1599024  154  148110  3045  2667519082  2147483647  14513558509  96147  113507  0  1378773  202  3041836  2031  0  109172  202  2147483647  0  632106  0  253341814  43528729  150190  541  38068  41439  5402  1446  455241131  
1439443211  1209348754  0  2131319559  1878476  45364  0  1612956  154  148110  3045  2683245934  2147483647  14678403955  96147  113507  0  1394050  202  3061235  2031  0  110118  202  2147483647  0  632106  0  254864264  43528729  150190  541  38068  41439  5402  1446  455241131  
1439443221  1219868717  0  2131319559  1878476  45364  0  1626921  154  148110  3045  2698255039  2147483647  14828926933  96147  113507  0  1407973  202  3077735  2031  0  110709  202  2147483647  0  632106  0  255943155  43528729  150190  541  38068  41439  5402  1446  455241131  
1439443231  1230399326  0  2131319559  1878476  45364  0  1640746  154  148110  3045  2714709202  2147483647  14994980364  96147  113507  0  1422987  202  3095583  2031  0  111722  202  2147483647  0  632106  0  257674082  43528729  150190  541  38068  41439  5402  1446  455241131  
1439443241  1240562341  0  2131319559  1878476  45364  0  1654695  154  148110  3045  2730649876  2147483647  15133256787  96147  113507  0  1436122  202  3112515  2031  0  112369  202  2147483647  0  632106  0  258959363  43528729  150190  541  38068  41439  5402  1446  455241131  
1439443251  1252258536  0  2131319559  1878476  45364  0  1669969  154  148110  3045  2748826136  2147483647  15292409987  96147  113507  0  1450641  202  3131621  2031  0  112987  202  2147483647  0  632106  0  260223707  43528729  150190  541  38068  41439  5402  1446  455241131  
1439443261  1260165306  0  2131319559  1878476  45364  0  1680652  154  148110  3045  2762823231  2147483647  15396799145  96147  113507  0  1460466  202  3146959  2031  0  113541  202  2147483647  0  632106  0  261334790  43528729  150190  541  38068  41439  5402  1446  455241131  
1439443271  1269180860  0  2131319559  1878476  45364  0  1692233  154  148110  3045  2776365548  2147483647  15528391906  96147  113507  0  1473087  202  3161294  2031  0  114301  202  2147483647  0  632106  0  262675231  43528729  150190  541  38068  41439  5402  1446  455241131  
1439443281  1278519726  0  2131319559  1878476  45364  0  1704601  154  148110  3045  2792897567  2147483647  15672305862  96147  113507  0  1486077  202  3178545  2031  0  114877  202  2147483647  0  632106  0  263869499  43528729  150190  541  38068  41439  5402  1446  455241131  
1439443291  1287678936  0  2131319559  1878476  45364  0  1716752  154  148110  3045  2806274489  2147483647  15800844185  96147  113507  0  1497878  202  3192636  2031  0  115359  202  2147483647  0  632106  0  264943580  43528729  150190  541  38068  41439  5402  1446  455241131  
1439443301  1297350326  0  2131319559  1878476  45364  0  1730196  154  148110  3045  2820519557  2147483647  15944723751  96147  113507  0  1511264  202  3208222  2031  0  116095  202  2147483647  0  632106  0  266291524  43528729  150190  541  38068  41439  5402  1446  455241131  
1439443311  1307493179  0  2131319559  1878476  45364  0  1743569  154  148110  3045  2835799696  2147483647  16090887027  96147  113507  0  1524738  202  3224417  2031  0  116851  202  2147483647  0  632106  0  267544831  43528729  150190  541  38068  41439  5402  1446  455241131  
1439443321  1316398390  0  2131319559  1878476  45364  0  1755731  154  148110  3045  2852022207  2147483647  16236021540  96147  117273  0  1538226  202  3241382  2031  0  117383  202  2147483647  0  632106  0  268743207  43528729  150190  541  38068  41439  5402  1446  455241131  
1439443331  1326892990  0  2131319559  1878476  45364  0  1769907  154  148110  3045  2868633455  2147483647  16373728148  96147  117273  0  1551163  202  3258669  2031  0  118166  202  2147483647  0  632106  0  270226790  43528729  150190  541  38068  41439  5402  1446  455241131  
1439443341  1335680429  0  2131319559  1878476  45364  0  1781521  154  148110  3045  2882493605  2147483647  16502224306  96147  117273  0  1562761  202  3273490  2031  0  118914  202  2147483647  0  632106  0  271536656  43528729  150190  541  38068  41439  5402  1446  455241131  
1439443351  1343637029  0  2131319559  1878476  45364  0  1792167  154  148110  3045  2895908826  2147483647  16627724157  96147  117273  0  1574079  202  3288053  2031  0  119888  202  2147483647  0  632106  0  272799564  43528729  150190  541  38068  41439  5402  1446  455241131  
1439443361  1355227070  0  2131319559  1878476  45364  0  1807533  154  148110  3045  2914516216  2147483647  16764205447  96147  117273  0  1586358  202  3308007  2031  0  120907  202  2147483647  0  632106  0  274305355  43528729  150190  541  38068  41439  5402  1446  455241131  
1439443371  1363092169  0  2131319559  1878476  45364  0  1818254  154  148110  3045  2926475858  2147483647  16898044217  96147  117273  0  1598505  202  3321007  2031  0  121679  202  2147483647  0  632106  0  275633865  43528729  150190  541  38068  41439  5402  1446  455241131  
1439443381  1371872508  0  2131319559  1878476  45364  0  1830022  154  148110  3045  2938389110  2147483647  17047345319  96147  117273  0  1611983  202  3335382  2031  0  122402  202  2147483647  0  632106  0  276841658  43528729  150190  541  38068  41439  5402  1446  455241131  
1439443391  1381820604  0  2131319559  1878476  45364  0  1843108  154  148110  3045  2952838059  2147483647  17175256405  96147  117273  0  1623908  202  3351105  2031  0  123186  202  2147483647  0  632106  0  278256889  43528729  150190  541  38068  41439  5402  1446  455241131  
1439443401  1389442038  0  2131319559  1878476  45364  0  1853132  154  148110  3045  2966478251  2147483647  17305488826  96147  117273  0  1636292  202  3365425  2031  0  124194  202  2147483647  0  632106  0  279888097  43528729  150190  541  38068  41439  5402  1446  455241131  
1439443411  1396629287  0  2131319559  1878476  45364  0  1862766  154  148110  3045  2978061040  2147483647  17407671093  96147  117273  0  1645560  202  3377822  2031  0  124817  202  2147483647  0  632106  0  280797397  43528729  150190  541  38068  41439  5402  1446  455241131  
1439443421  1407635115  0  2131319559  1878476  45364  0  1877275  154  148110  3045  2995027542  2147483647  17524593488  96147  117273  0  1656209  202  3395715  2031  0  125676  202  2147483647  0  632106  0  282055211  43528729  150190  541  38068  41439  5402  1446  455241131  
1439443431  1416545435  0  2131319559  1878476  45364  0  1889238  154  148110  3045  3008279715  2147483647  17649140982  96147  117273  0  1667592  202  3409852  2031  0  126524  202  2147483647  0  632106  0  283418861  43528729  150190  541  38068  41439  5402  1446  455241131  
1439443441  1424565557  0  2131319559  1878476  45364  0  1899606  154  148110  3045  3019829861  2147483647  17781491658  96147  117273  0  1679499  202  3421888  2031  0  127330  202  2147483647  0  632106  0  284765989  43528729  150190  541  38068  41439  5402  1446  455241131  
1439443451  1433192529  0  2131319559  1878476  45364  0  1911304  154  148110  3045  3034426671  2147483647  17930382894  96147  117273  0  1693655  202  3437450  2031  0  128055  202  2147483647  0  632106  0  286188151  43528729  150190  541  38068  41439  5402  1446  455241131  
1439443461  1442744655  0  2131319559  1878476  45364  0  1924287  154  148110  3045  3049884159  2147483647  18048863608  96147  117273  0  1704937  202  3454645  2031  0  129012  202  2147483647  0  632106  0  287686397  43528729  150190  541  38068  41439  5402  1446  455241131  
1439443471  1449936804  0  2131319559  1878476  45364  0  1933784  154  148110  3045  3059754653  2147483647  18178031095  96147  117273  0  1717121  202  3465336  2031  0  129751  202  2147483647  0  632106  0  288737372  43528729  150190  541  38068  41439  5402  1446  455241131  
1439443481  1460163409  0  2131319559  1878476  45364  0  1947466  154  148110  3045  3076625606  2147483647  18289870542  96147  117273  0  1727784  202  3483079  2031  0  130795  202  2147483647  0  632106  0  290403793  43528729  150190  541  38068  41439  5402  1446  455241131  
1439443491  1467531738  0  2131319559  1878476  45364  0  1957356  154  148110  3045  3089131267  2147483647  18386840827  96147  117273  0  1736588  202  3496149  2031  0  131764  202  2147483647  0  632106  0  291783687  43528729  150190  541  38068  41439  5402  1446  455241131  
1439443501  1475693221  0  2131319559  1878476  51228  0  1967946  154  148110  3045  3100071943  2147483647  18514737178  96147  117273  0  1748139  202  3507340  2031  0  132184  202  2147483647  0  632106  0  292751402  43528729  150190  541  38068  41439  5402  1446  455241131  
1439443511  1484769153  0  2131319559  1878476  51228  0  1980567  154  148110  3045  3113262235  2147483647  18653540524  96147  117273  0  1760860  202  3522327  2031  0  133197  202  2147483647  0  632106  0  294114411  43528729  150190  541  38068  41439  5402  1446  455241131  
1439443521  1492694190  0  2131319559  1878476  56637  0  1991143  154  148110  3045  3122930874  2147483647  18780739068  96147  117273  0  1772558  202  3533045  2031  0  133665  202  2147483647  0  632106  0  295162845  43528729  150190  541  38068  41439  5402  1446  455241131  
1439443531  1501307029  0  2131319559  1878476  56637  0  2002271  154  148110  3045  3136220126  2147483647  18891829788  96147  117273  0  1782731  202  3547035  2031  0  134662  202  2147483647  0  632106  0  296727724  43528729  150190  541  38068  41439  5402  1446  455241131  
1439443541  1508908195  0  2131319559  1878476  56637  0  2012425  154  148110  3045  3146902393  2147483647  18999797063  96147  117273  0  1793073  202  3558259  2031  0  135475  202  2147483647  0  632106  0  297975554  43528729  150190  541  38068  41439  5402  1446  455241131  
1439443551  1518803674  0  2131319559  1878476  56637  0  2025538  154  148110  3045  3161129762  2147483647  19116651698  96147  117273  0  1803756  202  3573181  2031  0  136191  202  2147483647  0  632106  0  299247877  43528729  150190  541  38068  41439  5402  1446  455241131  
1439443561  1525739992  0  2131319559  1878476  56637  0  2034773  154  148110  3045  3169217999  2147483647  19227666760  96147  117273  0  1813987  202  3581948  2031  0  137084  202  2147483647  0  632106  0  300469028  43528729  150190  541  38068  41439  5402  1446  455241131  
1439443571  1533963808  0  2131319559  1878476  56637  0  2045528  154  148110  3045  3182625120  2147483647  19353545618  96147  117273  0  1825576  202  3596062  2031  0  137897  202  2147483647  0  632106  0  301876782  43528729  150190  541  38068  41439  5402  1446  455241131  
1439443581  1541688074  0  2131319559  1878476  56637  0  2055958  154  148110  3045  3192745597  2147483647  19458919883  96147  117273  0  1835912  202  3607838  2031  0  138682  202  2147483647  0  632106  0  303022751  43528729  150190  541  38068  41439  5402  1446  455241131  
1439443591  1549653658  0  2131319559  1878476  56637  0  2066736  154  148110  3045  3204029044  2147483647  19583285201  96147  117273  0  1848567  202  3620494  2031  0  139633  202  2147483647  0  632106  0  304540049  43528729  150190  541  38068  41439  5402  1446  455241131  
1439443601  1559664119  0  2131319559  1878476  56637  0  2079989  154  148110  3045  3217304383  2147483647  19683978748  96147  117273  0  1858173  202  3634634  2031  0  140376  202  2147483647  0  632106  0  305798481  43528729  150190  541  38068  41439  5402  1446  455241131  
1439443611  1567002847  0  2131319559  1878476  56637  0  2089975  154  148110  3045  3228449481  2147483647  19788983228  96147  117273  0  1867820  202  3646332  2031  0  141055  202  2147483647  0  632106  0  306922955  43528729  150190  541  38068  41439  5402  1446  455241131  
1439443621  1576005189  0  2131319559  1878476  56637  0  2102022  154  148110  3045  3238945366  2147483647  19937409773  96147  117273  0  1881338  202  3658735  2031  0  141774  202  2147483647  0  632106  0  307783234  43528729  150190  541  38068  41439  5402  1446  455241131  
1439443631  1583550168  0  2131319559  1878476  56637  0  2112105  154  148110  3045  3250609348  2147483647  20064326552  96147  117273  0  1892879  202  3671129  2031  0  142606  202  2147483647  0  632106  0  309161144  43528729  150190  541  38068  41439  5402  1446  455241131  
1439443641  1589871171  0  2131319559  1878476  56637  0  2120223  154  148110  3045  3260153249  2147483647  20174922875  96147  117273  0  1902737  202  3681388  2031  0  143440  202  2147483647  0  632106  0  310448386  43528729  150190  541  38068  41439  5402  1446  455241131  
1439443651  1597454599  0  2131319559  1878476  56637  0  2130198  154  148110  3045  3272782162  2147483647  20277107859  96147  117273  0  1912270  202  3694714  2031  0  144570  202  2147483647  0  632106  0  312115684  43528729  150190  541  38068  41439  5402  1446  455241131  
1439443661  1604964813  0  2131319559  1878476  56637  0  2140272  154  148110  3045  3283850859  2147483647  20363239809  96147  117273  0  1920209  202  3706901  2031  0  145366  202  2147483647  0  632106  0  313309407  43528729  150190  541  38068  41439  5402  1446  455241131  
1439443671  1613916485  0  2131319559  1878476  56637  0  2151864  154  148110  3045  3296043618  2147483647  20474662703  96147  117273  0  1930198  202  3719333  2031  0  146122  202  2147483647  0  632106  0  314516027  43528729  150190  541  38068  41439  5402  1446  455241131  
1439443681  1620955076  0  2131319559  1878476  56637  0  2161356  154  148110  3045  3307305123  2147483647  20587660943  96147  117273  0  1940666  202  3731551  2031  0  146792  202  2147483647  0  632106  0  315683298  43528729  150190  541  38068  41439  5402  1446  455241131  
1439443691  1627518771  0  2131319559  1878476  56637  0  2169883  154  148110  3045  3314826636  2147483647  20690995693  96147  117273  0  1950088  202  3739434  2031  0  147254  202  2147483647  0  632106  0  316579272  43528729  150190  541  38068  41439  5402  1446  455241131  
1439443701  1637568422  0  2131319559  1878476  56637  0  2182942  154  148110  3045  3328346733  2147483647  20835568272  96147  117273  0  1963737  202  3754212  2031  0  148021  202  2147483647  0  632106  0  317936805  43528729  150190  541  38068  41439  5402  1446  455241131  
1439443711  1645604032  0  2131319559  1878476  56637  0  2193457  154  148110  3045  3340364035  2147483647  20934968078  96147  117273  0  1972745  202  3767137  2031  0  148801  202  2147483647  0  632106  0  319191062  43528729  150190  541  38068  41439  5402  1446  455241131  
1439443721  1652772050  0  2131319559  1878476  56637  0  2202715  154  148110  3045  3350166161  2147483647  21025605454  96147  117273  0  1980982  202  3777278  2031  0  149524  202  2147483647  0  632106  0  320047538  43528729  150190  541  38068  41439  5402  1446  455241131  
1439443731  1660682238  0  2131319559  1878476  56637  0  2213394  154  148110  3045  3360702287  2147483647  21126584326  96147  117273  0  1990989  202  3788740  2031  0  149954  202  2147483647  0  632106  0  320965414  43528729  150190  541  38068  41439  5402  1446  455241131  
1439443741  1668300979  0  2131319559  1878476  56637  0  2223395  154  148110  3045  3370678233  2147483647  21259098697  96147  117273  0  2003740  202  3799509  2031  0  150666  202  2147483647  0  632106  0  322139704  43528729  150190  541  38068  41439  5402  1446  455241131  
1439443751  1675411563  0  2131319559  1878476  56637  0  2232787  154  148110  3045  3382195465  2147483647  21353358287  96147  117273  0  2012364  202  3811607  2031  0  151295  202  2147483647  0  632106  0  323277672  43528729  150190  541  38068  41439  5402  1446  455241131  
1439443761  1683650039  0  2131319559  1878476  56637  0  2243375  154  148110  3045  3392463437  2147483647  21479650880  96147  117273  0  2023882  202  3823117  2031  0  152154  202  2147483647  0  632106  0  324657703  43528729  150190  541  38068  41439  5402  1446  455241131  
1439443771  1691484239  0  2131319559  1878476  56637  0  2253650  154  148110  3045  3403195339  2147483647  21608809040  96147  117273  0  2036452  202  3834745  2031  0  152910  202  2147483647  0  632106  0  325758946  43528729  150190  541  38068  41439  5402  1446  455241131  
1439443781  1699826461  0  2131319559  1878476  56637  0  2264633  154  148110  3045  3414785301  2147483647  21713549747  96147  117273  0  2045817  202  3847386  2031  0  153616  202  2147483647  0  632106  0  326744333  43528729  150190  541  38068  41439  5402  1446  455241131  
1439443791  1707552253  0  2131319559  1878476  56637  0  2274894  154  148110  3045  3426491241  2147483647  21812413588  96147  117273  0  2055519  202  3860110  2031  0  154616  202  2147483647  0  632106  0  328211023  43528729  150190  541  38068  41439  5402  1446  455241131  
1439443801  1715200160  0  2131319559  1878476  56637  0  2285137  154  148110  3045  3437276042  2147483647  21917733879  96147  117273  0  2065114  202  3871631  2031  0  155079  202  2147483647  0  632106  0  329150743  43528729  150190  541  38068  41439  5402  1446  455241131  
1439443811  1722050597  0  2131319559  1878476  56637  0  2293879  154  148110  3045  3449211781  2147483647  22029388628  96147  117273  0  2075233  202  3884237  2031  0  155790  202  2147483647  0  632106  0  330404852  43528729  150190  541  38068  41439  5402  1446  455241131  
1439443821  1730677893  0  2131319559  1878476  56637  0  2305169  154  148110  3045  3460522737  2147483647  22142870010  96147  117273  0  2085591  202  3896205  2031  0  156578  202  2147483647  0  632106  0  331670768  43528729  150190  541  38068  41439  5402  1446  455241131  
1439443831  1736642745  0  2131319559  1878476  56637  0  2312972  154  148110  3045  3470694695  2147483647  22206994852  96147  117273  0  2091515  202  3906651  2031  0  156972  202  2147483647  0  632106  0  332409594  43528729  150190  541  38068  41439  5402  1446  455241131  
1439443841  1743610157  0  2131319559  1878476  56637  0  2322476  154  148110  3045  3478907178  2147483647  22297012304  96147  117273  0  2099953  202  3915271  2031  0  157850  202  2147483647  0  632106  0  333663409  43528729  150190  541  38068  41439  5402  1446  455241131  
1439443852  1751037914  0  2131319559  1878476  56637  0  2332225  154  148110  3045  3487943199  2147483647  22401069391  96147  117273  0  2109722  202  3925352  2031  0  158261  202  2147483647  0  632106  0  334474182  43528729  150190  541  38068  41439  5402  1446  455241131  
1439443862  1758484780  0  2131319559  1878476  56637  0  2341783  154  148110  3045  3498383014  2147483647  22539417246  96147  117273  0  2122402  202  3936481  2031  0  159069  202  2147483647  0  632106  0  335867159  43528729  150190  541  38068  41439  5402  1446  455241131  
1439443872  1765767149  0  2131319559  1878476  56637  0  2350976  154  148110  3045  3507623799  2147483647  22646429879  96147  117273  0  2132316  202  3947364  2031  0  159744  202  2147483647  0  632106  0  336870229  43528729  150190  541  38068  41439  5402  1446  455241131  
1439443882  1773640380  0  2131319559  1878476  56637  0  2361147  154  148110  3045  3519488795  2147483647  22733858904  96147  117273  0  2140714  202  3959996  2031  0  160485  202  2147483647  0  632106  0  338022096  43528729  150190  541  38068  41439  5402  1446  455241131  
1439443892  1781998844  0  2131319559  1878476  56637  0  2372428  154  148110  3045  3530406925  2147483647  22845762945  96147  117273  0  2151001  202  3971669  2031  0  160901  202  2147483647  0  632106  0  338683535  43528729  150190  541  38068  41439  5402  1446  455241131  
1439443902  1789606925  0  2131319559  1878476  56637  0  2382109  154  148110  3045  3539922428  2147483647  22942438796  96147  117273  0  2159641  202  3981827  2031  0  161631  202  2147483647  0  632106  0  339667024  43528729  150190  541  38068  41439  5402  1446  455241131  
1439443912  1797788630  0  2131319559  1878476  56637  0  2392787  154  148110  3045  3549579721  2147483647  23071559843  96147  117273  0  2171187  202  3992224  2031  0  162334  202  2147483647  0  632106  0  340838380  43528729  150190  541  38068  41439  5402  1446  455241131  
1439443922  1804250687  0  2131319559  1878476  56637  0  2401149  154  148110  3045  3557395005  2147483647  23167496006  96147  117273  0  2179930  202  4000747  2031  0  163017  202  2147483647  0  632106  0  341872494  43528729  150190  541  38068  41439  5402  1446  455241131  
1439443932  1812044890  0  2131319559  1878476  56637  0  2411717  154  148110  3045  3568522027  2147483647  23288950803  96147  117273  0  2191385  202  4012403  2031  0  163464  202  2147483647  0  632106  0  342892893  43528729  150190  541  38068  41439  5402  1446  455241131  
1439443942  1819369076  0  2131319559  1878476  56637  0  2421507  154  148110  3045  3577532726  2147483647  23401519121  96147  117273  0  2201648  202  4022111  2031  0  164257  202  2147483647  0  632106  0  344183337  43528729  150190  541  38068  41439  5402  1446  455241131  
1439443952  1827408853  0  2131319559  1878476  56637  0  2432402  154  148110  3045  3588212053  2147483647  23525798488  96147  117273  0  2213131  202  4033642  2031  0  165035  202  2147483647  0  632106  0  345445908  43528729  150190  541  38068  41439  5402  1446  455241131  
1439443962  1834144074  0  2131319559  1878476  56637  0  2441012  154  148110  3045  3597674318  2147483647  23622913949  96147  117273  0  2221566  202  4043394  2031  0  165741  202  2147483647  0  632106  0  346571519  43528729  150190  541  38068  41439  5402  1446  455241131  
1439443972  1843093283  0  2131319559  1878476  56637  0  2452600  154  148110  3045  3609291707  2147483647  23736679248  96147  117273  0  2232392  202  4055656  2031  0  166521  202  2147483647  0  632106  0  347866815  43528729  150190  541  38068  41439  5402  1446  455241131  
1439443982  1849974846  0  2131319559  1878476  56637  0  2461632  154  148110  3045  3618884414  2147483647  23817962486  96147  117273  0  2239670  202  4065636  2031  0  167150  202  2147483647  0  632106  0  348874986  43528729  150190  541  38068  41439  5402  1446  455241131  
1439443992  1858340225  0  2131319559  1878476  56637  0  2472617  154  148110  3045  3628741735  2147483647  23931646685  96147  117273  0  2250527  202  4076333  2031  0  167966  202  2147483647  0  632106  0  350110476  43528729  150190  541  38068  41439  5402  1446  455241131  
1439444002  1864919186  0  2131319559  1878476  56637  0  2481151  154  148110  3045  3635999727  2147483647  24024212512  96147  117273  0  2259277  202  4084109  2031  0  168438  202  2147483647  0  632106  0  350946781  43528729  150190  541  38068  41439  5402  1446  455241131  
1439444012  1872260086  0  2131319559  1878476  56637  0  2490486  154  148110  3045  3645600690  2147483647  24126854651  96147  117273  0  2268485  202  4094194  2031  0  169237  202  2147483647  0  632106  0  352233181  43528729  150190  541  38068  41439  5402  1446  455241131  
1439444022  1878774570  0  2131319559  1878476  56637  0  2499166  154  148110  3045  3653675346  2147483647  24249806687  96147  117273  0  2280197  202  4103056  2031  0  169774  202  2147483647  0  632106  0  353298366  43528729  150190  541  38068  41439  5402  1446  455241131  
1439444032  1886604061  0  2131319559  1878476  56637  0  2509481  154  148110  3045  3664483145  2147483647  24352895836  96147  117273  0  2290107  202  4114490  2031  0  170551  202  2147483647  0  632106  0  354327908  43528729  150190  541  38068  41439  5402  1446  455241131  
1439444042  1893506704  0  2131319559  1878476  56637  0  2518200  154  148110  3045  3673259354  2147483647  24443854021  96147  117273  0  2298537  202  4123508  2031  0  170949  202  2147483647  0  632106  0  355124667  43528729  150190  541  38068  41439  5402  1446  455241131  
1439444052  1900503616  0  2131319559  1878476  56637  0  2527122  154  148110  3045  3683346469  2147483647  24537242126  96147  117273  0  2306939  202  4134470  2031  0  171571  202  2147483647  0  632106  0  356026595  43528729  150190  541  38068  41439  5402  1446  455241131  
