#type:G;
#time  Rt  Nm  Tt  Nc  Rx  Gz  Pc  Pf  Ra  Te  Pm  Fp  Fc  Ta  Fm  Om  Lm  Oc  Sm  Sc  Em  Af  Ea  Cf  Ec  Gd  Zt  Et  Ep  dedup_put_diff  total_eph_put_diff  dedup_factor  dedup_curr  compression_saving  tze_saving  
1439579894  0  0  19727  0  0  0  0  0  0  19434  0  0  0  0  0  0  0  0  0  0  0  0  0  0  0  0  0  0  0  0  0  0 0 0 0 
1439579904  0  0  19740  0  0  0  0  0  0  19438  0  0  0  0  0  0  0  0  0  0  0  0  0  0  0  0  0  0  0  0  0  0 0 0 0 
1439579914  0  801  65800  714  0  0  10580  0  0  19890  11826  0  10580  1266  11826  956  0  745  0  0  11826  0  0  0  10580  0  0  0  13509  0  13509  0.0  100.0  0 0 
1439579924  0  801  85057  701  0  0  10626  0  0  19890  11826  0  10626  1230  11826  956  0  722  0  0  11826  0  0  0  10626  0  0  0  13929  0  420  0.0  100.0  0 0 
1439579934  0  801  105772  701  0  0  10625  0  0  19890  11826  0  10625  1231  11826  956  0  721  0  0  11826  0  0  0  10625  0  0  0  13930  0  1  0.0  100.0  0 0 
1439579944  0  801  126431  705  0  0  10729  0  0  19890  11826  0  10729  1132  11826  956  0  696  0  0  11826  0  0  0  10729  0  0  0  14351  0  421  0.0  100.0  0 0 
1439579954  0  801  196866  608  0  0  10417  0  0  19890  11826  0  10417  1465  11826  956  0  549  0  0  11826  0  0  0  10417  0  0  0  15530  0  1179  0.0  100.0  0 0 
1439579964  0  801  294474  534  0  0  9616  0  0  19890  11826  0  9616  2278  11826  956  0  426  0  0  11826  0  0  0  9616  0  0  0  16025  0  495  0.0  100.0  0 0 
1439579974  0  801  421847  487  0  0  9524  0  0  19890  11826  0  9524  2385  11826  956  0  337  0  0  11826  0  0  0  9524  0  0  0  16886  0  861  0.0  100.0  0 0 
1439579984  0  801  510262  609  0  0  12026  0  0  19890  12026  0  12026  0  12026  956  0  436  0  0  12026  0  0  0  12026  0  0  0  20236  0  3350  0.0  100.0  0 0 
1439579994  0  801  641631  786  0  0  15688  0  0  19890  15688  0  15688  0  15688  956  0  580  0  0  15688  0  0  0  15688  0  0  0  24194  0  3958  0.0  100.0  0 0 
1439580004  0  1050  756914  1050  0  0  20176  0  0  19890  20176  0  20176  0  20176  956  0  794  0  0  20176  0  0  0  20176  0  0  0  28784  0  4590  0.0  100.0  0 0 
1439580014  0  2179  884290  2179  0  0  43998  0  0  19890  43998  0  43998  0  43998  1844  0  1844  0  0  43998  0  0  0  43998  0  0  0  52615  0  23831  0.0  100.0  0 0 
1439580024  0  3141  1031932  3141  0  0  63514  0  0  19890  63514  0  63514  0  63514  2709  0  2709  0  0  63514  0  0  0  63514  0  0  0  72368  0  19753  0.0  100.0  0 0 
1439580034  0  4280  1152810  4280  0  0  87823  0  0  19890  87823  0  87823  0  87823  3760  0  3760  0  0  87823  0  0  0  87823  0  0  0  96697  0  24329  0.0  100.0  0 0 
1439580044  0  6033  1296209  6019  0  0  121989  0  0  19890  122018  0  121989  1  122018  5529  0  5527  0  0  122018  0  17921  0  121989  0  0  17921  151819  0  55122  0.0  100.0  0 0 
1439580054  0  6057  1434011  5983  0  0  121988  0  0  19890  122018  0  121988  1  122018  5569  0  5540  0  0  122018  0  59903  0  121988  0  0  59903  207605  0  55786  0.0  100.0  0 0 
1439580064  0  6057  1572550  5915  0  0  121990  0  0  19890  122018  0  121990  1  122018  5569  0  5468  0  0  122018  0  121236  0  121990  0  0  121237  275332  0  67727  0.0  100.0  0 0 
1439580074  0  6057  1688397  5833  0  0  121990  0  0  19890  122018  0  121990  1  122018  5569  0  5372  0  0  122018  0  177938  0  121990  0  0  177939  332045  0  56713  0.0  100.0  0 0 
1439580084  0  6057  1803764  5838  0  0  121990  0  0  19890  122018  0  121990  1  122018  5569  0  5379  0  0  122018  0  235191  0  121990  0  0  235192  389298  0  57253  0.0  100.0  0 0 
1439580094  0  6057  1916775  5871  0  0  121992  0  0  19890  122018  0  121992  1  122018  5569  0  5395  0  0  122018  0  290989  0  121992  0  0  290992  445102  0  55804  0.0  100.0  0 0 
1439580104  0  6057  2055492  5935  0  0  121984  0  0  19890  122018  0  121984  1  122018  5569  0  5438  0  0  122018  0  359174  0  121984  0  0  359178  513302  0  68200  0.0  100.0  0 0 
1439580114  0  6057  2202548  5960  0  0  121976  0  0  19890  122018  0  121976  1  122018  5569  0  5478  0  0  122018  0  431562  0  121976  0  0  431574  585716  0  72414  0.0  100.0  0 0 
1439580124  0  6057  2325395  5837  0  0  121976  0  0  19890  122018  0  121976  1  122018  5569  0  5399  0  0  122018  0  492412  0  121976  0  0  492427  646576  0  60860  0.0  100.0  0 0 
1439580134  0  6057  2445215  5865  0  0  121977  0  0  19890  122018  0  121977  1  122018  5569  0  5405  0  0  122018  0  550589  0  121977  0  0  550605  704773  0  58197  0.0  100.0  0 0 
1439580144  0  6057  2579679  5906  0  0  121977  0  0  19890  122018  0  121977  1  122018  5569  0  5399  0  0  122018  0  616869  0  121977  0  0  616885  771073  0  66300  0.0  100.0  0 0 
1439580154  0  6057  2718235  5862  0  0  121977  0  0  19890  122018  0  121977  1  122018  5569  0  5390  0  0  122018  0  684933  0  121977  0  0  684952  839140  0  68067  0.0  100.0  0 0 
1439580164  0  6057  2854089  5905  0  0  121977  0  0  19890  122018  0  121977  1  122018  5569  0  5472  0  0  122018  0  751086  0  121977  0  0  751105  905293  0  66153  0.0  100.0  0 0 
1439580174  0  6057  2978199  5895  0  0  121973  0  0  19890  122018  0  121973  1  122018  5569  0  5464  0  0  122018  0  811823  0  121973  0  0  811844  966028  0  60735  0.0  100.0  0 0 
1439580184  0  6057  3111594  5851  0  0  121973  0  0  19890  122018  0  121973  1  122018  5569  0  5418  0  0  122018  0  877845  0  121973  0  0  877867  1032090  0  66062  0.0  100.0  0 0 
1439580194  0  6057  3248431  5824  0  0  121973  0  0  19890  122018  0  121973  1  122018  5569  0  5351  0  0  122018  0  945092  0  121973  0  0  945114  1099361  0  67271  0.0  100.0  0 0 
1439580204  0  6057  3360713  5939  0  0  121972  0  0  19890  122018  0  121972  1  122018  5569  0  5461  0  0  122018  0  999865  0  121972  0  0  999887  1154133  0  54772  0.0  100.0  0 0 
1439580214  0  6057  3504277  5925  0  0  121972  0  0  19890  122018  0  121972  1  122018  5569  0  5459  0  0  122018  0  1070321  0  121972  0  0  1070345  1224591  0  70458  0.0  100.0  0 0 
1439580224  0  6057  3657261  5938  0  0  121967  0  0  19890  122018  0  121967  1  122018  5569  0  5486  0  0  122018  0  1145132  0  121967  0  0  1145156  1299408  0  74817  0.0  100.0  0 0 
1439580234  0  6057  3787733  5920  0  0  121969  0  0  19890  122018  0  121969  1  122018  5569  0  5471  0  0  122018  0  1209197  0  121969  0  0  1209221  1363489  0  64081  0.0  100.0  0 0 
1439580244  0  6057  3916344  5910  0  0  121970  0  0  19890  122018  0  121970  1  122018  5569  0  5487  0  0  122018  0  1271974  0  121970  0  0  1271998  1426267  0  62778  0.0  100.0  0 0 
1439580254  0  6057  4058149  5889  0  0  121970  0  0  19890  122018  0  121970  1  122018  5569  0  5425  0  0  122018  0  1341875  0  121970  0  0  1341901  1496173  0  69906  0.0  100.0  0 0 
1439580264  0  6057  4184681  5892  0  0  121970  0  0  19890  122018  0  121970  1  122018  5569  0  5419  0  0  122018  0  1403916  0  121970  0  0  1403942  1558220  0  62047  0.0  100.0  0 0 
1439580274  0  6057  4292955  5933  0  0  121970  0  0  19890  122018  0  121970  1  122018  5569  0  5471  0  0  122018  0  1456719  0  121970  0  0  1456745  1611023  0  52803  0.0  100.0  0 0 
1439580284  0  6057  4416767  6029  0  0  121958  0  0  19890  122018  0  121958  1  122018  5585  0  5572  0  0  122018  0  1517388  0  121958  0  0  1517414  1671685  0  60662  0.0  100.0  0 0 
1439580294  0  6071  4559983  5900  0  0  121954  0  0  19890  122018  0  121954  1  122018  5605  0  5445  0  0  122018  0  1588110  0  121954  0  0  1588138  1742406  0  70721  0.0  100.0  0 0 
1439580304  0  6071  4663119  5851  0  0  121955  0  0  19890  122018  0  121955  1  122018  5605  0  5391  0  0  122018  0  1638354  0  121955  0  0  1638382  1792651  0  50245  0.0  100.0  0 0 
1439580314  0  6071  4803562  5847  0  0  121955  0  0  19890  122018  0  121955  1  122018  5605  0  5406  0  0  122018  0  1707055  0  121955  0  0  1707085  1861354  0  68703  0.0  100.0  0 0 
1439580324  0  6071  4963829  5954  0  0  121957  0  0  19890  122018  0  121957  1  122018  5605  0  5532  0  0  122018  0  1786255  0  121957  0  0  1786285  1940559  0  79205  0.0  100.0  0 0 
1439580334  0  6071  5123180  5912  0  0  121960  0  0  19890  122018  0  121960  1  122018  5605  0  5454  0  0  122018  0  1864240  0  121960  0  0  1864270  2018547  0  77988  0.0  100.0  0 0 
1439580344  0  6071  5249768  5860  0  0  121963  0  0  19890  122018  0  121963  1  122018  5605  0  5377  0  0  122018  0  1926175  0  121963  0  0  1926205  2080486  0  61939  0.0  100.0  0 0 
1439580354  0  6071  5373505  5919  0  0  121965  0  0  19890  122018  0  121965  1  122018  5605  0  5439  0  0  122018  0  1986587  0  121965  0  0  1986619  2140902  0  60416  0.0  100.0  0 0 
1439580364  0  6071  5494875  5908  0  0  121967  0  0  19890  122018  0  121967  1  122018  5605  0  5448  0  0  122018  0  2046467  0  121967  0  0  2046499  2200784  0  59882  0.0  100.0  0 0 
1439580374  0  6071  5612500  5828  0  0  121967  0  0  19890  122018  0  121967  1  122018  5605  0  5359  0  0  122018  0  2103894  0  121967  0  0  2103926  2258211  0  57427  0.0  100.0  0 0 
1439580384  0  6071  5756691  5842  0  0  121968  0  0  19890  122018  0  121968  1  122018  5605  0  5386  0  0  122018  0  2174330  0  121968  0  0  2174362  2328648  0  70437  0.0  100.0  0 0 
1439580394  0  6071  5884077  5813  0  0  121970  0  0  19890  122018  0  121970  1  122018  5605  0  5377  0  0  122018  0  2237280  0  121970  0  0  2237312  2391600  0  62952  0.0  100.0  0 0 
1439580404  0  6071  5990884  5810  0  0  121973  0  0  19890  122018  0  121973  1  122018  5605  0  5353  0  0  122018  0  2289731  0  121973  0  0  2289770  2444075  0  52475  0.0  100.0  0 0 
1439580414  0  6071  6105170  5837  0  0  121975  0  0  19890  122018  0  121975  1  122018  5605  0  5371  0  0  122018  0  2345527  0  121975  0  0  2345566  2499875  0  55800  0.0  100.0  0 0 
1439580424  0  6071  6239570  5850  0  0  121976  0  0  19890  122018  0  121976  1  122018  5605  0  5407  0  0  122018  0  2411433  0  121976  0  0  2411472  2565785  0  65910  0.0  100.0  0 0 
1439580434  0  6071  6397784  5877  0  0  121978  0  0  19890  122018  0  121978  1  122018  5605  0  5403  0  0  122018  0  2489244  0  121978  0  0  2489285  2643639  0  77854  0.0  100.0  0 0 
1439580445  0  6071  6550495  5929  0  0  121978  0  0  19890  122018  0  121978  1  122018  5605  0  5482  0  0  122018  0  2563700  0  121978  0  0  2563741  2718111  0  74472  0.0  100.0  0 0 
1439580455  0  6071  6674760  5932  0  0  121978  0  0  19890  122018  0  121978  1  122018  5605  0  5514  0  0  122018  0  2625118  0  121978  0  0  2625159  2779529  0  61418  0.0  100.0  0 0 
1439580465  0  6071  6791581  5864  0  0  121978  0  0  19890  122018  0  121978  1  122018  5605  0  5408  0  0  122018  0  2682330  0  121978  0  0  2682371  2836741  0  57212  0.0  100.0  0 0 
1439580475  0  6071  6917778  5797  0  0  121978  0  0  19890  122018  0  121978  1  122018  5605  0  5325  0  0  122018  0  2744343  0  121978  0  0  2744384  2898770  0  62029  0.0  100.0  0 0 
1439580485  0  6071  7061557  5905  0  0  121978  0  0  19890  122018  0  121978  1  122018  5605  0  5438  0  0  122018  0  2814431  0  121978  0  0  2814472  2968861  0  70091  0.0  100.0  0 0 
1439580495  0  6071  7201168  5970  0  0  121967  0  0  19890  122018  0  121967  1  122018  5605  0  5523  0  0  122018  0  2882739  0  121967  0  0  2882780  3037211  0  68350  0.0  100.0  0 0 
1439580505  0  6071  7333106  5894  0  0  121967  0  0  19890  122018  0  121967  1  122018  5605  0  5413  0  0  122018  0  2947693  0  121967  0  0  2947735  3102166  0  64955  0.0  100.0  0 0 
1439580515  0  6071  7453998  5959  0  0  121969  0  0  19890  122018  0  121969  1  122018  5605  0  5490  0  0  122018  0  3007203  0  121969  0  0  3007247  3161680  0  59514  0.0  100.0  0 0 
1439580525  0  6071  7598395  5895  0  0  121970  0  0  19890  122018  0  121970  1  122018  5605  0  5439  0  0  122018  0  3077848  0  121970  0  0  3077894  3232341  0  70661  0.0  100.0  0 0 
1439580535  0  6071  7725677  5823  0  0  121975  0  0  19890  122018  0  121975  1  122018  5605  0  5378  0  0  122018  0  3140757  0  121975  0  0  3140803  3295275  0  62934  0.0  100.0  0 0 
1439580545  0  6071  7844910  5888  0  0  121975  0  0  19890  122018  0  121975  1  122018  5605  0  5419  0  0  122018  0  3198934  0  121975  0  0  3198982  3353470  0  58195  0.0  100.0  0 0 
1439580555  0  6071  7975985  5968  0  0  121976  0  0  19890  122018  0  121976  1  122018  5605  0  5488  0  0  122018  0  3262842  0  121976  0  0  3262890  3417381  0  63911  0.0  100.0  0 0 
1439580565  0  6071  8116760  5847  0  0  121976  0  0  19890  122018  0  121976  1  122018  5605  0  5422  0  0  122018  0  3331880  0  121976  0  0  3331928  3486419  0  69038  0.0  100.0  0 0 
1439580575  0  6071  8218087  5820  0  0  121977  0  0  19890  122018  0  121977  1  122018  5605  0  5381  0  0  122018  0  3381707  0  121977  0  0  3381755  3536270  0  49851  0.0  100.0  0 0 
1439580585  0  6071  8359117  5886  0  0  121977  0  0  19890  122018  0  121977  1  122018  5605  0  5414  0  0  122018  0  3450524  0  121977  0  0  3450572  3605105  0  68835  0.0  100.0  0 0 
1439580595  0  6071  8492563  5999  0  0  121974  0  0  19890  122018  0  121974  1  122018  5605  0  5517  0  0  122018  0  3516210  0  121974  0  0  3516259  3670789  0  65684  0.0  100.0  0 0 
1439580605  0  6071  8622454  5985  0  0  121972  0  0  19890  122018  0  121972  1  122018  5605  0  5518  0  0  122018  0  3579985  0  121972  0  0  3580034  3734572  0  63783  0.0  100.0  0 0 
1439580615  0  6071  8764724  5878  0  0  121974  0  0  19890  122018  0  121974  1  122018  5605  0  5454  0  0  122018  0  3650038  0  121974  0  0  3650091  3804639  0  70067  0.0  100.0  0 0 
1439580625  0  6071  8888875  5823  0  0  121974  0  0  19890  122018  0  121974  1  122018  5605  0  5393  0  0  122018  0  3710812  0  121974  0  0  3710865  3865413  0  60774  0.0  100.0  0 0 
1439580635  0  6071  9001915  5899  0  0  121976  0  0  19890  122018  0  121976  1  122018  5605  0  5427  0  0  122018  0  3766036  0  121976  0  0  3766089  3920653  0  55240  0.0  100.0  0 0 
1439580645  0  6071  9139904  5934  0  0  121977  0  0  19890  122018  0  121977  1  122018  5605  0  5482  0  0  122018  0  3833749  0  121977  0  0  3833802  3988367  0  67714  0.0  100.0  0 0 
1439580655  0  6071  9288425  5905  0  0  121979  0  0  19890  122018  0  121979  1  122018  5605  0  5440  0  0  122018  0  3906811  0  121979  0  0  3906865  4061432  0  73065  0.0  100.0  0 0 
1439580665  0  6071  9420493  5933  0  0  121979  0  0  19890  122018  0  121979  1  122018  5605  0  5479  0  0  122018  0  3971916  0  121979  0  0  3971971  4126538  0  65106  0.0  100.0  0 0 
1439580675  0  6071  9555505  5972  0  0  121971  0  0  19890  122018  0  121971  1  122018  5605  0  5504  0  0  122018  0  4038285  0  121971  0  0  4038341  4192927  0  66389  0.0  100.0  0 0 
1439580685  0  6071  9676781  5873  0  0  121972  0  0  19890  122018  0  121972  1  122018  5605  0  5399  0  0  122018  0  4097923  0  121972  0  0  4097980  4252571  0  59644  0.0  100.0  0 0 
1439580695  0  6071  9809440  5851  0  0  121973  0  0  19890  122018  0  121973  1  122018  5605  0  5370  0  0  122018  0  4163233  0  121973  0  0  4163291  4317883  0  65312  0.0  100.0  0 0 
1439580705  0  6071  9927980  5857  0  0  121974  0  0  19890  122018  0  121974  1  122018  5605  0  5397  0  0  122018  0  4221630  0  121974  0  0  4221688  4376283  0  58400  0.0  100.0  0 0 
1439580715  0  6071  10053303  5780  0  0  121975  0  0  19890  122018  0  121975  1  122018  5605  0  5378  0  0  122018  0  4283099  0  121975  0  0  4283159  4437771  0  61488  0.0  100.0  0 0 
1439580725  0  6071  10161079  5847  0  0  121976  0  0  19890  122018  0  121976  1  122018  5605  0  5433  0  0  122018  0  4336056  0  121976  0  0  4336117  4490732  0  52961  0.0  100.0  0 0 
1439580735  0  6071  10299599  5922  0  0  121980  0  0  19890  122018  0  121980  1  122018  5605  0  5458  0  0  122018  0  4404065  0  121980  0  0  4404126  4558745  0  68013  0.0  100.0  0 0 
1439580745  0  6071  10441156  5857  0  0  121979  0  0  19890  122018  0  121979  1  122018  5605  0  5405  0  0  122018  0  4473778  0  121979  0  0  4473843  4628464  0  69719  0.0  100.0  0 0 
1439580755  0  6071  10584859  5899  0  0  121979  0  0  19890  122018  0  121979  1  122018  5605  0  5458  0  0  122018  0  4544497  0  121979  0  0  4544562  4699183  0  70719  0.0  100.0  0 0 
1439580765  0  6071  10728604  5883  0  0  121974  0  0  19890  122018  0  121974  1  122018  5605  0  5490  0  0  122018  0  4615102  0  121974  0  0  4615167  4769783  0  70600  0.0  100.0  0 0 
1439580775  0  6071  10841373  5860  0  0  121974  0  0  19890  122018  0  121974  1  122018  5605  0  5432  0  0  122018  0  4670672  0  121974  0  0  4670737  4825353  0  55570  0.0  100.0  0 0 
1439580785  0  6071  10971467  5843  0  0  121978  0  0  19890  122018  0  121978  1  122018  5605  0  5378  0  0  122018  0  4734731  0  121978  0  0  4734798  4889418  0  64065  0.0  100.0  0 0 
1439580795  0  6071  11125781  5951  0  0  121978  0  0  19890  122018  0  121978  1  122018  5605  0  5487  0  0  122018  0  4810359  0  121978  0  0  4810426  4965048  0  75630  0.0  100.0  0 0 
1439580805  0  6071  11250111  5979  0  0  121972  0  0  19890  122018  0  121972  1  122018  5605  0  5542  0  0  122018  0  4871742  0  121972  0  0  4871811  5026443  0  61395  0.0  100.0  0 0 
1439580815  0  6071  11368547  5955  0  0  121972  0  0  19890  122018  0  121972  1  122018  5605  0  5506  0  0  122018  0  4930254  0  121972  0  0  4930323  5084955  0  58512  0.0  100.0  0 0 
1439580825  0  6071  11514156  5834  0  0  121972  0  0  19890  122018  0  121972  1  122018  5605  0  5357  0  0  122018  0  5001724  0  121972  0  0  5001793  5156425  0  71470  0.0  100.0  0 0 
1439580835  0  6071  11631795  5824  0  0  121972  0  0  19890  122018  0  121972  1  122018  5605  0  5365  0  0  122018  0  5059678  0  121972  0  0  5059749  5214384  0  57959  0.0  100.0  0 0 
1439580845  0  6071  11772163  5877  0  0  121977  0  0  19890  122018  0  121977  1  122018  5605  0  5406  0  0  122018  0  5129066  0  121977  0  0  5129137  5283779  0  69395  0.0  100.0  0 0 
1439580855  0  6071  11900234  5836  0  0  121979  0  0  19890  122018  0  121979  1  122018  5605  0  5391  0  0  122018  0  5191661  0  121979  0  0  5191740  5346384  0  62605  0.0  100.0  0 0 
1439580865  0  6071  12018521  5862  0  0  121985  0  0  19890  122018  0  121985  1  122018  5605  0  5437  0  0  122018  0  5250127  0  121985  0  0  5250206  5404856  0  58472  0.0  100.0  0 0 
1439580875  0  6071  12123957  5821  0  0  121985  0  0  19890  122018  0  121985  1  122018  5605  0  5394  0  0  122018  0  5301670  0  121985  0  0  5301749  5456404  0  51548  0.0  100.0  0 0 
1439580885  0  6071  12257020  5810  0  0  121985  0  0  19890  122018  0  121985  1  122018  5605  0  5346  0  0  122018  0  5366778  0  121985  0  0  5366857  5521521  0  65117  0.0  100.0  0 0 
1439580895  0  6071  12391475  5912  0  0  121986  0  0  19890  122018  0  121986  1  122018  5605  0  5442  0  0  122018  0  5432719  0  121986  0  0  5432798  5587463  0  65942  0.0  100.0  0 0 
1439580905  0  6071  12503375  5832  0  0  121987  0  0  19890  122018  0  121987  1  122018  5605  0  5377  0  0  122018  0  5487181  0  121987  0  0  5487260  5641965  0  54502  0.0  100.0  0 0 
1439580915  0  6071  12590217  5717  0  0  121987  0  0  19890  122018  0  121987  1  122018  5605  0  5255  0  0  122018  0  5529612  0  121987  0  0  5529691  5684434  0  42469  0.0  100.0  0 0 
