#Type:X;CI:2;ww:0;ca:0;co:0;fr:0;Type:X;CI:2;PI:0;PT:EP;U0:0;U1:0;Type:X;CI:2;PI:1;PT:EP;U0:0;U1:0;
#time  Pp  gt  gs  cn  cm  cb  Nc  Pc  cp  Tc  Nm  pr  ps  pt  px  pd  Pm  Om  fs  ft  Oc  Em  Gp  Ec  Ge  ot  os  Total_cycles_diff  Successful_get_diff  Total_get_diff  succ_put_diff  total_put_diff  get_hit  
1439126367  0  0  0  0  0  0  0  0  0  4327866  0  0  0  0  0  0  0  0  0  21  0  0  0  0  0  46  0  4327866  0  0  0  0  
1439126377  0  0  0  0  0  0  0  0  0  4330988  0  0  0  0  0  0  0  0  0  21  0  0  0  0  0  46  0  3122  0  0  0  0  0 
1439126387  0  526  319  0  0  0  175  2595  0  34367509  232  0  3409  3409  0  0  3409  350  0  94  182  3409  0  2595  319  7582  130  30036521  319  526  3409  3409  60.6463878327  
1439126397  0  526  319  0  0  0  155  2553  0  76307250  232  0  3815  3815  0  0  3409  350  0  43258  132  3409  0  2553  319  7762  206  41939741  0  0  406  406  60.6463878327  
1439126407  0  779  475  0  0  0  108  2481  0  148008216  232  0  4628  4628  0  0  3409  350  0  106913  63  3409  0  2481  475  9806  291  71700966  156  253  813  813  60.9756097561  
1439126417  0  38740  541  0  0  0  287  4764  0  271412320  287  0  6986  6986  0  0  4764  350  0  166631  221  4764  0  4764  541  13293  294  123404104  66  37961  2358  2358  1.39648941662  
1439126427  0  98618  604  0  0  0  2396  51868  0  1028217091  2396  0  54154  54154  0  0  51868  2160  0  179551  2160  51868  0  51868  604  15047  295  756804771  63  59878  47168  47168  0.612464256018  
1439126437  0  150458  620  0  0  0  0  0  0  2081537311  2999  0  100830  107332  6502  0  64568  2703  0  185387  0  64568  0  0  620  16499  1374  1053320220  16  51840  46676  53178  0.412075130601  
1439126447  0  150458  620  0  0  0  0  0  0  2535438527  2999  0  100830  147923  47093  0  64568  2703  0  185403  0  64568  0  0  620  17433  1374  453901216  0  0  0  40591  0.412075130601  
1439126457  0  150458  620  0  0  0  0  0  0  3167728855  2999  0  100830  205250  104420  0  64568  2703  0  185464  0  64568  0  0  620  19482  1374  632290328  0  0  0  57327  0.412075130601  
1439126467  0  150458  620  0  0  0  0  0  0  3763365479  2999  0  100830  257743  156913  0  64568  2703  0  186358  0  64568  0  0  620  21751  1374  595636624  0  0  0  52493  0.412075130601  
1439126477  0  150458  620  0  0  0  0  0  0  4280364914  2999  0  100830  303962  203132  0  64568  2703  0  186470  0  64568  0  0  620  23046  1374  516999435  0  0  0  46219  0.412075130601  
1439126487  0  150458  620  0  0  0  0  0  0  4854658663  2999  0  100830  356220  255390  0  64568  2703  0  186502  0  64568  0  0  620  24952  1374  574293749  0  0  0  52258  0.412075130601  
1439126497  0  150458  620  0  0  0  0  0  0  5482082467  2999  0  100830  413032  312202  0  64568  2703  0  187307  0  64568  0  0  620  27412  1374  627423804  0  0  0  56812  0.412075130601  
1439126507  0  150458  620  0  0  0  0  0  0  6061170206  2999  0  100830  463779  362949  0  64568  2703  0  187489  0  64568  0  0  620  28962  1374  579087739  0  0  0  50747  0.412075130601  
1439126517  0  150458  620  0  0  0  0  0  0  6477323101  2999  0  100830  502090  401260  0  64568  2703  0  187489  0  64568  0  0  620  30486  1374  416152895  0  0  0  38311  0.412075130601  
1439126527  0  150458  620  0  0  0  0  0  0  7086154940  2999  0  100830  558045  457215  0  64568  2703  0  187561  0  64568  0  0  620  32721  1374  608831839  0  0  0  55955  0.412075130601  
1439126537  0  150458  620  0  0  0  0  0  0  7746457501  2999  0  100830  618009  517179  0  64568  2703  0  188518  0  64568  0  0  620  34926  1374  660302561  0  0  0  59964  0.412075130601  
1439126547  0  150458  620  0  0  0  0  0  0  8229518185  2999  0  100830  661601  560771  0  64568  2703  0  188569  0  64568  0  0  620  36077  1374  483060684  0  0  0  43592  0.412075130601  
1439126557  0  150458  620  0  0  0  0  0  0  8816584024  2999  0  100830  715104  614274  0  64568  2703  0  188633  0  64568  0  0  620  38205  1374  587065839  0  0  0  53503  0.412075130601  
1439126567  0  150458  620  0  0  0  0  0  0  9435373472  2999  0  100830  771200  670370  0  64568  2703  0  189387  0  64568  0  0  620  40273  1374  618789448  0  0  0  56096  0.412075130601  
1439126577  0  150458  620  0  0  0  0  0  0  9979181697  2999  0  100830  821089  720259  0  64568  2703  0  189571  0  64568  0  0  620  42084  1374  543808225  0  0  0  49889  0.412075130601  
1439126587  0  150458  620  0  0  0  0  0  0  10544324096  2999  0  100830  871821  770991  0  64568  2703  0  189604  0  64568  0  0  620  44023  1374  565142399  0  0  0  50732  0.412075130601  
1439126597  0  150458  620  0  0  0  0  0  0  11169584200  2999  0  100830  927681  826851  0  64568  2703  0  189645  0  64568  0  0  620  46043  1374  625260104  0  0  0  55860  0.412075130601  
1439126608  0  150458  620  0  0  0  0  0  0  11727674192  2999  0  100830  979165  878335  0  64568  2703  0  190614  0  64568  0  0  620  47827  1374  558089992  0  0  0  51484  0.412075130601  
1439126618  0  150458  620  0  0  0  0  0  0  12189823917  2999  0  100830  1021499  920669  0  64568  2703  0  190661  0  64568  0  0  620  49311  1374  462149725  0  0  0  42334  0.412075130601  
1439126628  0  150458  620  0  0  0  0  0  0  12775648630  2999  0  100830  1074899  974069  0  64568  2703  0  190733  0  64568  0  0  620  51252  1374  585824713  0  0  0  53400  0.412075130601  
1439126638  0  150458  620  0  0  0  0  0  0  13432952285  2999  0  100830  1134344  1033514  0  64568  2703  0  191506  0  64568  0  0  620  53289  1374  657303655  0  0  0  59445  0.412075130601  
1439126648  0  150458  620  0  0  0  0  0  0  14012762145  2999  0  100830  1187700  1086870  0  64568  2703  0  191755  0  64568  0  0  620  55428  1374  579809860  0  0  0  53356  0.412075130601  
1439126658  0  150458  620  0  0  0  0  0  0  14617040475  2999  0  100830  1241919  1141089  0  64568  2703  0  191819  0  64568  0  0  620  57464  1374  604278330  0  0  0  54219  0.412075130601  
1439126668  0  150458  620  0  0  0  0  0  0  15229525426  2999  0  100830  1297013  1196183  0  64568  2703  0  191828  0  64568  0  0  620  59598  1374  612484951  0  0  0  55094  0.412075130601  
1439126678  0  150458  620  0  0  0  0  0  0  15790456987  2999  0  100830  1347432  1246602  0  64568  2703  0  192803  0  64568  0  0  620  61546  1374  560931561  0  0  0  50419  0.412075130601  
1439126688  0  150458  620  0  0  0  0  0  0  16224791101  2999  0  100830  1386723  1285893  0  64568  2703  0  192928  0  64568  0  0  620  63078  1374  434334114  0  0  0  39291  0.412075130601  
1439126698  0  150458  620  0  0  0  0  0  0  16874932360  2999  0  100830  1445067  1344237  0  64568  2703  0  193001  0  64568  0  0  620  65060  1374  650141259  0  0  0  58344  0.412075130601  
1439126708  0  150458  620  0  0  0  0  0  0  17498766135  2999  0  100830  1502477  1401647  0  64568  2703  0  193759  0  64568  0  0  620  67114  1374  623833775  0  0  0  57410  0.412075130601  
1439126718  0  150458  620  0  0  0  0  0  0  17986462372  2999  0  100830  1546627  1445797  0  64568  2703  0  193960  0  64568  0  0  620  68656  1374  487696237  0  0  0  44150  0.412075130601  
1439126728  0  150458  620  0  0  0  0  0  0  18601966209  2999  0  100830  1602239  1501409  0  64568  2703  0  194033  0  64568  0  0  620  70581  1374  615503837  0  0  0  55612  0.412075130601  
1439126738  0  150458  620  0  0  0  0  0  0  19223720881  2999  0  100830  1660451  1559621  0  64568  2703  0  194049  0  64568  0  0  620  72940  1374  621754672  0  0  0  58212  0.412075130601  
1439126748  0  150458  620  0  0  0  0  0  0  19780157482  2999  0  100830  1710195  1609365  0  64568  2703  0  195120  0  64568  0  0  620  74766  1374  556436601  0  0  0  49744  0.412075130601  
1439126758  0  150458  620  0  0  0  0  0  0  20287545709  2999  0  100830  1755605  1654775  0  64568  2703  0  195306  0  64568  0  0  620  76673  1374  507388227  0  0  0  45410  0.412075130601  
1439126768  0  150458  620  0  0  0  0  0  0  21031885871  2999  0  100830  1823944  1723114  0  64568  2703  0  195315  0  64568  0  0  620  79096  1374  744340162  0  0  0  68339  0.412075130601  
1439126778  0  150458  620  0  0  0  0  0  0  21587521979  2999  0  100830  1874354  1773524  0  64568  2703  0  196104  0  64568  0  0  620  81505  1374  555636108  0  0  0  50410  0.412075130601  
1439126788  0  150458  620  0  0  0  0  0  0  22063811307  2999  0  100830  1917093  1816263  0  64568  2703  0  196318  0  64568  0  0  620  83191  1374  476289328  0  0  0  42739  0.412075130601  
1439126798  0  150458  620  0  0  0  0  0  0  22701652860  2999  0  100830  1975743  1874913  0  64568  2703  0  196355  0  64568  0  0  620  85888  1374  637841553  0  0  0  58650  0.412075130601  
1439126808  0  150458  620  0  0  0  0  0  0  23295969330  2999  0  100830  2028030  1927200  0  64568  2703  0  196355  0  64568  0  0  620  88393  1374  594316470  0  0  0  52287  0.412075130601  
1439126818  0  150458  620  0  0  0  0  0  0  23771260956  2999  0  100830  2070643  1969813  0  64568  2703  0  197257  0  64568  0  0  620  90122  1374  475291626  0  0  0  42613  0.412075130601  
1439126828  0  150458  620  0  0  0  0  0  0  24419733546  2999  0  100830  2129145  2028315  0  64568  2703  0  197442  0  64568  0  0  620  92558  1374  648472590  0  0  0  58502  0.412075130601  
1439126838  0  150458  620  0  0  0  0  0  0  25041895140  2999  0  100830  2185531  2084701  0  64568  2703  0  197443  0  64568  0  0  620  94935  1374  622161594  0  0  0  56386  0.412075130601  
1439126848  0  150458  620  0  0  0  0  0  0  25576190873  2999  0  100830  2234075  2133245  0  64568  2703  0  198286  0  64568  0  0  620  97363  1374  534295733  0  0  0  48544  0.412075130601  
1439126858  0  150458  620  0  0  0  0  0  0  26064645517  2999  0  100830  2278307  2177477  0  64568  2703  0  198491  0  64568  0  0  620  99065  1374  488454644  0  0  0  44232  0.412075130601  
1439126868  0  150458  620  0  0  0  0  0  0  26674718393  2999  0  100830  2334989  2234159  0  64568  2703  0  198544  0  64568  0  0  620  101405  1374  610072876  0  0  0  56682  0.412075130601  
1439126878  0  150458  620  0  0  0  0  0  0  27306438658  2999  0  100830  2392565  2291735  0  64568  2703  0  199171  0  64568  0  0  620  103840  1374  631720265  0  0  0  57576  0.412075130601  
1439126888  0  150458  620  0  0  0  0  0  0  27726954427  2999  0  100830  2430916  2330086  0  64568  2703  0  199364  0  64568  0  0  620  105480  1374  420515769  0  0  0  38351  0.412075130601  
1439126898  0  150458  620  0  0  0  0  0  0  28334218746  2999  0  100830  2486761  2385931  0  64568  2703  0  199382  0  64568  0  0  620  107880  1374  607264319  0  0  0  55845  0.412075130601  
1439126908  0  150458  620  0  0  0  0  0  0  28892214084  2999  0  100830  2538679  2437849  0  64568  2703  0  199414  0  64568  0  0  620  110231  1374  557995338  0  0  0  51918  0.412075130601  
1439126918  0  150458  620  0  0  0  0  0  0  29434099227  2999  0  100830  2588454  2487624  0  64568  2703  0  200295  0  64568  0  0  620  112274  1374  541885143  0  0  0  49775  0.412075130601  
1439126928  0  150458  620  0  0  0  0  0  0  29895327495  2999  0  100830  2630341  2529511  0  64568  2703  0  200414  0  64568  0  0  620  113970  1374  461228268  0  0  0  41887  0.412075130601  
1439126938  0  150458  620  0  0  0  0  0  0  30589754040  2999  0  100830  2692108  2591278  0  64568  2703  0  200447  0  64568  0  0  620  116596  1374  694426545  0  0  0  61767  0.412075130601  
1439126948  0  150458  620  0  0  0  0  0  0  31240438091  2999  0  100830  2751374  2650544  0  64568  2703  0  201325  0  64568  0  0  620  118955  1374  650684051  0  0  0  59266  0.412075130601  
1439126958  0  150458  620  0  0  0  0  0  0  31688993818  2999  0  100830  2792307  2691477  0  64568  2703  0  201480  0  64568  0  0  620  120653  1374  448555727  0  0  0  40933  0.412075130601  
1439126968  0  150458  620  0  0  0  0  0  0  32102111354  2999  0  100831  2831172  2728177  0  64568  2703  0  201512  0  64568  0  0  620  122312  1374  413117536  0  0  1  38865  0.412075130601  
1439126978  0  150458  620  0  0  0  0  0  0  32145610323  2999  0  100831  2840311  2728177  0  64568  2703  0  201673  0  64568  0  0  620  122624  1374  43498969  0  0  0  9139  0.412075130601  
1439126988  0  150458  620  0  0  0  0  0  0  32233507251  2999  0  100831  2859652  2728177  0  64568  2703  0  201952  0  64568  0  0  620  123249  1374  87896928  0  0  0  19341  0.412075130601  
1439126998  0  150458  620  0  0  0  0  0  0  32296897669  2999  0  100831  2873487  2728177  0  64568  2703  0  202020  0  64568  0  0  620  123949  1374  63390418  0  0  0  13835  0.412075130601  
1439127008  0  150458  620  0  0  0  0  0  0  32352226882  2999  0  100831  2885529  2728177  0  64568  2703  0  202080  0  64568  0  0  620  124624  1374  55329213  0  0  0  12042  0.412075130601  
1439127018  0  150458  620  0  0  0  0  0  0  32401372528  2999  0  100831  2900814  2728177  0  64568  2703  0  202189  0  64568  0  0  620  125209  1374  49145646  0  0  0  15285  0.412075130601  
1439127028  0  150458  620  0  0  0  0  0  0  32531771993  2999  0  100831  2928537  2728177  0  64568  2703  0  202306  0  64568  0  0  620  126315  1374  130399465  0  0  0  27723  0.412075130601  
1439127038  0  150458  620  0  0  0  0  0  0  32649195296  2999  0  100831  2953621  2728177  0  64568  2703  0  202359  0  64568  0  0  620  127240  1374  117423303  0  0  0  25084  0.412075130601  
1439127048  0  150458  620  0  0  0  0  0  0  32789303590  2999  0  100831  2983647  2728177  0  64568  2703  0  202722  0  64568  0  0  620  128617  1374  140108294  0  0  0  30026  0.412075130601  
1439127058  0  150458  620  0  0  0  0  0  0  33006813613  2999  0  100831  3029741  2728177  0  64568  2703  0  202961  0  64568  0  0  620  130655  1374  217510023  0  0  0  46094  0.412075130601  
1439127068  0  150458  620  0  0  0  0  0  0  33170459779  2999  0  100831  3064930  2728177  0  64568  2703  0  202961  0  64568  0  0  620  132006  1374  163646166  0  0  0  35189  0.412075130601  
1439127078  0  150458  620  0  0  0  0  0  0  33252464510  2999  0  100831  3082750  2728177  0  64568  2703  0  202961  0  64568  0  0  620  132670  1374  82004731  0  0  0  17820  0.412075130601  
1439127088  0  150458  620  0  0  0  0  0  0  33367621351  2999  0  100831  3106968  2728177  0  64568  2703  0  203476  0  64568  0  0  620  133632  1374  115156841  0  0  0  24218  0.412075130601  
1439127098  0  150458  620  0  0  0  0  0  0  33478603082  2999  0  100831  3129987  2728177  0  64568  2703  0  203555  0  64568  0  0  620  134702  1374  110981731  0  0  0  23019  0.412075130601  
1439127108  0  150458  620  0  0  0  0  0  0  33537370611  2999  0  100831  3142293  2728177  0  64568  2703  0  203633  0  64568  0  0  620  135325  1374  58767529  0  0  0  12306  0.412075130601  
1439127118  0  150458  620  0  0  0  0  0  0  33622343968  2999  0  100831  3160876  2728177  0  64568  2703  0  203819  0  64568  0  0  620  136062  1374  84973357  0  0  0  18583  0.412075130601  
1439127128  0  150458  620  0  0  0  0  0  0  33790240708  2999  0  100831  3196635  2728177  0  64568  2703  0  204004  0  64568  0  0  620  137321  1374  167896740  0  0  0  35759  0.412075130601  
1439127138  0  150458  620  0  0  0  0  0  0  33949204178  2999  0  100831  3230012  2728177  0  64568  2703  0  204076  0  64568  0  0  620  139003  1374  158963470  0  0  0  33377  0.412075130601  
1439127148  0  150458  620  0  0  0  0  0  0  34022337981  2999  0  100831  3245381  2728177  0  64568  2703  0  204076  0  64568  0  0  620  139636  1374  73133803  0  0  0  15369  0.412075130601  
1439127158  0  150458  620  0  0  0  0  0  0  34173808304  2999  0  100831  3277324  2728177  0  64568  2703  0  204433  0  64568  0  0  620  140736  1374  151470323  0  0  0  31943  0.412075130601  
1439127168  0  150458  620  0  0  0  0  0  0  34262611392  2999  0  100831  3296128  2728177  0  64568  2703  0  204547  0  64568  0  0  620  141700  1374  88803088  0  0  0  18804  0.412075130601  
1439127178  0  150458  620  0  0  0  0  0  0  34321736357  2999  0  100831  3308793  2728177  0  64568  2703  0  204586  0  64568  0  0  620  142145  1374  59124965  0  0  0  12665  0.412075130601  
1439127188  0  150458  620  0  0  0  0  0  0  34496294352  2999  0  100831  3345314  2728177  0  64568  2703  0  204857  0  64568  0  0  620  143701  1374  174557995  0  0  0  36521  0.412075130601  
1439127198  0  150458  620  0  0  0  0  0  0  34672819860  2999  0  100831  3383530  2728177  0  64568  2703  0  205063  0  64568  0  0  620  145396  1374  176525508  0  0  0  38216  0.412075130601  
1439127208  0  150458  620  0  0  0  0  0  0  34830561451  2999  0  100831  3417071  2728177  0  64568  2703  0  205129  0  64568  0  0  620  146807  1374  157741591  0  0  0  33541  0.412075130601  
1439127218  0  150458  620  0  0  0  0  0  0  34939106191  2999  0  100831  3439691  2728177  0  64568  2703  0  205129  0  64568  0  0  620  147742  1374  108544740  0  0  0  22620  0.412075130601  
1439127228  0  150458  620  0  0  0  0  0  0  35057329523  2999  0  100831  3465196  2728177  0  64568  2703  0  205531  0  64568  0  0  620  148837  1374  118223332  0  0  0  25505  0.412075130601  
1439127238  0  150458  620  0  0  0  0  0  0  35158295979  2999  0  100831  3486807  2728177  0  64568  2703  0  205644  0  64568  0  0  620  149779  1374  100966456  0  0  0  21611  0.412075130601  
1439127248  0  150458  620  0  0  0  0  0  0  35242178202  2999  0  100831  3505846  2728177  0  64568  2703  0  205758  0  64568  0  0  620  150540  1374  83882223  0  0  0  19039  0.412075130601  
1439127258  0  150458  620  0  0  0  0  0  0  35356317557  2999  0  100831  3530513  2728177  0  64568  2703  0  206020  0  64568  0  0  620  151442  1374  114139355  0  0  0  24667  0.412075130601  
1439127268  0  150458  620  0  0  0  0  0  0  35512079029  2999  0  100831  3563886  2728177  0  64568  2703  0  206193  0  64568  0  0  620  152856  1374  155761472  0  0  0  33373  0.412075130601  
1439127278  0  150458  620  0  0  0  0  0  0  35643912973  2999  0  100831  3591506  2728177  0  64568  2703  0  206241  0  64568  0  0  620  154225  1374  131833944  0  0  0  27620  0.412075130601  
1439127288  0  150458  620  0  0  0  0  0  0  35753179152  2999  0  100831  3615686  2728177  0  64568  2703  0  206241  0  64568  0  0  620  155164  1374  109266179  0  0  0  24180  0.412075130601  
1439127298  0  150458  620  0  0  0  0  0  0  35835806212  2999  0  100831  3632906  2728177  0  64568  2703  0  206616  0  64568  0  0  620  155823  1374  82627060  0  0  0  17220  0.412075130601  
1439127308  0  150458  620  0  0  0  0  0  0  35927285066  2999  0  100831  3651676  2728177  0  64568  2703  0  206713  0  64568  0  0  620  156566  1374  91478854  0  0  0  18770  0.412075130601  
1439127318  0  150458  620  0  0  0  0  0  0  35943780914  2999  0  100831  3655046  2728177  0  64568  2703  0  207184  0  64568  0  0  620  156891  1374  16495848  0  0  0  3370  0.412075130601  
1439127329  0  150458  620  0  0  0  0  0  0  35943832572  2999  0  100831  3655046  2728177  0  64568  2703  0  207184  0  64568  0  0  620  156891  1374  51658  0  0  0  0  0.412075130601  
1439127339  0  150458  620  0  0  0  0  0  0  35943832572  2999  0  100831  3655046  2728177  0  64568  2703  0  207184  0  64568  0  0  620  156891  1374  0  0  0  0  0  0.412075130601  
1439127349  0  150458  620  0  0  0  0  0  0  35943832572  2999  0  100831  3655046  2728177  0  64568  2703  0  207184  0  64568  0  0  620  156891  1374  0  0  0  0  0  0.412075130601  
1439127359  0  150458  620  0  0  0  0  0  0  35943832572  2999  0  100831  3655046  2728177  0  64568  2703  0  207184  0  64568  0  0  620  156891  1374  0  0  0  0  0  0.412075130601  
1439127369  0  150458  620  0  0  0  0  0  0  35943832572  2999  0  100831  3655046  2728177  0  64568  2703  0  207184  0  64568  0  0  620  156891  1374  0  0  0  0  0  0.412075130601  
1439127379  0  150458  620  0  0  0  0  0  0  35943832572  2999  0  100831  3655046  2728177  0  64568  2703  0  207184  0  64568  0  0  620  156891  1374  0  0  0  0  0  0.412075130601  
1439127389  0  150458  620  0  0  0  0  0  0  35943832572  2999  0  100831  3655046  2728177  0  64568  2703  0  207184  0  64568  0  0  620  156891  1374  0  0  0  0  0  0.412075130601  
1439127399  0  150458  620  0  0  0  0  0  0  35943832572  2999  0  100831  3655046  2728177  0  64568  2703  0  207184  0  64568  0  0  620  156891  1374  0  0  0  0  0  0.412075130601  
1439127409  0  150458  620  0  0  0  0  0  0  35943832572  2999  0  100831  3655046  2728177  0  64568  2703  0  207184  0  64568  0  0  620  156891  1374  0  0  0  0  0  0.412075130601  
1439127419  0  150458  620  0  0  0  0  0  0  35943832572  2999  0  100831  3655046  2728177  0  64568  2703  0  207184  0  64568  0  0  620  156891  1374  0  0  0  0  0  0.412075130601  
1439127429  0  150458  620  0  0  0  0  0  0  35943832572  2999  0  100831  3655046  2728177  0  64568  2703  0  207184  0  64568  0  0  620  156891  1374  0  0  0  0  0  0.412075130601  
1439127439  0  150458  620  0  0  0  0  0  0  35943832572  2999  0  100831  3655046  2728177  0  64568  2703  0  207184  0  64568  0  0  620  156891  1374  0  0  0  0  0  0.412075130601  
1439127449  0  150458  620  0  0  0  0  0  0  35943832572  2999  0  100831  3655046  2728177  0  64568  2703  0  207184  0  64568  0  0  620  156891  1374  0  0  0  0  0  0.412075130601  
1439127459  0  150458  620  0  0  0  0  0  0  35943832572  2999  0  100831  3655046  2728177  0  64568  2703  0  207184  0  64568  0  0  620  156891  1374  0  0  0  0  0  0.412075130601  
1439127469  0  150458  620  0  0  0  0  0  0  35943832572  2999  0  100831  3655046  2728177  0  64568  2703  0  207184  0  64568  0  0  620  156891  1374  0  0  0  0  0  0.412075130601  
1439127479  0  150458  620  0  0  0  0  0  0  35943832572  2999  0  100831  3655046  2728177  0  64568  2703  0  207184  0  64568  0  0  620  156891  1374  0  0  0  0  0  0.412075130601  
1439127489  0  150458  620  0  0  0  0  0  0  35943832572  2999  0  100831  3655046  2728177  0  64568  2703  0  207184  0  64568  0  0  620  156891  1374  0  0  0  0  0  0.412075130601  
1439127499  0  150458  620  0  0  0  0  0  0  35943832572  2999  0  100831  3655046  2728177  0  64568  2703  0  207184  0  64568  0  0  620  156891  1374  0  0  0  0  0  0.412075130601  
1439127509  0  150458  620  0  0  0  0  0  0  35943832572  2999  0  100831  3655046  2728177  0  64568  2703  0  207184  0  64568  0  0  620  156891  1374  0  0  0  0  0  0.412075130601  
1439127519  0  150458  620  0  0  0  0  0  0  35943832572  2999  0  100831  3655046  2728177  0  64568  2703  0  207184  0  64568  0  0  620  156891  1374  0  0  0  0  0  0.412075130601  
1439127529  0  150458  620  0  0  0  0  0  0  35943832572  2999  0  100831  3655046  2728177  0  64568  2703  0  207184  0  64568  0  0  620  156891  1374  0  0  0  0  0  0.412075130601  
1439127539  0  150458  620  0  0  0  0  0  0  35943832572  2999  0  100831  3655046  2728177  0  64568  2703  0  207184  0  64568  0  0  620  156891  1374  0  0  0  0  0  0.412075130601  
1439127549  0  150458  620  0  0  0  0  0  0  35943832572  2999  0  100831  3655046  2728177  0  64568  2703  0  207184  0  64568  0  0  620  156891  1374  0  0  0  0  0  0.412075130601  
1439127559  0  150458  620  0  0  0  0  0  0  35943832572  2999  0  100831  3655046  2728177  0  64568  2703  0  207184  0  64568  0  0  620  156891  1374  0  0  0  0  0  0.412075130601  
1439127569  0  150458  620  0  0  0  0  0  0  35943832572  2999  0  100831  3655046  2728177  0  64568  2703  0  207184  0  64568  0  0  620  156891  1374  0  0  0  0  0  0.412075130601  
1439127579  0  150458  620  0  0  0  0  0  0  35943832572  2999  0  100831  3655046  2728177  0  64568  2703  0  207184  0  64568  0  0  620  156891  1374  0  0  0  0  0  0.412075130601  
1439127589  0  150458  620  0  0  0  0  0  0  35943832572  2999  0  100831  3655046  2728177  0  64568  2703  0  207184  0  64568  0  0  620  156891  1374  0  0  0  0  0  0.412075130601  
1439127599  0  150458  620  0  0  0  0  0  0  35943832572  2999  0  100831  3655046  2728177  0  64568  2703  0  207184  0  64568  0  0  620  156891  1374  0  0  0  0  0  0.412075130601  
1439127609  0  150458  620  0  0  0  0  0  0  35943832572  2999  0  100831  3655046  2728177  0  64568  2703  0  207184  0  64568  0  0  620  156891  1374  0  0  0  0  0  0.412075130601  
1439127619  0  150458  620  0  0  0  0  0  0  35943832572  2999  0  100831  3655046  2728177  0  64568  2703  0  207184  0  64568  0  0  620  156891  1374  0  0  0  0  0  0.412075130601  
1439127629  0  150458  620  0  0  0  0  0  0  35943832572  2999  0  100831  3655046  2728177  0  64568  2703  0  207184  0  64568  0  0  620  156891  1374  0  0  0  0  0  0.412075130601  
1439127639  0  150458  620  0  0  0  0  0  0  35943832572  2999  0  100831  3655046  2728177  0  64568  2703  0  207184  0  64568  0  0  620  156891  1374  0  0  0  0  0  0.412075130601  
1439127649  0  150458  620  0  0  0  0  0  0  35943832572  2999  0  100831  3655046  2728177  0  64568  2703  0  207184  0  64568  0  0  620  156891  1374  0  0  0  0  0  0.412075130601  
1439127659  0  150458  620  0  0  0  0  0  0  35943832572  2999  0  100831  3655046  2728177  0  64568  2703  0  207184  0  64568  0  0  620  156891  1374  0  0  0  0  0  0.412075130601  
1439127669  0  150458  620  0  0  0  0  0  0  35943832572  2999  0  100831  3655046  2728177  0  64568  2703  0  207184  0  64568  0  0  620  156891  1374  0  0  0  0  0  0.412075130601  
1439127679  0  150458  620  0  0  0  0  0  0  35943832572  2999  0  100831  3655046  2728177  0  64568  2703  0  207184  0  64568  0  0  620  156891  1374  0  0  0  0  0  0.412075130601  
1439127689  0  150458  620  0  0  0  0  0  0  35943832572  2999  0  100831  3655046  2728177  0  64568  2703  0  207184  0  64568  0  0  620  156891  1374  0  0  0  0  0  0.412075130601  
1439127699  0  150458  620  0  0  0  0  0  0  35943832572  2999  0  100831  3655046  2728177  0  64568  2703  0  207184  0  64568  0  0  620  156891  1374  0  0  0  0  0  0.412075130601  
1439127709  0  150458  620  0  0  0  0  0  0  35943832572  2999  0  100831  3655046  2728177  0  64568  2703  0  207184  0  64568  0  0  620  156891  1374  0  0  0  0  0  0.412075130601  
1439127719  0  150458  620  0  0  0  0  0  0  35943832572  2999  0  100831  3655046  2728177  0  64568  2703  0  207184  0  64568  0  0  620  156891  1374  0  0  0  0  0  0.412075130601  
1439127729  0  150458  620  0  0  0  0  0  0  35943832572  2999  0  100831  3655046  2728177  0  64568  2703  0  207184  0  64568  0  0  620  156891  1374  0  0  0  0  0  0.412075130601  
1439127739  0  150458  620  0  0  0  0  0  0  35943832572  2999  0  100831  3655046  2728177  0  64568  2703  0  207184  0  64568  0  0  620  156891  1374  0  0  0  0  0  0.412075130601  
1439127749  0  150458  620  0  0  0  0  0  0  35943832572  2999  0  100831  3655046  2728177  0  64568  2703  0  207184  0  64568  0  0  620  156891  1374  0  0  0  0  0  0.412075130601  
1439127759  0  150458  620  0  0  0  0  0  0  35943832572  2999  0  100831  3655046  2728177  0  64568  2703  0  207184  0  64568  0  0  620  156891  1374  0  0  0  0  0  0.412075130601  
1439127769  0  150458  620  0  0  0  0  0  0  35943832572  2999  0  100831  3655046  2728177  0  64568  2703  0  207184  0  64568  0  0  620  156891  1374  0  0  0  0  0  0.412075130601  
1439127779  0  150458  620  0  0  0  0  0  0  35943832572  2999  0  100831  3655046  2728177  0  64568  2703  0  207184  0  64568  0  0  620  156891  1374  0  0  0  0  0  0.412075130601  
1439127789  0  150458  620  0  0  0  0  0  0  35943832572  2999  0  100831  3655046  2728177  0  64568  2703  0  207184  0  64568  0  0  620  156891  1374  0  0  0  0  0  0.412075130601  
1439127799  0  150458  620  0  0  0  0  0  0  35943832572  2999  0  100831  3655046  2728177  0  64568  2703  0  207184  0  64568  0  0  620  156891  1374  0  0  0  0  0  0.412075130601  
1439127809  0  150458  620  0  0  0  0  0  0  35943832572  2999  0  100831  3655046  2728177  0  64568  2703  0  207184  0  64568  0  0  620  156891  1374  0  0  0  0  0  0.412075130601  
1439127819  0  150458  620  0  0  0  0  0  0  35943832572  2999  0  100831  3655046  2728177  0  64568  2703  0  207184  0  64568  0  0  620  156891  1374  0  0  0  0  0  0.412075130601  
1439127829  0  150458  620  0  0  0  0  0  0  35943832572  2999  0  100831  3655046  2728177  0  64568  2703  0  207184  0  64568  0  0  620  156891  1374  0  0  0  0  0  0.412075130601  
1439127839  0  150458  620  0  0  0  0  0  0  35943832572  2999  0  100831  3655046  2728177  0  64568  2703  0  207184  0  64568  0  0  620  156891  1374  0  0  0  0  0  0.412075130601  
1439127849  0  150458  620  0  0  0  0  0  0  35943832572  2999  0  100831  3655046  2728177  0  64568  2703  0  207184  0  64568  0  0  620  156891  1374  0  0  0  0  0  0.412075130601  
1439127859  0  150458  620  0  0  0  0  0  0  35943832572  2999  0  100831  3655046  2728177  0  64568  2703  0  207184  0  64568  0  0  620  156891  1374  0  0  0  0  0  0.412075130601  
1439127869  0  150458  620  0  0  0  0  0  0  35943832572  2999  0  100831  3655046  2728177  0  64568  2703  0  207184  0  64568  0  0  620  156891  1374  0  0  0  0  0  0.412075130601  
1439127879  0  150458  620  0  0  0  0  0  0  35943832572  2999  0  100831  3655046  2728177  0  64568  2703  0  207184  0  64568  0  0  620  156891  1374  0  0  0  0  0  0.412075130601  
1439127889  0  150458  620  0  0  0  0  0  0  35943832572  2999  0  100831  3655046  2728177  0  64568  2703  0  207184  0  64568  0  0  620  156891  1374  0  0  0  0  0  0.412075130601  
1439127899  0  150458  620  0  0  0  0  0  0  35943832572  2999  0  100831  3655046  2728177  0  64568  2703  0  207184  0  64568  0  0  620  156891  1374  0  0  0  0  0  0.412075130601  
1439127910  0  150458  620  0  0  0  0  0  0  35943832572  2999  0  100831  3655046  2728177  0  64568  2703  0  207184  0  64568  0  0  620  156891  1374  0  0  0  0  0  0.412075130601  
