#Type:X;CI:4;ww:0;ca:0;co:0;fr:0;Type:X;CI:4;PI:0;PT:EP;U0:0;U1:0;Type:X;CI:4;PI:1;PT:EP;U0:0;U1:0;
#time  Pp  gt  gs  cn  cm  cb  Nc  Pc  cp  Tc  Nm  pr  ps  pt  px  pd  Pm  Om  fs  ft  Oc  Em  Gp  Ec  Ge  ot  os  Total_cycles_diff  Successful_get_diff  Total_get_diff  succ_put_diff  total_put_diff  get_hit  
1439575934  0  0  0  0  0  0  0  0  0  4123736  0  0  0  0  0  0  0  0  0  21  0  0  0  0  0  46  0  4123736  0  0  0  0  
1439575944  0  0  0  0  0  0  0  0  0  4126856  0  0  0  0  0  0  0  0  0  21  0  0  0  0  0  46  0  3120  0  0  0  0  0 
1439575954  0  540  333  0  0  0  187  2686  0  31008596  232  0  3416  3416  0  0  3416  350  0  102  197  3416  0  2686  333  7555  114  26881740  333  540  3416  3416  61.6666666667  
1439575964  0  540  333  0  0  0  187  2686  0  31008596  232  0  3416  3416  0  0  3416  350  0  102  197  3416  0  2686  333  7555  114  0  0  0  0  0  61.6666666667  
1439575974  0  541  334  0  0  0  187  2685  0  31036357  232  0  3416  3416  0  0  3416  350  0  102  196  3416  0  2685  334  7555  114  27761  1  1  0  0  61.7375231054  
1439575984  0  541  334  0  0  0  181  2857  0  42831210  232  0  3862  3862  0  0  3416  350  0  8616  172  3416  0  2857  334  7658  163  11794853  0  0  446  446  61.7375231054  
1439575994  0  541  334  0  0  0  150  2479  0  64179814  232  0  3865  3865  0  0  3416  350  0  30756  126  3416  0  2479  334  7751  211  21348604  0  0  3  3  61.7375231054  
1439576004  0  546  339  0  0  0  112  1921  0  86093800  232  0  3890  3890  0  0  3416  350  0  53325  75  3416  0  1921  339  7936  272  21913986  5  5  25  25  62.0879120879  
1439576014  0  546  339  0  0  0  112  1922  0  104105994  232  0  3891  3891  0  0  3416  350  0  72564  76  3416  0  1922  339  8362  272  18012194  0  0  1  1  62.0879120879  
1439576024  0  557  339  0  0  0  109  2626  0  123993676  232  0  4642  4642  0  0  3416  350  0  92347  66  3416  0  2626  339  9629  287  19887682  0  11  751  751  60.8617594255  
1439576034  0  799  495  0  0  0  108  2473  0  128354164  232  0  4646  4646  0  0  3416  350  0  106517  65  3416  0  2473  495  10068  288  4360488  156  242  4  4  61.9524405507  
1439576045  0  3256  544  0  0  0  113  2471  0  141672756  232  0  4705  4705  0  0  3416  350  0  134161  63  3416  0  2471  544  11408  294  13318592  49  2457  59  59  16.7076167076  
1439576055  0  23516  546  0  0  0  191  3334  0  194381880  232  0  5577  5577  0  0  3416  350  0  153055  138  3416  0  3334  546  12775  295  52709124  2  20260  872  872  2.32182343936  
1439576065  0  35275  547  0  0  0  250  4085  0  222578359  250  0  6329  6329  0  0  4085  350  0  164034  194  4085  0  4085  547  13284  295  28196479  1  11759  752  752  1.55067328136  
1439576075  0  52783  547  0  0  0  385  6406  0  280480693  385  0  8650  8650  0  0  6406  350  0  179006  321  6406  0  6406  547  13742  295  57902334  0  17508  2321  2321  1.03631851164  
1439576085  0  75138  547  0  0  0  1134  22422  0  454037755  1134  0  24666  24666  0  0  22422  1010  0  185152  1010  22422  0  22422  547  14408  295  173557062  0  22355  16016  16016  0.727993824696  
1439576095  0  103458  547  0  0  0  1661  35021  0  749267720  1820  0  53510  53510  0  0  37629  1669  0  185298  1528  37629  0  35021  547  14838  295  295229965  0  28320  28844  28844  0.528716967272  
1439576105  0  131908  558  0  0  0  2353  48060  0  1054025852  2386  0  82015  82015  0  0  49387  2209  0  185366  2159  49387  0  48060  558  15521  295  304758132  11  28450  28505  28505  0.423022106317  
1439576115  0  147580  559  0  0  0  1591  32113  0  1225282962  2508  0  97976  97976  0  0  51127  2295  0  185607  1455  51127  0  32113  559  15946  295  171257110  1  15672  15961  15961  0.378777612143  
1439576125  0  163893  562  0  0  0  1326  27682  0  1403709239  2508  0  114368  114368  0  0  51127  2295  0  185686  1239  51127  0  27682  562  16413  295  178426277  3  16313  16392  16392  0.342906652511  
1439576135  0  179155  562  0  0  0  1596  33600  0  1576702676  2508  0  129459  129459  0  0  51127  2295  0  185743  1483  51127  0  33600  562  16971  295  172993437  0  15262  15091  15091  0.313694845246  
1439576145  0  199128  562  0  0  0  2038  41651  0  1801824112  2508  0  149743  149743  0  0  51127  2295  0  185901  1874  51127  0  41651  562  17513  295  225121436  0  19973  20284  20284  0.282230525089  
1439576155  0  217487  562  0  0  0  1914  39236  0  2001799863  2508  0  168006  168006  0  0  51127  2295  0  186023  1761  51127  0  39236  562  18076  295  199975751  0  18359  18263  18263  0.258406249569  
1439576165  0  230751  562  0  0  0  1508  31658  0  2138522864  2508  0  181401  181401  0  0  51127  2295  0  186100  1388  51127  0  31658  562  18711  295  136723001  0  13264  13395  13395  0.243552573987  
1439576175  0  237408  562  0  0  0  970  20249  0  2205128004  2508  0  188012  188012  0  0  51127  2295  0  186129  889  51127  0  20249  562  19159  295  66605140  0  6657  6611  6611  0.23672327807  
1439576185  0  254886  562  0  0  0  1202  24608  0  2384217112  2508  0  205408  205408  0  0  51127  2295  0  186273  1127  51127  0  24608  562  19391  295  179089108  0  17478  17396  17396  0.220490729189  
1439576195  0  266268  562  0  0  0  1235  24961  0  2503035509  2508  0  217142  217142  0  0  51127  2295  0  186354  1137  51127  0  24961  562  19923  295  118818397  0  11382  11734  11734  0.211065542987  
1439576205  0  283913  562  0  0  0  1113  22728  0  2688881056  2508  0  234578  234578  0  0  51127  2295  0  186468  1018  51127  0  22728  562  20758  295  185845547  0  17645  17436  17436  0.197947962932  
1439576215  0  297855  562  0  0  0  1379  28375  0  2838389133  2508  0  248583  248583  0  0  51127  2295  0  186570  1288  51127  0  28375  562  20972  295  149508077  0  13942  14005  14005  0.188682412583  
1439576225  0  309194  562  0  0  0  1140  22896  0  2956270361  2508  0  259812  259812  0  0  51127  2295  0  186641  1052  51127  0  22896  562  21465  295  117881228  0  11339  11229  11229  0.181762906137  
1439576235  0  317767  562  0  0  0  968  19704  0  3040627446  2508  0  268484  268484  0  0  51127  2295  0  186667  883  51127  0  19704  562  21805  295  84357085  0  8573  8672  8672  0.176859145223  
1439576245  0  340188  592  0  0  0  1477  31473  0  3278459539  2508  0  291315  291315  0  0  51127  2295  0  186794  1381  51127  0  31473  592  22454  295  237832093  30  22421  22831  22831  0.174021423448  
1439576255  0  367321  592  0  0  0  2337  49015  0  3583744681  2508  0  318468  318468  0  0  51245  2295  0  186951  2155  51245  0  49015  592  23808  295  305285142  0  27133  27153  27153  0.161166935732  
1439576265  0  383515  610  0  0  0  2106  43694  0  3761254832  2540  0  334639  334639  0  0  53325  2341  0  187020  1928  53325  0  43694  610  24366  295  177510151  18  16194  16171  16171  0.159055056517  
1439576275  0  393686  610  0  0  0  1236  26224  0  3873342958  2540  0  344692  344692  0  0  53325  2341  0  187091  1136  53325  0  26224  610  24778  295  112088126  0  10171  10053  10053  0.154945819765  
1439576285  0  413226  610  0  0  0  1396  29215  0  4089124224  2540  0  364214  364214  0  0  53325  2341  0  187271  1284  53325  0  29215  610  25420  295  215781266  0  19540  19522  19522  0.147618978477  
1439576295  0  431013  619  0  0  0  1485  30085  0  4272351763  2540  0  382150  382150  0  0  53325  2341  0  187363  1373  53325  0  30085  619  25894  295  183227539  9  17787  17936  17936  0.143615157779  
1439576305  0  441934  619  0  0  0  1383  27826  0  4382669989  2540  0  392929  392929  0  0  53325  2341  0  187404  1271  53325  0  27826  619  26610  295  110318226  0  10921  10779  10779  0.140066163726  
1439576315  0  453271  619  0  0  0  896  18262  0  4498255903  2540  0  404636  404636  0  0  53325  2341  0  187481  810  53325  0  18262  619  26846  295  115585914  0  11337  11707  11707  0.136562895045  
1439576325  0  470684  619  0  0  0  1170  23638  0  4684402877  2540  0  422002  422002  0  0  53325  2341  0  187580  1077  53325  0  23638  619  27470  295  186146974  0  17413  17366  17366  0.131510737565  
1439576335  0  481151  619  0  0  0  1382  27521  0  4786483124  2540  0  432515  432515  0  0  53325  2341  0  187629  1277  53325  0  27521  619  28121  295  102080247  0  10467  10513  10513  0.128649841734  
1439576345  0  496358  619  0  0  0  1250  25588  0  4949791370  2540  0  447590  447590  0  0  53325  2341  0  187702  1151  53325  0  25588  619  28378  295  163308246  0  15207  15075  15075  0.124708375809  
1439576355  0  502064  628  0  0  0  1014  20896  0  5013499500  2540  0  453282  453282  0  0  53325  2341  0  187725  946  53325  0  20896  628  28588  295  63708130  9  5706  5692  5692  0.125083654674  
1439576365  0  521995  628  0  0  0  1423  30310  0  5230096585  2540  0  473513  473513  0  0  53325  2341  0  187864  1317  53325  0  30310  628  29343  295  216597085  0  19931  20231  20231  0.120307665782  
1439576375  0  543752  628  0  0  0  1994  42138  0  5476821029  2540  0  495420  495420  0  0  53325  2341  0  187991  1849  53325  0  42138  628  29995  295  246724444  0  21757  21907  21907  0.115493828069  
1439576385  0  560416  628  0  0  0  1284  26686  0  5649006533  2540  0  511885  511885  0  0  53325  2341  0  188077  1187  53325  0  26686  628  30658  295  172185504  0  16664  16465  16465  0.112059612859  
1439576395  0  599139  628  0  0  0  2204  45628  0  6065214823  2540  0  550654  550654  0  0  53325  2341  0  188413  2034  53325  0  45628  628  31987  295  416208290  0  38723  38769  38769  0.104817079175  
1439576405  0  621046  628  0  0  0  2247  46000  0  6312556680  2835  0  572595  572595  0  0  58600  2628  0  188548  2071  58600  0  46000  628  32830  295  247341857  0  21907  21941  21941  0.101119723821  
1439576415  0  644080  632  0  0  0  1815  37174  0  6562704920  2835  0  595825  595825  0  0  58600  2628  0  188633  1665  58600  0  37174  632  33836  295  250148240  4  23034  23230  23230  0.0981244565892  
1439576425  0  652401  632  0  0  0  1489  30573  0  6660862127  2835  0  604151  604151  0  0  58600  2628  0  188753  1372  58600  0  30573  632  34104  295  98157207  0  8321  8326  8326  0.0968729355105  
1439576435  0  660524  632  0  0  0  839  17264  0  6749856571  2835  0  612385  612385  0  0  58600  2628  0  188779  775  58600  0  17264  632  34334  295  88994444  0  8123  8234  8234  0.0956816103578  
1439576445  0  671960  632  0  0  0  1099  22616  0  6862570851  2835  0  623828  623828  0  0  58600  2628  0  188839  1010  58600  0  22616  632  34676  295  112714280  0  11436  11443  11443  0.0940532174534  
1439576455  0  693096  632  0  0  0  1474  31284  0  7084243002  2835  0  645046  645046  0  0  58600  2628  0  188954  1373  58600  0  31284  632  35535  295  221672151  0  21136  21218  21218  0.0911850595011  
1439576465  0  716842  632  0  0  0  2080  43614  0  7337269389  2835  0  668561  668561  0  0  58600  2628  0  189111  1931  58600  0  43614  632  36415  295  253026387  0  23746  23515  23515  0.0881644769698  
1439576475  0  732464  632  0  0  0  2056  42548  0  7503344101  2835  0  684243  684243  0  0  58600  2628  0  189231  1875  58600  0  42548  632  36947  295  166074712  0  15622  15682  15682  0.0862841040652  
1439576485  0  745815  632  0  0  0  1309  27184  0  7653662856  2835  0  697897  697897  0  0  58600  2628  0  189294  1202  58600  0  27184  632  37602  295  150318755  0  13351  13654  13654  0.08473951315  
1439576495  0  778118  658  0  0  0  1824  37930  0  8000904256  2835  0  730090  730090  0  0  58600  2628  0  189537  1694  58600  0  37930  658  38698  295  347241400  26  32303  32193  32193  0.0845630097235  
1439576505  0  798956  660  0  0  0  2100  43438  0  8215786800  2835  0  750812  750812  0  0  58600  2628  0  189637  1937  58600  0  43438  660  39183  295  214882544  2  20838  20722  20722  0.0826078031832  
1439576515  0  830544  660  0  0  0  2071  41737  0  8550933413  2835  0  782436  782436  0  0  58600  2628  0  189784  1893  58600  0  41737  660  40363  295  335146613  0  31588  31624  31624  0.0794659885569  
1439576526  0  842677  670  0  0  0  1955  39363  0  8679742501  2835  0  794916  794916  0  0  58600  2628  0  189819  1807  58600  0  39363  670  40893  295  128809088  10  12133  12480  12480  0.0795085186851  
1439576536  0  858257  670  0  0  0  1193  25714  0  8845096369  2835  0  810231  810231  0  0  58600  2628  0  189944  1113  58600  0  25714  670  41563  295  165353868  0  15580  15315  15315  0.0780651949241  
1439576546  0  885517  670  0  0  0  2038  43295  0  9137974326  2835  0  837815  837815  0  0  58600  2628  0  190094  1882  58600  0  43295  670  42398  295  292877957  0  27260  27584  27584  0.0756620143939  
1439576556  0  902445  670  0  0  0  2337  49057  0  9319337437  2835  0  854579  854579  0  0  58600  2628  0  190187  2137  58600  0  49057  670  43008  295  181363111  0  16928  16764  16764  0.0742427516358  
1439576566  0  910680  670  0  0  0  1437  29512  0  9409266281  2835  0  863054  863054  0  0  58600  2628  0  190294  1307  58600  0  29512  670  43302  295  89928844  0  8235  8475  8475  0.0735713971977  
1439576576  0  919980  670  0  0  0  858  17778  0  9505124757  2835  0  872357  872357  0  0  58600  2628  0  190329  786  58600  0  17778  670  43645  295  95858476  0  9300  9303  9303  0.0728276701667  
1439576586  0  940946  670  0  0  0  1468  30104  0  9726885473  2835  0  893158  893158  0  0  58600  2628  0  190484  1351  58600  0  30104  670  44395  295  221760716  0  20966  20801  20801  0.0712049363088  
1439576596  0  949107  670  0  0  0  1298  26291  0  9807340082  2835  0  901239  901239  0  0  58600  2628  0  190535  1194  58600  0  26291  670  44588  295  80454609  0  8161  8081  8081  0.070592672902  
1439576606  0  965255  670  0  0  0  1013  20436  0  9965266919  2835  0  917578  917578  0  0  58600  2628  0  190660  941  58600  0  20436  670  45226  295  157926837  0  16148  16339  16339  0.0694117098591  
1439576616  0  982297  670  0  0  0  1538  32175  0  10141386854  2835  0  934805  934805  0  0  58600  2628  0  190738  1429  58600  0  32175  670  45866  295  176119935  0  17042  17227  17227  0.0682074769647  
1439576626  0  997079  670  0  0  0  1443  29646  0  10298442617  2835  0  949448  949448  0  0  58600  2628  0  190804  1337  58600  0  29646  670  46366  295  157055763  0  14782  14643  14643  0.0671962803349  
1439576636  0  1006310  670  0  0  0  1052  21370  0  10397361651  2835  0  958768  958768  0  0  58600  2628  0  190880  964  58600  0  21370  670  46718  295  98919034  0  9231  9320  9320  0.0665798809512  
1439576646  0  1013545  670  0  0  0  789  16483  0  10474153023  2835  0  966141  966141  0  0  58600  2628  0  190906  723  58600  0  16483  670  46929  295  76791372  0  7235  7373  7373  0.0661046130167  
1439576656  0  1025895  670  0  0  0  927  19499  0  10600576881  2835  0  978267  978267  0  0  58600  2628  0  190959  859  58600  0  19499  670  47208  295  126423858  0  12350  12126  12126  0.0653088279015  
1439576666  0  1041146  670  0  0  0  1190  25401  0  10764922552  2835  0  993676  993676  0  0  58600  2628  0  191048  1113  58600  0  25401  670  47855  295  164345671  0  15251  15409  15409  0.0643521657865  
1439576676  0  1062167  670  0  0  0  1751  36955  0  10984221659  2835  0  1014895  1014895  0  0  58600  2628  0  191176  1612  58600  0  36955  670  48565  295  219299107  0  21021  21219  21219  0.0630785931026  
1439576686  0  1092053  670  0  0  0  2469  52044  0  11297197066  2835  0  1044646  1044646  0  0  58600  2628  0  191327  2253  58600  0  52044  670  49812  295  312975407  0  29886  29751  29751  0.0613523336322  
1439576696  0  1119197  670  0  0  0  2316  48097  0  11577678907  2835  0  1071806  1071806  0  0  58600  2628  0  191531  2143  58600  0  48097  670  50639  295  280481841  0  27144  27160  27160  0.0598643491718  
1439576706  0  1135392  670  0  0  0  1745  35213  0  11753585834  2835  0  1088022  1088022  0  0  58600  2628  0  191704  1608  58600  0  35213  670  51207  295  175906927  0  16195  16216  16216  0.0590104563006  
1439576716  0  1149056  715  0  0  0  1444  29400  0  11892340773  2835  0  1101613  1101613  0  0  58600  2628  0  191771  1325  58600  0  29400  715  51862  295  138754939  45  13664  13591  13591  0.0622249916453  
1439576726  0  1160976  715  0  0  0  1149  23629  0  12023790669  2835  0  1113655  1113655  0  0  58600  2628  0  191831  1043  58600  0  23629  715  52128  295  131449896  0  11920  12042  12042  0.0615861137526  
1439576736  0  1170670  715  0  0  0  1092  22076  0  12122875466  2835  0  1123395  1123395  0  0  58600  2628  0  191879  999  58600  0  22076  715  52561  295  99084797  0  9694  9740  9740  0.061076135888  
1439576746  0  1185745  715  0  0  0  1195  24544  0  12282111232  2835  0  1138553  1138553  0  0  58600  2628  0  191989  1103  58600  0  24544  715  52877  295  159235766  0  15075  15158  15158  0.0602996428406  
1439576756  0  1209296  718  0  0  0  1575  33359  0  12546301731  2835  0  1162390  1162390  0  0  58600  2628  0  192102  1466  58600  0  33359  718  53882  295  264190499  3  23551  23837  23837  0.0593733874916  
1439576766  0  1230672  718  0  0  0  1712  36974  0  12775398434  2835  0  1183519  1183519  0  0  58600  2628  0  192234  1590  58600  0  36974  718  54779  295  229096703  0  21376  21129  21129  0.0583421090266  
1439576776  0  1244263  718  0  0  0  1657  34041  0  12924406803  2835  0  1197212  1197212  0  0  58600  2628  0  192385  1519  58600  0  34041  718  55339  295  149008369  0  13591  13693  13693  0.0577048421435  
1439576786  0  1258627  731  0  0  0  1255  25990  0  13082527156  2835  0  1211740  1211740  0  0  58600  2628  0  192464  1143  58600  0  25990  731  55671  295  158120353  13  14364  14528  14528  0.0580791608634  
1439576796  0  1271591  731  0  0  0  1337  28517  0  13220120590  2835  0  1224703  1224703  0  0  58600  2628  0  192554  1231  58600  0  28517  731  56228  295  137593434  0  12964  12963  12963  0.0574870378919  
1439576806  0  1286546  731  0  0  0  1347  28389  0  13377280906  2835  0  1239411  1239411  0  0  58600  2628  0  192705  1237  58600  0  28389  731  56659  295  157160316  0  14955  14708  14708  0.0568188001051  
1439576816  0  1300688  731  0  0  0  1419  28935  0  13525998299  2835  0  1253638  1253638  0  0  58600  2628  0  192835  1313  58600  0  28935  731  57165  295  148717393  0  14142  14227  14227  0.0562010259186  
1439576826  0  1316930  731  0  0  0  1434  29614  0  13695130588  2835  0  1270016  1270016  0  0  58600  2628  0  192913  1327  58600  0  29614  731  57764  295  169132289  0  16242  16378  16378  0.0555078857646  
1439576836  0  1326815  731  0  0  0  1337  27967  0  13792897417  2835  0  1279995  1279995  0  0  58600  2628  0  192953  1222  58600  0  27967  731  58011  295  97766829  0  9885  9979  9979  0.0550943424667  
1439576846  0  1332228  731  0  0  0  761  15847  0  13850622225  2835  0  1285514  1285514  0  0  58600  2628  0  193012  696  58600  0  15847  731  58220  295  57724808  0  5413  5519  5519  0.0548704876342  
1439576856  0  1354842  734  0  0  0  1328  27302  0  14090119073  2835  0  1307956  1307956  0  0  58600  2628  0  193113  1240  58600  0  27302  734  58709  295  239496848  3  22614  22442  22442  0.0541760589058  
1439576866  0  1375252  734  0  0  0  1536  31709  0  14316480209  2835  0  1328465  1328465  0  0  58600  2628  0  193240  1419  58600  0  31709  734  59460  295  226361136  0  20410  20509  20509  0.0533720365431  
1439576876  0  1389621  734  0  0  0  1400  29397  0  14462353006  2835  0  1342896  1342896  0  0  58600  2628  0  193323  1310  58600  0  29397  734  59855  295  145872797  0  14369  14431  14431  0.0528201574386  
1439576886  0  1412289  746  0  0  0  1600  33363  0  14709098462  2835  0  1365607  1365607  0  0  58600  2628  0  193490  1465  58600  0  33363  746  60264  295  246745456  12  22668  22711  22711  0.0528220498779  
1439576896  0  1429149  751  0  0  0  1757  36397  0  14885929675  2835  0  1382558  1382558  0  0  58600  2628  0  193550  1601  58600  0  36397  751  60807  295  176831213  5  16860  16951  16951  0.0525487545385  
1439576906  0  1441189  751  0  0  0  1499  30679  0  15013699415  2835  0  1394551  1394551  0  0  58600  2628  0  193615  1378  58600  0  30679  751  61242  295  127769740  0  12040  11993  11993  0.0521097510458  
1439576916  0  1470366  751  0  0  0  2006  41314  0  15317788909  2835  0  1423684  1423684  0  0  58600  2628  0  193861  1854  58600  0  41314  751  61843  295  304089494  0  29177  29133  29133  0.0510757185626  
1439576926  0  1491278  751  0  0  0  2405  49858  0  15545172992  2835  0  1444905  1444905  0  0  58600  2628  0  193985  2228  58600  0  49858  751  62504  295  227384083  0  20912  21221  21221  0.0503594903164  
1439576936  0  1507145  751  0  0  0  1708  34937  0  15705831751  2835  0  1460771  1460771  0  0  58600  2628  0  194049  1568  58600  0  34937  751  62740  295  160658759  0  15867  15866  15866  0.0498293130389  
