#type:G;
#time  Rt  Nm  Tt  Nc  Rx  Gz  Pc  Pf  Ra  Te  Pm  Fp  Fc  Ta  Fm  Om  Lm  Oc  Sm  Sc  Em  Af  Ea  Cf  Ec  Gd  Zt  Et  Ep  dedup_put_diff  total_eph_put_diff  dedup_factor  dedup_curr  compression_saving  tze_saving  
1438573508  0  0  2577  0  0  0  0  0  0  2498  0  0  0  0  0  0  0  0  0  0  0  0  0  0  0  0  0  0  0  0  0  0 0 0 0 
1438573518  0  0  2586  0  0  0  0  0  0  2498  0  0  0  0  0  0  0  0  0  0  0  0  0  0  0  0  0  0  0  0  0  0 0 0 0 
1438573528  0  861  153400  861  0  0  36459  0  0  80428  36459  0  36459  0  36459  271  0  271  0  0  36459  0  0  0  36459  0  0  0  36459  0  36459  0.0  100.0  0 0 
1438573538  0  1972  389992  1961  0  0  85597  0  0  80428  85615  0  85597  1  85615  271  0  28  0  0  85615  0  51942  0  85597  0  0  51942  154187  0  117728  0.0  100.0  0 0 
1438573548  0  2189  753505  2165  0  0  85547  0  0  80428  85615  0  85547  1  85615  271  0  180  0  0  85615  0  123867  0  85547  0  0  123867  337378  0  183191  0.0  100.0  0 0 
1438573558  0  2234  1173894  2179  0  0  85547  0  0  80428  85615  0  85547  1  85615  271  0  37  0  0  85615  0  195208  0  85547  0  0  195208  549517  0  212139  0.0  100.0  0 0 
1438573568  0  2234  1495777  2156  0  0  85448  0  0  80428  85615  0  85448  100  85615  271  0  4  0  0  85615  0  254326  0  85448  0  0  254326  711646  0  162129  0.0  100.0  0 0 
1438573578  0  2234  1825093  2196  0  0  85547  0  0  80428  85615  0  85547  1  85615  271  0  5  0  0  85615  0  315831  0  85547  0  0  315831  877603  0  165957  0.0  100.0  0 0 
1438573588  0  2234  2159110  2194  0  0  85552  0  0  80428  85615  0  85552  1  85615  271  0  3  0  0  85615  0  378352  0  85552  0  0  378352  1045847  0  168244  0.0  100.0  0 0 
1438573598  0  2234  2478400  2191  0  0  85552  0  0  80428  85615  0  85552  1  85615  271  0  3  0  0  85615  0  437298  0  85552  0  0  437298  1206532  0  160685  0.0  100.0  0 0 
1438573608  0  2234  2800252  2160  0  0  85533  0  0  80428  85615  0  85533  20  85615  271  0  5  0  0  85615  0  493514  0  85533  0  0  493514  1368609  0  162077  0.0  100.0  0 0 
1438573618  0  2234  3153704  2178  0  0  85554  0  0  80428  85615  0  85554  1  85615  271  0  5  0  0  85615  0  559917  0  85554  0  0  559917  1546586  0  177977  0.0  100.0  0 0 
1438573628  0  2234  3473045  2145  0  0  85529  0  0  80428  85615  0  85529  30  85615  271  0  5  0  0  85615  0  612441  0  85529  0  0  612441  1707469  0  160883  0.0  100.0  0 0 
1438573638  0  2234  3791004  2127  0  0  85560  0  0  80428  85615  0  85560  1  85615  271  0  30  0  0  85615  0  663131  0  85560  0  0  663131  1867782  0  160313  0.0  100.0  0 0 
1438573648  0  2234  4096880  2139  0  0  85563  0  0  80428  85615  0  85563  1  85615  271  0  14  0  0  85615  0  712603  0  85563  0  0  712603  2021940  0  154158  0.0  100.0  0 0 
1438573658  0  2234  4420854  2115  0  0  85428  0  0  80428  85615  0  85428  138  85615  271  0  10  0  0  85615  0  762353  0  85428  0  0  762353  2185219  0  163279  0.0  100.0  0 0 
1438573668  0  2234  4814436  2070  0  0  85568  0  0  80428  85615  0  85568  1  85615  271  0  10  0  0  85615  0  815757  0  85568  0  0  815757  2383965  0  198746  0.0  100.0  0 0 
1438573678  0  2234  5803608  1889  0  0  85295  0  0  80428  85615  0  85295  274  85615  271  0  12  0  0  85615  0  842023  0  85295  0  0  842023  2884768  0  500803  0.0  100.0  0 0 
1438573688  0  2234  7597343  1905  0  0  85459  0  0  80428  85615  0  85459  110  85615  271  0  21  0  0  85615  0  843637  0  85459  0  0  843637  3792883  0  908115  0.0  100.0  0 0 
1438573698  0  2234  9235310  1857  0  0  85405  0  0  80428  85615  0  85405  164  85615  271  0  24  0  0  85615  0  845801  0  85405  0  0  845801  4621184  0  828301  0.0  100.0  0 0 
1438573708  0  2234  11161159  1900  0  0  85364  0  0  80428  85615  0  85364  205  85615  271  0  24  0  0  85615  0  846981  0  85364  0  0  846981  5594542  0  973358  0.0  100.0  0 0 
1438573718  0  2234  13425762  1897  0  0  85332  0  0  80428  85615  0  85332  237  85615  271  0  24  0  0  85615  0  849853  0  85332  0  0  849853  6738740  0  1144198  0.0  100.0  0 0 
1438573728  0  2234  16047486  1909  0  0  85379  0  0  80428  85615  0  85379  191  85615  271  0  24  0  0  85615  0  853529  0  85379  0  0  853529  8063066  0  1324326  0.0  100.0  0 0 
1438573738  0  2234  18410208  1895  0  0  85353  0  0  80428  85615  0  85353  217  85615  271  0  24  0  0  85615  0  857491  0  85353  0  0  857491  9256604  0  1193538  0.0  100.0  0 0 
1438573748  0  2234  20519450  1888  0  0  85533  0  0  80428  85615  0  85533  37  85615  271  0  24  0  0  85615  0  861570  0  85533  0  0  861570  10322161  0  1065557  0.0  100.0  0 0 
1438573758  0  2234  22772813  1882  0  0  85560  0  0  80428  85615  0  85560  10  85615  271  0  24  0  0  85615  0  864553  0  85560  0  0  864553  11460382  0  1138221  0.0  100.0  0 0 
1438573768  0  2234  24843631  1873  0  0  85299  0  0  80428  85615  0  85299  271  85615  271  0  24  0  0  85615  0  868011  0  85299  0  0  868011  12506415  0  1046033  0.0  100.0  0 0 
1438573778  0  2234  27017522  1863  0  0  85491  0  0  80428  85615  0  85491  79  85615  271  0  24  0  0  85615  0  872855  0  85491  0  0  872855  13604493  0  1098078  0.0  100.0  0 0 
1438573788  0  2234  29403689  1896  0  0  85372  0  0  80428  85615  0  85372  198  85615  271  0  24  0  0  85615  0  876225  0  85372  0  0  876225  14809840  0  1205347  0.0  100.0  0 0 
1438573798  0  2234  31796492  1850  0  0  85526  0  0  80428  85615  0  85526  44  85615  271  0  24  0  0  85615  0  879863  0  85526  0  0  879863  16018699  0  1208859  0.0  100.0  0 0 
1438573808  0  2234  34413080  1833  0  0  85459  0  0  80428  85615  0  85459  111  85615  271  0  18  0  0  85615  0  883923  0  85459  0  0  883923  17340522  0  1321823  0.0  100.0  0 0 
1438573818  0  2234  36513526  1828  0  0  85309  0  0  80428  85615  0  85309  261  85615  271  0  9  0  0  85615  0  887541  0  85309  0  0  887541  18401700  0  1061178  0.0  100.0  0 0 
1438573828  0  2234  38848055  1817  0  0  85327  0  0  80428  85615  0  85327  243  85615  271  0  6  0  0  85615  0  892016  0  85327  0  0  892016  19580940  0  1179240  0.0  100.0  0 0 
1438573838  0  2234  41334078  1821  0  0  85361  0  0  80428  85615  0  85361  209  85615  271  0  6  0  0  85615  0  895213  0  85361  0  0  895213  20837156  0  1256216  0.0  100.0  0 0 
1438573848  0  2234  43781348  1817  0  0  85402  0  0  80428  85615  0  85402  168  85615  271  0  6  0  0  85615  0  897744  0  85402  0  0  897744  22073733  0  1236577  0.0  100.0  0 0 
1438573858  0  2234  46260950  1811  0  0  85554  0  0  80428  85615  0  85554  17  85615  271  0  6  0  0  85615  0  901410  0  85554  0  0  901410  23326555  0  1252822  0.0  100.0  0 0 
1438573869  0  2234  48627122  1792  0  0  85228  0  0  80428  85615  0  85228  343  85615  271  0  6  0  0  85615  0  906127  0  85228  0  0  906127  24521948  0  1195393  0.0  100.0  0 0 
1438573879  0  2234  50899592  1820  0  0  85513  0  0  80428  85615  0  85513  58  85615  271  0  6  0  0  85615  0  910507  0  85513  0  0  910507  25669893  0  1147945  0.0  100.0  0 0 
1438573889  0  2234  53381506  1836  0  0  85412  0  0  80428  85615  0  85412  160  85615  271  0  6  0  0  85615  0  913879  0  85412  0  0  913879  26923096  0  1253203  0.0  100.0  0 0 
1438573899  0  2234  55802572  1816  0  0  85470  0  0  80428  85615  0  85470  102  85615  271  0  6  0  0  85615  0  917347  0  85470  0  0  917347  28145637  0  1222541  0.0  100.0  0 0 
1438573909  0  2234  58137452  1859  0  0  85538  0  0  80428  85615  0  85538  35  85615  271  0  6  0  0  85615  0  920900  0  85538  0  0  920900  29324532  0  1178895  0.0  100.0  0 0 
1438573919  0  2234  60510545  1809  0  0  85538  0  0  80428  85615  0  85538  35  85615  271  0  6  0  0  85615  0  923878  0  85538  0  0  923878  30522689  0  1198157  0.0  100.0  0 0 
1438573929  0  2234  62956624  1817  0  0  85550  0  0  80428  85615  0  85550  27  85615  271  0  6  0  0  85615  0  926646  0  85550  0  0  926646  31758380  0  1235691  0.0  100.0  0 0 
1438573939  0  2234  65407891  1855  0  0  85576  0  0  80428  85615  0  85576  1  85615  271  0  6  0  0  85615  0  937295  0  85576  0  0  937295  32996168  0  1237788  0.0  100.0  0 0 
1438573949  0  2234  68330111  1869  0  0  85587  0  0  80428  85615  0  85587  1  85615  271  0  5  0  0  85615  0  988399  0  85587  0  0  988399  34470881  0  1474713  0.0  100.0  0 0 
1438573959  0  2234  71134291  1861  0  0  85596  0  0  80428  85615  0  85596  1  85615  271  0  2  0  0  85615  0  1046019  0  85596  0  0  1046019  35885708  0  1414827  0.0  100.0  0 0 
1438573969  0  2234  74174687  1898  0  0  85497  0  0  80428  85615  0  85497  109  85615  271  0  2  0  0  85615  0  1103193  0  85497  0  0  1103193  37419742  0  1534034  0.0  100.0  0 0 
1438573979  0  2234  77360470  1874  0  0  85421  0  0  80428  85615  0  85421  187  85615  271  0  5  0  0  85615  0  1154326  0  85421  0  0  1154326  39027255  0  1607513  0.0  100.0  0 0 
1438573989  0  2234  80343125  1888  0  0  85405  0  0  80428  85615  0  85405  203  85615  271  0  4  0  0  85615  0  1210348  0  85405  0  0  1210348  40532260  0  1505005  0.0  100.0  0 0 
1438573999  0  2234  83191091  1839  0  0  85608  0  0  80428  85615  0  85608  1  85615  271  0  2  0  0  85615  0  1268061  0  85608  0  0  1268061  41969214  0  1436954  0.0  100.0  0 0 
1438574009  0  2234  86059760  1872  0  0  85608  0  0  80428  85615  0  85608  1  85615  271  0  2  0  0  85615  0  1324239  0  85608  0  0  1324239  43416555  0  1447341  0.0  100.0  0 0 
1438574019  0  2234  88859966  1873  0  0  85599  0  0  80428  85615  0  85599  10  85615  271  0  5  0  0  85615  0  1367054  0  85599  0  0  1367054  44829947  0  1413392  0.0  100.0  0 0 
1438574029  0  2234  91716897  1843  0  0  85595  0  0  80428  85615  0  85595  14  85615  271  0  2  0  0  85615  0  1425227  0  85595  0  0  1425227  46271546  0  1441599  0.0  100.0  0 0 
1438574039  0  2234  95073077  1849  0  0  85545  0  0  80428  85615  0  85545  65  85615  271  0  2  0  0  85615  0  1488122  0  85545  0  0  1488122  47964848  0  1693302  0.0  100.0  0 0 
1438574049  0  2234  97749059  1844  0  0  85609  0  0  80428  85615  0  85609  1  85615  271  0  6  0  0  85615  0  1533494  0  85609  0  0  1533494  49315415  0  1350567  0.0  100.0  0 0 
1438574059  0  2234  100730426  1850  0  0  85609  0  0  80428  85615  0  85609  1  85615  271  0  2  0  0  85615  0  1590788  0  85609  0  0  1590788  50820018  0  1504603  0.0  100.0  0 0 
1438574069  0  2234  103658464  1861  0  0  85428  0  0  80428  85615  0  85428  183  85615  271  0  2  0  0  85615  0  1646914  0  85428  0  0  1646914  52297417  0  1477399  0.0  100.0  0 0 
1438574079  0  2234  106509453  1856  0  0  85372  0  0  80428  85615  0  85372  239  85615  271  0  5  0  0  85615  0  1697703  0  85372  0  0  1697703  53735972  0  1438555  0.0  100.0  0 0 
1438574089  0  2234  109288373  1833  0  0  85359  0  0  80428  85615  0  85359  250  85615  271  0  4  0  0  85615  0  1751312  0  85359  0  0  1751312  55138134  0  1402162  0.0  100.0  0 0 
1438574099  0  2234  112193074  1882  0  0  85578  0  0  80428  85615  0  85578  31  85615  271  0  4  0  0  85615  0  1797344  0  85578  0  0  1797344  56603976  0  1465842  0.0  100.0  0 0 
1438574109  0  2234  115475732  1824  0  0  85404  0  0  80428  85615  0  85404  206  85615  271  0  4  0  0  85615  0  1855118  0  85404  0  0  1855118  58260228  0  1656252  0.0  100.0  0 0 
1438574119  0  2234  118328185  1869  0  0  85474  0  0  80428  85615  0  85474  134  85615  271  0  3  0  0  85615  0  1902087  0  85474  0  0  1902087  59699689  0  1439461  0.0  100.0  0 0 
1438574129  0  2234  121221149  1867  0  0  85446  0  0  80428  85615  0  85446  161  85615  271  0  2  0  0  85615  0  1959485  0  85446  0  0  1959485  61159482  0  1459793  0.0  100.0  0 0 
1438574139  0  2234  123163797  1918  0  0  85520  0  0  80428  85615  0  85520  88  85615  271  0  4  0  0  85615  0  2004956  0  85520  0  0  2004956  62139412  0  979930  0.0  100.0  0 0 
