#Type:X;CI:1;ww:0;ca:0;co:0;fr:0;Type:X;CI:1;PI:0;PT:EP;U0:0;U1:0;
#time  Pp  gt  gs  cn  cm  cb  Nc  Pc  cp  Tc  Nm  pr  ps  pt  px  pd  Pm  Om  fs  ft  Oc  Em  Gp  Ec  Ge  ot  os  Total_cycles_diff  Successful_get_diff  Total_get_diff  succ_put_diff  total_put_diff  get_hit  
1438761286  0  0  0  0  0  0  0  0  0  2498764  0  0  0  0  0  0  0  0  0  21  0  0  0  0  0  46  0  2498764  0  0  0  0  
1438761297  0  0  0  0  0  0  0  0  0  2498764  0  0  0  0  0  0  0  0  0  21  0  0  0  0  0  46  0  0  0  0  0  0  0 
1438761307  0  0  0  0  0  0  0  0  0  8033942  0  0  0  0  0  0  0  0  0  21  0  0  0  0  0  1399  0  5535178  0  0  0  0  0 
1438761317  0  0  0  0  0  0  0  0  0  14089756  0  0  0  0  0  0  0  0  0  21  0  0  0  0  0  2960  0  6055814  0  0  0  0  0 
1438761327  0  534  327  0  0  0  182  2623  0  31367662  232  0  3428  3428  0  0  3428  350  0  72  185  3428  0  2623  327  3616  127  17277906  327  534  3428  3428  61.2359550562  
1438761337  0  534  327  0  0  0  210  3062  0  75123637  232  0  3867  3867  0  0  3428  350  0  44499  222  3428  0  3062  327  3616  127  43755975  0  0  439  439  61.2359550562  
1438761347  0  547  327  0  0  0  124  2819  0  129481303  232  0  4651  4651  0  0  3428  350  0  92504  80  3428  0  2819  327  3902  271  54357666  0  13  784  784  59.7806215722  
1438761357  0  4072  565  0  0  0  107  2460  0  181852267  232  0  4713  4713  0  0  3428  350  0  162731  55  3428  0  2460  565  5636  295  52370964  238  3525  62  62  13.8752455796  
1438761367  0  19196  569  0  0  0  237  4812  0  253273272  237  0  7076  7076  0  0  4812  350  0  194127  136  4812  0  4812  569  6320  296  71421005  4  15124  2363  2363  2.96415919983  
1438761377  0  31834  569  0  0  0  409  9618  0  335095919  409  0  11882  11882  0  0  9618  350  0  219933  249  9618  0  9618  569  6876  296  81822647  0  12638  4806  4806  1.78739712257  
1438761387  0  47277  582  0  0  0  972  28874  0  546067994  972  0  31151  31151  0  0  28874  546  0  236820  546  28874  0  28874  582  7358  296  210972075  13  15443  19269  19269  1.23104257884  
1438761397  0  60787  3027  0  0  0  1319  39578  0  745358917  1319  0  46838  46838  0  0  39578  730  1  254823  730  39578  0  39578  3027  7743  341  199290923  2445  13510  15687  15687  4.97968315594  
1438761407  0  75547  7168  0  0  0  1585  47925  0  962247813  1585  0  63614  63614  0  0  47925  878  26  271697  878  47925  0  47925  7168  8144  403  216888896  4141  14760  16776  16776  9.48813321508  
1438761417  0  89468  9962  0  0  0  1759  54058  0  1166744323  1761  0  78522  78522  0  0  54144  955  91  289583  952  54144  0  54058  9962  8683  503  204496510  2794  13921  14908  14908  11.1347073814  
1438761427  0  99149  11580  0  0  0  1946  60467  0  1299976672  1949  0  88920  88920  0  0  60570  1056  133  300331  1055  60570  0  60467  11580  8939  536  133232349  1618  9681  10398  10398  11.6793916227  
1438761437  0  110943  16821  0  0  0  2075  64851  0  1503872641  2101  0  103619  103619  0  0  65072  1137  186  317152  1114  65072  0  64851  16821  9345  628  203895969  5241  11794  14699  14699  15.1618398637  
1438761447  0  124155  22450  0  0  0  2063  63926  0  1700513760  2201  0  117128  117128  0  0  68515  1183  261  333276  1118  68515  0  63926  22450  9872  781  196641119  5629  13212  13509  13509  18.0822359148  
1438761457  0  135706  26473  0  0  0  2146  66852  0  1855008662  2201  0  127877  127877  0  0  68515  1183  315  348213  1147  68515  0  66852  26473  10233  843  154494902  4023  11551  10749  10749  19.5076120437  
1438761467  0  146532  30645  0  0  0  2300  71246  0  2025610474  2303  0  139737  139737  0  0  71384  1231  366  363054  1228  71384  0  71246  30645  10568  906  170601812  4172  10826  11860  11860  20.9135205962  
1438761477  0  154807  33925  0  0  0  2180  67441  0  2168956772  2322  0  149134  149134  0  0  71767  1240  408  376479  1155  71767  0  67441  33925  11042  1066  143346298  3280  8275  9397  9397  21.9143837165  
1438761487  0  166775  37956  0  0  0  1942  57847  0  2335275363  2322  0  159758  159758  0  0  71767  1240  459  393746  1051  71767  0  57847  37956  11669  1309  166318591  4031  11968  10624  10624  22.7588067756  
1438761497  0  178572  41606  0  0  0  2039  61036  0  2482541684  2322  0  171924  171924  0  0  71767  1240  495  410990  1102  71767  0  61036  41606  12124  1399  147266321  3650  11797  12166  12166  23.2992854423  
1438761507  0  189903  45625  0  0  0  1938  57443  0  2654050183  2322  0  183036  183036  0  0  71767  1240  524  427976  1079  71767  0  57443  45625  12646  1552  171508499  4019  11331  11112  11112  24.0254235057  
1438761517  0  198840  48849  0  0  0  1739  51115  0  2800064680  2322  0  192587  192587  0  0  71767  1240  550  442430  954  71767  0  51115  48849  13231  1767  146014497  3224  8937  9551  9551  24.5669885335  
1438761527  0  209474  50861  0  0  0  1838  54903  0  2938766162  2322  0  202656  202656  0  0  71767  1240  589  457616  1024  71767  0  54903  50861  13615  1840  138701482  2012  10634  10069  10069  24.2803402809  
1438761537  0  218294  53110  0  0  0  1770  53137  0  3081771007  2322  0  212479  212479  0  0  71767  1240  609  470003  979  71767  0  53137  53110  14070  1992  143004845  2249  8820  9823  9823  24.3295738774  
1438761547  0  226289  55222  0  0  0  1821  55124  0  3200438101  2322  0  221679  221679  0  0  71767  1240  638  483212  1012  71767  0  55124  55222  14457  2080  118667094  2112  7995  9200  9200  24.4033072752  
1438761557  0  235130  57344  0  0  0  1882  57825  0  3321786416  2322  0  230304  230304  0  0  71767  1240  658  498143  1034  71767  0  57825  57344  14807  2150  121348315  2122  8841  8625  8625  24.388210777  
1438761567  0  244396  59036  0  0  0  1887  58023  0  3433998715  2322  0  238382  238382  0  0  71767  1240  683  514388  1013  71767  0  58023  59036  15232  2268  112212299  1692  9266  8078  8078  24.1558781649  
1438761577  0  254914  61701  0  0  0  2043  61500  0  3573983983  2322  0  248246  248246  0  0  71767  1240  713  528180  1095  71767  0  61500  61701  15539  2329  139985268  2665  10518  9864  9864  24.2046337196  
1438761587  0  266237  65576  0  0  0  2154  65345  0  3734551083  2322  0  259537  259537  0  0  71767  1240  764  544071  1137  71767  0  65345  65576  15941  2396  160567100  3875  11323  11291  11291  24.6306861931  
1438761597  0  275097  68568  0  0  0  2237  68252  0  3867160192  2322  0  268998  268998  0  0  71767  1240  808  556921  1182  71767  0  68252  68568  16275  2450  132609109  2992  8860  9461  9461  24.9250264452  
1438761607  0  284503  71792  0  0  0  2302  68782  0  4013243234  2322  0  279250  279250  0  0  71767  1240  860  570007  1228  71767  0  68782  71792  16625  2552  146083042  3224  9406  10252  10252  25.2341803074  
1438761617  0  294350  75549  0  0  0  2304  69513  0  4147699634  2322  0  287679  287679  0  0  71767  1240  899  584750  1233  71767  0  69513  75549  16977  2616  134456400  3757  9847  8429  8429  25.666383557  
1438761627  0  304267  78951  0  0  0  2272  68662  0  4281289463  2322  0  296068  296068  0  0  71767  1242  942  598303  1213  71767  0  68662  78951  17305  2711  133589829  3402  9917  8389  8389  25.947933887  
1438761637  0  312025  81866  0  0  0  2333  70523  0  4399552825  2333  0  304712  304712  0  0  71767  1242  961  607978  1237  71767  0  70523  81866  17579  2778  118263362  2915  7758  8644  8644  26.2370002404  
1438761647  0  324665  86644  0  0  0  2379  72526  0  4577261187  2380  0  316292  316292  0  0  72538  1273  1020  624239  1271  72538  0  72526  86644  17955  2857  177708362  4778  12640  11580  11580  26.687200653  
1438761657  0  333442  90557  0  0  0  2437  74475  0  4715436810  2437  0  326128  326128  0  0  74475  1294  1053  635499  1282  74475  0  74475  90557  18266  2936  138175623  3913  8777  9836  9836  27.1582464117  
1438761667  0  343445  94073  0  0  0  2492  77760  0  4886190917  2507  0  337423  337423  0  0  78288  1322  1094  649388  1312  78288  0  77760  94073  18603  3014  170754107  3516  10003  11295  11295  27.3909941912  
1438761677  0  353961  99151  0  0  0  2586  78340  0  5057120291  2586  0  348251  348251  0  0  78813  1357  1147  663998  1355  78813  0  78340  99151  18955  3108  170929374  5078  10516  10828  10828  28.0118431127  
1438761687  0  362973  102622  0  0  0  2570  79108  0  5187749990  2586  0  356484  356484  0  0  79121  1357  1192  676949  1335  79121  0  79108  102622  19274  3182  130629699  3471  9012  8233  8233  28.2726263386  
1438761697  0  372075  105934  0  0  0  2611  80247  0  5324311342  2616  0  365557  365557  0  0  80525  1367  1225  688622  1362  80525  0  80247  105934  19558  3252  136561352  3312  9102  9073  9073  28.4711415709  
1438761707  0  382769  111309  0  0  0  2558  78731  0  5488113160  2621  0  375588  375588  0  0  80678  1368  1277  704156  1334  80678  0  78731  111309  19943  3349  163801818  5375  10694  10031  10031  29.0799411656  
1438761717  0  392832  115139  0  0  0  2598  80285  0  5636604821  2621  0  385710  385710  0  0  80678  1368  1322  717325  1339  80678  0  80285  115139  20246  3425  148491661  3830  10063  10122  10122  29.3099849299  
1438761727  0  402153  118803  0  0  0  2639  81393  0  5767628382  2650  0  394040  394040  0  0  81736  1378  1366  732105  1372  81736  0  81393  118803  20589  3487  131023561  3664  9321  8330  8330  29.541741576  
1438761737  0  409791  122180  0  0  0  2669  83498  0  5898256875  2670  0  403018  403018  0  0  83536  1379  1406  741410  1376  83536  0  83498  122180  20847  3550  130628493  3377  7638  8978  8978  29.8151984792  
1438761747  0  418691  126796  0  0  0  2672  83585  0  6043132437  2699  0  412474  412474  0  0  84111  1387  1450  753791  1377  84111  0  83585  126796  21174  3624  144875562  4616  8900  9456  9456  30.2839086582  
1438761757  0  428174  131523  0  0  0  2628  82277  0  6188385508  2699  0  421768  421768  0  0  84111  1387  1496  767430  1370  84111  0  82277  131523  21535  3716  145253071  4727  9483  9294  9294  30.7171850696  
1438761767  0  436748  135084  0  0  0  2629  82027  0  6322100279  2699  0  430166  430166  0  0  84111  1387  1546  779959  1381  84111  0  82027  135084  21850  3782  133714771  3561  8574  8398  8398  30.9295062599  
1438761777  0  446130  139121  0  0  0  2621  81870  0  6468609551  2699  0  440155  440155  0  0  84111  1389  1605  793913  1382  84111  0  81870  139121  22201  3882  146509272  4037  9382  9989  9989  31.1839598323  
1438761787  0  455819  143519  0  0  0  2619  81295  0  6610601292  2699  0  448970  448970  0  0  84111  1390  1650  807370  1385  84111  0  81295  143519  22526  3960  141991741  4398  9689  8815  8815  31.4859626299  
1438761797  0  463072  146332  0  0  0  2623  81443  0  6714577999  2699  0  455783  455783  0  0  84111  1398  1693  816803  1388  84111  0  81443  146332  22741  4017  103976707  2813  7253  6813  6813  31.6002695045  
1438761807  0  472944  150342  0  0  0  2610  80705  0  6867145710  2699  0  465820  465820  0  0  84111  1403  1725  829752  1383  84111  0  80705  150342  23122  4123  152567711  4010  9872  10037  10037  31.7885415609  
1438761817  0  481114  154516  0  0  0  2555  79260  0  6988346276  2699  0  473438  473438  0  0  84111  1403  1753  841133  1335  84111  0  79260  154516  23421  4202  121200566  4174  8170  7618  7618  32.1162967613  
1438761827  0  490975  158756  0  0  0  2496  77825  0  7134291535  2699  0  482269  482269  0  0  84111  1403  1795  855526  1314  84111  0  77825  158756  23778  4305  145945259  4240  9861  8831  8831  32.334843933  
1438761837  0  500520  163061  0  0  0  2506  78357  0  7279870180  2699  0  492478  492478  0  0  84111  1403  1830  866960  1313  84111  0  78357  163061  24107  4395  145578645  4305  9545  10209  10209  32.5783185487  
1438761847  0  509768  167061  0  0  0  2595  79674  0  7422359779  2699  0  501765  501765  0  0  84111  1403  1864  878959  1357  84111  0  79674  167061  24431  4470  142489599  4000  9248  9287  9287  32.7719668555  
1438761857  0  518711  170711  0  0  0  2528  78470  0  7555481390  2699  0  511082  511082  0  0  84111  1403  1902  890434  1307  84111  0  78470  170711  24831  4588  133121611  3650  8943  9317  9317  32.9106188224  
1438761867  0  528381  175238  0  0  0  2511  78290  0  7708717647  2699  0  520657  520657  0  0  84111  1403  1938  903627  1305  84111  0  78290  175238  25197  4675  153236257  4527  9670  9575  9575  33.1650835287  
1438761877  0  537103  177496  0  0  0  2599  80615  0  7821639354  2699  0  528934  528934  0  0  84111  1403  1973  914146  1342  84111  0  80615  177496  25508  4745  112921707  2258  8722  8277  8277  33.0469202369  
1438761888  0  545826  181475  0  0  0  2555  80155  0  7946653287  2699  0  537167  537167  0  0  84111  1403  2001  926234  1315  84111  0  80155  181475  25828  4816  125013933  3979  8723  8233  8233  33.2477749319  
1438761898  0  556491  186941  0  0  0  2567  80811  0  8119026064  2699  0  549281  549281  0  0  84111  1403  2047  940021  1325  84111  0  80811  186941  26179  4911  172372777  5466  10665  12114  12114  33.5928164157  
1438761908  0  567226  191956  0  0  0  2632  81770  0  8283030592  2699  0  560418  560418  0  0  84111  1403  2098  952995  1363  84111  0  81770  191956  26490  4992  164004528  5015  10735  11137  11137  33.841184995  
1438761918  0  575220  195242  0  0  0  2652  82416  0  8400373096  2699  0  567802  567802  0  0  84111  1403  2138  965015  1367  84111  0  82416  195242  26810  5060  117342504  3286  7994  7384  7384  33.9421438754  
1438761928  0  583523  199345  0  0  0  2651  81731  0  8536031962  2712  0  576741  576741  0  0  84111  1403  2163  975296  1361  84111  0  81731  199345  27125  5151  135658866  4103  8303  8939  8939  34.1623209368  
1438761938  0  590894  202427  0  0  0  2678  82849  0  8647818386  2720  0  583967  583967  0  0  84111  1403  2190  985069  1375  84111  0  82849  202427  27363  5205  111786424  3082  7371  7226  7226  34.2577518134  
1438761948  0  598867  206463  0  0  0  2660  82820  0  8779151684  2720  0  592508  592508  0  0  84111  1403  2221  997358  1364  84111  0  82820  206463  27648  5277  131333298  4036  7973  8541  8541  34.4756014274  
