#type:T;
#time  gt  cn  Pt  Px  gx  cx  gn  gm  Pn  Pm  Ft  cm  pt  Fx  px  ct  pn  Fm  Fn  pm  dn  On  Om  dm  dx  Ox  dt  Ot  Gt  Cn  Cm  Gx  Cx  Gn  Gm  Ct  
1439078148  8201118  0  0  0  10028  0  9523  157  0  2147483647  0  2147483647  0  0  0  0  0  2147483647  0  2147483647  0  0  2147483647  2147483647  0  0  0  0  0  0  2147483647  0  0  0  2147483647  0  
1439078156  8201118  0  0  0  10028  0  9523  157  0  2147483647  0  2147483647  0  0  0  0  0  2147483647  0  2147483647  0  0  2147483647  2147483647  0  0  0  0  0  0  2147483647  0  0  0  2147483647  0  
1439078158  8201118  0  0  0  10028  0  9523  157  0  2147483647  0  2147483647  0  0  0  0  0  2147483647  0  2147483647  0  0  2147483647  2147483647  0  0  0  0  0  0  2147483647  0  0  0  2147483647  0  
1439078166  8201118  0  0  0  10028  0  9523  157  0  2147483647  0  2147483647  0  0  0  0  0  2147483647  0  2147483647  0  0  2147483647  2147483647  0  0  0  0  0  0  2147483647  0  0  0  2147483647  0  
1439078168  8201118  0  0  0  10028  0  9523  157  0  2147483647  0  2147483647  0  0  0  0  0  2147483647  0  2147483647  0  0  2147483647  2147483647  0  0  0  0  0  0  2147483647  0  0  0  2147483647  0  
1439078176  8201118  0  0  0  10028  0  9523  157  0  2147483647  0  2147483647  0  0  0  0  0  2147483647  0  2147483647  0  0  2147483647  2147483647  0  0  0  0  0  0  2147483647  0  0  0  2147483647  0  
1439078178  8201118  0  0  0  10028  0  9523  157  0  2147483647  0  2147483647  0  0  0  0  0  2147483647  0  2147483647  0  0  2147483647  2147483647  0  0  0  0  0  0  2147483647  0  0  0  2147483647  0  
1439078186  8201118  0  0  0  10028  0  9523  157  0  2147483647  0  2147483647  0  0  0  0  0  2147483647  0  2147483647  0  0  2147483647  2147483647  0  0  0  0  0  0  2147483647  0  0  0  2147483647  0  
1439078188  8201118  0  0  0  10028  0  9523  157  0  2147483647  0  2147483647  0  0  0  0  0  2147483647  0  2147483647  0  0  2147483647  2147483647  0  0  0  0  0  0  2147483647  0  0  0  2147483647  0  
1439078196  8201118  0  0  0  10028  0  9523  157  0  2147483647  0  2147483647  0  0  0  0  0  2147483647  0  2147483647  0  0  2147483647  2147483647  0  0  0  0  0  0  2147483647  0  0  0  2147483647  0  
1439078198  8201118  0  0  0  10028  0  9523  157  0  2147483647  0  2147483647  0  0  0  0  0  2147483647  0  2147483647  0  0  2147483647  2147483647  0  0  0  0  0  0  2147483647  0  0  0  2147483647  0  
1439078206  8201118  0  0  0  10028  0  9523  157  0  2147483647  0  2147483647  0  0  0  0  0  2147483647  0  2147483647  0  0  2147483647  2147483647  0  0  0  0  0  0  2147483647  0  0  0  2147483647  0  
1439078208  8201118  0  0  0  10028  0  9523  157  0  2147483647  0  2147483647  0  0  0  0  0  2147483647  0  2147483647  0  0  2147483647  2147483647  0  0  0  0  0  0  2147483647  0  0  0  2147483647  0  
1439078216  8201118  0  0  0  10028  0  9523  157  0  2147483647  0  2147483647  0  0  0  0  0  2147483647  0  2147483647  0  0  2147483647  2147483647  0  0  0  0  0  0  2147483647  0  0  0  2147483647  0  
1439078218  8201118  0  0  0  10028  0  9523  157  0  2147483647  0  2147483647  0  0  0  0  0  2147483647  0  2147483647  0  0  2147483647  2147483647  0  0  0  0  0  0  2147483647  0  0  0  2147483647  0  
1439078226  8201118  0  0  0  10028  0  9523  157  0  2147483647  0  2147483647  0  0  0  0  0  2147483647  0  2147483647  0  0  2147483647  2147483647  0  0  0  0  0  0  2147483647  0  0  0  2147483647  0  
1439078228  8201118  0  0  0  10028  0  9523  157  0  2147483647  0  2147483647  0  0  0  0  0  2147483647  0  2147483647  0  0  2147483647  2147483647  0  0  0  0  0  0  2147483647  0  0  0  2147483647  0  
1439078236  8201118  0  0  0  10028  0  9523  157  0  2147483647  0  2147483647  0  0  0  0  0  2147483647  0  2147483647  0  0  2147483647  2147483647  0  0  0  0  0  0  2147483647  0  0  0  2147483647  0  
1439078238  8201118  0  0  0  10028  0  9523  157  0  2147483647  0  2147483647  0  0  0  0  0  2147483647  0  2147483647  0  0  2147483647  2147483647  0  0  0  0  0  0  2147483647  0  0  0  2147483647  0  
1439078246  8201118  0  0  0  10028  0  9523  157  0  2147483647  0  2147483647  0  0  0  0  0  2147483647  0  2147483647  0  0  2147483647  2147483647  0  0  0  0  0  0  2147483647  0  0  0  2147483647  0  
1439078248  8201118  0  0  0  10028  0  9523  157  0  2147483647  0  2147483647  0  0  0  0  0  2147483647  0  2147483647  0  0  2147483647  2147483647  0  0  0  0  0  0  2147483647  0  0  0  2147483647  0  
1439078256  8201118  0  0  0  10028  0  9523  157  0  2147483647  0  2147483647  0  0  0  0  0  2147483647  0  2147483647  0  0  2147483647  2147483647  0  0  0  0  0  0  2147483647  0  0  0  2147483647  0  
1439078258  8201118  0  0  0  10028  0  9523  157  0  2147483647  0  2147483647  0  0  0  0  0  2147483647  0  2147483647  0  0  2147483647  2147483647  0  0  0  0  0  0  2147483647  0  0  0  2147483647  0  
1439078266  8201118  0  0  0  10028  0  9523  157  0  2147483647  0  2147483647  0  0  0  0  0  2147483647  0  2147483647  0  0  2147483647  2147483647  0  0  0  0  0  0  2147483647  0  0  0  2147483647  0  
1439078268  8201118  0  0  0  10028  0  9523  157  0  2147483647  0  2147483647  0  0  0  0  0  2147483647  0  2147483647  0  0  2147483647  2147483647  0  0  0  0  0  0  2147483647  0  0  0  2147483647  0  
1439078276  8201118  0  0  0  10028  0  9523  157  0  2147483647  0  2147483647  0  0  0  0  0  2147483647  0  2147483647  0  0  2147483647  2147483647  0  0  0  0  0  0  2147483647  0  0  0  2147483647  0  
1439078278  8201118  0  0  0  10028  0  9523  157  0  2147483647  0  2147483647  0  0  0  0  0  2147483647  0  2147483647  0  0  2147483647  2147483647  0  0  0  0  0  0  2147483647  0  0  0  2147483647  0  
1439078286  8201118  0  0  0  10028  0  9523  157  0  2147483647  0  2147483647  0  0  0  0  0  2147483647  0  2147483647  0  0  2147483647  2147483647  0  0  0  0  0  0  2147483647  0  0  0  2147483647  0  
1439078288  8201118  0  0  0  10028  0  9523  157  0  2147483647  0  2147483647  0  0  0  0  0  2147483647  0  2147483647  0  0  2147483647  2147483647  0  0  0  0  0  0  2147483647  0  0  0  2147483647  0  
1439078296  8201118  0  0  0  10028  0  9523  157  0  2147483647  0  2147483647  0  0  0  0  0  2147483647  0  2147483647  0  0  2147483647  2147483647  0  0  0  0  0  0  2147483647  0  0  0  2147483647  0  
1439078298  8201118  0  0  0  10028  0  9523  157  0  2147483647  0  2147483647  0  0  0  0  0  2147483647  0  2147483647  0  0  2147483647  2147483647  0  0  0  0  0  0  2147483647  0  0  0  2147483647  0  
1439078306  8201118  0  0  0  10028  0  9523  157  0  2147483647  0  2147483647  0  0  0  0  0  2147483647  0  2147483647  0  0  2147483647  2147483647  0  0  0  0  0  0  2147483647  0  0  0  2147483647  0  
1439078308  8201118  0  0  0  10028  0  9523  157  0  2147483647  0  2147483647  0  0  0  0  0  2147483647  0  2147483647  0  0  2147483647  2147483647  0  0  0  0  0  0  2147483647  0  0  0  2147483647  0  
1439078317  8201118  0  0  0  10028  0  9523  157  0  2147483647  0  2147483647  0  0  0  0  0  2147483647  0  2147483647  0  0  2147483647  2147483647  0  0  0  0  0  0  2147483647  0  0  0  2147483647  0  
1439078318  8201118  0  0  0  10028  0  9523  157  0  2147483647  0  2147483647  0  0  0  0  0  2147483647  0  2147483647  0  0  2147483647  2147483647  0  0  0  0  0  0  2147483647  0  0  0  2147483647  0  
1439078327  8201118  0  0  0  10028  0  9523  157  0  2147483647  0  2147483647  0  0  0  0  0  2147483647  0  2147483647  0  0  2147483647  2147483647  0  0  0  0  0  0  2147483647  0  0  0  2147483647  0  
1439078328  8201118  0  0  0  10028  0  9523  157  0  2147483647  0  2147483647  0  0  0  0  0  2147483647  0  2147483647  0  0  2147483647  2147483647  0  0  0  0  0  0  2147483647  0  0  0  2147483647  0  
1439078337  8201118  0  0  0  10028  0  9523  157  0  2147483647  0  2147483647  0  0  0  0  0  2147483647  0  2147483647  0  0  2147483647  2147483647  0  0  0  0  0  0  2147483647  0  0  0  2147483647  0  
1439078338  8201118  0  0  0  10028  0  9523  157  0  2147483647  0  2147483647  0  0  0  0  0  2147483647  0  2147483647  0  0  2147483647  2147483647  0  0  0  0  0  0  2147483647  0  0  0  2147483647  0  
1439078347  8201118  0  0  0  10028  0  9523  157  0  2147483647  0  2147483647  0  0  0  0  0  2147483647  0  2147483647  0  0  2147483647  2147483647  0  0  0  0  0  0  2147483647  0  0  0  2147483647  0  
1439078348  8201118  0  0  0  10028  0  9523  157  0  2147483647  0  2147483647  0  0  0  0  0  2147483647  0  2147483647  0  0  2147483647  2147483647  0  0  0  0  0  0  2147483647  0  0  0  2147483647  0  
1439078357  8201118  0  0  0  10028  0  9523  157  0  2147483647  0  2147483647  0  0  0  0  0  2147483647  0  2147483647  0  0  2147483647  2147483647  0  0  0  0  0  0  2147483647  0  0  0  2147483647  0  
1439078358  8201118  0  0  0  10028  0  9523  157  0  2147483647  0  2147483647  0  0  0  0  0  2147483647  0  2147483647  0  0  2147483647  2147483647  0  0  0  0  0  0  2147483647  0  0  0  2147483647  0  
