#Type:X;CI:2;ww:0;ca:0;co:1;fr:0;Type:X;CI:2;PI:0;PT:EP;U0:0;U1:0;Type:X;CI:2;PI:1;PT:EP;U0:0;U1:0;
#time  Pp  gt  gs  cn  cm  cb  Nc  Pc  cp  Tc  Nm  pr  ps  pt  px  pd  Pm  Om  fs  ft  Oc  Em  Gp  Ec  Ge  ot  os  Total_cycles_diff  Successful_get_diff  Total_get_diff  succ_put_diff  total_put_diff  get_hit  
1438944396  0  0  0  0  0  0  0  0  0  3867  0  0  0  0  0  0  0  0  0  0  0  0  0  0  0  0  0  3867  0  0  0  0  
1438944406  0  2758  0  1802  0  0  39  1802  0  443275996  39  0  1802  1802  0  0  1802  1  0  1582  1  1802  0  1802  0  0  0  443272129  0  2758  1802  1802  0.0  
1438944416  0  26580  0  9016  2  927461  287  9410  394  2825212249  287  0  9410  9412  2  0  9410  21  0  17480  21  9410  0  9410  0  0  0  2381936253  0  23822  7608  7610  0.0  
1438944426  0  69510  0  32532  2  1811108  868  33291  759  7613036236  868  0  33291  33293  2  0  33291  30  0  36443  30  33291  0  33291  0  0  0  4787823987  0  42930  23881  23881  0.0  
1438944436  0  110417  80  73254  2  99001  1414  55857  53  14329585224  1414  0  74064  74066  2  0  56463  33  0  36474  15  56463  0  55857  80  1  0  6716548988  80  40907  40773  40773  0.0724526114638  
1438944446  0  148732  80  111641  2  430997  1223  47619  174  20438808270  1452  0  112625  112627  2  0  56930  33  0  36474  19  56930  0  47619  80  1  0  6109223046  0  38315  38561  38561  0.0537880214076  
1438944457  0  198795  80  161513  2  170701  1438  56512  65  28555631141  1464  0  162535  162537  2  0  57666  33  0  36474  4  57666  0  56512  80  1  0  8116822871  0  50063  49910  49910  0.0402424608265  
1438944467  0  234674  4308  197454  2  78028  1210  45350  29  34081489442  1464  0  198505  198507  2  0  57666  33  0  36474  5  57666  0  45350  4308  1  0  5525858301  4228  35879  35970  35970  1.83573808773  
1438944477  0  268564  8168  231395  2  94682  1269  47644  36  39734616606  1464  0  232470  232472  2  0  57666  33  0  36474  4  57666  0  47644  8168  1  0  5653127164  3860  33890  33965  33965  3.04136071849  
1438944487  0  301382  12953  261907  2  1555701  1404  48807  657  45010311763  1464  0  263615  263617  2  0  57666  163  0  37542  163  57666  0  48807  12953  1  0  5275695157  4785  32818  31145  31145  4.29786782223  
1438944497  0  339435  19662  296548  2  865539  1432  48640  363  50920069864  1516  0  298272  298274  2  0  57666  163  0  41057  110  57666  0  48640  19662  1  0  5909758101  6709  38053  34657  34657  5.79256705997  
1438944507  0  383540  29662  335158  2  211565  1489  50149  85  57706721267  1516  0  336970  336972  2  0  57666  163  0  46430  27  57666  0  50149  29662  1  0  6786651403  10000  44105  38698  38698  7.73374354696  
1438944517  0  431347  42441  376893  2  150934  1681  58595  58  64688278876  1735  0  378734  378736  2  0  60509  163  0  52360  5  60509  0  58595  42441  1  0  6981557609  12779  47807  41764  41764  9.83917820224  
1438944527  0  464556  51972  405439  2  46594  1362  45054  19  69568495784  1735  0  407297  407299  2  0  60509  163  0  56960  10  60509  0  45054  51972  1  0  4880216908  9531  33209  28563  28563  11.18745641  
1438944537  0  514280  61884  448219  2  15414  1394  47817  8  76695910206  1735  0  450077  450079  2  0  60509  163  0  63756  8  60509  0  47817  61884  1  0  7127414422  9912  49724  42780  42780  12.0331337015  
1438944547  0  563077  74245  491790  2  175715  1532  53824  90  83570904627  1735  0  493738  493740  2  0  60509  163  0  68779  11  60509  0  53824  74245  1  0  6874994421  12361  48797  43661  43661  13.1855856304  
1438944557  0  614354  87623  541662  2  1717226  1699  59001  637  91360852780  1735  0  544241  544243  2  0  60509  163  0  69476  42  60509  0  59001  87623  1  0  7789948153  13378  51277  50503  50503  14.2626238293  
1438944567  0  652104  97699  578630  2  223000  1460  48764  93  96838775900  1735  0  581268  581270  2  0  60509  163  0  70079  11  60509  0  48764  97699  1  0  5477923120  10076  37750  37027  37027  14.9821194165  
1438944577  0  695287  106187  620427  2  106301  1290  41233  38  103182451872  1735  0  623103  623105  2  0  60509  163  0  71295  3  60509  0  41233  106187  1  0  6343675972  8488  43183  41835  41835  15.2723983046  
1438944587  0  744484  117852  668211  2  26714  1405  48044  9  110298295795  1735  0  670896  670898  2  0  60509  163  0  72156  3  60509  0  48044  117852  1  0  7115843923  11665  49197  47793  47793  15.8300245539  
1438944597  0  791029  128235  714059  2  133015  1353  45444  47  116815340863  1735  0  716791  716793  2  0  60509  163  0  72978  3  60509  0  45444  128235  1  0  6517045068  10383  46545  45895  45895  16.2111629283  
1438944607  0  841576  140074  762859  2  105196  1512  52924  58  123960140177  1735  0  765706  765708  2  0  60509  163  0  74139  5  60509  0  52924  140074  1  0  7144799314  11839  50547  48915  48915  16.6442484101  
1438944617  0  893787  152446  814379  2  469908  1354  46324  175  131530792057  1735  0  817401  817403  2  0  60509  163  0  74303  6  60509  0  46324  152446  1  0  7570651880  12372  52211  51695  51695  17.0561890025  
1438944627  0  948531  164728  869022  2  145006  1476  50076  52  139225680311  1735  0  872096  872098  2  0  60509  163  0  74406  7  60509  0  50076  164728  1  0  7694888254  12282  54744  54695  54695  17.3666437892  
1438944637  0  1002324  177554  922182  2  56035  1500  51420  21  146928811074  1735  0  925277  925279  2  0  60509  163  0  74618  3  60509  0  51420  177554  1  0  7703130763  12826  53793  53181  53181  17.7142321245  
1438944647  0  1052077  189599  972074  2  18558  1401  46745  6  153973712601  1735  0  975175  975177  2  0  60509  163  0  74758  3  60509  0  46745  189599  1  0  7044901527  12045  49753  49898  49898  18.0213995744  
1438944657  0  1116989  205532  1036631  2  7781  1520  53241  4  162824312435  1735  0  1039736  1039738  2  0  60509  163  0  74855  4  60509  0  53241  205532  1  0  8850599834  15933  64912  64561  64561  18.400539307  
1438944667  0  1164365  214727  1083907  2  106301  1423  48850  38  169944733904  1735  0  1087050  1087052  2  0  60509  163  0  74987  3  60509  0  48850  214727  1  0  7120421469  9195  47376  47314  47314  18.4415539801  
1438944677  0  1211499  225490  1130462  2  25776  1385  45320  9  176805576599  1735  0  1133614  1133616  2  0  60509  163  0  75114  3  60509  0  45320  225490  1  0  6860842695  10763  47134  46564  46564  18.6124792509  
1438944687  0  1263805  236585  1182853  2  50266  1415  47426  17  184525046460  1735  0  1186022  1186024  2  0  60509  163  0  75152  3  60509  0  47426  236585  1  0  7719469861  11095  52306  52408  52408  18.7200557048  
1438944697  0  1322410  249610  1241516  2  56035  1393  45376  21  192733862892  1735  0  1244708  1244710  2  0  60509  163  0  75164  3  60509  0  45376  249610  1  0  8208816432  13025  58605  58686  58686  18.8753866048  
1438944707  0  1376424  261146  1295532  2  31044  1448  48737  11  200338841820  1735  0  1298735  1298737  2  0  60509  163  0  75196  4  60509  0  48737  261146  1  0  7604978928  11536  54014  54027  54027  18.972787455  
1438944717  0  1431854  274347  1350948  2  0  1478  50977  0  208119135006  1735  0  1354151  1354153  2  0  60509  163  0  75209  2  60509  0  50977  274347  1  0  7780293186  13201  55430  55416  55416  19.1602635464  
1438944727  0  1483985  285067  1402732  2  106301  1362  44808  38  215545788536  1735  0  1405973  1405975  2  0  60509  163  0  75214  3  60509  0  44808  285067  1  0  7426653530  10720  52131  51822  51822  19.2095607435  
1438944737  0  1532600  296285  1451205  2  24218  1314  43846  8  222163946342  1735  0  1454454  1454456  2  0  60509  163  0  75234  3  60509  0  43846  296285  1  0  6618157806  11218  48615  48481  48481  19.3321806081  
1438944747  0  1582510  306511  1501382  2  0  1419  47337  0  229489715002  1735  0  1504631  1504633  2  0  60509  163  0  75234  2  60509  0  47337  306511  1  0  7325768660  10226  49910  50177  50177  19.3686611775  
1438944757  0  1632418  316382  1551064  2  111961  1384  45604  40  236499722999  1735  0  1554353  1554355  2  0  60509  163  0  75234  3  60509  0  45604  316382  1  0  7010007997  9871  49908  49722  49722  19.3811879065  
1438944767  0  1689940  330024  1608737  2  18558  1450  49117  6  244941273269  1735  0  1612032  1612034  2  0  60509  163  0  75244  3  60509  0  49117  330024  1  0  8441550270  13642  57522  57679  57679  19.5287406653  
1438944777  0  1736969  341383  1655845  2  0  1362  45558  0  251837342369  1735  0  1659140  1659142  2  0  60509  163  0  75244  2  60509  0  45558  341383  1  0  6896069100  11359  47029  47108  47108  19.6539489191  
1438944787  0  1784651  350825  1703536  2  0  1371  45894  0  258510212351  1735  0  1706831  1706833  2  0  60509  163  0  75244  2  60509  0  45894  350825  1  0  6672869982  9442  47682  47691  47691  19.657905103  
1438944797  0  1831826  361270  1750433  2  106301  1247  40293  38  264747116582  1735  0  1753766  1753768  2  0  60509  163  0  75244  3  60509  0  40293  361270  1  0  6236904231  10445  47175  46935  46935  19.7218513112  
1438944807  0  1882948  372990  1801614  2  24218  1416  48143  8  272071216113  1735  0  1804955  1804957  2  0  60509  163  0  75250  3  60509  0  48143  372990  1  0  7324099531  11720  51122  51189  51189  19.8088316831  
1438944817  0  1940743  387985  1859550  2  0  1473  51449  0  280229919673  1735  0  1862891  1862893  2  0  60509  163  0  75250  2  60509  0  51449  387985  1  0  8158703560  14995  57795  57936  57936  19.9915702388  
1438944827  0  1981106  396889  1899676  2  106301  1224  38742  38  286254770864  1735  0  1903055  1903057  2  0  60509  163  0  75250  3  60509  0  38742  396889  1  0  6024851191  8904  40363  40164  40164  20.0337084437  
1438944837  0  2039076  409059  1957535  2  24218  1395  46258  8  294194735501  1735  0  1960922  1960924  2  0  60509  163  0  75250  3  60509  0  46258  409059  1  0  7939964637  12170  57970  57867  57867  20.0609982168  
1438944847  0  2090462  421668  2008963  2  0  1442  49048  0  301325671066  1735  0  2012350  2012352  2  0  60509  163  0  75250  2  60509  0  49048  421668  1  0  7130935565  12609  51386  51428  51428  20.1710435301  
1438944857  0  2140379  430547  2058959  2  106301  1413  47100  38  308472985450  1735  0  2062384  2062386  2  0  60509  163  0  75250  3  60509  0  47100  430547  1  0  7147314384  8879  49917  50034  50034  20.1154561879  
1438944867  0  2196372  443618  2114713  2  24218  1487  51597  8  316317032431  1735  0  2118146  2118148  2  0  60509  163  0  75250  3  60509  0  51597  443618  1  0  7844046981  13071  55993  55762  55762  20.197762492  
1438944877  0  2247792  455569  2166206  2  0  1282  41727  0  323540021200  1735  0  2169639  2169641  2  0  60509  163  0  75250  2  60509  0  41727  455569  1  0  7222988769  11951  51420  51493  51493  20.2674001865  
1438944887  0  2298405  467045  2217009  2  106301  1341  44072  38  330829974477  1735  0  2220480  2220482  2  0  60509  163  0  75250  3  60509  0  44072  467045  1  0  7289953277  11476  50613  50841  50841  20.3203961008  
1438944897  0  2346019  476987  2264366  2  24218  1336  43485  8  337994735637  1735  0  2267845  2267847  2  0  60509  163  0  75250  3  60509  0  43485  476987  1  0  7164761160  9942  47614  47365  47365  20.331762019  
1438944907  0  2407578  493229  2326197  2  55926  1420  49287  19  346584979920  1735  0  2329695  2329697  2  0  60509  163  0  75250  3  60509  0  49287  493229  1  0  8590244283  16242  61559  61850  61850  20.4865221397  
1438944917  0  2463877  508396  2382438  2  56035  1413  48635  21  354282090522  1735  0  2385957  2385959  2  0  60509  163  0  75250  3  60509  0  48635  508396  1  0  7697110602  15167  56299  56262  56262  20.6339845698  
1438944927  0  2515380  521391  2433976  2  18558  1351  45238  6  361764942306  1735  0  2437501  2437503  2  0  60509  163  0  75250  3  60509  0  45238  521391  1  0  7482851784  12995  51503  51544  51544  20.7281206021  
1438944937  0  2560218  531346  2478462  2  0  1259  42350  0  367809881467  1735  0  2481987  2481989  2  0  60509  163  0  75250  2  60509  0  42350  531346  1  0  6044939161  9955  44838  44486  44486  20.7539357977  
1438944947  0  2621360  544458  2539778  2  106301  1452  49752  38  376519179706  1735  0  2543341  2543343  2  0  60509  163  0  75250  3  60509  0  49752  544458  1  0  8709298239  13112  61142  61354  61354  20.7700582904  
1438944957  0  2667930  555613  2586475  2  24218  1300  43492  8  383094229742  1735  0  2590046  2590048  2  0  60509  163  0  75250  3  60509  0  43492  555613  1  0  6575050036  11155  46570  46705  46705  20.8256213619  
1438944967  0  2718989  567229  2637508  2  55926  1366  46219  19  390485027216  1735  0  2641098  2641100  2  0  60509  163  0  75250  3  60509  0  46219  567229  1  0  7390797474  11616  51059  51052  51052  20.8617614856  
1438944977  0  2775341  580201  2693580  2  56035  1417  46767  21  398060640699  1735  0  2697191  2697193  2  0  60509  163  0  75250  3  60509  0  46767  580201  1  0  7575613483  12972  56352  56093  56093  20.9055752068  
1438944987  0  2825425  589888  2743596  2  18558  1406  48763  6  405092121204  1735  0  2747213  2747215  2  0  60509  163  0  75250  3  60509  0  48763  589888  1  0  7031480505  9687  50084  50022  50022  20.8778502349  
1438944997  0  2863085  598089  2781570  2  0  1214  38561  0  410208797741  1735  0  2785187  2785189  2  0  60509  163  0  75250  2  60509  0  38561  598089  1  0  5116676537  8201  37660  37974  37974  20.8896697094  
1438945007  0  2913798  607331  2831963  2  106301  1316  44154  38  417462864668  1735  0  2835618  2835620  2  0  60509  163  0  75250  3  60509  0  44154  607331  1  0  7254066927  9242  50713  50431  50431  20.8432773995  
1438945017  0  2967770  618743  2886017  2  24218  1313  44225  8  425422101539  1735  0  2889680  2889682  2  0  60509  163  0  75250  3  60509  0  44225  618743  1  0  7959236871  11412  53972  54062  54062  20.8487517564  
1438945027  0  3027799  631613  2946221  2  7675  1568  53461  3  433893716860  1735  0  2949887  2949889  2  0  60509  163  0  75250  3  60509  0  53461  631613  1  0  8471615321  12870  60029  60207  60207  20.8604666294  
1438945037  0  3085204  647337  3003560  2  100184  1449  50323  36  441689985807  1735  0  3007262  3007264  2  0  60509  163  0  75250  3  60509  0  50323  647337  1  0  7796268947  15724  57405  57375  57375  20.9819836873  
1438945047  0  3132681  658190  3050693  2  24218  1285  41740  8  448173474748  1735  0  3054403  3054405  2  0  60509  163  0  75250  3  60509  0  41740  658190  1  0  6483488941  10853  47477  47141  47141  21.0104380242  
1438945057  0  3188500  670017  3106835  2  53151  1375  45595  20  455945858730  1735  0  3110565  3110567  2  0  60509  163  0  75250  3  60509  0  45595  670017  1  0  7772383982  11827  55819  56162  56162  21.0135486906  
1438945067  0  3216514  676218  3134764  2  23000  1003  32162  8  459912407719  1735  0  3138502  3138504  2  0  60509  163  0  75250  3  60509  0  32162  676218  1  0  3966548989  6201  28014  27937  27937  21.0233190342  
1438945077  0  3232950  677934  3150810  2  247691  641  19492  104  462292223321  1735  0  3154676  3154678  2  0  60509  163  0  75250  6  60509  0  19492  677934  1  0  2379815602  1716  16436  16174  16174  20.9695170046  
1438945087  0  3268387  684867  3185469  5  1637838  1126  36908  663  467850311361  1735  0  3189933  3189938  5  0  60509  163  0  75250  12  60509  0  36908  684867  1  0  5558088040  6933  35437  35257  35260  20.9542811179  
1438945097  0  3290492  692537  3207450  5  98168  1172  38689  41  471077700475  1735  0  3212017  3212022  5  0  60509  163  0  75250  4  60509  0  38689  692537  1  0  3227389114  7670  22105  22084  22084  21.0466094432  
1438945107  0  3290706  692551  3207790  5  0  494  13339  0  471109873768  1735  0  3212357  3212362  5  0  60509  163  0  75250  2  60509  0  13339  692551  1  0  32173293  14  214  340  340  21.0456661883  
