#type:G;
#time  Rt  Nm  Tt  Nc  Rx  Gz  Pc  Pf  Ra  Te  Pm  Fp  Fc  Ta  Fm  Om  Lm  Oc  Sm  Sc  Em  Af  Ea  Cf  Ec  Gd  Zt  Et  Ep  dedup_put_diff  total_eph_put_diff  dedup_factor  dedup_curr  compression_saving  tze_saving  
1438553978  0  0  2578  0  0  0  0  0  0  2505  0  0  0  0  0  0  0  0  0  0  0  0  0  0  0  0  0  0  0  0  0  0 0 0 0 
1438553988  0  0  2587  0  0  0  0  0  0  2505  0  0  0  0  0  0  0  0  0  0  0  0  0  0  0  0  0  0  0  0  0  0 0 0 0 
1438553998  0  727  137855  727  0  92716164  28719  0  0  80568  28719  0  21039  0  21039  272  0  272  23879  23879  28719  5  0  0  28719  4840  0  0  28719  4840  28719  16.8529544901  16.8529544901  5.20632259909  100.0  
1438554008  0  2240  519460  2234  0  292359783  90783  0  0  80568  92958  0  69310  1904  71688  272  0  272  74488  72963  92958  5  0  0  90783  50050  0  0  219302  45210  190583  22.8224092804  19.6292257361  2.17384133536  100.0  
1438554018  0  2260  1309587  2237  0  300410026  90498  0  0  80568  92958  0  70402  402  71688  335  0  335  75868  75466  92958  5  0  0  90498  156132  0  0  616686  106082  397384  25.317908952  16.6103118301  2.81412622385  100.0  
1438554028  0  2303  2004028  2243  0  309209154  90602  0  0  80568  92958  0  72550  468  73018  335  0  335  78082  77615  92958  5  0  0  90602  251693  0  0  965855  95561  349169  26.0590875442  14.3341206596  2.73720786796  100.0  
1438554038  0  2303  2688512  2255  0  313430508  90667  0  0  80568  92958  0  73607  999  74604  335  0  335  79624  78633  92958  5  0  0  90667  338482  0  0  1310336  86789  344481  25.8316950767  13.2727453208  2.68574247811  100.0  
1438554048  0  2303  3451821  2252  0  315775042  90549  0  0  80568  92958  0  74153  540  74693  335  0  335  79757  79218  92958  5  0  0  90549  442360  0  0  1694671  103878  384335  26.1030017036  12.5136666335  2.68181964543  100.0  
1438554058  0  2303  4135917  2259  0  316610626  90743  0  0  80568  92958  0  74357  337  74693  335  0  335  79757  79422  92958  5  0  0  90743  533168  0  0  2039250  90808  344579  26.1452985166  12.4758934573  2.67493123658  100.0  
1438554068  0  2303  4821145  2247  0  315812271  90680  0  0  80568  92958  0  74173  1016  75175  335  0  335  80240  79222  92958  5  0  0  90680  622639  0  0  2384028  89471  344778  26.1171009736  12.6356418174  2.6752603764  100.0  
1438554078  0  2303  5506802  2230  0  318462018  90749  0  0  80568  92958  0  74809  368  75175  335  0  335  80240  79874  92958  5  0  0  90749  713108  0  0  2729181  90469  345153  26.1290108644  11.9836031251  2.659794034  100.0  
1438554088  0  2303  6269056  2238  0  314505282  90764  0  0  80568  92958  0  73843  1382  75225  335  0  335  80289  78908  92958  5  0  0  90764  814787  0  0  3112607  101679  383426  26.1769956824  13.0624476665  2.69235551113  100.0  
1438554098  0  2314  6952360  2283  0  314981791  90696  0  0  80568  92958  0  73970  1448  75419  335  0  335  80484  79020  92958  5  0  0  90696  906206  0  0  3456630  91419  344023  26.2164593839  12.8737761313  2.68305325442  100.0  
1438554108  0  2314  7633009  2227  0  320374850  90888  0  0  80568  92958  0  75276  166  75442  335  0  335  80506  80341  92958  5  0  0  90888  998734  0  0  3799458  92528  342828  26.2862229297  11.604392219  2.64433338733  100.0  
1438554118  0  2314  8316115  2216  0  315807810  90666  0  0  80568  92958  0  74161  1281  75442  335  0  335  80506  79226  92958  5  0  0  90666  1088939  0  0  4143163  90205  343705  26.2827940875  12.6177398363  2.68154884346  100.0  
1438554128  0  2314  9076208  2227  0  317341362  90498  0  0  80568  92958  0  74561  887  75442  335  0  335  80506  79588  92958  5  0  0  90498  1191810  0  0  4525513  102871  382350  26.3353568977  12.055515039  2.65376883823  100.0  
1438554138  0  2314  9755732  2265  0  315983938  90638  0  0  80568  92958  0  74203  1241  75442  335  0  335  80506  79268  92958  5  0  0  90638  1281275  0  0  4868019  89465  342506  26.3202547073  12.5444074229  2.67886648675  100.0  
1438554148  0  2314  10439299  2230  0  318965826  90640  0  0  80568  92958  0  74932  729  75666  335  0  335  80731  79997  92958  5  0  0  90640  1371188  0  0  5212038  89913  344019  26.308096756  11.7420564872  2.65570444732  100.0  
1438554158  0  2314  11194786  2269  0  317372482  90804  0  0  80568  92958  0  74542  1118  75666  335  0  335  80731  79607  92958  5  0  0  90804  1472699  0  0  5592195  101511  380157  26.3349006964  12.3309545835  2.66745874951  100.0  
1438554168  0  2314  11877575  2253  0  316237890  90801  0  0  80568  92958  0  74265  1396  75666  335  0  335  80731  79330  92958  5  0  0  90801  1565066  0  0  5935671  92367  343476  26.3671285016  12.6331207806  2.67677283086  100.0  
1438554178  0  2314  12563435  2236  0  318756930  90727  0  0  80568  92958  0  74880  781  75666  335  0  335  80731  79945  92958  5  0  0  90727  1656952  0  0  6280567  91886  344896  26.3822040271  11.8840036593  2.65618098282  100.0  
1438554188  0  2314  13247660  2265  0  316344964  90768  0  0  80568  92958  0  74300  1363  75666  335  0  335  80731  79352  92958  5  0  0  90768  1748972  0  0  6624841  92020  344274  26.4002109636  12.5771196898  2.67081204436  100.0  
1438554198  0  2321  14008897  2264  0  314689602  90756  0  0  80568  92958  0  73887  1781  75666  335  0  335  80731  78952  92958  5  0  0  90756  1850478  0  0  7007769  101506  382928  26.4060930091  13.0063026136  2.68958846732  100.0  
1438554208  0  2324  14692713  2253  0  316749890  90657  0  0  80568  92958  0  74390  1278  75666  335  0  335  80731  79455  92958  5  0  0  90657  1940478  0  0  7351535  90000  343766  26.3955486847  12.356464476  2.67256168488  100.0  
1438554218  0  2324  15375667  2284  0  314618214  90810  0  0  80568  92958  0  73875  1794  75666  335  0  335  80731  78933  92958  5  0  0  90810  2031629  0  0  7695049  91151  343514  26.4017682019  13.0789560621  2.68824521766  100.0  
1438554228  0  2324  16131636  2232  0  317966402  90782  0  0  80568  92958  0  74687  982  75666  335  0  335  80731  79752  92958  5  0  0  90782  2131650  0  0  8075725  100021  380676  26.3957725158  12.14998568  2.66260894613  100.0  
1438554238  0  2324  16814151  2261  0  315451458  90591  0  0  80568  92958  0  74073  1594  75666  335  0  335  80731  79138  92958  5  0  0  90591  2221939  0  0  8419215  90289  343490  26.3912846982  12.6425362343  2.68326706098  100.0  
1438554248  0  2324  17494170  2253  0  317130855  90768  0  0  80568  92958  0  74497  1167  75666  335  0  335  80731  79542  92958  5  0  0  90768  2311515  0  0  8761579  89576  342364  26.3824020762  12.3677948176  2.66208399778  100.0  
1438554258  0  2324  18173235  2252  0  318142530  90825  0  0  80568  92958  0  74730  935  75666  335  0  335  80731  79795  92958  5  0  0  90825  2402259  0  0  9103791  90744  342212  26.3874577086  12.1442334159  2.66117411707  100.0  
1438554268  0  2324  18932903  2246  0  317106242  90730  0  0  80568  92958  0  74477  1188  75666  335  0  335  80731  79542  92958  5  0  0  90730  2506412  0  0  9486109  104153  382318  26.4219186181  12.3310922517  2.66963853903  100.0  
1438554278  0  2324  19613692  2243  0  317808663  90758  0  0  80568  92958  0  74666  1000  75666  335  0  335  80731  79706  92958  5  0  0  90758  2597788  0  0  9829107  91376  342998  26.4295423786  12.1774389035  2.65474918421  100.0  
1438554288  0  2324  20297672  2252  0  315734082  90653  0  0  80568  92958  0  74143  1524  75666  335  0  335  80731  79208  92958  5  0  0  90653  2689727  0  0  10173219  91939  344112  26.4392912411  12.6250648076  2.68215822482  100.0  
1438554298  0  2324  20978156  2261  0  316770370  90753  0  0  80568  92958  0  74396  1271  75666  335  0  335  80731  79461  92958  5  0  0  90753  2780797  0  0  10515867  91070  342648  26.4438205618  12.4425638822  2.67361836211  100.0  
1438554308  0  2324  21737883  2266  0  317520493  90687  0  0  80568  92958  0  74595  1070  75666  335  0  335  80731  79639  92958  5  0  0  90687  2883571  0  0  10898228  102774  382361  26.4590812378  12.182561999  2.66119412433  100.0  
1438554318  0  2324  22420810  2244  0  315603010  90757  0  0  80568  92958  0  74112  1551  75666  335  0  335  80731  79177  92958  5  0  0  90757  2974722  0  0  11242126  91151  343898  26.4604933266  12.7593463865  2.68447135749  100.0  
1438554328  0  2324  23103864  2262  0  315590722  90705  0  0  80568  92958  0  74109  1553  75666  335  0  335  80731  79174  92958  5  0  0  90705  3065528  0  0  11586266  90806  344140  26.4582912217  12.7126398765  2.6845730754  100.0  
1438554338  0  2324  23858361  2259  0  315823976  90784  0  0  80568  92958  0  74182  1480  75666  335  0  335  80731  79224  92958  5  0  0  90784  3164574  0  0  11966104  99046  379838  26.4461515628  12.7335213253  2.6741102562  100.0  
1438554348  0  2324  24538738  2256  0  318335042  90742  0  0  80568  92958  0  74780  884  75666  335  0  335  80731  79845  92958  5  0  0  90742  3255954  0  0  12308780  91380  342676  26.452288529  12.0087721232  2.66326493421  100.0  
1438554358  0  2324  25226472  2261  0  318728258  90743  0  0  80568  92958  0  74876  788  75666  335  0  335  80731  79941  92958  5  0  0  90743  3347321  0  0  12654822  91367  346042  26.4509528463  11.9039485139  2.66006665756  100.0  
1438554368  0  2324  25914402  2231  0  315795223  90687  0  0  80568  92958  0  74206  1454  75666  335  0  335  80731  79200  92958  5  0  0  90687  3437604  0  0  13000732  90283  345910  26.4416188258  12.6666446128  2.65348091511  100.0  
1438554378  0  2324  26675844  2244  0  316590146  90700  0  0  80568  92958  0  74352  1311  75666  335  0  335  80731  79417  92958  5  0  0  90700  3540953  0  0  13383770  103349  383038  26.4570670297  12.4399117971  2.67509964708  100.0  
1438554388  0  2324  27360193  2236  0  315578434  90808  0  0  80568  92958  0  74105  1559  75666  335  0  335  80731  79170  92958  5  0  0  90808  3632307  0  0  13728000  91354  344230  26.4591127622  12.8160514492  2.68344560657  100.0  
1438554398  0  2324  28046134  2275  0  317060131  90637  0  0  80568  92958  0  74580  1087  75666  335  0  335  80731  79457  92958  5  0  0  90637  3723159  0  0  14072958  90852  344958  26.4561224442  12.3349184108  2.57968644056  100.0  
1438554408  0  2324  28811107  2264  0  316024898  90704  0  0  80568  92958  0  74214  1453  75666  335  0  335  80731  79279  92958  5  0  0  90704  3825097  0  0  14457479  101938  384521  26.4575656655  12.5959163874  2.6797561608  100.0  
1438554418  0  2324  29497327  2296  0  317405250  90660  0  0  80568  92958  0  74551  1113  75666  335  0  335  80731  79616  92958  5  0  0  90660  3918407  0  0  14802484  93310  345005  26.4712800906  12.1817780719  2.66841324196  100.0  
1438554428  0  2324  30185185  2265  0  316315784  90810  0  0  80568  92958  0  74394  1273  75666  335  0  335  80731  79287  92958  5  0  0  90810  4010397  0  0  15148407  91990  345923  26.4740510339  12.689131153  2.60000605001  100.0  
1438554438  0  2324  30870917  2233  0  316958786  90683  0  0  80568  92958  0  74443  1228  75666  335  0  335  80731  79508  92958  5  0  0  90683  4103797  0  0  15493207  93400  344800  26.4877181335  12.3231476683  2.6732956265  100.0  
1438554448  0  2324  31635721  2247  0  314619970  90741  0  0  80568  92958  0  73872  1799  75666  335  0  335  80731  78937  92958  5  0  0  90741  4206086  0  0  15877636  102289  384429  26.490631225  13.0084526289  2.69263322234  100.0  
1438554458  0  2324  32324898  2258  0  317097154  90860  0  0  80568  92958  0  74637  1027  75666  335  0  335  80731  79444  92958  5  0  0  90860  4298914  0  0  16224163  92828  346527  26.4969847751  12.5643847678  2.55236724827  100.0  
1438554468  0  2324  33014168  2249  0  315566146  90648  0  0  80568  92958  0  74103  1567  75666  335  0  335  80731  79168  92958  5  0  0  90648  4391942  0  0  16570405  93028  346242  26.5047354003  12.6643720766  2.68477653436  100.0  
1438554478  0  2324  33779229  2233  0  316065858  90631  0  0  80568  92958  0  74225  1444  75666  335  0  335  80731  79290  92958  5  0  0  90631  4495039  0  0  16955154  103097  384749  26.5113428047  12.5133784246  2.68064558799  100.0  
1438554488  0  2324  34465407  2297  0  314068481  90769  0  0  80568  92958  0  73803  1868  75666  335  0  335  80731  78771  92958  5  0  0  90769  4585139  0  0  17300343  90100  345189  26.5031681742  13.2181691987  2.65849710662  100.0  
1438554498  0  2324  35153248  2263  0  315050050  90757  0  0  80568  92958  0  73978  1694  75666  335  0  335  80731  79043  92958  5  0  0  90757  4677045  0  0  17646202  91906  345859  26.5045418839  12.9069934  2.69028742168  100.0  
1438554509  0  2324  35841037  2258  0  317995074  90616  0  0  80568  92958  0  74697  969  75666  335  0  335  80731  79762  92958  5  0  0  90616  4768734  0  0  17992210  91689  346008  26.5044371981  11.9780171272  2.66603631644  100.0  
1438554519  0  2324  36604109  2259  0  317175891  90682  0  0  80568  92958  0  74556  1103  75666  335  0  335  80731  79523  92958  5  0  0  90682  4870892  0  0  18375843  102158  383633  26.5070397042  12.3056394874  2.62500124031  100.0  
1438554529  0  2324  37293534  2246  0  316876866  90650  0  0  80568  92958  0  74422  1238  75666  335  0  335  80731  79487  92958  5  0  0  90650  4962379  0  0  18722709  91487  346866  26.5045993077  12.3143960287  2.6727438282  100.0  
1438554539  0  2324  37979635  2264  0  315488322  90693  0  0  80568  92958  0  74083  1580  75666  335  0  335  80731  79148  92958  5  0  0  90693  5054846  0  0  19067903  92467  345194  26.5097111098  12.7297586363  2.68419149785  100.0  
1438554549  0  2324  38738079  2204  0  319572091  90694  0  0  80568  92958  0  75130  775  75905  335  0  335  80731  80114  92958  5  0  0  90694  5156185  0  0  19449494  101339  381591  26.5106382716  11.6656008115  2.61311377625  100.0  
1438554559  0  2324  39428787  2277  0  318232642  90674  0  0  80568  92958  0  74753  1142  75905  335  0  335  80731  79818  92958  5  0  0  90674  5247398  0  0  19796979  91213  347485  26.5060542823  11.9725610429  2.66166013521  100.0  
1438554569  0  2324  40116260  2238  0  318781506  90782  0  0  80568  92958  0  74887  1068  75957  335  0  335  81021  79952  92958  5  0  0  90782  5338442  0  0  20142840  91044  345861  26.5029261018  11.9296776894  2.65719917791  100.0  
1438554579  0  2324  40802540  2300  0  318093626  90811  0  0  80568  92958  0  74829  1130  75957  335  0  335  81021  79712  92958  5  0  0  90811  5430546  0  0  20488119  92104  345279  26.5058300374  12.2220876326  2.57479844922  100.0  
1438554589  0  2324  41565353  2231  0  317253698  90756  0  0  80568  92958  0  74515  1449  75957  335  0  335  81021  79580  92958  5  0  0  90756  5530497  0  0  20871933  99951  383814  26.4972918416  12.3143373441  2.67087696245  100.0  
1438554599  0  2324  42249683  2249  0  316926018  90705  0  0  80568  92958  0  74435  1530  75957  335  0  335  81021  79500  92958  5  0  0  90705  5619847  0  0  21216318  89350  344385  26.4883237516  12.3532330081  2.67356463738  100.0  
