#Type:X;CI:12;ww:0;ca:0;co:0;fr:0;Type:X;CI:12;PI:0;PT:EP;U0:0;U1:0;Type:X;CI:12;PI:1;PT:EP;U0:0;U1:0;
#time  Pp  gt  gs  cn  cm  cb  Nc  Pc  cp  Tc  Nm  pr  ps  pt  px  pd  Pm  Om  fs  ft  Oc  Em  Gp  Ec  Ge  ot  os  Total_cycles_diff  Successful_get_diff  Total_get_diff  succ_put_diff  total_put_diff  get_hit  
1439887876  0  0  0  0  0  0  0  0  0  4021150  0  0  0  0  0  0  0  0  0  20  0  0  0  0  0  44  0  4021150  0  0  0  0  
1439887886  0  0  0  0  0  0  0  0  0  4021150  0  0  0  0  0  0  0  0  0  20  0  0  0  0  0  44  0  0  0  0  0  0  0 
1439887896  0  0  0  0  0  0  0  0  0  4021150  0  0  0  0  0  0  0  0  0  20  0  0  0  0  0  44  0  0  0  0  0  0  0 
1439887906  0  0  0  0  0  0  0  0  0  4022622  0  0  0  0  0  0  0  0  0  20  0  0  0  0  0  44  0  1472  0  0  0  0  0 
1439887916  0  184  183  0  0  0  197  2892  0  17024686  233  0  3416  3416  0  0  3416  351  0  100  205  3416  0  2892  183  248  112  13002064  183  184  3416  3416  99.4565217391  
1439887926  0  184  183  0  0  0  197  2892  0  24460174  233  0  3416  3416  0  0  3416  351  0  100  205  3416  0  2892  183  4860  112  7435488  0  0  0  0  99.4565217391  
1439887936  0  185  184  0  0  0  197  2891  0  27731871  233  0  3416  3416  0  0  3416  351  0  100  204  3416  0  2891  184  7295  112  3271697  1  1  0  0  99.4594594595  
1439887947  0  185  184  0  0  0  197  2891  0  29292655  233  0  3416  3416  0  0  3416  351  0  100  204  3416  0  2891  184  8205  112  1560784  0  0  0  0  99.4594594595  
1439887957  0  541  334  0  0  0  189  2741  0  31535524  233  0  3416  3416  0  0  3416  351  0  100  199  3416  0  2741  334  8604  112  2242869  150  356  0  0  61.7375231054  
1439887967  0  541  334  0  0  0  189  2741  0  31535524  233  0  3416  3416  0  0  3416  351  0  100  199  3416  0  2741  334  8604  112  0  0  0  0  0  61.7375231054  
1439887977  0  541  334  0  0  0  189  2741  0  31535524  233  0  3416  3416  0  0  3416  351  0  100  199  3416  0  2741  334  8604  112  0  0  0  0  0  61.7375231054  
1439887987  0  541  334  0  0  0  218  3164  0  36771501  233  0  3839  3839  0  0  3416  351  0  2958  225  3416  0  3164  334  8604  112  5235977  0  0  423  423  61.7375231054  
1439887997  0  541  334  0  0  0  175  2767  0  58701737  233  0  3839  3839  0  0  3416  351  0  27984  171  3416  0  2767  334  8703  166  21930236  0  0  0  0  61.7375231054  
1439888007  0  541  334  0  0  0  142  2373  0  77920449  233  0  3840  3840  0  0  3416  351  0  47543  124  3416  0  2373  334  8798  213  19218712  0  0  1  1  61.7375231054  
1439888017  0  541  334  0  0  0  113  2633  0  111826307  233  0  4598  4598  0  0  3416  351  0  73426  76  3416  0  2633  334  9362  274  33905858  0  0  758  758  61.7375231054  
1439888027  0  590  334  0  0  0  109  2633  0  133777847  233  0  4647  4647  0  0  3416  351  0  93472  64  3416  0  2633  334  10648  291  21951540  0  49  49  49  56.6101694915  
1439888037  0  612  334  0  0  0  109  2633  0  159992122  233  0  4647  4647  0  0  3416  351  0  121628  64  3416  0  2633  334  11436  291  26214275  0  22  0  0  54.5751633987  
1439888047  0  989  542  0  0  0  108  2431  0  179302728  233  0  4672  4672  0  0  3416  351  0  157565  53  3416  0  2431  542  13603  298  19310606  208  377  25  25  54.8028311426  
1439888057  0  24388  555  0  0  0  256  5040  0  246827453  257  0  7294  7294  0  0  5043  351  0  178401  194  5043  0  5040  555  14203  298  67524725  13  23399  2622  2622  2.27570936526  
1439888067  0  40177  555  0  0  0  329  5607  0  295954712  329  0  9590  9590  0  0  5854  351  0  191427  278  5854  0  5607  555  14615  298  49127259  0  15789  2296  2296  1.38138736093  
1439888077  0  61038  555  0  0  0  466  8103  0  369334344  466  0  12763  12763  0  0  8103  440  0  208885  440  8103  0  8103  555  15386  298  73379632  0  20861  3173  3173  0.909269635309  
1439888087  0  67534  555  0  0  0  564  9981  0  417726992  692  0  17398  17398  0  0  12359  636  0  210762  519  12359  0  9981  555  15386  298  48392648  0  6496  4635  4635  0.821808274351  
1439888097  0  86853  555  0  0  0  1052  21263  0  604955146  1122  0  36784  36784  0  0  22570  1034  0  210864  969  22570  0  21263  555  16253  298  187228154  0  19319  19386  19386  0.639010742289  
1439888107  0  99709  555  0  0  0  1261  25522  0  737350049  1463  0  49612  49612  0  0  29530  1338  0  210917  1152  29530  0  25522  555  16557  298  132394903  0  12856  12828  12828  0.556619763512  
1439888117  0  105540  555  0  0  0  920  18595  0  796552900  1463  0  55379  55379  0  0  29530  1338  0  210939  833  29530  0  18595  555  16557  298  59202851  0  5831  5767  5767  0.525866969869  
1439888127  0  120418  555  0  0  0  1036  21360  0  950517542  1463  0  70287  70287  0  0  29530  1338  0  211048  956  29530  0  21360  555  16962  298  153964642  0  14878  14908  14908  0.460894550649  
1439888137  0  127301  555  0  0  0  1153  23882  0  1018402816  1463  0  77471  77471  0  0  29530  1338  0  211090  1056  29530  0  23882  555  17141  298  67885274  0  6883  7184  7184  0.435974579933  
1439888147  0  134083  555  0  0  0  797  16350  0  1092852264  1463  0  84408  84408  0  0  29530  1338  0  211135  719  29530  0  16350  555  17374  298  74449448  0  6782  6937  6937  0.41392271951  
1439888157  0  151723  555  0  0  0  1168  24351  0  1285709935  1463  0  102164  102164  0  0  29530  1338  0  211245  1085  29530  0  24351  555  17604  298  192857671  0  17640  17756  17756  0.365798198032  
1439888167  0  168116  555  0  0  0  1537  32801  0  1459537115  1537  0  118543  118543  0  0  32801  1431  0  211318  1431  32801  0  32801  555  18098  298  173827180  0  16393  16379  16379  0.330129196507  
1439888177  0  198306  555  0  0  0  2072  42515  0  1790090955  2072  0  148742  148742  0  0  42515  1902  0  211480  1902  42515  0  42515  555  19202  298  330553840  0  30190  30199  30199  0.279870503162  
1439888187  0  223002  556  0  0  0  2626  55184  0  2065781824  2637  0  173728  173728  0  0  55336  2419  0  211521  2419  55336  0  55184  556  20124  298  275690869  1  24696  24986  24986  0.24932511816  
1439888197  0  246891  556  0  0  0  2114  43648  0  2313329684  2768  0  197501  197501  0  0  57937  2542  0  211767  1951  57937  0  43648  556  21211  298  247547860  0  23889  23773  23773  0.225200594594  
1439888207  0  259687  556  0  0  0  1233  25606  0  2446844529  2768  0  210302  210302  0  0  57937  2542  0  211840  1135  57937  0  25606  556  21432  298  133514845  0  12796  12801  12801  0.214103902005  
1439888217  0  277008  556  0  0  0  1369  27889  0  2629615628  2768  0  227881  227881  0  0  57937  2542  0  211956  1266  57937  0  27889  556  21931  298  182771099  0  17321  17579  17579  0.200716224802  
1439888227  0  313707  556  0  0  0  2196  46071  0  3023007304  2768  0  264432  264432  0  0  57937  2542  0  212137  2019  57937  0  46071  556  23524  298  393391676  0  36699  36551  36551  0.177235445814  
1439888237  0  324723  556  0  0  0  2104  43908  0  3138918502  2768  0  275616  275616  0  0  57937  2542  0  212189  1937  57937  0  43908  556  23937  298  115911198  0  11016  11184  11184  0.171222857636  
1439888247  0  333699  556  0  0  0  1394  28307  0  3235752417  2768  0  284728  284728  0  0  57937  2542  0  212224  1292  57937  0  28307  556  24337  298  96833915  0  8976  9112  9112  0.166617220909  
1439888257  0  348542  558  0  0  0  1290  26328  0  3393687898  2768  0  299442  299442  0  0  57937  2542  0  212302  1182  57937  0  26328  558  25014  298  157935481  2  14843  14714  14714  0.160095483471  
1439888267  0  366656  558  0  0  0  1548  32115  0  3573711353  2768  0  317763  317763  0  0  57937  2542  0  212448  1441  57937  0  32115  558  25726  298  180023455  0  18114  18321  18321  0.152186245418  
1439888277  0  376623  558  0  0  0  986  20999  0  3675605048  2768  0  327842  327842  0  0  57937  2542  0  212480  914  57937  0  20999  558  26027  298  101893695  0  9967  10079  10079  0.148158768848  
1439888287  0  404394  575  0  0  0  1642  34237  0  3977058386  2768  0  355581  355581  0  0  57937  2542  0  212611  1516  57937  0  34237  575  27289  298  301453338  17  27771  27739  27739  0.142188064116  
1439888297  0  428693  575  0  0  0  2553  52711  0  4242175976  2768  0  379967  379967  0  0  57937  2542  0  212775  2356  57937  0  52711  575  28352  298  265117590  0  24299  24386  24386  0.134128618848  
1439888307  0  455559  575  0  0  0  2439  50785  0  4528277689  2805  0  407012  407012  0  0  57937  2582  0  212961  2242  57937  0  50785  575  29320  298  286101713  0  26866  27045  27045  0.12621855786  
1439888317  0  472899  575  0  0  0  1788  37559  0  4718716933  2805  0  424411  424411  0  0  57937  2582  0  213051  1650  57937  0  37559  575  30052  298  190439244  0  17340  17399  17399  0.121590445317  
1439888327  0  488988  575  0  0  0  1317  26614  0  4891280877  2805  0  440468  440468  0  0  57937  2582  0  213082  1218  57937  0  26614  575  30701  298  172563944  0  16089  16057  16057  0.117589797705  
1439888337  0  497428  575  0  0  0  1071  21957  0  4981084807  2805  0  448858  448858  0  0  57937  2582  0  213279  983  57937  0  21957  575  31017  298  89803930  0  8440  8390  8390  0.115594618719  
1439888347  0  529269  575  0  0  0  1944  39489  0  5330330959  2805  0  480525  480525  0  0  57937  2582  0  213420  1779  57937  0  39489  575  32382  298  349246152  0  31841  31667  31667  0.108640407808  
1439888357  0  539077  577  0  0  0  1857  37540  0  5441895328  2805  0  490644  490644  0  0  57937  2582  0  213459  1717  57937  0  37540  577  33049  298  111564369  2  9808  10119  10119  0.107034802078  
1439888367  0  549026  577  0  0  0  874  18041  0  5542810780  2805  0  500302  500302  0  0  57937  2582  0  213524  802  57937  0  18041  577  33395  298  100915452  0  9949  9658  9658  0.105095204963  
1439888377  0  557224  577  0  0  0  917  19740  0  5631058371  2805  0  508890  508890  0  0  57937  2582  0  213551  851  57937  0  19740  577  33708  298  88247591  0  8198  8588  8588  0.103549021578  
1439888387  0  574792  577  0  0  0  1172  24979  0  5819044294  2805  0  526324  526324  0  0  57937  2582  0  213616  1097  57937  0  24979  577  34360  298  187985923  0  17568  17434  17434  0.100384138958  
1439888397  0  602538  579  0  0  0  1847  38054  0  6124128550  2805  0  554274  554274  0  0  57937  2582  0  213784  1682  57937  0  38054  579  35432  298  305084256  2  27746  27950  27950  0.0960935243918  
1439888407  0  632890  579  0  0  0  2219  46887  0  6452591974  2805  0  584763  584763  0  0  57937  2582  0  213980  2044  57937  0  46887  579  36704  298  328463424  0  30352  30489  30489  0.0914850921961  
1439888417  0  652442  579  0  0  0  2191  45556  0  6659851515  2805  0  604011  604011  0  0  57937  2582  0  214120  2017  57937  0  45556  579  37766  298  207259541  0  19552  19248  19248  0.0887435204968  
1439888427  0  665597  579  0  0  0  1580  32938  0  6804409406  2805  0  617338  617338  0  0  57937  2582  0  214191  1458  57937  0  32938  579  38109  298  144557891  0  13155  13327  13327  0.0869895747727  
1439888437  0  674784  579  0  0  0  971  19777  0  6904471226  2805  0  626515  626515  0  0  57937  2582  0  214300  890  57937  0  19777  579  38411  298  100061820  0  9187  9177  9177  0.0858052354531  
1439888447  0  681937  579  0  0  0  815  16124  0  6980996627  2805  0  633844  633844  0  0  57937  2582  0  214345  762  57937  0  16124  579  38731  298  76525401  0  7153  7329  7329  0.0849052038531  
1439888457  0  697906  579  0  0  0  1044  21336  0  7144283645  2805  0  649555  649555  0  0  57937  2582  0  214400  959  57937  0  21336  579  39466  298  163287018  0  15969  15711  15711  0.0829624619934  
1439888467  0  716415  579  0  0  0  1230  25578  0  7354004944  2805  0  668390  668390  0  0  57937  2582  0  214497  1115  57937  0  25578  579  40451  298  209721299  0  18509  18835  18835  0.0808190783275  
1439888477  0  727396  579  0  0  0  1334  26852  0  7460959514  2805  0  679143  679143  0  0  57937  2582  0  214544  1227  57937  0  26852  579  40762  298  106954570  0  10981  10753  10753  0.0795990079681  
1439888487  0  737342  581  0  0  0  989  20044  0  7565844955  2805  0  689330  689330  0  0  57937  2582  0  214584  910  57937  0  20044  581  41078  298  104885441  2  9946  10187  10187  0.0787965421745  
1439888497  0  745132  581  0  0  0  737  14930  0  7644715065  2805  0  696905  696905  0  0  57937  2582  0  214618  682  57937  0  14930  581  41401  298  78870110  0  7790  7575  7575  0.0779727618731  
1439888507  0  756325  581  0  0  0  738  15564  0  7761839981  2805  0  708203  708203  0  0  57937  2582  0  214687  680  57937  0  15564  581  42124  298  117124916  0  11193  11298  11298  0.0768188278848  
1439888517  0  766485  581  0  0  0  710  15374  0  7870488045  2805  0  718572  718572  0  0  57937  2582  0  214733  668  57937  0  15374  581  42472  298  108648064  0  10160  10369  10369  0.0758005701351  
1439888527  0  785883  593  0  0  0  1332  28255  0  8082634310  2805  0  737910  737910  0  0  57937  2582  0  214836  1235  57937  0  28255  593  43113  298  212146265  12  19398  19338  19338  0.075456524699  
1439888537  0  809924  609  0  0  0  2090  44138  0  8346682000  2805  0  762036  762036  0  0  57937  2582  0  215014  1915  57937  0  44138  609  44183  298  264047690  16  24041  24126  24126  0.0751922402596  
1439888547  0  837780  615  0  0  0  2724  56790  0  8650852304  2820  0  790231  790231  0  0  58499  2591  0  215139  2502  58499  0  56790  615  45475  298  304170304  6  27856  28195  28195  0.0734082933467  
1439888557  0  854105  615  0  0  0  1882  38752  0  8830314337  2820  0  806547  806547  0  0  58499  2591  0  215229  1726  58499  0  38752  615  46123  298  179462033  0  16325  16316  16316  0.0720051984241  
1439888567  0  866918  615  0  0  0  1338  28366  0  8967666197  2820  0  819200  819200  0  0  58499  2591  0  215403  1234  58499  0  28366  615  46538  298  137351860  0  12813  12653  12653  0.0709409655815  
1439888577  0  876883  615  0  0  0  1096  22887  0  9068678450  2820  0  829027  829027  0  0  58499  2591  0  215509  1008  58499  0  22887  615  47187  298  101012253  0  9965  9827  9827  0.0701347842301  
1439888587  0  882010  615  0  0  0  737  14908  0  9120721451  2820  0  834456  834456  0  0  58499  2591  0  215538  692  58499  0  14908  615  47187  298  52043001  0  5127  5429  5429  0.0697271005998  
1439888598  0  894586  615  0  0  0  778  16520  0  9250813080  2820  0  847083  847083  0  0  58499  2591  0  215598  726  58499  0  16520  615  47811  298  130091629  0  12576  12627  12627  0.0687468840335  
1439888608  0  920541  615  0  0  0  1776  36678  0  9520671096  2820  0  873065  873065  0  0  58499  2591  0  215777  1640  58499  0  36678  615  48884  298  269858016  0  25955  25982  25982  0.0668085397609  
1439888618  0  936318  615  0  0  0  2057  41503  0  9685827170  2820  0  888835  888835  0  0  58499  2591  0  215864  1894  58499  0  41503  615  49538  298  165156074  0  15777  15770  15770  0.0656828128905  
1439888628  0  955797  618  0  0  0  1649  34138  0  9898310322  2820  0  908462  908462  0  0  58499  2591  0  215948  1523  58499  0  34138  618  50183  298  212483152  3  19479  19627  19627  0.0646580811616  
1439888638  0  967823  618  0  0  0  1350  28970  0  10028876954  2820  0  920487  920487  0  0  58499  2591  0  216031  1250  58499  0  28970  618  50834  298  130566632  0  12026  12025  12025  0.0638546511087  
1439888648  0  990158  618  0  0  0  1359  27875  0  10265262935  2820  0  942878  942878  0  0  58499  2591  0  216171  1239  58499  0  27875  618  51892  298  236385981  0  22335  22391  22391  0.0624142813571  
1439888658  0  1017639  620  0  0  0  2411  50192  0  10564405000  2820  0  970173  970173  0  0  58499  2591  0  216325  2209  58499  0  50192  620  52843  298  299142065  2  27481  27295  27295  0.0609253379637  
1439888668  0  1038878  622  0  0  0  2630  53456  0  10800249320  2839  0  991602  991602  0  0  58499  2623  0  216404  2424  58499  0  53456  622  53939  298  235844320  2  21239  21429  21429  0.0598722852924  
1439888678  0  1057825  622  0  0  0  1978  40707  0  11008680585  2839  0  1010247  1010247  0  0  58499  2623  0  216630  1827  58499  0  40707  622  54591  298  208431265  0  18947  18645  18645  0.058799896013  
1439888688  0  1076701  622  0  0  0  1578  33169  0  11216728332  2839  0  1029568  1029568  0  0  58499  2623  0  216739  1448  58499  0  33169  622  55214  298  208047747  0  18876  19321  19321  0.0577690556617  
1439888698  0  1084702  622  0  0  0  724  15069  0  11300053748  2839  0  1037487  1037487  0  0  58499  2623  0  216784  670  58499  0  15069  622  55544  298  83325416  0  8001  7919  7919  0.0573429384292  
1439888708  0  1102563  622  0  0  0  1144  24263  0  11494080206  2839  0  1055514  1055514  0  0  58499  2623  0  216856  1057  58499  0  24263  622  56597  298  194026458  0  17861  18027  18027  0.0564140099024  
1439888718  0  1114460  622  0  0  0  1301  26730  0  11616515223  2839  0  1067437  1067437  0  0  58499  2623  0  216982  1198  58499  0  26730  622  56927  298  122435017  0  11897  11923  11923  0.0558117832852  
1439888728  0  1126726  622  0  0  0  1223  24485  0  11747545899  2839  0  1079729  1079729  0  0  58499  2623  0  217049  1122  58499  0  24485  622  57534  298  131030676  0  12266  12292  12292  0.0552041933886  
1439888738  0  1135398  634  0  0  0  1273  24814  0  11842652945  2839  0  1088349  1088349  0  0  58499  2623  0  217079  1167  58499  0  24814  634  57860  298  95107046  12  8672  8620  8620  0.0558394501311  
1439888748  0  1143594  638  0  0  0  1073  21399  0  11922586702  2839  0  1096571  1096571  0  0  58499  2623  0  217190  994  58499  0  21399  638  58309  298  79933757  4  8196  8222  8222  0.0557890300229  
1439888758  0  1163196  660  0  0  0  1313  27914  0  12137328024  2839  0  1116285  1116285  0  0  58499  2623  0  217299  1230  58499  0  27914  660  58948  298  214741322  22  19602  19714  19714  0.056740222628  
1439888768  0  1178335  660  0  0  0  1208  25854  0  12303074652  2839  0  1131450  1131450  0  0  58499  2623  0  217370  1119  58499  0  25854  660  59588  298  165746628  0  15139  15165  15165  0.0560112361934  
1439888778  0  1210142  662  0  0  0  2280  46307  0  12651143961  2839  0  1163434  1163434  0  0  58499  2623  0  217499  2088  58499  0  46307  662  60951  298  348069309  2  31807  31984  31984  0.0547043239554  
1439888788  0  1232948  662  0  0  0  2420  49513  0  12898741961  2839  0  1186220  1186220  0  0  58499  2623  0  217713  2223  58499  0  49513  662  61908  298  247598000  0  22806  22786  22786  0.0536924509387  
1439888798  0  1255307  662  0  0  0  1980  41057  0  13142909558  2839  0  1208451  1208451  0  0  58499  2623  0  217872  1821  58499  0  41057  662  62546  298  244167597  0  22359  22231  22231  0.0527361035986  
1439888808  0  1271907  662  0  0  0  1584  32924  0  13323405732  2839  0  1225130  1225130  0  0  58499  2623  0  217964  1462  58499  0  32924  662  63348  298  180496174  0  16600  16679  16679  0.0520478305411  
1439888818  0  1297113  662  0  0  0  1804  37716  0  13600815727  2839  0  1250539  1250539  0  0  58499  2623  0  218141  1682  58499  0  37716  662  64572  298  277409995  0  25206  25409  25409  0.0510364170277  
1439888828  0  1320342  664  0  0  0  2120  44029  0  13832125721  2839  0  1273784  1273784  0  0  58499  2623  0  218248  1953  58499  0  44029  664  65326  298  231309994  2  23229  23245  23245  0.0502900006211  
1439888838  0  1339227  664  0  0  0  1828  37431  0  14041183278  2839  0  1292774  1292774  0  0  58499  2623  0  218345  1679  58499  0  37431  664  66266  298  209057557  0  18885  18990  18990  0.0495808402907  
1439888848  0  1345623  666  0  0  0  1242  25189  0  14107261859  2839  0  1298975  1298975  0  0  58499  2623  0  218471  1152  58499  0  25189  666  66568  298  66078581  2  6396  6201  6201  0.0494938032421  
1439888858  0  1349927  666  0  0  0  556  11270  0  14148971947  2839  0  1303192  1303192  0  0  58499  2623  0  218488  509  58499  0  11270  666  66568  298  41710088  0  4304  4217  4217  0.0493360011319  
1439888868  0  1359329  666  0  0  0  805  16739  0  14244153357  2839  0  1312878  1312878  0  0  58499  2623  0  218543  753  58499  0  16739  666  66886  298  95181410  0  9402  9686  9686  0.0489947613859  
1439888878  0  1370923  666  0  0  0  1028  21978  0  14367276279  2839  0  1324458  1324458  0  0  58499  2623  0  218583  968  58499  0  21978  666  67718  298  123122922  0  11594  11580  11580  0.0485804089653  
1439888888  0  1399086  667  0  0  0  1848  38955  0  14668727505  2839  0  1352391  1352391  0  0  58499  2623  0  218749  1713  58499  0  38955  667  68635  298  301451226  1  28163  27933  27933  0.0476739814422  
1439888898  0  1429072  669  0  0  0  2781  58184  0  15006207862  2839  0  1382645  1382645  0  0  58499  2623  0  218914  2554  58499  0  58184  669  70048  298  337480357  2  29986  30254  30254  0.0468135965158  
1439888908  0  1453971  669  0  0  0  2757  57517  0  15279321054  3034  0  1407783  1407783  0  0  63648  2770  0  218922  2518  63648  0  57517  669  70984  298  273113192  0  24899  25138  25138  0.0460119218334  
1439888918  0  1482604  680  0  0  0  2532  52343  0  15586256156  3034  0  1436262  1436262  0  0  63648  2770  0  219343  2335  63648  0  52343  680  72472  298  306935102  11  28633  28479  28479  0.0458652479017  
1439888928  0  1513346  680  0  0  0  2988  62792  0  15923653821  3034  0  1466972  1466972  0  0  63648  2796  0  219482  2764  63648  0  62792  680  73405  298  337397665  0  30742  30710  30710  0.0449335446091  
1439888938  0  1539906  680  0  0  0  2944  61996  0  16219253262  3257  0  1493762  1493762  0  0  68618  3018  0  219548  2725  68618  0  61996  680  74817  298  295599441  0  26560  26790  26790  0.0441585395472  
1439888948  0  1566159  682  0  0  0  1499  31707  0  16504133856  3257  0  1520385  1520385  0  0  68618  3018  0  219548  1390  68618  0  31707  682  75762  298  284880594  2  26253  26623  26623  0.043546025659  
