#Type:X;CI:4;ww:0;ca:0;co:1;fr:0;Type:X;CI:4;PI:0;PT:EP;U0:0;U1:0;Type:X;CI:4;PI:1;PT:EP;U0:0;U1:0;
#time  Pp  gt  gs  cn  cm  cb  Nc  Pc  cp  Tc  Nm  pr  ps  pt  px  pd  Pm  Om  fs  ft  Oc  Em  Gp  Ec  Ge  ot  os  Total_cycles_diff  Successful_get_diff  Total_get_diff  succ_put_diff  total_put_diff  get_hit  
1439198260  0  0  0  0  0  0  0  0  0  18482  0  0  0  0  0  0  0  0  0  0  0  0  0  0  0  0  0  18482  0  0  0  0  
1439198270  0  6  0  64  0  0  4  64  0  25594366  4  0  64  64  0  0  64  1  0  87  1  64  0  64  0  0  0  25575884  0  6  64  64  0.0  
1439198280  0  16921  0  10440  0  294869  234  10565  125  2141689418  234  0  10565  10565  0  0  10565  4  0  6842  4  10565  0  10565  0  0  0  2116095052  0  16915  10501  10501  0.0  
1439198290  0  31952  0  14920  2  817730  393  15274  354  3336870481  393  0  15274  15276  2  0  15274  14  0  17172  14  15274  0  15274  0  0  0  1195181063  0  15031  4709  4711  0.0  
1439198300  0  51720  0  21513  2  1724975  609  22239  726  5020587064  609  0  22239  22241  2  0  22239  27  0  29888  27  22239  0  22239  0  0  0  1683716583  0  19768  6965  6965  0.0  
1439198310  0  74124  0  43859  2  1541612  973  38607  650  8887629059  1004  0  44588  44590  2  0  40270  27  0  29888  27  40270  0  38607  0  0  0  3867041995  0  22404  22349  22349  0.0  
1439198320  0  89523  0  59248  2  7678  895  35256  3  11337137248  1004  0  59977  59979  2  0  40270  27  0  29888  5  40270  0  35256  0  0  0  2449508189  0  15399  15389  15389  0.0  
1439198330  0  113251  0  82762  2  218552  911  37049  77  15337365854  1004  0  83568  83570  2  0  40270  27  0  29888  6  40270  0  37049  0  0  0  4000228606  0  23728  23591  23591  0.0  
1439198340  0  128369  0  97908  2  218552  850  34244  77  17904245122  1004  0  98714  98716  2  0  40270  27  0  29888  6  40270  0  34244  0  0  0  2566879268  0  15118  15146  15146  0.0  
1439198350  0  142444  0  111900  2  0  610  24524  0  20144392299  1004  0  112706  112708  2  0  40270  27  0  29888  2  40270  0  24524  0  0  0  2240147177  0  14075  13992  13992  0.0  
1439198360  0  156446  0  125799  2  0  612  24705  0  22300165271  1004  0  126605  126607  2  0  40270  27  0  29888  2  40270  0  24705  0  0  0  2155772972  0  14002  13899  13899  0.0  
1439198370  0  174849  0  144370  2  0  758  30186  0  25292922726  1004  0  145176  145178  2  0  40270  27  0  29919  2  40270  0  30186  0  0  0  2992757455  0  18403  18571  18571  0.0  
1439198380  0  190763  0  160424  2  2459  788  32234  2  28073008172  1004  0  161232  161234  2  0  40270  27  0  29919  3  40270  0  32234  0  0  0  2780085446  0  15914  16056  16056  0.0  
1439198390  0  207017  182  176586  2  2459  737  29716  2  30878428350  1004  0  177394  177396  2  0  40270  27  0  29919  3  40270  0  29716  182  0  0  2805420178  182  16254  16162  16162  0.0879154852017  
1439198400  0  222878  3056  192332  2  0  775  28915  0  33384165731  1004  0  193140  193142  2  0  40270  27  0  30122  2  40270  0  28915  3056  0  0  2505737381  2874  15861  15746  15746  1.37115372536  
1439198410  0  242787  7411  211940  2  0  902  32194  0  36332956985  1004  0  212748  212750  2  0  40270  27  0  30295  2  40270  0  32194  7411  0  0  2948791254  4355  19909  19608  19608  3.05246986041  
1439198420  0  260716  9957  229451  2  102343  1050  37896  45  39481866051  1056  0  230304  230306  2  0  40270  27  0  30501  9  40270  0  37896  9957  0  0  3148909066  2546  17929  17556  17556  3.81909817579  
1439198430  0  276090  13522  242098  2  1600352  1110  34574  678  41926170501  1187  0  243584  243586  2  0  40270  174  0  32302  174  40270  0  34574  13522  0  0  2444304450  3565  15374  13280  13280  4.89767829331  
1439198440  0  291898  16239  254775  2  1698201  1048  29928  714  44097357488  1187  0  256333  256335  2  0  40270  187  0  35355  187  40270  0  29928  16239  0  0  2171186987  2717  15808  12749  12749  5.56324469506  
1439198450  0  308073  18886  268137  2  203033  944  28379  79  46477665362  1187  0  269702  269704  2  0  40270  188  0  38177  24  40270  0  28379  18886  0  0  2380307874  2647  16175  13369  13369  6.13036520565  
1439198460  0  322594  21314  281158  2  203033  1045  32849  79  48765501564  1187  0  282723  282725  2  0  40270  188  0  39575  24  40270  0  32849  21314  0  0  2287836202  2428  14521  13021  13021  6.60706646745  
1439198470  0  335360  23721  292669  2  17201  1033  32039  7  50659860032  1187  0  294234  294236  2  0  40270  188  0  40839  4  40270  0  32039  23721  0  0  1894358468  2407  12766  11511  11511  7.07329437023  
1439198480  0  353589  28066  308635  2  0  992  29953  0  53664077460  1187  0  310200  310202  2  0  40270  188  0  43150  2  40270  0  29953  28066  0  0  3004217428  4345  18229  15966  15966  7.93746411794  
1439198490  0  364393  29666  317735  2  0  960  29312  0  55562393605  1187  0  319300  319302  2  0  40270  188  0  44805  2  40270  0  29312  29666  0  0  1898316145  1600  10804  9100  9100  8.14121017692  
1439198500  0  380833  32840  330580  2  0  973  27770  0  57875021695  1187  0  332145  332147  2  0  40270  188  0  48345  2  40270  0  27770  32840  0  0  2312628090  3174  16440  12845  12845  8.62320229602  
1439198510  0  395624  35038  342681  2  0  943  27359  0  60052313887  1187  0  344246  344248  2  0  40270  188  0  51020  2  40270  0  27359  35038  0  0  2177292192  2198  14791  12101  12101  8.85638889451  
1439198520  0  413151  37836  356865  2  0  990  29463  0  62648003470  1187  0  358430  358432  2  0  40270  188  0  54241  2  40270  0  29463  37836  0  0  2595689583  2798  17527  14184  14184  9.15791078807  
1439198530  0  427235  40072  368507  2  484  983  29058  1  64725612757  1187  0  370073  370075  2  0  40270  188  0  56496  3  40270  0  29058  40072  0  0  2077609287  2236  14084  11643  11643  9.37938137091  
1439198540  0  438272  42366  377418  2  87178  914  26399  56  66425891706  1187  0  379039  379041  2  0  40270  188  0  58661  5  40270  0  26399  42366  0  0  1700278949  2294  11037  8966  8966  9.66659973715  
1439198550  0  454611  44415  392082  2  86694  864  24933  55  68871172052  1187  0  393703  393705  2  0  40270  188  0  60403  4  40270  0  24933  44415  0  0  2445280346  2049  16339  14664  14664  9.76989118169  
1439198560  0  478083  48465  414645  2  1592684  1128  33667  595  72515264542  1187  0  416860  416862  2  0  40270  188  0  60439  41  40270  0  33667  48465  0  0  3644092490  4050  23472  23157  23157  10.1373610858  
1439198570  0  496934  52654  433543  2  1280594  1154  36170  478  75364908743  1298  0  435758  435760  2  0  41518  188  0  60636  38  41518  0  36170  52654  0  0  2849644201  4189  18851  18898  18898  10.5957732818  
1439198580  0  511696  55814  448126  2  132883  946  29472  46  77827117850  1298  0  450387  450389  2  0  41518  188  0  60752  8  41518  0  29472  55814  0  0  2462209107  3160  14762  14629  14629  10.9076482912  
1439198590  0  521354  56756  457204  2  268988  689  19857  111  79304129416  1298  0  459530  459532  2  0  41518  188  0  61098  10  41518  0  19857  56756  0  0  1477011566  942  9658  9143  9143  10.8862692144  
1439198600  0  540168  59536  475389  2  136105  825  23891  65  82305715632  1298  0  477715  477717  2  0  41518  188  0  61779  6  41518  0  23891  59536  0  0  3001586216  2780  18814  18185  18185  11.0217561944  
1439198610  0  558479  63005  492809  2  0  964  28677  0  84986531690  1298  0  495135  495137  2  0  41518  188  0  62583  2  41518  0  28677  63005  0  0  2680816058  3469  18311  17420  17420  11.2815343102  
1439198620  0  572406  65721  506035  2  0  830  24971  0  87042832166  1298  0  508361  508363  2  0  41518  188  0  63012  2  41518  0  24971  65721  0  0  2056300476  2716  13927  13226  13226  11.481535833  
1439198630  0  592051  70427  525625  2  0  900  28627  0  90037917707  1298  0  527951  527953  2  0  41518  188  0  63316  2  41518  0  28627  70427  0  0  2995085541  4706  19645  19590  19590  11.8954279277  
1439198640  0  621828  77128  554174  2  0  1107  34666  0  94630688845  1298  0  556500  556502  2  0  41518  188  0  64097  2  41518  0  34666  77128  0  0  4592771138  6701  29777  28549  28549  12.4034298874  
1439198650  0  638097  80778  569794  2  0  1148  35218  0  96982250137  1298  0  572120  572122  2  0  41518  188  0  64660  2  41518  0  35218  80778  0  0  2351561292  3650  16269  15620  15620  12.6592038515  
1439198660  0  650767  82887  582004  2  0  865  24994  0  99011435901  1298  0  584330  584332  2  0  41518  188  0  65210  2  41518  0  24994  82887  0  0  2029185764  2109  12670  12210  12210  12.7368167101  
1439198670  0  664335  84860  595014  2  0  772  22738  0  100852310710  1298  0  597340  597342  2  0  41518  188  0  65615  2  41518  0  22738  84860  0  0  1840874809  1973  13568  13010  13010  12.7736759316  
1439198680  0  684604  88246  614841  2  1396  879  26628  1  103770928648  1298  0  617168  617170  2  0  41518  188  0  66042  3  41518  0  26628  88246  0  0  2918617938  3386  20269  19828  19828  12.8900795204  
1439198690  0  690463  89395  620410  2  1396  685  19715  1  104864579952  1298  0  622737  622739  2  0  41518  188  0  66176  3  41518  0  19715  89395  0  0  1093651304  1149  5859  5569  5569  12.9471094034  
1439198701  0  702816  90774  632615  2  0  559  15752  0  106708650319  1298  0  634942  634944  2  0  41518  188  0  66372  2  41518  0  15752  90774  0  0  1844070367  1379  12353  12205  12205  12.9157560443  
1439198711  0  723055  92443  652637  2  0  891  27750  0  109820904660  1298  0  654964  654966  2  0  41518  188  0  66470  2  41518  0  27750  92443  0  0  3112254341  1669  20239  20022  20022  12.7850578448  
1439198721  0  742008  96709  671661  2  0  808  25023  0  112838637535  1298  0  673988  673990  2  0  41518  188  0  66475  2  41518  0  25023  96709  0  0  3017732875  4266  18953  19024  19024  13.0334174295  
1439198731  0  764403  101103  693985  2  0  920  28572  0  116322910527  1298  0  696312  696314  2  0  41518  188  0  66535  2  41518  0  28572  101103  0  0  3484272992  4394  22395  22324  22324  13.2264002104  
1439198741  0  793575  108187  723027  2  0  1218  39061  0  120934861518  1298  0  725354  725356  2  0  41518  188  0  66639  2  41518  0  39061  108187  0  0  4611950991  7084  29172  29042  29042  13.6328639385  
1439198751  0  820871  115201  750061  2  0  1239  39921  0  125123552107  1298  0  752388  752390  2  0  41669  188  0  66838  2  41669  0  39921  115201  0  0  4188690589  7014  27296  27034  27034  14.0339955974  
1439198761  0  846844  121816  775676  2  0  1216  38793  0  128925993828  1298  0  778003  778005  2  0  41669  188  0  67019  2  41669  0  38793  121816  0  0  3802441721  6615  25973  25615  25615  14.3847036762  
1439198771  0  879953  131104  808547  2  0  1288  42050  0  133865685612  1348  0  810874  810876  2  0  44668  188  0  67262  2  44668  0  42050  131104  0  0  4939691784  9288  33109  32871  32871  14.898977559  
1439198781  0  898202  134956  826582  2  0  1161  36713  0  136605480170  1348  0  828909  828911  2  0  44668  188  0  67328  2  44668  0  36713  134956  0  0  2739794558  3852  18249  18035  18035  15.0251279779  
1439198791  0  911957  137242  839902  2  0  793  23429  0  138706377067  1348  0  842229  842231  2  0  44668  188  0  67454  2  44668  0  23429  137242  0  0  2100896897  2286  13755  13320  13320  15.0491744677  
1439198801  0  933561  139816  861361  2  0  937  28978  0  142287034739  1348  0  863688  863690  2  0  44668  188  0  67605  2  44668  0  28978  139816  0  0  3580657672  2574  21604  21459  21459  14.9766324857  
1439198811  0  950874  143041  878463  2  0  970  30384  0  144735389308  1348  0  880790  880792  2  0  44668  188  0  67694  2  44668  0  30384  143041  0  0  2448354569  3225  17313  17102  17102  15.0431077093  
1439198821  0  965556  145561  893149  2  0  753  22601  0  147021987698  1348  0  895476  895478  2  0  44668  188  0  67764  2  44668  0  22601  145561  0  0  2286598390  2520  14682  14686  14686  15.0753555464  
1439198831  0  986032  149019  913743  2  0  812  25118  0  150209757725  1348  0  916070  916072  2  0  44668  188  0  67764  2  44668  0  25118  149019  0  0  3187770027  3458  20476  20594  20594  15.1129983611  
1439198841  0  1009187  153692  936886  2  0  1051  32425  0  153771900970  1348  0  939213  939215  2  0  44668  188  0  67777  2  44668  0  32425  153692  0  0  3562143245  4673  23155  23143  23143  15.2292885263  
1439198851  0  1029294  157710  956948  2  0  1068  33648  0  156725827422  1348  0  959275  959277  2  0  44668  188  0  67779  2  44668  0  33648  157710  0  0  2953926452  4018  20107  20062  20062  15.3221528543  
1439198861  0  1055207  164203  982816  2  0  988  31136  0  160514791655  1348  0  985143  985145  2  0  44668  188  0  67792  2  44668  0  31136  164203  0  0  3788964233  6493  25913  25868  25868  15.5612121603  
1439198871  0  1071112  166816  998672  2  1306  885  27947  1  162857652466  1348  0  1001000  1001002  2  0  44668  188  0  67806  2  44668  0  27947  166816  0  0  2342860811  2613  15905  15857  15857  15.5740949593  
1439198881  0  1098766  170983  1025889  2  2612  1075  33674  2  167024222775  1348  0  1028218  1028220  2  0  44668  188  0  67845  2  44668  0  33674  170983  0  0  4166570309  4167  27654  27218  27218  15.5613661144  
1439198891  0  1111555  174566  1039047  2  0  970  29996  0  169025489752  1348  0  1041376  1041378  2  0  44668  188  0  67845  2  44668  0  29996  174566  0  0  2001266977  3583  12789  13158  13158  15.7046659859  
1439198901  0  1140089  181122  1067215  2  0  969  31013  0  173169710993  1348  0  1069544  1069546  2  0  44668  188  0  67874  2  44668  0  31013  181122  0  0  4144221241  6556  28534  28168  28168  15.8866544629  
1439198911  0  1170534  186733  1097887  2  0  1199  39127  0  177750323693  1348  0  1100216  1100218  2  0  44668  188  0  67913  2  44668  0  39127  186733  0  0  4580612700  5611  30445  30672  30672  15.9528044465  
1439198921  0  1198741  191425  1125765  2  0  1241  40436  0  182036298573  1348  0  1128094  1128096  2  0  44668  188  0  67924  2  44668  0  40436  191425  0  0  4285974880  4692  28207  27878  27878  15.9688373051  
1439198931  0  1216821  195284  1144087  2  0  1089  33573  0  184745324485  1348  0  1146416  1146418  2  0  44668  188  0  67929  2  44668  0  33573  195284  0  0  2709025912  3859  18080  18322  18322  16.0487039589  
1439198941  0  1224469  196579  1151815  2  0  633  18500  0  185918458883  1348  0  1154144  1154146  2  0  44668  188  0  67929  2  44668  0  18500  196579  0  0  1173134398  1295  7648  7728  7728  16.0542243209  
1439198951  0  1238907  197949  1166245  2  0  614  17966  0  188188059012  1348  0  1168574  1168576  2  0  44668  188  0  67929  2  44668  0  17966  197949  0  0  2269600129  1370  14438  14430  14430  15.9777126128  
1439198961  0  1253367  200605  1180454  2  0  707  21081  0  190418137371  1348  0  1182783  1182785  2  0  44668  188  0  67929  2  44668  0  21081  200605  0  0  2230078359  2656  14460  14209  14209  16.0052881558  
1439198971  0  1279513  205805  1206566  2  2612  1003  31499  2  194414938806  1348  0  1208897  1208899  2  0  44668  188  0  67931  2  44668  0  31499  205805  0  0  3996801435  5200  26146  26114  26114  16.0846353261  
1439198981  0  1304496  210935  1231783  2  189846  1172  36958  69  198271246478  1348  0  1234181  1234183  2  0  44668  188  0  67934  4  44668  0  36958  210935  0  0  3856307672  5130  24983  25284  25284  16.1698464388  
1439198991  0  1317622  213939  1244892  2  187234  1051  32329  67  200321947169  1348  0  1247290  1247292  2  0  44668  188  0  67939  4  44668  0  32329  213939  0  0  2050700691  3004  13126  13109  13109  16.2367507525  
1439199001  0  1318396  213995  1245542  2  0  389  10746  0  200425190104  1348  0  1247940  1247942  2  0  44668  188  0  67939  2  44668  0  10746  213995  0  0  103242935  56  774  650  650  16.2314661149  
1439199011  0  1319289  213995  1246051  2  0  79  1741  0  200579541821  1348  0  1248449  1248451  2  0  44668  188  0  67939  2  44668  0  1741  213995  0  0  154351717  0  893  509  509  16.2204793643  
