#type:T;
#time  gt  cn  Pt  Px  gx  cx  gn  gm  Pn  Pm  Ft  cm  pt  Fx  px  ct  pn  Fm  Fn  pm  dn  On  Om  dm  dx  Ox  dt  Ot  Gt  Cn  Cm  Gx  Cx  Gn  Gm  Ct  
1439908779  4040570  0  0  0  7393  0  4890  157  0  2147483647  19899  2147483647  0  2139  0  0  0  360  21  2147483647  0  46  254  2147483647  0  4189  0  51948  0  0  2147483647  0  0  0  2147483647  0  
1439908789  4043283  0  0  0  7393  0  4891  157  0  2147483647  19899  2147483647  0  2139  0  0  0  360  21  2147483647  0  46  254  2147483647  0  4189  0  51948  0  0  2147483647  0  0  0  2147483647  0  
1439908799  4043283  0  0  0  7393  0  4891  157  0  2147483647  19899  2147483647  0  2139  0  0  0  360  21  2147483647  0  46  254  2147483647  0  4189  0  51948  0  0  2147483647  0  0  0  2147483647  0  
1439908809  4043283  0  0  0  7393  0  4891  157  0  2147483647  19899  2147483647  0  2139  0  0  0  360  21  2147483647  0  46  254  2147483647  0  4189  0  51948  0  0  2147483647  0  0  0  2147483647  0  
1439908819  4043283  0  0  0  7393  0  4891  157  0  2147483647  19899  2147483647  0  2139  0  0  0  360  21  2147483647  0  46  254  2147483647  0  4189  0  51948  0  0  2147483647  0  0  0  2147483647  0  
1439908829  4043283  0  0  0  7393  0  4891  157  0  2147483647  19899  2147483647  0  2139  0  0  0  360  21  2147483647  0  46  254  2147483647  0  4189  0  51948  0  0  2147483647  0  0  0  2147483647  0  
1439908839  4043283  0  0  0  7393  0  4891  157  0  2147483647  19899  2147483647  0  2139  0  0  0  360  21  2147483647  0  46  254  2147483647  0  4189  0  51948  0  0  2147483647  0  0  0  2147483647  0  
1439908850  4043283  0  0  0  7393  0  4891  157  0  2147483647  19899  2147483647  0  2139  0  0  0  360  21  2147483647  0  46  254  2147483647  0  4189  0  51948  0  0  2147483647  0  0  0  2147483647  0  
1439908860  4043283  0  0  0  7393  0  4891  157  0  2147483647  19899  2147483647  0  2139  0  0  0  360  21  2147483647  0  46  254  2147483647  0  4189  0  51948  0  0  2147483647  0  0  0  2147483647  0  
1439908870  4043283  0  0  0  7393  0  4891  157  0  2147483647  19899  2147483647  0  2139  0  0  0  360  21  2147483647  0  46  254  2147483647  0  4189  0  51948  0  0  2147483647  0  0  0  2147483647  0  
1439908880  4043283  0  0  0  7393  0  4891  157  0  2147483647  19899  2147483647  0  2139  0  0  0  360  21  2147483647  0  46  254  2147483647  0  4189  0  51948  0  0  2147483647  0  0  0  2147483647  0  
1439908890  4043283  0  0  0  7393  0  4891  157  0  2147483647  19899  2147483647  0  2139  0  0  0  360  21  2147483647  0  46  254  2147483647  0  4189  0  51948  0  0  2147483647  0  0  0  2147483647  0  
1439908900  4043283  0  0  0  7393  0  4891  157  0  2147483647  19899  2147483647  0  2139  0  0  0  360  21  2147483647  0  46  254  2147483647  0  4189  0  51948  0  0  2147483647  0  0  0  2147483647  0  
1439908910  4043283  0  0  0  7393  0  4891  157  0  2147483647  19899  2147483647  0  2139  0  0  0  360  21  2147483647  0  46  254  2147483647  0  4189  0  51948  0  0  2147483647  0  0  0  2147483647  0  
1439908920  4043283  0  0  0  7393  0  4891  157  0  2147483647  19899  2147483647  0  2139  0  0  0  360  21  2147483647  0  46  254  2147483647  0  4189  0  51948  0  0  2147483647  0  0  0  2147483647  0  
1439908930  4043283  0  0  0  7393  0  4891  157  0  2147483647  19899  2147483647  0  2139  0  0  0  360  21  2147483647  0  46  254  2147483647  0  4189  0  51948  0  0  2147483647  0  0  0  2147483647  0  
1439908940  4043283  0  0  0  7393  0  4891  157  0  2147483647  19899  2147483647  0  2139  0  0  0  360  21  2147483647  0  46  254  2147483647  0  4189  0  51948  0  0  2147483647  0  0  0  2147483647  0  
1439908950  4043283  0  0  0  7393  0  4891  157  0  2147483647  19899  2147483647  0  2139  0  0  0  360  21  2147483647  0  46  254  2147483647  0  4189  0  51948  0  0  2147483647  0  0  0  2147483647  0  
1439908960  4043283  0  0  0  7393  0  4891  157  0  2147483647  19899  2147483647  0  2139  0  0  0  360  21  2147483647  0  46  254  2147483647  0  4189  0  51948  0  0  2147483647  0  0  0  2147483647  0  
1439908970  4043283  0  0  0  7393  0  4891  157  0  2147483647  19899  2147483647  0  2139  0  0  0  360  21  2147483647  0  46  254  2147483647  0  4189  0  51948  0  0  2147483647  0  0  0  2147483647  0  
1439908980  4043283  0  0  0  7393  0  4891  157  0  2147483647  19899  2147483647  0  2139  0  0  0  360  21  2147483647  0  46  254  2147483647  0  4189  0  51948  0  0  2147483647  0  0  0  2147483647  0  
1439908990  4043283  0  0  0  7393  0  4891  157  0  2147483647  19899  2147483647  0  2139  0  0  0  360  21  2147483647  0  46  254  2147483647  0  4189  0  51948  0  0  2147483647  0  0  0  2147483647  0  
1439909000  4043283  0  0  0  7393  0  4891  157  0  2147483647  19899  2147483647  0  2139  0  0  0  360  21  2147483647  0  46  254  2147483647  0  4189  0  51948  0  0  2147483647  0  0  0  2147483647  0  
1439909010  4043283  0  0  0  7393  0  4891  157  0  2147483647  19899  2147483647  0  2139  0  0  0  360  21  2147483647  0  46  254  2147483647  0  4189  0  51948  0  0  2147483647  0  0  0  2147483647  0  
1439909020  4043283  0  0  0  7393  0  4891  157  0  2147483647  19899  2147483647  0  2139  0  0  0  360  21  2147483647  0  46  254  2147483647  0  4189  0  51948  0  0  2147483647  0  0  0  2147483647  0  
1439909030  4043283  0  0  0  7393  0  4891  157  0  2147483647  19899  2147483647  0  2139  0  0  0  360  21  2147483647  0  46  254  2147483647  0  4189  0  51948  0  0  2147483647  0  0  0  2147483647  0  
1439909040  4043283  0  0  0  7393  0  4891  157  0  2147483647  19899  2147483647  0  2139  0  0  0  360  21  2147483647  0  46  254  2147483647  0  4189  0  51948  0  0  2147483647  0  0  0  2147483647  0  
1439909050  4043283  0  0  0  7393  0  4891  157  0  2147483647  19899  2147483647  0  2139  0  0  0  360  21  2147483647  0  46  254  2147483647  0  4189  0  51948  0  0  2147483647  0  0  0  2147483647  0  
1439909060  4043283  0  0  0  7393  0  4891  157  0  2147483647  19899  2147483647  0  2139  0  0  0  360  21  2147483647  0  46  254  2147483647  0  4189  0  51948  0  0  2147483647  0  0  0  2147483647  0  
1439909070  4043283  0  0  0  7393  0  4891  157  0  2147483647  19899  2147483647  0  2139  0  0  0  360  21  2147483647  0  46  254  2147483647  0  4189  0  51948  0  0  2147483647  0  0  0  2147483647  0  
1439909080  4361539  0  0  0  7393  0  5207  157  0  2147483647  37254  2147483647  0  2419  0  0  0  360  37  2147483647  0  98  254  2147483647  0  5906  0  126529  0  0  2147483647  0  0  0  2147483647  0  
1439909090  4361539  0  0  0  7393  0  5207  157  0  2147483647  37254  2147483647  0  2419  0  0  0  360  37  2147483647  0  98  254  2147483647  0  5906  0  126529  0  0  2147483647  0  0  0  2147483647  0  
1439909100  5849588  0  0  0  30819  0  10277  157  0  2147483647  43525  2147483647  0  2419  0  0  0  326  50  2147483647  0  142  251  2147483647  0  30392  0  184352  0  0  2147483647  0  0  0  2147483647  0  
1439909110  6662536  0  0  0  30819  0  13702  157  0  2147483647  46550  2147483647  0  2419  0  0  0  239  58  2147483647  0  152  251  2147483647  0  30392  0  192902  0  0  2147483647  0  0  0  2147483647  0  
1439909120  12221783  0  0  0  30819  0  20538  157  0  2147483647  64442  2147483647  0  2604  0  0  0  239  79  2147483647  0  197  251  2147483647  0  30392  0  241065  0  0  2147483647  0  0  0  2147483647  0  
1439909130  14061068  0  0  0  30819  0  23321  154  0  2147483647  81676  2147483647  0  2790  0  0  0  239  100  2147483647  0  243  251  2147483647  0  30392  0  297802  0  0  2147483647  0  0  0  2147483647  0  
1439909140  14061068  0  0  0  30819  0  23321  154  0  2147483647  81676  2147483647  0  2790  0  0  0  239  100  2147483647  0  243  251  2147483647  0  30392  0  297802  0  0  2147483647  0  0  0  2147483647  0  
1439909150  14061068  0  0  0  30819  0  23321  154  0  2147483647  81676  2147483647  0  2790  0  0  0  239  100  2147483647  0  243  251  2147483647  0  30392  0  297802  0  0  2147483647  0  0  0  2147483647  0  
1439909160  14066892  0  0  0  30819  0  23324  154  0  2147483647  81676  2147483647  0  2790  0  0  0  239  100  2147483647  0  243  251  2147483647  0  30392  0  297802  0  0  2147483647  0  0  0  2147483647  0  
1439909170  14778968  0  34321032  33899  30819  0  23916  154  10081  2329  120615  2147483647  0  2790  0  0  0  214  226  2147483647  0  15633  202  2147483647  0  49029  0  15624886  4005786  10661  599  30488  32112  580  1606  19530574  
1439909180  14778968  0  37222318  33899  30819  0  23916  154  10505  2329  37486190  2147483647  0  29141  0  0  0  205  44127  2147483647  0  15878  202  2147483647  0  74043  0  17530163  4034554  11086  599  30488  32112  581  1606  20751977  
1439909190  14842019  0  44270669  36115  30819  0  23968  154  11320  2329  109040389  2147483647  0  42253  0  0  0  205  124529  2147483647  0  18849  202  2147483647  0  74043  0  20696042  4143954  11908  599  30488  32112  588  1606  23837947  
1439909200  28639458  0  47559268  36115  30819  0  37426  154  11723  1936  157128761  2147483647  0  42253  0  0  0  205  195507  2147483647  0  22538  202  2147483647  0  74043  0  23296849  5938687  12537  599  30488  32112  814  1606  25772698  
1439909210  84008260  0  167339723  42347  30819  0  91497  154  25519  1936  194090043  2147483647  0  42253  0  0  0  205  235141  2147483647  0  24085  202  2147483647  0  74043  0  25463163  6224928  26365  599  30488  32112  846  1606  72474485  
1439909220  170882239  0  832132036  47275  54033  0  165963  154  100416  1936  195273115  2147483647  0  42253  0  0  0  205  235868  2147483647  0  25808  202  2147483647  0  141546  0  34286479  6820720  101330  599  30488  33308  914  1606  331927058  
1439909230  249119511  0  1356531143  51446  100161  0  231136  154  165617  1936  195427462  2147483647  0  42253  0  0  0  205  235944  2147483647  0  28182  202  2147483647  0  222317  0  111569370  9243056  166807  599  33346  33308  1190  1606  550674756  
1439909240  299036849  0  1688690752  51446  100161  0  271717  154  206382  1936  195487958  2147483647  0  42253  0  0  0  205  235974  2147483647  0  29794  202  2147483647  0  222317  0  168942847  9492113  207598  599  33346  39322  1216  1606  686481431  
1439909250  369449047  0  2149458923  51446  100161  0  330502  154  264690  1936  196629242  2147483647  0  42253  0  0  0  205  236913  2147483647  0  31809  202  2147483647  0  222317  0  226172041  9650804  265919  599  33346  39322  1229  1606  881426580  
1439909260  460642340  0  2765539557  51446  100161  0  404773  154  339195  1936  197195011  2147483647  0  42253  0  0  0  205  237146  2147483647  0  34687  202  2147483647  0  222317  0  319483815  10165978  340474  599  33346  39322  1279  1606  1138512562  
1439909270  532988005  0  3240694033  62738  100161  0  463095  154  397969  1936  197221092  2147483647  0  42253  0  0  0  205  237158  2147483647  0  37089  202  2147483647  0  224006  0  399645141  10970254  399330  599  33346  41276  1361  1606  1337275506  
1439909280  585681601  0  3596756511  105896  100161  0  506279  154  441820  1936  197254837  2147483647  0  42253  0  0  0  205  237173  2147483647  0  38702  202  2147483647  0  236267  0  436927008  11485915  443234  599  33346  99262  1414  1606  1484120066  
1439909290  676185222  0  4192839023  115614  100161  0  581142  154  515898  1936  198844099  2147483647  0  42253  0  0  0  205  238329  2147483647  0  41931  202  2147483647  0  236267  0  548319116  11485915  517312  599  33346  103168  1414  1606  1735948451  
1439909300  767617641  0  4798777146  115614  100161  0  653979  154  589370  1936  198969875  2147483647  0  42253  0  0  0  205  238383  2147483647  0  44973  202  2147483647  0  236267  0  651289683  12467180  590882  599  33346  103168  1512  1606  1991127402  
1439909310  828142225  0  5200770102  115614  100161  0  702930  154  638847  1936  198985306  2147483647  0  42253  0  0  0  205  238395  2147483647  0  46983  202  2147483647  0  236267  0  721712612  12585454  640379  599  33346  103168  1532  1606  2157066909  
1439909320  889242635  0  5600095790  115614  100161  0  753401  154  688970  1936  200120773  2147483647  0  42253  0  0  0  205  239317  2147483647  0  49324  202  2147483647  0  236267  0  792142988  12929909  690533  599  33346  103168  1563  1606  2319822768  
1439909330  966594875  0  6105362395  115614  100161  0  818422  154  754224  1936  200703211  2147483647  0  42253  0  0  0  205  239617  2147483647  0  52011  202  2147483647  0  236267  0  883361349  12929909  755787  599  33346  103168  1563  1606  2528511603  
1439909340  1060348209  0  6735407258  115614  100161  0  896286  154  832826  1936  200732026  2147483647  0  42253  0  0  0  205  239629  2147483647  0  55338  202  2147483647  0  236267  0  961814076  13746368  834485  599  33346  103168  1659  1606  2785737049  
1439909350  1117870217  0  7114327269  115614  100161  0  943086  154  880152  1936  200732026  2147483647  0  42253  0  0  0  205  239629  2147483647  0  57405  202  2147483647  0  236267  0  1018225294  14357716  881868  599  33346  103168  1716  1606  2939965508  
1439909360  1188295952  0  7577560828  115614  100161  0  1003044  154  939407  1936  201971572  2147483647  0  42253  0  0  0  205  240788  2147483647  0  59754  202  2147483647  0  236267  0  1093403239  14410742  941126  599  33346  103168  1719  1606  3131935050  
1439909370  1273169614  0  8147021187  115614  100161  0  1074279  154  1011104  1936  202106811  2147483647  0  42253  0  0  0  205  240852  2147483647  0  62675  202  2147483647  0  236267  0  1178998871  14922180  1012874  599  33346  103168  1770  1606  3368630278  
1439909380  1350534013  0  8660324936  115614  100161  0  1136576  154  1073863  1936  202136973  2147483647  0  42253  0  0  0  205  240864  2147483647  0  65536  202  2147483647  0  236267  0  1256891086  15299652  1075672  599  33346  103168  1809  1606  3577647225  
1439909390  1401733956  0  8985969029  115614  100161  0  1178299  154  1115185  1936  203204565  2147483647  0  42253  0  0  0  205  241824  2147483647  0  67160  202  2147483647  0  236267  0  1306836299  15548214  1117029  599  33346  103168  1844  1606  3711138816  
1439909400  1480845583  0  9508305236  115614  100161  0  1243584  154  1180834  1936  203771777  2147483647  0  42253  0  0  0  205  242116  2147483647  0  69921  202  2147483647  0  236267  0  1390010782  15700378  1182693  599  33346  103168  1859  1606  3927726887  
1439909410  1571628699  0  10116985600  115614  100161  0  1322517  154  1260227  1936  203771777  2147483647  0  42253  0  0  0  205  242116  2147483647  0  73081  202  2147483647  0  236267  0  1479609533  16365717  1262151  599  33346  103168  1924  1606  4180508837  
1439909420  1640727401  0  10573206156  115614  100161  0  1377831  154  1316078  1936  203801585  2147483647  0  42253  0  0  0  205  242128  2147483647  0  75578  202  2147483647  0  236267  0  1548441905  16611329  1318023  599  33346  103168  1945  1606  4366332555  
1439909430  1701492232  0  10964343685  115614  100161  0  1427525  154  1365086  1936  205024465  2147483647  0  42253  0  0  0  205  243307  2147483647  0  77509  202  2147483647  0  236267  0  1612097679  17248480  1367096  599  33346  103168  2010  1606  4528310975  
1439909440  1777280486  0  11472110059  115614  100161  0  1491984  154  1430002  1830  205302868  2147483647  0  42253  0  0  0  205  243459  2147483647  0  80260  202  2147483647  0  236267  0  1695234766  17248480  1432012  599  33346  103168  2010  1606  4739108677  
1439909450  1864684722  0  12067968819  115614  100161  0  1565299  154  1504011  1830  205360666  2147483647  0  42253  0  0  0  205  243498  2147483647  0  83535  202  2147483647  0  236267  0  1795792739  17815143  1506095  599  33346  103168  2084  1606  4984026737  
1439909460  1921441162  0  12440571823  115614  100161  0  1611831  154  1550035  1830  206412306  2147483647  0  42253  0  0  0  205  244506  2147483647  0  85644  202  2147483647  0  269545  0  1873899281  18005616  1552137  599  33346  103168  2102  1606  5136483091  
1439909470  1995480264  0  12928546983  115614  100161  0  1671924  154  1610112  1830  207102026  2147483647  0  42253  0  0  0  205  244869  2147483647  0  87922  202  2147483647  0  269545  0  1951290042  18232187  1612241  599  33346  103168  2129  1606  5337806430  
1439909480  2081721761  0  13526091677  115614  100161  0  1746619  154  1685540  1830  207129973  2147483647  0  42253  0  0  0  205  244884  2147483647  0  90858  202  2147483647  0  269545  0  2063736584  18436162  1687702  599  33346  103168  2162  1606  5585711982  
1439909490  2161028296  0  14044438354  115614  100161  0  1809788  154  1749276  1830  207200236  2147483647  0  42253  0  0  0  205  244925  2147483647  0  94020  202  2147483647  0  269545  0  2162281668  18837550  1751487  599  33346  103168  2211  1606  5799202593  
1439909500  2211160883  0  14372337570  115614  100161  0  1850130  154  1788922  1830  208558018  2147483647  0  42253  0  0  0  205  246061  2147483647  0  95703  202  2147483647  0  269545  0  2224438412  19216229  1791163  599  33346  103168  2241  1606  5932572408  
1439909510  2287354201  0  14883673469  115614  100161  0  1912836  154  1852026  1830  209005955  2147483647  0  42253  0  0  0  205  246297  2147483647  0  98388  202  2147483647  0  269545  0  2310964984  19418969  1854286  599  33346  103757  2260  1606  6144364614  
1439909520  2371493176  0  15454875170  115614  100161  0  1983950  154  1923578  1830  209074748  2147483647  0  42253  0  0  0  205  246335  2147483647  0  101635  202  2147483647  0  269545  0  2417145783  19851907  1925892  599  33346  103757  2314  1606  6381039577  
1439909531  2447832775  0  15957532907  115614  100161  0  2046392  154  1985573  1830  210124511  2147483647  0  42253  0  0  0  205  247309  2147483647  0  104424  202  2147483647  0  269545  0  2504243109  20213606  1987922  599  33346  103757  2349  1606  6587535103  
1439909541  2499516791  0  16294958321  115614  100161  0  2088976  154  2028176  1830  210603562  2147483647  0  42253  0  0  0  205  247595  2147483647  0  106148  202  2147483647  0  269545  0  2570881986  20514708  2030554  599  33346  103757  2378  1606  6726034182  
1439909551  2580799899  0  16848989153  115614  100161  0  2157870  154  2097518  1830  210733533  2147483647  0  42253  0  0  0  205  247665  2147483647  0  109123  202  2147483647  0  269545  0  2684222711  20684541  2099911  599  33346  103757  2393  1606  6956567300  
1439909561  2667830210  0  17432152561  115614  100161  0  2230099  154  2169524  1830  211629843  2147483647  0  42253  0  0  0  205  248443  2147483647  0  112200  202  2147483647  0  269545  0  2800955789  21347958  2171990  599  33346  103757  2466  1606  7197886466  
1439909571  2731208046  0  17854458539  115614  111507  0  2280969  154  2220849  1830  212065068  2147483647  0  42253  0  0  0  205  248675  2147483647  0  114172  202  2147483647  0  269545  0  2866593749  21456512  2223329  599  33346  103757  2480  1606  7370682324  
1439909581  2803131540  0  18337679908  115614  111507  0  2339159  154  2279464  1830  212198351  2147483647  0  42253  0  0  0  205  248765  2147483647  0  116833  202  2147483647  0  269545  0  2955997370  21914366  2281989  599  33346  103757  2525  1606  7569725536  
1439909591  2881731961  0  18867459067  115614  111507  0  2403452  154  2344263  1830  212279325  2147483647  0  42253  0  0  0  205  248817  2147483647  0  119478  202  2147483647  0  269545  0  3054279876  21971561  2346791  599  33346  103757  2528  1606  7789021612  
1439909601  2971722930  0  19460766483  115614  111507  0  2477806  154  2417907  1830  213776051  2147483647  0  42253  0  0  0  205  249972  2147483647  0  122563  202  2147483647  0  269545  0  3162070662  22634558  2420500  599  33346  103757  2593  1606  8034569958  
1439909611  3023002829  0  19803272121  115614  111507  0  2520486  154  2461032  1830  213866435  2147483647  0  42253  0  0  0  205  250022  2147483647  0  124244  202  2147483647  0  269545  0  3217187570  23188837  2463677  599  33346  103757  2645  1606  8175264972  
1439909621  3088606543  0  20245959754  115614  111507  0  2576117  154  2516966  1830  213945798  2147483647  0  42253  0  0  0  205  250072  2147483647  0  126519  202  2147483647  0  269545  0  3296190508  23316912  2519621  599  33346  103757  2655  1606  8358381902  
1439909631  3182401608  0  20891860978  115614  111507  0  2656328  154  2596872  1830  214728582  2147483647  0  42253  0  0  0  205  251075  2147483647  0  129849  202  2147483647  0  269545  0  3406734103  23652407  2599563  599  33346  103757  2691  1606  8626955648  
1439909641  3255821926  0  21382150122  115614  111507  0  2716268  154  2657308  1830  215137350  2147483647  0  42253  0  0  0  205  251297  2147483647  0  132617  202  2147483647  0  269545  0  3494409764  24114258  2660042  599  33346  103757  2734  1606  8828930288  
1439909651  3305491349  0  21720155424  115614  111507  0  2757157  154  2698504  1830  215151424  2147483647  0  42253  0  0  0  205  251303  2147483647  0  134209  202  2147483647  0  269545  0  3556027629  24625075  2701288  599  33346  103757  2784  1606  8967281762  
1439909661  3379275910  0  22219396405  115614  111507  0  2818726  154  2760536  1830  215308749  2147483647  0  42253  0  0  0  205  251403  2147483647  0  136890  202  2147483647  0  269545  0  3659037365  24625075  2763320  599  33346  103757  2784  1606  9173941623  
1439909671  3465892368  0  22794605635  115614  111507  0  2890075  154  2831416  1830  216519114  2147483647  0  42253  0  0  0  205  252499  2147483647  0  140008  202  2147483647  0  269545  0  3777921852  25117327  2834251  599  33346  103757  2835  1606  9412479596  
1439909681  3538187035  0  23277673711  115614  111507  0  2948366  154  2890150  1830  216619271  2147483647  0  42253  0  0  0  205  252561  2147483647  0  142235  202  2147483647  0  269545  0  3846146273  25327646  2893012  599  33346  103757  2862  1606  9611055295  
1439909691  3596929272  0  23679018580  115614  111507  0  2998251  154  2940501  1830  216650768  2147483647  0  42253  0  0  0  205  252577  2147483647  0  144341  202  2147483647  0  269545  0  3927368508  25620566  2943397  599  33346  103757  2896  1606  9776002741  
1439909701  3677090697  0  24214435856  115614  111507  0  3065690  154  3007392  1830  217641571  2147483647  0  42253  0  0  0  205  253616  2147483647  0  147245  202  2147483647  0  269545  0  4020735859  25774435  3010303  599  33346  103757  2911  1606  9997862237  
1439909711  3766559409  0  24811198604  115614  111507  0  3140400  154  3082624  1830  217980627  2147483647  0  42253  0  0  0  205  253799  2147483647  0  150309  202  2147483647  0  269545  0  4111701533  26099269  3085581  599  33346  103757  2957  1606  10245719389  
1439909721  3826582365  0  25215139729  115614  111507  0  3189279  154  3131836  1830  218039837  2147483647  0  42253  0  0  0  205  253840  2147483647  0  152389  202  2147483647  0  269545  0  4172325326  26510220  3134829  599  33346  103757  2993  1606  10411516282  
1439909731  3892152821  0  25653695085  115614  111507  0  3242726  154  3185960  1830  218149843  2147483647  0  42253  0  0  0  205  253907  2147483647  0  154695  202  2147483647  0  269545  0  4254437818  26877182  3188985  599  38564  103757  3025  1606  10592813899  
1439909741  3972614176  0  26184029170  510557  111507  0  3307141  154  3249523  1830  219802148  2147483647  0  42253  0  0  0  205  255099  2147483647  0  157336  202  2147483647  0  269545  0  4348293819  26887459  3252549  599  38564  103757  3026  1606  10811281431  
1439909751  4062071004  0  26793279088  675025  111507  0  3381476  154  3324491  1830  219967798  2147483647  0  42253  0  0  0  205  255192  2147483647  0  160429  202  2147483647  0  269545  0  4448172704  27369960  3327571  599  38564  103757  3080  1606  11062292713  
1439909761  4119293718  0  27178660481  675025  111507  0  3428148  154  3371483  1830  219978260  2147483647  0  42253  0  0  0  205  255194  2147483647  0  162392  202  2147483647  0  269545  0  4523603054  27854485  3374628  599  38564  103757  3145  1606  11219614858  
1439909771  4187665855  0  27642119407  675025  111507  0  3485624  154  3428553  1830  221048508  2147483647  0  42253  0  0  0  205  256260  2147483647  0  164772  202  2147483647  0  269545  0  4608246151  28060372  3431719  599  38564  103757  3166  1606  11410786020  
1439909781  4273500617  0  28233713789  675025  111507  0  3560209  154  3503459  1830  221452027  2147483647  0  42253  0  0  0  205  256467  2147483647  0  167689  202  2147483647  0  269545  0  4721352218  28356587  3506658  599  38564  103757  3199  1606  11656557726  
1439909791  4346194804  0  28718692150  675025  111507  0  3620354  154  3564168  1830  221515621  2147483647  0  42253  0  0  0  205  256529  2147483647  0  170449  202  2147483647  0  269545  0  4824502715  28833821  3567416  599  58810  103757  3248  1606  11856892263  
1439909801  4395691611  0  29052636931  675025  111507  0  3661441  154  3605717  1830  221536157  2147483647  0  42253  0  0  0  205  256543  2147483647  0  172211  202  2147483647  0  269545  0  4892221385  29282080  3609007  599  58810  103757  3290  1606  11994087629  
1439909811  4470894105  0  29557257390  675025  111507  0  3724584  154  3667900  1830  222838651  2147483647  0  42253  0  0  0  205  257733  2147483647  0  174820  202  2147483647  0  269545  0  4968138803  29282080  3671190  599  58810  103757  3290  1606  12202611643  
1439909821  4572338566  0  30243555628  675025  111507  0  3808003  154  3752044  1830  223010771  2147483647  0  42253  0  0  0  205  257823  2147483647  0  178162  202  2147483647  0  269545  0  5087836951  29858356  3755397  599  58810  103757  3353  1606  12486857908  
1439909831  4635295004  0  30674310599  675025  111507  0  3861094  154  3805576  1830  223045166  2147483647  0  42253  0  0  0  205  257836  2147483647  0  180533  202  2147483647  0  269545  0  5155801040  30011353  3808948  599  58810  103757  3372  1606  12663978169  
1439909841  4699079250  0  31095904356  675025  111507  0  3912249  154  3856374  1830  224314646  2147483647  0  42253  0  0  0  205  258868  2147483647  0  182554  202  2147483647  0  269545  0  5233707924  30204720  3859775  599  58810  103757  3401  1606  12837154305  
1439909851  4778236442  0  31634696484  675025  111507  0  3978102  154  3922348  1830  224668407  2147483647  0  42253  0  0  0  205  259082  2147483647  0  185155  202  2147483647  0  269545  0  5335102643  30265017  3925764  599  58810  103757  3416  1606  13060045137  
1439909861  4870020203  0  32254019279  675025  111507  0  4053632  154  3998486  1830  224712522  2147483647  0  42253  0  0  0  205  259114  2147483647  0  188613  202  2147483647  0  269545  0  5449384465  30740717  4001963  599  58810  103757  3477  1606  13315726751  
1439909871  4931964992  0  32661520322  675025  111507  0  4103104  154  4048410  1830  224766369  2147483647  0  42253  0  0  0  205  259144  2147483647  0  190682  202  2147483647  0  269545  0  5528316194  31156350  4051923  599  58810  103757  3513  1606  13482374007  
1439909881  4999248162  0  33111002136  675025  111507  0  4157643  154  4102405  1830  226407284  2147483647  0  42253  0  0  0  205  260377  2147483647  0  192709  202  2147483647  0  269545  0  5598064057  31312699  4105933  599  58810  103757  3528  1606  13667097381  
1439909891  5087996753  0  33719839527  675025  111507  0  4231903  154  4177037  1830  226552925  2147483647  0  42253  0  0  0  205  260456  2147483647  0  195888  202  2147483647  0  269545  0  5706131848  31553292  4180601  599  58810  103757  3564  1606  13919123353  
1439909901  5167764363  0  34259527751  675025  111507  0  4297213  154  4242990  1830  226583925  2147483647  0  42253  0  0  0  205  260468  2147483647  0  198713  202  2147483647  0  269545  0  5813092335  31913436  4246591  599  58810  103757  3601  1606  14141320605  
1439909911  5216176841  0  34586659081  675025  111507  0  4337162  154  4282466  1830  227364128  2147483647  0  42253  0  0  0  205  261448  2147483647  0  200486  202  2147483647  0  269545  0  5872712672  32294038  4286103  599  58810  103757  3637  1606  14274752727  
1439909921  5288732082  0  35070552975  675025  111507  0  4398555  154  4344182  1830  227673249  2147483647  0  42253  0  0  0  205  261622  2147483647  0  202792  202  2147483647  0  269545  0  5947426990  32338114  4347829  599  58810  103757  3647  1606  14475775622  
1439909931  5382846948  0  35715475497  675025  111507  0  4477187  154  4423496  1830  227694781  2147483647  0  42253  0  0  0  205  261653  2147483647  0  206066  202  2147483647  0  269545  0  6056436575  32745168  4427195  599  58810  103757  3699  1606  14742709296  
1439909941  5454305750  0  36190816304  675025  111507  0  4535451  154  4481156  1830  228929274  2147483647  0  42253  0  0  0  205  262654  2147483647  0  208592  202  2147483647  0  269545  0  6145179103  33133248  4484892  599  58810  103757  3736  1606  14937941849  
1439909951  5508622410  0  36559062323  675025  111507  0  4579636  154  4525658  1830  229174687  2147483647  0  42253  0  0  0  205  262800  2147483647  0  210596  202  2147483647  0  269545  0  6215505093  33830114  4529457  599  58810  103757  3799  1606  15088923004  
1439909961  5592852292  0  37130051949  675025  111507  0  4648311  154  4594946  1830  229240847  2147483647  0  42253  0  0  0  205  262850  2147483647  0  213182  202  2147483647  0  269545  0  6308874669  34052882  4598767  599  58810  103757  3821  1606  15324815825  
1439909971  5681605075  0  37714360969  675025  111507  0  4720824  154  4667099  1830  230177971  2147483647  0  42253  0  0  0  205  263854  2147483647  0  216197  202  2147483647  0  269545  0  6388639592  34776182  4670997  599  58810  103757  3898  1606  15565907262  
1439909981  5745795937  0  38144866054  675025  111507  0  4774180  154  4720733  1830  230673273  2147483647  0  42253  0  0  0  205  264148  2147483647  0  218715  202  2147483647  0  269545  0  6484404028  35157464  4724666  599  58810  103757  3933  1606  15742393101  
1439909991  5814614970  0  38605718101  675025  111507  0  4829190  154  4776234  1830  230737538  2147483647  0  42253  0  0  0  205  264194  2147483647  0  220992  202  2147483647  0  269545  0  6559431093  35394957  4780188  599  58810  103757  3954  1606  15931926016  
1439910001  5901640473  0  39201346518  675025  111507  0  4899872  154  4847235  1830  230766754  2147483647  0  42253  0  0  0  205  264209  2147483647  0  223611  202  2147483647  0  269545  0  6654675441  35667573  4851217  599  58810  103757  3982  1606  16177177205  
1439910011  5986183017  0  39748606110  675025  111507  0  4968208  154  4915125  1830  232180563  2147483647  0  42253  0  0  0  205  265318  2147483647  0  226850  202  2147483647  0  269545  0  6748701263  36660700  4919206  599  58810  103757  4081  1606  16403523193  
1439910021  6037865529  0  40100629707  675025  111507  0  5010217  154  4957616  1830  232294354  2147483647  0  42253  0  0  0  205  265386  2147483647  0  228359  202  2147483647  0  269545  0  6799201509  37206847  4961747  599  58810  103757  4131  1606  16546875344  
1439910031  6110131601  0  40592779315  675025  111507  0  5071403  154  5019191  1830  232388465  2147483647  0  42253  0  0  0  205  265440  2147483647  0  230866  202  2147483647  0  269545  0  6896691913  37259629  5023337  599  58810  103757  4146  1606  16750601414  
1439910041  6202701230  0  41220330806  675025  111507  0  5149037  154  5096650  1830  233608115  2147483647  0  42253  0  0  0  205  266459  2147483647  0  234131  202  2147483647  0  269545  0  7003014868  37797543  5100849  599  58810  103757  4199  1606  17009987551  
1439910051  6273492996  0  41685669531  675025  111507  0  5207181  154  5155023  1830  233963024  2147483647  0  42253  0  0  0  205  266638  2147483647  0  236514  202  2147483647  0  269545  0  7088665835  38014434  5159240  599  58810  103757  4217  1606  17201710737  
1439910061  6324423682  0  42030461010  675025  111507  0  5248674  154  5196905  1830  234049141  2147483647  0  42253  0  0  0  205  266685  2147483647  0  238205  202  2147483647  0  269545  0  7154431557  38678500  5201181  599  58810  103757  4276  1606  17342674955  
1439910071  6402973046  0  42560909802  675025  111507  0  5314221  154  5262861  1830  234159968  2147483647  0  42253  0  0  0  205  266764  2147483647  0  241289  202  2147483647  0  269545  0  7246531844  38714383  5267139  599  58810  103757  4278  1606  17562226829  
1439910081  6488464279  0  43130497902  675025  111507  0  5384060  154  5332249  1830  235589194  2147483647  0  42253  0  0  0  205  267830  2147483647  0  243964  202  2147483647  0  269545  0  7321141322  39161271  5336579  599  58810  103757  4330  1606  17797127257  
1439910091  6555928684  0  43583231355  675025  111507  0  5439523  154  5388297  1830  235620890  2147483647  0  42253  0  0  0  205  267842  2147483647  0  246336  202  2147483647  0  269545  0  7410503074  39518176  5392659  599  58810  103757  4362  1606  17983055684  
