#Type:X;CI:4;ww:0;ca:0;co:0;fr:0;Type:X;CI:4;PI:0;PT:EP;U0:0;U1:0;Type:X;CI:4;PI:1;PT:EP;U0:0;U1:0;
#time  Pp  gt  gs  cn  cm  cb  Nc  Pc  cp  Tc  Nm  pr  ps  pt  px  pd  Pm  Om  fs  ft  Oc  Em  Gp  Ec  Ge  ot  os  Total_cycles_diff  Successful_get_diff  Total_get_diff  succ_put_diff  total_put_diff  get_hit  
1439908779  0  0  0  0  0  0  0  0  0  4112417  0  0  0  0  0  0  0  0  0  21  0  0  0  0  0  46  0  4112417  0  0  0  0  
1439908789  0  0  0  0  0  0  0  0  0  4115130  0  0  0  0  0  0  0  0  0  21  0  0  0  0  0  46  0  2713  0  0  0  0  0 
1439908799  0  0  0  0  0  0  0  0  0  4115130  0  0  0  0  0  0  0  0  0  21  0  0  0  0  0  46  0  0  0  0  0  0  0 
1439908809  0  0  0  0  0  0  0  0  0  4115130  0  0  0  0  0  0  0  0  0  21  0  0  0  0  0  46  0  0  0  0  0  0  0 
1439908819  0  0  0  0  0  0  0  0  0  4115130  0  0  0  0  0  0  0  0  0  21  0  0  0  0  0  46  0  0  0  0  0  0  0 
1439908829  0  0  0  0  0  0  0  0  0  4115130  0  0  0  0  0  0  0  0  0  21  0  0  0  0  0  46  0  0  0  0  0  0  0 
1439908839  0  0  0  0  0  0  0  0  0  4115130  0  0  0  0  0  0  0  0  0  21  0  0  0  0  0  46  0  0  0  0  0  0  0 
1439908850  0  0  0  0  0  0  0  0  0  4115130  0  0  0  0  0  0  0  0  0  21  0  0  0  0  0  46  0  0  0  0  0  0  0 
1439908860  0  0  0  0  0  0  0  0  0  4115130  0  0  0  0  0  0  0  0  0  21  0  0  0  0  0  46  0  0  0  0  0  0  0 
1439908870  0  0  0  0  0  0  0  0  0  4115130  0  0  0  0  0  0  0  0  0  21  0  0  0  0  0  46  0  0  0  0  0  0  0 
1439908880  0  0  0  0  0  0  0  0  0  4115130  0  0  0  0  0  0  0  0  0  21  0  0  0  0  0  46  0  0  0  0  0  0  0 
1439908890  0  0  0  0  0  0  0  0  0  4115130  0  0  0  0  0  0  0  0  0  21  0  0  0  0  0  46  0  0  0  0  0  0  0 
1439908900  0  0  0  0  0  0  0  0  0  4115130  0  0  0  0  0  0  0  0  0  21  0  0  0  0  0  46  0  0  0  0  0  0  0 
1439908910  0  0  0  0  0  0  0  0  0  4115130  0  0  0  0  0  0  0  0  0  21  0  0  0  0  0  46  0  0  0  0  0  0  0 
1439908920  0  0  0  0  0  0  0  0  0  4115130  0  0  0  0  0  0  0  0  0  21  0  0  0  0  0  46  0  0  0  0  0  0  0 
1439908930  0  0  0  0  0  0  0  0  0  4115130  0  0  0  0  0  0  0  0  0  21  0  0  0  0  0  46  0  0  0  0  0  0  0 
1439908940  0  0  0  0  0  0  0  0  0  4115130  0  0  0  0  0  0  0  0  0  21  0  0  0  0  0  46  0  0  0  0  0  0  0 
1439908950  0  0  0  0  0  0  0  0  0  4115130  0  0  0  0  0  0  0  0  0  21  0  0  0  0  0  46  0  0  0  0  0  0  0 
1439908960  0  0  0  0  0  0  0  0  0  4115130  0  0  0  0  0  0  0  0  0  21  0  0  0  0  0  46  0  0  0  0  0  0  0 
1439908970  0  0  0  0  0  0  0  0  0  4115130  0  0  0  0  0  0  0  0  0  21  0  0  0  0  0  46  0  0  0  0  0  0  0 
1439908980  0  0  0  0  0  0  0  0  0  4115130  0  0  0  0  0  0  0  0  0  21  0  0  0  0  0  46  0  0  0  0  0  0  0 
1439908990  0  0  0  0  0  0  0  0  0  4115130  0  0  0  0  0  0  0  0  0  21  0  0  0  0  0  46  0  0  0  0  0  0  0 
1439909000  0  0  0  0  0  0  0  0  0  4115130  0  0  0  0  0  0  0  0  0  21  0  0  0  0  0  46  0  0  0  0  0  0  0 
1439909010  0  0  0  0  0  0  0  0  0  4115130  0  0  0  0  0  0  0  0  0  21  0  0  0  0  0  46  0  0  0  0  0  0  0 
1439909020  0  0  0  0  0  0  0  0  0  4115130  0  0  0  0  0  0  0  0  0  21  0  0  0  0  0  46  0  0  0  0  0  0  0 
1439909030  0  0  0  0  0  0  0  0  0  4115130  0  0  0  0  0  0  0  0  0  21  0  0  0  0  0  46  0  0  0  0  0  0  0 
1439909040  0  0  0  0  0  0  0  0  0  4115130  0  0  0  0  0  0  0  0  0  21  0  0  0  0  0  46  0  0  0  0  0  0  0 
1439909050  0  0  0  0  0  0  0  0  0  4115130  0  0  0  0  0  0  0  0  0  21  0  0  0  0  0  46  0  0  0  0  0  0  0 
1439909060  0  0  0  0  0  0  0  0  0  4115130  0  0  0  0  0  0  0  0  0  21  0  0  0  0  0  46  0  0  0  0  0  0  0 
1439909070  0  0  0  0  0  0  0  0  0  4115130  0  0  0  0  0  0  0  0  0  21  0  0  0  0  0  46  0  0  0  0  0  0  0 
