#type:G;
#time  Rt  Nm  Tt  Nc  Rx  Gz  Pc  Pf  Ra  Te  Pm  Fp  Fc  Ta  Fm  Om  Lm  Oc  Sm  Sc  Em  Af  Ea  Cf  Ec  Gd  Zt  Et  Ep  dedup_put_diff  total_eph_put_diff  dedup_factor  dedup_curr  compression_saving  tze_saving  
1438840541  0  0  92  0  0  0  0  0  0  70  0  0  0  0  0  0  0  0  0  0  0  0  0  0  0  0  0  0  0  0  0  0 0 0 0 
1438840551  0  19  1460  19  0  0  618  0  0  118  618  0  618  0  618  2  0  2  0  0  618  0  0  0  618  0  0  0  618  0  618  0.0  100.0  0 0 
1438840561  0  920  111460  920  0  0  37703  0  0  118  37703  0  37411  0  37411  14  0  14  0  0  37703  0  0  0  37703  0  0  0  37703  0  37085  0.0  100.0  0 0 
1438840571  0  1752  225143  1752  0  0  68047  0  0  122  68047  0  66946  0  66946  42  0  42  0  0  68047  4  0  0  68047  0  0  0  68047  0  30344  0.0  100.0  0 0 
1438840581  0  2378  389394  2373  0  0  88476  0  0  122  88832  0  87706  1  87707  54  0  34  0  0  88832  4  57666  0  88476  0  0  57670  146146  0  78099  0.0  100.0  0 0 
1438840591  0  2378  530915  2286  0  0  88276  0  0  122  88832  0  88124  1  88142  54  0  16  0  0  88832  4  127913  0  88276  0  0  127926  216761  0  70615  0.0  100.0  0 0 
1438840601  0  2378  664223  2341  0  0  88238  0  0  122  88832  0  88146  1  88146  54  0  10  0  0  88832  4  177769  0  88238  0  0  177789  283185  0  66424  0.0  100.0  0 0 
1438840611  0  2511  782451  2510  0  0  88448  0  0  122  88832  0  87742  2  88181  166  0  166  0  0  88832  4  221284  0  88448  0  0  221306  341592  0  58407  0.0  100.0  0 0 
1438840621  0  2766  938903  2765  0  0  88608  0  0  122  88832  0  87122  107  88181  358  0  358  0  0  88832  4  257036  0  88608  0  0  257060  408027  0  66435  0.0  100.0  0 0 
1438840631  0  2870  1081660  2814  0  0  88323  0  0  122  88832  0  87245  113  88181  359  0  288  0  0  88832  4  284239  0  88323  0  0  284263  463279  0  55252  0.0  100.0  0 0 
1438840641  0  2870  1247915  2696  0  0  87987  0  0  122  88832  0  87829  2  88181  359  0  29  0  0  88832  4  312708  0  87987  0  0  312733  527197  0  63918  0.0  100.0  0 0 
1438840651  0  2870  1445559  2639  0  0  88281  0  0  122  88832  0  87549  132  88181  359  0  45  0  0  88832  4  356800  0  88281  0  0  356829  614893  0  87696  0.0  100.0  0 0 
1438840661  0  2870  1666819  2695  0  0  87689  0  0  122  88832  0  86919  446  88181  359  0  51  0  0  88832  4  414302  0  87689  0  0  414334  720220  0  105327  0.0  100.0  0 0 
1438840671  0  2870  1866038  2603  0  0  87807  0  0  122  88832  0  87805  2  88181  359  0  5  0  0  88832  4  468485  0  87807  0  0  468519  815721  0  95501  0.0  100.0  0 0 
1438840681  0  2870  2075310  2641  0  0  88064  0  0  122  88832  0  87976  65  88181  359  0  15  0  0  88832  4  528331  0  88064  0  0  528366  918017  0  102296  0.0  100.0  0 0 
1438840691  0  2870  2308588  2592  0  0  87917  0  0  122  88832  0  87745  290  88181  359  0  11  0  0  88832  4  591926  0  87917  0  0  591967  1033494  0  115477  0.0  100.0  0 0 
1438840701  0  2870  2535734  2630  0  0  88160  0  0  122  88832  0  87870  84  88181  359  0  7  0  0  88832  4  655062  0  88160  0  0  655106  1146111  0  112617  0.0  100.0  0 0 
1438840711  0  2870  2765543  2549  0  0  88088  0  0  122  88832  0  87988  36  88181  359  0  8  0  0  88832  4  721124  0  88088  0  0  721173  1260388  0  114277  0.0  100.0  0 0 
1438840721  0  2870  2985552  2601  0  0  88018  0  0  122  88832  0  88011  51  88181  359  0  6  0  0  88832  4  785594  0  88018  0  0  785646  1369864  0  109476  0.0  100.0  0 0 
1438840731  0  2870  3234233  2577  0  0  88029  0  0  122  88832  0  88025  98  88181  359  0  6  0  0  88832  4  860327  0  88029  0  0  860386  1494124  0  124260  0.0  100.0  0 0 
1438840741  0  2870  3463360  2547  0  0  87953  0  0  122  88832  0  87948  219  88181  359  0  5  0  0  88832  4  927003  0  87953  0  0  927070  1608350  0  114226  0.0  100.0  0 0 
1438840751  0  2870  3677712  2553  0  0  88214  0  0  122  88832  0  88053  2  88181  359  0  7  0  0  88832  4  990891  0  88214  0  0  990963  1715642  0  107292  0.0  100.0  0 0 
1438840761  0  2870  3923872  2626  0  0  88142  0  0  122  88832  0  87903  82  88181  359  0  8  0  0  88832  4  1064213  0  88142  0  0  1064288  1838509  0  122867  0.0  100.0  0 0 
1438840771  0  2870  4162328  2600  0  0  88214  0  0  122  88832  0  88028  5  88181  359  0  9  0  0  88832  4  1133080  0  88214  0  0  1133161  1957793  0  119284  0.0  100.0  0 0 
1438840781  0  2870  4389426  2593  0  0  88106  0  0  122  88832  0  88097  2  88181  359  0  7  0  0  88832  4  1203189  0  88106  0  0  1203276  2071226  0  113433  0.0  100.0  0 0 
1438840791  0  2870  4621152  2568  0  0  88079  0  0  122  88832  0  88073  71  88181  359  0  7  0  0  88832  4  1272222  0  88079  0  0  1272313  2186959  0  115733  0.0  100.0  0 0 
1438840801  0  2870  4870425  2564  0  0  88114  0  0  122  88832  0  88113  61  88181  359  0  5  0  0  88832  4  1345575  0  88114  0  0  1345672  2311707  0  124748  0.0  100.0  0 0 
1438840811  0  2870  5082507  2623  0  0  88230  0  0  122  88832  0  87988  2  88181  359  0  8  0  0  88832  4  1410576  0  88230  0  0  1410678  2417808  0  106101  0.0  100.0  0 0 
1438840821  0  2870  5311141  2580  0  0  88156  0  0  122  88832  0  87834  125  88181  359  0  9  0  0  88832  4  1480916  0  88156  0  0  1481019  2532029  0  114221  0.0  100.0  0 0 
1438840831  0  2870  5536161  2651  0  0  88083  0  0  122  88832  0  87987  74  88181  359  0  8  0  0  88832  4  1549180  0  88083  0  0  1549290  2644536  0  112507  0.0  100.0  0 0 
1438840842  0  2870  5793275  2612  0  0  88137  0  0  122  88832  0  88133  2  88181  359  0  6  0  0  88832  4  1624314  0  88137  0  0  1624429  2773123  0  128587  0.0  100.0  0 0 
1438840852  0  2870  5999733  2581  0  0  88194  0  0  122  88832  0  88171  2  88181  359  0  6  0  0  88832  4  1687052  0  88194  0  0  1687170  2876307  0  103184  0.0  100.0  0 0 
1438840862  0  2870  6202974  2585  0  0  88114  0  0  122  88832  0  87777  155  88181  359  0  9  0  0  88832  4  1750114  0  88114  0  0  1750237  2977780  0  101473  0.0  100.0  0 0 
1438840872  0  2870  6449427  2598  0  0  88242  0  0  122  88832  0  87819  2  88181  359  0  10  0  0  88832  4  1824005  0  88242  0  0  1824132  3101239  0  123459  0.0  100.0  0 0 
1438840882  0  2870  6677530  2582  0  0  88184  0  0  122  88832  0  87978  16  88181  359  0  9  0  0  88832  4  1893008  0  88184  0  0  1893139  3215156  0  113917  0.0  100.0  0 0 
1438840892  0  2870  6883885  2575  0  0  88061  0  0  122  88832  0  88034  38  88181  359  0  8  0  0  88832  4  1957116  0  88061  0  0  1957250  3318323  0  103167  0.0  100.0  0 0 
1438840902  0  2870  7116106  2561  0  0  88202  0  0  122  88832  0  88019  64  88181  359  0  7  0  0  88832  4  2025656  0  88202  0  0  2025793  3434350  0  116027  0.0  100.0  0 0 
1438840912  0  2870  7375228  2562  0  0  88122  0  0  122  88832  0  88107  2  88181  359  0  8  0  0  88832  4  2104472  0  88122  0  0  2104611  3564073  0  129723  0.0  100.0  0 0 
1438840922  0  2870  7598687  2599  0  0  88135  0  0  122  88832  0  88134  12  88181  359  0  4  0  0  88832  4  2170911  0  88135  0  0  2171052  3675647  0  111574  0.0  100.0  0 0 
1438840932  0  2870  7820803  2617  0  0  88234  0  0  122  88832  0  87929  45  88181  359  0  9  0  0  88832  4  2236866  0  88234  0  0  2237009  3786864  0  111217  0.0  100.0  0 0 
1438840942  0  2870  8075721  2559  0  0  88193  0  0  122  88832  0  87959  39  88181  359  0  10  0  0  88832  4  2314902  0  88193  0  0  2315048  3914221  0  127357  0.0  100.0  0 0 
1438840952  0  2870  8308587  2562  0  0  88142  0  0  122  88832  0  88117  2  88181  359  0  8  0  0  88832  4  2384761  0  88142  0  0  2384915  4030711  0  116490  0.0  100.0  0 0 
1438840962  0  2870  8529027  2633  0  0  88157  0  0  122  88832  0  88091  60  88181  359  0  6  0  0  88832  4  2449543  0  88157  0  0  2449702  4140793  0  110082  0.0  100.0  0 0 
1438840972  0  2870  8759520  2558  0  0  88063  0  0  122  88832  0  87925  154  88181  359  0  7  0  0  88832  4  2519438  0  88063  0  0  2519601  4256120  0  115327  0.0  100.0  0 0 
1438840982  0  2870  9025671  2563  0  0  88160  0  0  122  88832  0  88160  2  88181  359  0  4  0  0  88832  4  2595115  0  88160  0  0  2595283  4389238  0  133118  0.0  100.0  0 0 
1438840992  0  2870  9229831  2620  0  0  88228  0  0  122  88832  0  88065  2  88181  359  0  7  0  0  88832  4  2658581  0  88228  0  0  2658752  4491418  0  102180  0.0  100.0  0 0 
1438841002  0  2870  9448707  2642  0  0  88261  0  0  122  88832  0  87867  2  88181  359  0  9  0  0  88832  4  2723058  0  88261  0  0  2723232  4600750  0  109332  0.0  100.0  0 0 
1438841012  0  2870  9695322  2577  0  0  88136  0  0  122  88832  0  88116  2  88181  359  0  8  0  0  88832  4  2797330  0  88136  0  0  2797506  4724028  0  123278  0.0  100.0  0 0 
1438841022  0  2870  9908510  2573  0  0  88154  0  0  122  88832  0  87998  100  88181  359  0  7  0  0  88832  4  2862397  0  88154  0  0  2862577  4830575  0  106547  0.0  100.0  0 0 
1438841032  0  2870  10137950  2608  0  0  88144  0  0  122  88832  0  88109  2  88181  359  0  7  0  0  88832  4  2929491  0  88144  0  0  2929679  4945327  0  114752  0.0  100.0  0 0 
1438841042  0  2870  10371610  2523  0  0  88144  0  0  122  88832  0  88143  2  88181  359  0  4  0  0  88832  4  2998784  0  88144  0  0  2998978  5062286  0  116959  0.0  100.0  0 0 
1438841052  0  2870  10607466  2608  0  0  88224  0  0  122  88832  0  88109  2  88181  359  0  9  0  0  88832  4  3070269  0  88224  0  0  3070468  5180198  0  117912  0.0  100.0  0 0 
1438841062  0  2870  10822791  2633  0  0  88255  0  0  122  88832  0  87913  2  88181  359  0  9  0  0  88832  4  3136742  0  88255  0  0  3136946  5287769  0  107571  0.0  100.0  0 0 
1438841072  0  2870  11047181  2628  0  0  88149  0  0  122  88832  0  87981  42  88181  359  0  8  0  0  88832  4  3205312  0  88149  0  0  3205524  5399830  0  112061  0.0  100.0  0 0 
1438841082  0  2870  11273120  2629  0  0  88127  0  0  122  88832  0  88127  2  88181  359  0  4  0  0  88832  4  3275281  0  88127  0  0  3275498  5512977  0  113147  0.0  100.0  0 0 
1438841092  0  2870  11527113  2561  0  0  88145  0  0  122  88832  0  88143  34  88181  359  0  6  0  0  88832  4  3348222  0  88145  0  0  3348441  5640027  0  127050  0.0  100.0  0 0 
1438841102  0  2870  11745872  2600  0  0  88215  0  0  122  88832  0  88140  2  88187  359  0  7  0  0  88832  4  3413185  0  88215  0  0  3413408  5749377  0  109350  0.0  100.0  0 0 
1438841112  0  2870  11967207  2606  0  0  88251  0  0  122  88832  0  87992  2  88187  359  0  9  0  0  88832  4  3477634  0  88251  0  0  3477861  5860065  0  110688  0.0  100.0  0 0 
1438841122  0  2870  12207626  2603  0  0  88208  0  0  122  88832  0  87800  87  88187  359  0  10  0  0  88832  4  3548680  0  88208  0  0  3548908  5980116  0  120051  0.0  100.0  0 0 
1438841132  0  2870  12419080  2630  0  0  88237  0  0  122  88832  0  87931  65  88187  359  0  11  0  0  88832  4  3613321  0  88237  0  0  3613557  6085891  0  105775  0.0  100.0  0 0 
1438841142  0  2870  12634536  2584  0  0  88152  0  0  122  88832  0  87947  2  88187  359  0  9  0  0  88832  4  3677083  0  88152  0  0  3677323  6193767  0  107876  0.0  100.0  0 0 
1438841152  0  2870  12847965  2596  0  0  88275  0  0  122  88832  0  87954  21  88187  359  0  10  0  0  88832  4  3742680  0  88275  0  0  3742923  6300478  0  106711  0.0  100.0  0 0 
1438841162  0  2870  13094533  2627  0  0  87938  0  0  122  88832  0  87845  179  88187  359  0  10  0  0  88832  4  3818627  0  87938  0  0  3818879  6423605  0  123127  0.0  100.0  0 0 
1438841172  0  2870  13310153  2608  0  0  88189  0  0  122  88832  0  88073  2  88187  359  0  10  0  0  88832  4  3882212  0  88189  0  0  3882466  6531538  0  107933  0.0  100.0  0 0 
1438841182  0  2870  13539301  2613  0  0  88049  0  0  122  88832  0  87669  201  88187  359  0  10  0  0  88832  4  3950208  0  88049  0  0  3950467  6645977  0  114439  0.0  100.0  0 0 
1438841192  0  2870  13726305  2589  0  0  88145  0  0  122  88832  0  88018  21  88187  359  0  10  0  0  88832  4  4008326  0  88145  0  0  4008589  6739649  0  93672  0.0  100.0  0 0 
1438841202  0  2870  13913459  2465  0  0  88256  0  0  122  88832  0  87688  89  88187  359  0  17  0  0  88832  4  4059313  0  88256  0  0  4059578  6832715  0  93066  0.0  100.0  0 0 
1438841212  0  2870  14132512  2469  0  0  88402  0  0  128  88832  0  86528  242  88187  359  0  28  0  0  88832  10  4103316  0  88402  0  0  4103598  6942209  0  109494  0.0  100.0  0 0 
