#Type:X;CI:4;ww:0;ca:0;co:0;fr:0;Type:X;CI:4;PI:0;PT:EP;U0:0;U1:0;
#time  Pp  gt  gs  cn  cm  cb  Nc  Pc  cp  Tc  Nm  pr  ps  pt  px  pd  Pm  Om  fs  ft  Oc  Em  Gp  Ec  Ge  ot  os  Total_cycles_diff  Successful_get_diff  Total_get_diff  succ_put_diff  total_put_diff  get_hit  
1439072022  0  0  0  0  0  0  0  0  0  2263320  0  0  0  0  0  0  0  0  0  0  0  0  0  0  0  0  0  2263320  0  0  0  0  
1439072032  0  0  0  0  0  0  0  0  0  3227125  0  0  0  0  0  0  0  0  0  0  0  0  0  0  0  0  0  963805  0  0  0  0  0 
1439072042  0  0  0  0  0  0  0  0  0  3227125  0  0  0  0  0  0  0  0  0  0  0  0  0  0  0  0  0  0  0  0  0  0  0 
1439072052  0  0  0  0  0  0  0  0  0  3227125  0  0  0  0  0  0  0  0  0  0  0  0  0  0  0  0  0  0  0  0  0  0  0 
1439072062  0  0  0  0  0  0  0  0  0  3227125  0  0  0  0  0  0  0  0  0  0  0  0  0  0  0  0  0  0  0  0  0  0  0 
1439072072  0  0  0  0  0  0  0  0  0  3227125  0  0  0  0  0  0  0  0  0  0  0  0  0  0  0  0  0  0  0  0  0  0  0 
1439072082  0  0  0  0  0  0  0  0  0  3227125  0  0  0  0  0  0  0  0  0  0  0  0  0  0  0  0  0  0  0  0  0  0  0 
1439072092  0  0  0  0  0  0  0  0  0  3227125  0  0  0  0  0  0  0  0  0  0  0  0  0  0  0  0  0  0  0  0  0  0  0 
1439072102  0  0  0  0  0  0  0  0  0  3227125  0  0  0  0  0  0  0  0  0  0  0  0  0  0  0  0  0  0  0  0  0  0  0 
1439072112  0  0  0  0  0  0  0  0  0  3227125  0  0  0  0  0  0  0  0  0  0  0  0  0  0  0  0  0  0  0  0  0  0  0 
1439072122  0  0  0  0  0  0  0  0  0  3227125  0  0  0  0  0  0  0  0  0  0  0  0  0  0  0  0  0  0  0  0  0  0  0 
1439072132  0  0  0  0  0  0  0  0  0  3227125  0  0  0  0  0  0  0  0  0  0  0  0  0  0  0  0  0  0  0  0  0  0  0 
1439072142  0  0  0  0  0  0  0  0  0  3227125  0  0  0  0  0  0  0  0  0  0  0  0  0  0  0  0  0  0  0  0  0  0  0 
1439072152  0  0  0  0  0  0  0  0  0  4138471  0  0  0  0  0  0  0  0  0  0  0  0  0  0  0  0  0  911346  0  0  0  0  0 
1439072162  0  0  0  0  0  0  0  0  0  4141400  0  0  0  0  0  0  0  0  0  0  0  0  0  0  0  0  0  2929  0  0  0  0  0 
1439072172  0  0  0  0  0  0  0  0  0  4141400  0  0  0  0  0  0  0  0  0  0  0  0  0  0  0  0  0  0  0  0  0  0  0 
1439072182  0  0  0  0  0  0  0  0  0  4141400  0  0  0  0  0  0  0  0  0  0  0  0  0  0  0  0  0  0  0  0  0  0  0 
1439072192  0  0  0  0  0  0  0  0  0  4141400  0  0  0  0  0  0  0  0  0  0  0  0  0  0  0  0  0  0  0  0  0  0  0 
1439072202  0  0  0  0  0  0  0  0  0  4141400  0  0  0  0  0  0  0  0  0  0  0  0  0  0  0  0  0  0  0  0  0  0  0 
1439072212  0  0  0  0  0  0  0  0  0  4141400  0  0  0  0  0  0  0  0  0  0  0  0  0  0  0  0  0  0  0  0  0  0  0 
1439072222  0  0  0  0  0  0  0  0  0  4141400  0  0  0  0  0  0  0  0  0  0  0  0  0  0  0  0  0  0  0  0  0  0  0 
1439072232  0  0  0  0  0  0  0  0  0  4141400  0  0  0  0  0  0  0  0  0  0  0  0  0  0  0  0  0  0  0  0  0  0  0 
1439072242  0  0  0  0  0  0  0  0  0  4141400  0  0  0  0  0  0  0  0  0  0  0  0  0  0  0  0  0  0  0  0  0  0  0 
1439072252  0  0  0  0  0  0  0  0  0  4141400  0  0  0  0  0  0  0  0  0  0  0  0  0  0  0  0  0  0  0  0  0  0  0 
1439072262  0  0  0  0  0  0  0  0  0  4141400  0  0  0  0  0  0  0  0  0  0  0  0  0  0  0  0  0  0  0  0  0  0  0 
1439072272  0  0  0  0  0  0  0  0  0  4141400  0  0  0  0  0  0  0  0  0  0  0  0  0  0  0  0  0  0  0  0  0  0  0 
1439072282  0  0  0  0  0  0  0  0  0  4141400  0  0  0  0  0  0  0  0  0  0  0  0  0  0  0  0  0  0  0  0  0  0  0 
1439072292  0  0  0  0  0  0  0  0  0  4141400  0  0  0  0  0  0  0  0  0  0  0  0  0  0  0  0  0  0  0  0  0  0  0 
1439072302  0  0  0  0  0  0  0  0  0  4141400  0  0  0  0  0  0  0  0  0  0  0  0  0  0  0  0  0  0  0  0  0  0  0 
1439072312  0  0  0  0  0  0  0  0  0  4141400  0  0  0  0  0  0  0  0  0  0  0  0  0  0  0  0  0  0  0  0  0  0  0 
1439072322  0  0  0  0  0  0  0  0  0  4141400  0  0  0  0  0  0  0  0  0  0  0  0  0  0  0  0  0  0  0  0  0  0  0 
1439072332  0  0  0  0  0  0  0  0  0  4141400  0  0  0  0  0  0  0  0  0  0  0  0  0  0  0  0  0  0  0  0  0  0  0 
1439072342  0  0  0  0  0  0  0  0  0  4141400  0  0  0  0  0  0  0  0  0  0  0  0  0  0  0  0  0  0  0  0  0  0  0 
