#type:T;
#time  gt  cn  Pt  Px  gx  cx  gn  gm  Pn  Pm  Ft  cm  pt  Fx  px  ct  pn  Fm  Fn  pm  dn  On  Om  dm  dx  Ox  dt  Ot  Gt  Cn  Cm  Gx  Cx  Gn  Gm  Ct  
1439074835  3012186  0  0  0  6944  0  3606  157  0  2147483647  0  2147483647  0  0  0  0  0  2147483647  0  2147483647  0  0  2147483647  2147483647  0  0  0  0  0  0  2147483647  0  0  0  2147483647  0  
1439074845  3012186  0  0  0  6944  0  3606  157  0  2147483647  0  2147483647  0  0  0  0  0  2147483647  0  2147483647  0  0  2147483647  2147483647  0  0  0  0  0  0  2147483647  0  0  0  2147483647  0  
1439074855  3012186  0  0  0  6944  0  3606  157  0  2147483647  0  2147483647  0  0  0  0  0  2147483647  0  2147483647  0  0  2147483647  2147483647  0  0  0  0  0  0  2147483647  0  0  0  2147483647  0  
1439074865  3012186  0  0  0  6944  0  3606  157  0  2147483647  0  2147483647  0  0  0  0  0  2147483647  0  2147483647  0  0  2147483647  2147483647  0  0  0  0  0  0  2147483647  0  0  0  2147483647  0  
1439074875  3012186  0  0  0  6944  0  3606  157  0  2147483647  0  2147483647  0  0  0  0  0  2147483647  0  2147483647  0  0  2147483647  2147483647  0  0  0  0  0  0  2147483647  0  0  0  2147483647  0  
1439074885  3012186  0  0  0  6944  0  3606  157  0  2147483647  0  2147483647  0  0  0  0  0  2147483647  0  2147483647  0  0  2147483647  2147483647  0  0  0  0  0  0  2147483647  0  0  0  2147483647  0  
1439074895  3012186  0  0  0  6944  0  3606  157  0  2147483647  0  2147483647  0  0  0  0  0  2147483647  0  2147483647  0  0  2147483647  2147483647  0  0  0  0  0  0  2147483647  0  0  0  2147483647  0  
1439074905  3012186  0  0  0  6944  0  3606  157  0  2147483647  0  2147483647  0  0  0  0  0  2147483647  0  2147483647  0  0  2147483647  2147483647  0  0  0  0  0  0  2147483647  0  0  0  2147483647  0  
1439074915  3012186  0  0  0  6944  0  3606  157  0  2147483647  0  2147483647  0  0  0  0  0  2147483647  0  2147483647  0  0  2147483647  2147483647  0  0  0  0  0  0  2147483647  0  0  0  2147483647  0  
1439074925  3012186  0  0  0  6944  0  3606  157  0  2147483647  0  2147483647  0  0  0  0  0  2147483647  0  2147483647  0  0  2147483647  2147483647  0  0  0  0  0  0  2147483647  0  0  0  2147483647  0  
1439074935  3012186  0  0  0  6944  0  3606  157  0  2147483647  0  2147483647  0  0  0  0  0  2147483647  0  2147483647  0  0  2147483647  2147483647  0  0  0  0  0  0  2147483647  0  0  0  2147483647  0  
1439074945  3396902  0  0  0  6944  0  4128  157  0  2147483647  0  2147483647  0  0  0  0  0  2147483647  0  2147483647  0  0  2147483647  2147483647  0  0  0  0  0  0  2147483647  0  0  0  2147483647  0  
1439074955  4052154  0  0  0  7781  0  4756  157  0  2147483647  0  2147483647  0  0  0  0  0  2147483647  0  2147483647  0  0  2147483647  2147483647  0  0  0  0  0  0  2147483647  0  0  0  2147483647  0  
1439074965  4056358  0  0  0  7781  0  4757  157  0  2147483647  0  2147483647  0  0  0  0  0  2147483647  0  2147483647  0  0  2147483647  2147483647  0  0  0  0  0  0  2147483647  0  0  0  2147483647  0  
1439074975  4056358  0  0  0  7781  0  4757  157  0  2147483647  0  2147483647  0  0  0  0  0  2147483647  0  2147483647  0  0  2147483647  2147483647  0  0  0  0  0  0  2147483647  0  0  0  2147483647  0  
1439074985  4056358  0  0  0  7781  0  4757  157  0  2147483647  0  2147483647  0  0  0  0  0  2147483647  0  2147483647  0  0  2147483647  2147483647  0  0  0  0  0  0  2147483647  0  0  0  2147483647  0  
1439074995  4056358  0  0  0  7781  0  4757  157  0  2147483647  0  2147483647  0  0  0  0  0  2147483647  0  2147483647  0  0  2147483647  2147483647  0  0  0  0  0  0  2147483647  0  0  0  2147483647  0  
1439075005  4056358  0  0  0  7781  0  4757  157  0  2147483647  0  2147483647  0  0  0  0  0  2147483647  0  2147483647  0  0  2147483647  2147483647  0  0  0  0  0  0  2147483647  0  0  0  2147483647  0  
1439075015  4056358  0  0  0  7781  0  4757  157  0  2147483647  0  2147483647  0  0  0  0  0  2147483647  0  2147483647  0  0  2147483647  2147483647  0  0  0  0  0  0  2147483647  0  0  0  2147483647  0  
1439075025  4056358  0  0  0  7781  0  4757  157  0  2147483647  0  2147483647  0  0  0  0  0  2147483647  0  2147483647  0  0  2147483647  2147483647  0  0  0  0  0  0  2147483647  0  0  0  2147483647  0  
1439075035  4056358  0  0  0  7781  0  4757  157  0  2147483647  0  2147483647  0  0  0  0  0  2147483647  0  2147483647  0  0  2147483647  2147483647  0  0  0  0  0  0  2147483647  0  0  0  2147483647  0  
1439075045  4056358  0  0  0  7781  0  4757  157  0  2147483647  0  2147483647  0  0  0  0  0  2147483647  0  2147483647  0  0  2147483647  2147483647  0  0  0  0  0  0  2147483647  0  0  0  2147483647  0  
1439075055  4056358  0  0  0  7781  0  4757  157  0  2147483647  0  2147483647  0  0  0  0  0  2147483647  0  2147483647  0  0  2147483647  2147483647  0  0  0  0  0  0  2147483647  0  0  0  2147483647  0  
1439075065  4056358  0  0  0  7781  0  4757  157  0  2147483647  0  2147483647  0  0  0  0  0  2147483647  0  2147483647  0  0  2147483647  2147483647  0  0  0  0  0  0  2147483647  0  0  0  2147483647  0  
1439075075  4056358  0  0  0  7781  0  4757  157  0  2147483647  0  2147483647  0  0  0  0  0  2147483647  0  2147483647  0  0  2147483647  2147483647  0  0  0  0  0  0  2147483647  0  0  0  2147483647  0  
1439075085  4056358  0  0  0  7781  0  4757  157  0  2147483647  0  2147483647  0  0  0  0  0  2147483647  0  2147483647  0  0  2147483647  2147483647  0  0  0  0  0  0  2147483647  0  0  0  2147483647  0  
1439075095  4056358  0  0  0  7781  0  4757  157  0  2147483647  0  2147483647  0  0  0  0  0  2147483647  0  2147483647  0  0  2147483647  2147483647  0  0  0  0  0  0  2147483647  0  0  0  2147483647  0  
1439075105  4056358  0  0  0  7781  0  4757  157  0  2147483647  0  2147483647  0  0  0  0  0  2147483647  0  2147483647  0  0  2147483647  2147483647  0  0  0  0  0  0  2147483647  0  0  0  2147483647  0  
1439075115  4056358  0  0  0  7781  0  4757  157  0  2147483647  0  2147483647  0  0  0  0  0  2147483647  0  2147483647  0  0  2147483647  2147483647  0  0  0  0  0  0  2147483647  0  0  0  2147483647  0  
1439075125  4056358  0  0  0  7781  0  4757  157  0  2147483647  0  2147483647  0  0  0  0  0  2147483647  0  2147483647  0  0  2147483647  2147483647  0  0  0  0  0  0  2147483647  0  0  0  2147483647  0  
1439075135  4056358  0  0  0  7781  0  4757  157  0  2147483647  0  2147483647  0  0  0  0  0  2147483647  0  2147483647  0  0  2147483647  2147483647  0  0  0  0  0  0  2147483647  0  0  0  2147483647  0  
1439075145  4056358  0  0  0  7781  0  4757  157  0  2147483647  0  2147483647  0  0  0  0  0  2147483647  0  2147483647  0  0  2147483647  2147483647  0  0  0  0  0  0  2147483647  0  0  0  2147483647  0  
1439075155  4056358  0  0  0  7781  0  4757  157  0  2147483647  0  2147483647  0  0  0  0  0  2147483647  0  2147483647  0  0  2147483647  2147483647  0  0  0  0  0  0  2147483647  0  0  0  2147483647  0  
1439075165  4056358  0  0  0  7781  0  4757  157  0  2147483647  0  2147483647  0  0  0  0  0  2147483647  0  2147483647  0  0  2147483647  2147483647  0  0  0  0  0  0  2147483647  0  0  0  2147483647  0  
1439075175  4056358  0  0  0  7781  0  4757  157  0  2147483647  0  2147483647  0  0  0  0  0  2147483647  0  2147483647  0  0  2147483647  2147483647  0  0  0  0  0  0  2147483647  0  0  0  2147483647  0  
1439075185  4056358  0  0  0  7781  0  4757  157  0  2147483647  0  2147483647  0  0  0  0  0  2147483647  0  2147483647  0  0  2147483647  2147483647  0  0  0  0  0  0  2147483647  0  0  0  2147483647  0  
1439075195  4056358  0  0  0  7781  0  4757  157  0  2147483647  0  2147483647  0  0  0  0  0  2147483647  0  2147483647  0  0  2147483647  2147483647  0  0  0  0  0  0  2147483647  0  0  0  2147483647  0  
1439075205  4056358  0  0  0  7781  0  4757  157  0  2147483647  0  2147483647  0  0  0  0  0  2147483647  0  2147483647  0  0  2147483647  2147483647  0  0  0  0  0  0  2147483647  0  0  0  2147483647  0  
1439075215  4056358  0  0  0  7781  0  4757  157  0  2147483647  0  2147483647  0  0  0  0  0  2147483647  0  2147483647  0  0  2147483647  2147483647  0  0  0  0  0  0  2147483647  0  0  0  2147483647  0  
1439075225  4056358  0  0  0  7781  0  4757  157  0  2147483647  0  2147483647  0  0  0  0  0  2147483647  0  2147483647  0  0  2147483647  2147483647  0  0  0  0  0  0  2147483647  0  0  0  2147483647  0  
1439075235  4056358  0  0  0  7781  0  4757  157  0  2147483647  0  2147483647  0  0  0  0  0  2147483647  0  2147483647  0  0  2147483647  2147483647  0  0  0  0  0  0  2147483647  0  0  0  2147483647  0  
1439075245  4056358  0  0  0  7781  0  4757  157  0  2147483647  0  2147483647  0  0  0  0  0  2147483647  0  2147483647  0  0  2147483647  2147483647  0  0  0  0  0  0  2147483647  0  0  0  2147483647  0  
1439075255  4056358  0  0  0  7781  0  4757  157  0  2147483647  0  2147483647  0  0  0  0  0  2147483647  0  2147483647  0  0  2147483647  2147483647  0  0  0  0  0  0  2147483647  0  0  0  2147483647  0  
1439075265  4056358  0  0  0  7781  0  4757  157  0  2147483647  0  2147483647  0  0  0  0  0  2147483647  0  2147483647  0  0  2147483647  2147483647  0  0  0  0  0  0  2147483647  0  0  0  2147483647  0  
1439075275  4056358  0  0  0  7781  0  4757  157  0  2147483647  0  2147483647  0  0  0  0  0  2147483647  0  2147483647  0  0  2147483647  2147483647  0  0  0  0  0  0  2147483647  0  0  0  2147483647  0  
1439075285  4056358  0  0  0  7781  0  4757  157  0  2147483647  0  2147483647  0  0  0  0  0  2147483647  0  2147483647  0  0  2147483647  2147483647  0  0  0  0  0  0  2147483647  0  0  0  2147483647  0  
1439075295  4056358  0  0  0  7781  0  4757  157  0  2147483647  0  2147483647  0  0  0  0  0  2147483647  0  2147483647  0  0  2147483647  2147483647  0  0  0  0  0  0  2147483647  0  0  0  2147483647  0  
1439075305  4056358  0  0  0  7781  0  4757  157  0  2147483647  0  2147483647  0  0  0  0  0  2147483647  0  2147483647  0  0  2147483647  2147483647  0  0  0  0  0  0  2147483647  0  0  0  2147483647  0  
1439075315  4056358  0  0  0  7781  0  4757  157  0  2147483647  0  2147483647  0  0  0  0  0  2147483647  0  2147483647  0  0  2147483647  2147483647  0  0  0  0  0  0  2147483647  0  0  0  2147483647  0  
1439075325  6363762  0  0  0  32831  0  7269  157  0  2147483647  0  2147483647  0  0  0  0  0  2147483647  0  2147483647  0  0  2147483647  2147483647  0  0  0  0  0  0  2147483647  0  0  0  2147483647  0  
1439075335  7076649  0  0  0  32831  0  8363  157  0  2147483647  0  2147483647  0  0  0  0  0  2147483647  0  2147483647  0  0  2147483647  2147483647  0  0  0  0  0  0  2147483647  0  0  0  2147483647  0  
1439075345  7076649  0  0  0  32831  0  8363  157  0  2147483647  0  2147483647  0  0  0  0  0  2147483647  0  2147483647  0  0  2147483647  2147483647  0  0  0  0  0  0  2147483647  0  0  0  2147483647  0  
1439075355  7076649  0  0  0  32831  0  8363  157  0  2147483647  0  2147483647  0  0  0  0  0  2147483647  0  2147483647  0  0  2147483647  2147483647  0  0  0  0  0  0  2147483647  0  0  0  2147483647  0  
1439075365  7076649  0  0  0  32831  0  8363  157  0  2147483647  0  2147483647  0  0  0  0  0  2147483647  0  2147483647  0  0  2147483647  2147483647  0  0  0  0  0  0  2147483647  0  0  0  2147483647  0  
1439075375  7076649  0  0  0  32831  0  8363  157  0  2147483647  0  2147483647  0  0  0  0  0  2147483647  0  2147483647  0  0  2147483647  2147483647  0  0  0  0  0  0  2147483647  0  0  0  2147483647  0  
1439075385  7076649  0  0  0  32831  0  8363  157  0  2147483647  0  2147483647  0  0  0  0  0  2147483647  0  2147483647  0  0  2147483647  2147483647  0  0  0  0  0  0  2147483647  0  0  0  2147483647  0  
1439075395  7076649  0  0  0  32831  0  8363  157  0  2147483647  0  2147483647  0  0  0  0  0  2147483647  0  2147483647  0  0  2147483647  2147483647  0  0  0  0  0  0  2147483647  0  0  0  2147483647  0  
1439075405  7076649  0  0  0  32831  0  8363  157  0  2147483647  0  2147483647  0  0  0  0  0  2147483647  0  2147483647  0  0  2147483647  2147483647  0  0  0  0  0  0  2147483647  0  0  0  2147483647  0  
1439075415  7076649  0  0  0  32831  0  8363  157  0  2147483647  0  2147483647  0  0  0  0  0  2147483647  0  2147483647  0  0  2147483647  2147483647  0  0  0  0  0  0  2147483647  0  0  0  2147483647  0  
1439075425  7076649  0  0  0  32831  0  8363  157  0  2147483647  0  2147483647  0  0  0  0  0  2147483647  0  2147483647  0  0  2147483647  2147483647  0  0  0  0  0  0  2147483647  0  0  0  2147483647  0  
1439075435  7076649  0  0  0  32831  0  8363  157  0  2147483647  0  2147483647  0  0  0  0  0  2147483647  0  2147483647  0  0  2147483647  2147483647  0  0  0  0  0  0  2147483647  0  0  0  2147483647  0  
1439075445  7076649  0  0  0  32831  0  8363  157  0  2147483647  0  2147483647  0  0  0  0  0  2147483647  0  2147483647  0  0  2147483647  2147483647  0  0  0  0  0  0  2147483647  0  0  0  2147483647  0  
1439075455  7822889  0  0  0  32831  0  9390  157  0  2147483647  0  2147483647  0  0  0  0  0  2147483647  0  2147483647  0  0  2147483647  2147483647  0  0  0  0  0  0  2147483647  0  0  0  2147483647  0  
1439075465  8014254  0  0  0  32831  0  9514  157  0  2147483647  0  2147483647  0  0  0  0  0  2147483647  0  2147483647  0  0  2147483647  2147483647  0  0  0  0  0  0  2147483647  0  0  0  2147483647  0  
1439075475  8014254  0  0  0  32831  0  9514  157  0  2147483647  0  2147483647  0  0  0  0  0  2147483647  0  2147483647  0  0  2147483647  2147483647  0  0  0  0  0  0  2147483647  0  0  0  2147483647  0  
1439075485  8014254  0  0  0  32831  0  9514  157  0  2147483647  0  2147483647  0  0  0  0  0  2147483647  0  2147483647  0  0  2147483647  2147483647  0  0  0  0  0  0  2147483647  0  0  0  2147483647  0  
1439075495  8014254  0  0  0  32831  0  9514  157  0  2147483647  0  2147483647  0  0  0  0  0  2147483647  0  2147483647  0  0  2147483647  2147483647  0  0  0  0  0  0  2147483647  0  0  0  2147483647  0  
1439075505  8014254  0  0  0  32831  0  9514  157  0  2147483647  0  2147483647  0  0  0  0  0  2147483647  0  2147483647  0  0  2147483647  2147483647  0  0  0  0  0  0  2147483647  0  0  0  2147483647  0  
1439075515  8014254  0  0  0  32831  0  9514  157  0  2147483647  0  2147483647  0  0  0  0  0  2147483647  0  2147483647  0  0  2147483647  2147483647  0  0  0  0  0  0  2147483647  0  0  0  2147483647  0  
1439075526  8014254  0  0  0  32831  0  9514  157  0  2147483647  0  2147483647  0  0  0  0  0  2147483647  0  2147483647  0  0  2147483647  2147483647  0  0  0  0  0  0  2147483647  0  0  0  2147483647  0  
1439075536  8014254  0  0  0  32831  0  9514  157  0  2147483647  0  2147483647  0  0  0  0  0  2147483647  0  2147483647  0  0  2147483647  2147483647  0  0  0  0  0  0  2147483647  0  0  0  2147483647  0  
1439075546  8014254  0  0  0  32831  0  9514  157  0  2147483647  0  2147483647  0  0  0  0  0  2147483647  0  2147483647  0  0  2147483647  2147483647  0  0  0  0  0  0  2147483647  0  0  0  2147483647  0  
1439075556  8014254  0  0  0  32831  0  9514  157  0  2147483647  0  2147483647  0  0  0  0  0  2147483647  0  2147483647  0  0  2147483647  2147483647  0  0  0  0  0  0  2147483647  0  0  0  2147483647  0  
1439075566  8014254  0  0  0  32831  0  9514  157  0  2147483647  0  2147483647  0  0  0  0  0  2147483647  0  2147483647  0  0  2147483647  2147483647  0  0  0  0  0  0  2147483647  0  0  0  2147483647  0  
1439075576  8014254  0  0  0  32831  0  9514  157  0  2147483647  0  2147483647  0  0  0  0  0  2147483647  0  2147483647  0  0  2147483647  2147483647  0  0  0  0  0  0  2147483647  0  0  0  2147483647  0  
1439075586  8014254  0  0  0  32831  0  9514  157  0  2147483647  0  2147483647  0  0  0  0  0  2147483647  0  2147483647  0  0  2147483647  2147483647  0  0  0  0  0  0  2147483647  0  0  0  2147483647  0  
1439075596  8014254  0  0  0  32831  0  9514  157  0  2147483647  0  2147483647  0  0  0  0  0  2147483647  0  2147483647  0  0  2147483647  2147483647  0  0  0  0  0  0  2147483647  0  0  0  2147483647  0  
1439075606  8014254  0  0  0  32831  0  9514  157  0  2147483647  0  2147483647  0  0  0  0  0  2147483647  0  2147483647  0  0  2147483647  2147483647  0  0  0  0  0  0  2147483647  0  0  0  2147483647  0  
1439075616  8014254  0  0  0  32831  0  9514  157  0  2147483647  0  2147483647  0  0  0  0  0  2147483647  0  2147483647  0  0  2147483647  2147483647  0  0  0  0  0  0  2147483647  0  0  0  2147483647  0  
1439075626  8014254  0  0  0  32831  0  9514  157  0  2147483647  0  2147483647  0  0  0  0  0  2147483647  0  2147483647  0  0  2147483647  2147483647  0  0  0  0  0  0  2147483647  0  0  0  2147483647  0  
1439075636  8014254  0  0  0  32831  0  9514  157  0  2147483647  0  2147483647  0  0  0  0  0  2147483647  0  2147483647  0  0  2147483647  2147483647  0  0  0  0  0  0  2147483647  0  0  0  2147483647  0  
1439075646  8014254  0  0  0  32831  0  9514  157  0  2147483647  0  2147483647  0  0  0  0  0  2147483647  0  2147483647  0  0  2147483647  2147483647  0  0  0  0  0  0  2147483647  0  0  0  2147483647  0  
