#Type:X;CI:4;ww:0;ca:0;co:0;fr:0;Type:X;CI:4;PI:0;PT:EP;U0:0;U1:0;
#time  Pp  gt  gs  cn  cm  cb  Nc  Pc  cp  Tc  Nm  pr  ps  pt  px  pd  Pm  Om  fs  ft  Oc  Em  Gp  Ec  Ge  ot  os  Total_cycles_diff  Successful_get_diff  Total_get_diff  succ_put_diff  total_put_diff  get_hit  
1439075325  0  0  0  0  0  0  0  0  0  2307404  0  0  0  0  0  0  0  0  0  0  0  0  0  0  0  0  0  2307404  0  0  0  0  
1439075335  0  0  0  0  0  0  0  0  0  3020291  0  0  0  0  0  0  0  0  0  0  0  0  0  0  0  0  0  712887  0  0  0  0  0 
1439075345  0  0  0  0  0  0  0  0  0  3020291  0  0  0  0  0  0  0  0  0  0  0  0  0  0  0  0  0  0  0  0  0  0  0 
1439075355  0  0  0  0  0  0  0  0  0  3020291  0  0  0  0  0  0  0  0  0  0  0  0  0  0  0  0  0  0  0  0  0  0  0 
1439075365  0  0  0  0  0  0  0  0  0  3020291  0  0  0  0  0  0  0  0  0  0  0  0  0  0  0  0  0  0  0  0  0  0  0 
1439075375  0  0  0  0  0  0  0  0  0  3020291  0  0  0  0  0  0  0  0  0  0  0  0  0  0  0  0  0  0  0  0  0  0  0 
1439075385  0  0  0  0  0  0  0  0  0  3020291  0  0  0  0  0  0  0  0  0  0  0  0  0  0  0  0  0  0  0  0  0  0  0 
1439075395  0  0  0  0  0  0  0  0  0  3020291  0  0  0  0  0  0  0  0  0  0  0  0  0  0  0  0  0  0  0  0  0  0  0 
1439075405  0  0  0  0  0  0  0  0  0  3020291  0  0  0  0  0  0  0  0  0  0  0  0  0  0  0  0  0  0  0  0  0  0  0 
1439075415  0  0  0  0  0  0  0  0  0  3020291  0  0  0  0  0  0  0  0  0  0  0  0  0  0  0  0  0  0  0  0  0  0  0 
1439075425  0  0  0  0  0  0  0  0  0  3020291  0  0  0  0  0  0  0  0  0  0  0  0  0  0  0  0  0  0  0  0  0  0  0 
1439075435  0  0  0  0  0  0  0  0  0  3020291  0  0  0  0  0  0  0  0  0  0  0  0  0  0  0  0  0  0  0  0  0  0  0 
1439075445  0  0  0  0  0  0  0  0  0  3020291  0  0  0  0  0  0  0  0  0  0  0  0  0  0  0  0  0  0  0  0  0  0  0 
1439075455  0  0  0  0  0  0  0  0  0  3766531  0  0  0  0  0  0  0  0  0  0  0  0  0  0  0  0  0  746240  0  0  0  0  0 
1439075465  0  0  0  0  0  0  0  0  0  3957896  0  0  0  0  0  0  0  0  0  0  0  0  0  0  0  0  0  191365  0  0  0  0  0 
1439075475  0  0  0  0  0  0  0  0  0  3957896  0  0  0  0  0  0  0  0  0  0  0  0  0  0  0  0  0  0  0  0  0  0  0 
1439075485  0  0  0  0  0  0  0  0  0  3957896  0  0  0  0  0  0  0  0  0  0  0  0  0  0  0  0  0  0  0  0  0  0  0 
1439075495  0  0  0  0  0  0  0  0  0  3957896  0  0  0  0  0  0  0  0  0  0  0  0  0  0  0  0  0  0  0  0  0  0  0 
1439075505  0  0  0  0  0  0  0  0  0  3957896  0  0  0  0  0  0  0  0  0  0  0  0  0  0  0  0  0  0  0  0  0  0  0 
1439075515  0  0  0  0  0  0  0  0  0  3957896  0  0  0  0  0  0  0  0  0  0  0  0  0  0  0  0  0  0  0  0  0  0  0 
1439075526  0  0  0  0  0  0  0  0  0  3957896  0  0  0  0  0  0  0  0  0  0  0  0  0  0  0  0  0  0  0  0  0  0  0 
1439075536  0  0  0  0  0  0  0  0  0  3957896  0  0  0  0  0  0  0  0  0  0  0  0  0  0  0  0  0  0  0  0  0  0  0 
1439075546  0  0  0  0  0  0  0  0  0  3957896  0  0  0  0  0  0  0  0  0  0  0  0  0  0  0  0  0  0  0  0  0  0  0 
1439075556  0  0  0  0  0  0  0  0  0  3957896  0  0  0  0  0  0  0  0  0  0  0  0  0  0  0  0  0  0  0  0  0  0  0 
1439075566  0  0  0  0  0  0  0  0  0  3957896  0  0  0  0  0  0  0  0  0  0  0  0  0  0  0  0  0  0  0  0  0  0  0 
1439075576  0  0  0  0  0  0  0  0  0  3957896  0  0  0  0  0  0  0  0  0  0  0  0  0  0  0  0  0  0  0  0  0  0  0 
1439075586  0  0  0  0  0  0  0  0  0  3957896  0  0  0  0  0  0  0  0  0  0  0  0  0  0  0  0  0  0  0  0  0  0  0 
1439075596  0  0  0  0  0  0  0  0  0  3957896  0  0  0  0  0  0  0  0  0  0  0  0  0  0  0  0  0  0  0  0  0  0  0 
1439075606  0  0  0  0  0  0  0  0  0  3957896  0  0  0  0  0  0  0  0  0  0  0  0  0  0  0  0  0  0  0  0  0  0  0 
1439075616  0  0  0  0  0  0  0  0  0  3957896  0  0  0  0  0  0  0  0  0  0  0  0  0  0  0  0  0  0  0  0  0  0  0 
1439075626  0  0  0  0  0  0  0  0  0  3957896  0  0  0  0  0  0  0  0  0  0  0  0  0  0  0  0  0  0  0  0  0  0  0 
1439075636  0  0  0  0  0  0  0  0  0  3957896  0  0  0  0  0  0  0  0  0  0  0  0  0  0  0  0  0  0  0  0  0  0  0 
1439075646  0  0  0  0  0  0  0  0  0  3957896  0  0  0  0  0  0  0  0  0  0  0  0  0  0  0  0  0  0  0  0  0  0  0 
