#Type:X;CI:5;ww:0;ca:0;co:1;fr:0;Type:X;CI:5;PI:0;PT:EP;U0:0;U1:0;Type:X;CI:5;PI:1;PT:EP;U0:0;U1:0;
#time  Pp  gt  gs  cn  cm  cb  Nc  Pc  cp  Tc  Nm  pr  ps  pt  px  pd  Pm  Om  fs  ft  Oc  Em  Gp  Ec  Ge  ot  os  Total_cycles_diff  Successful_get_diff  Total_get_diff  succ_put_diff  total_put_diff  get_hit  
1439932905  0  0  0  0  0  0  0  0  0  1420417  0  0  0  0  0  0  0  0  0  21  0  0  0  0  0  46  0  1420417  0  0  0  0  
1439932915  0  0  0  0  0  0  0  0  0  1443634  0  0  0  0  0  0  0  0  0  21  0  0  0  0  0  46  0  23217  0  0  0  0  0 
1439932925  0  0  0  0  0  0  0  0  0  1443634  0  0  0  0  0  0  0  0  0  21  0  0  0  0  0  46  0  0  0  0  0  0  0 
1439932935  0  0  0  0  0  0  0  0  0  1443634  0  0  0  0  0  0  0  0  0  21  0  0  0  0  0  46  0  0  0  0  0  0  0 
1439932945  0  0  0  0  0  0  0  0  0  1443634  0  0  0  0  0  0  0  0  0  21  0  0  0  0  0  46  0  0  0  0  0  0  0 
1439932955  0  0  0  0  0  0  0  0  0  1443634  0  0  0  0  0  0  0  0  0  21  0  0  0  0  0  46  0  0  0  0  0  0  0 
1439932965  0  0  0  0  0  0  0  0  0  1445516  0  0  0  0  0  0  0  0  0  21  0  0  0  0  0  46  0  1882  0  0  0  0  0 
1439932975  0  324  252  13  5  6644037  194  2813  2804  243618831  233  0  3406  3411  5  0  3406  351  0  117  203  3406  0  2813  252  3265  112  242173315  252  324  3406  3411  77.7777777778  
1439932985  0  563  349  13  5  6387924  189  2716  2710  254714072  233  0  3406  3411  5  0  3406  351  0  117  200  3406  0  2716  349  3265  112  11095241  97  239  0  0  61.9893428064  
1439932995  0  563  349  13  5  6387924  189  2716  2710  254714072  233  0  3406  3411  5  0  3406  351  0  117  200  3406  0  2716  349  3265  112  0  0  0  0  0  61.9893428064  
1439933005  0  563  349  13  5  6387924  189  2716  2710  254714072  233  0  3406  3411  5  0  3406  351  0  117  200  3406  0  2716  349  3265  112  0  0  0  0  0  61.9893428064  
1439933015  0  563  349  37  19  7513196  218  3167  3137  340828086  233  0  3857  3876  19  0  3406  351  0  7412  237  3406  0  3167  349  3265  112  86114014  0  0  451  465  61.9893428064  
1439933025  0  563  349  37  19  7513196  218  3167  3137  362358391  233  0  3857  3876  19  0  3406  351  0  34506  237  3406  0  3167  349  3265  112  21530305  0  0  0  0  61.9893428064  
1439933035  0  563  349  37  19  7513196  218  3167  3137  379966764  233  0  3857  3876  19  0  3406  351  0  59218  237  3406  0  3167  349  3265  112  17608373  0  0  0  0  61.9893428064  
1439933045  0  563  349  39  19  7694949  162  3208  3176  489757128  233  0  4488  4507  19  0  3406  351  0  78029  156  3406  0  3208  349  3432  193  109790364  0  0  631  631  61.9893428064  
1439933055  0  591  368  42  20  6829042  117  2792  2757  563593311  233  0  4636  4656  20  0  3406  351  0  105334  82  3406  0  2792  368  3564  268  73836183  19  28  148  149  62.2673434856  
1439933065  0  1664  582  42  20  5868222  109  2446  2411  581824085  233  0  4678  4698  20  0  3406  351  0  135243  63  3406  0  2446  582  4254  287  18230774  214  1073  42  42  34.9759615385  
1439933075  0  11844  582  42  20  5909670  172  3727  3692  625853429  233  0  5960  5980  20  0  3727  351  0  156930  105  3727  0  3727  582  4967  288  44029344  0  10180  1282  1282  4.9138804458  
1439933085  0  15439  582  42  20  5923962  193  4180  4145  650799818  233  0  6413  6433  20  0  4180  351  0  165613  122  4180  0  4180  582  5126  288  24946389  0  3595  453  453  3.7696742017  
1439933095  0  20702  582  42  20  5943968  219  4799  4764  679837425  233  0  7032  7052  20  0  4799  351  0  176571  142  4799  0  4799  582  5242  288  29037607  0  5263  619  619  2.81132257753  
1439933105  0  27654  582  42  20  5915271  280  5788  5753  730872189  280  0  8063  8083  20  0  5788  351  0  190924  176  5788  0  5788  582  5412  295  51034764  0  6952  1031  1031  2.10457799957  
1439933115  0  33578  588  42  22  6499892  400  9565  9530  889118408  400  0  11846  11868  22  0  9565  351  0  200709  237  9565  0  9565  588  5584  295  158246219  6  5924  3783  3785  1.75114658407  
1439933125  0  39642  589  42  22  6759538  634  17559  17524  1110884014  634  0  19841  19863  22  0  17559  372  0  208048  372  17559  0  17559  589  5733  295  221765606  1  6064  7995  7995  1.48579789113  
1439933135  0  45309  924  42  22  6937612  810  22991  22956  1316134155  810  0  26207  26229  22  0  22991  465  0  214754  465  22991  0  22991  924  5900  305  205250141  335  5667  6366  6366  2.03932993445  
1439933145  0  49033  1956  42  22  7048853  903  26458  26423  1536429154  903  0  31775  31797  22  0  26458  508  2  219428  508  26458  0  26458  1956  6010  324  220294999  1032  3724  5568  5568  3.98915016418  
1439933155  0  54378  3149  42  22  7226582  1021  30358  30323  1739365877  1021  0  38470  38492  22  0  30358  571  7  226364  569  30358  0  30358  3149  6169  348  202936723  1193  5345  6695  6695  5.79094486741  
1439933165  0  60576  4436  42  22  7309054  1102  32814  32779  2015387420  1105  0  44436  44458  22  0  33068  615  10  234811  615  33068  0  32814  4436  6354  377  276021543  1287  6198  5966  5966  7.32303222398  
1439933175  0  64911  5680  42  22  7414866  1192  35874  35839  2261995590  1194  0  49879  49901  22  0  35931  667  14  240119  666  35931  0  35874  5680  6486  397  246608170  1244  4335  5443  5443  8.75044291414  
1439933185  0  69144  7609  42  22  7484198  1268  37894  37859  2537388669  1268  0  55033  55055  22  0  37894  725  31  245385  725  37894  0  37894  7609  6613  415  275393079  1929  4233  5154  5154  11.0045701724  
1439933195  0  75364  9196  42  22  7614440  1382  41992  41957  2835877093  1382  0  61906  61928  22  0  42041  785  54  253851  784  42041  0  41992  9196  6819  442  298488424  1587  6220  6873  6873  12.2021124144  
1439933205  0  80045  10383  42  22  7734247  1493  45889  45854  3097499824  1498  0  68154  68176  22  0  46086  828  78  259594  825  46086  0  45889  10383  6965  468  261622731  1187  4681  6248  6248  12.9714535574  
1439933215  0  87390  12216  42  22  7834046  1587  49215  49180  3413694342  1603  0  75565  75587  22  0  49528  881  115  269263  869  49528  0  49215  12216  7169  512  316194518  1833  7345  7411  7411  13.9787161002  
1439933225  0  91881  13804  42  22  7895143  1665  51226  51191  3664994118  1665  0  81331  81353  22  0  51226  899  144  276607  895  51226  0  51226  13804  7332  553  251299776  1588  4491  5766  5766  15.0237807599  
1439933235  0  99486  16960  42  22  7961545  1731  53151  53116  3999051778  1731  0  88658  88680  22  0  53151  935  175  286717  935  53151  0  53151  16960  7563  587  334057660  3156  7605  7327  7327  17.0476247914  
1439933245  0  104383  18802  42  22  8001070  1785  54347  54312  4216298927  1790  0  93510  93532  22  0  54389  975  200  292694  972  54389  0  54347  18802  7708  615  217247149  1842  4897  4852  4852  18.0125116159  
1439933255  0  112842  22529  42  22  8072952  1862  56504  56469  4686158612  1865  0  101504  101526  22  0  56564  1019  242  302902  1016  56564  0  56504  22529  7963  652  469859685  3727  8459  7994  7994  19.9650839227  
1439933265  0  120575  26081  42  22  8103595  1856  57649  57614  5116830073  1869  0  108480  108502  22  0  57772  1020  269  312159  1004  57772  0  57649  26081  8191  693  430671461  3552  7733  6976  6976  21.630520423  
1439933275  0  129021  29692  42  22  8187792  1946  60391  60356  5595534310  1957  0  118344  118366  22  0  61007  1049  316  321046  1043  61007  0  60391  29692  8420  752  478704237  3611  8446  9864  9864  23.0133079111  
1439933285  0  134843  32405  42  22  8219423  1959  61536  61501  5937707966  1983  0  124863  124885  22  0  61942  1059  337  329577  1039  61942  0  61536  32405  8635  804  342173656  2713  5822  6519  6519  24.0316516245  
1439933295  0  142038  36259  42  22  8249164  2005  62468  62433  6374825194  2030  0  133462  133484  22  0  63621  1060  369  339054  1050  63621  0  62468  36259  8893  864  437117228  3854  7195  8599  8599  25.5276756924  
1439933305  0  148969  39764  42  22  8260538  2023  62676  62641  6779933075  2030  0  139723  139745  22  0  63621  1073  400  348049  1072  63621  0  62676  39764  9119  907  405107881  3505  6931  6261  6261  26.6928018581  
1439933315  0  154412  42208  42  22  8528985  2075  64028  63993  7152319292  2078  0  146853  146875  22  0  64065  1111  445  355435  1107  64065  0  64028  42208  9301  952  372386217  2444  5443  7130  7130  27.3346631091  
1439933325  0  159679  44385  42  22  8646725  2120  65613  65578  7441392550  2125  0  152231  152253  22  0  65771  1122  465  362807  1119  65771  0  65613  44385  9493  982  289073258  2177  5267  5378  5378  27.7963915105  
1439933336  0  163517  46527  42  22  8669337  2146  66172  66137  7689658219  2146  0  156518  156540  22  0  66285  1133  484  369209  1132  66285  0  66172  46527  9629  1006  248265669  2142  3838  4287  4287  28.4539222222  
1439933346  0  168669  49509  42  22  8676695  2158  66438  66403  8028814429  2163  0  161884  161906  22  0  66635  1154  516  377277  1146  66635  0  66438  49509  9819  1039  339156210  2982  5152  5366  5366  29.3527559895  
1439933356  0  176901  53204  42  22  8704509  2200  67201  67166  8481489237  2212  0  170032  170054  22  0  67569  1170  562  389787  1165  67569  0  67201  53204  10088  1100  452674808  3695  8232  8148  8148  30.0755789962  
1439933366  0  183759  56394  42  22  8707297  2196  67362  67327  8849038850  2213  0  176232  176254  22  0  67711  1170  583  399012  1156  67711  0  67362  56394  10317  1150  367549613  3190  6858  6200  6200  30.6891091049  
1439933376  0  189697  59330  42  22  8708711  2186  67317  67282  9125074173  2213  0  181762  181784  22  0  67855  1170  610  407274  1161  67855  0  67317  59330  10513  1195  276035323  2936  5938  5530  5530  31.2761930869  
1439933386  0  194946  62324  42  22  8736334  2212  68161  68126  9475277174  2213  0  188410  188432  22  0  68194  1183  638  415857  1182  68194  0  68161  62324  10717  1240  350203001  2994  5249  6648  6648  31.9698788382  
1439933396  0  200157  64403  42  22  8732752  2214  68139  68104  9708744070  2214  0  193914  193936  22  0  68316  1183  664  424318  1171  68316  0  68139  64403  10905  1290  233466896  2079  5211  5504  5504  32.1762416503  
1439933406  0  205412  66319  42  22  8708132  2181  67391  67356  9948316438  2215  0  197686  197708  22  0  68316  1183  686  432652  1159  68316  0  67391  66319  11071  1337  239572368  1916  5255  3772  3772  32.2858450334  
1439933416  0  209849  69040  42  22  8717012  2179  67580  67545  10275881350  2215  0  202594  202616  22  0  68316  1183  707  439868  1174  68316  0  67580  69040  11223  1372  327564912  2721  4437  4908  4908  32.8998470329  
1439933426  0  216288  72149  42  22  8722263  2194  67785  67750  10703718628  2219  0  208540  208562  22  0  68903  1191  730  449791  1170  68903  0  67785  72149  11436  1422  427837278  3109  6439  5946  5946  33.3578376979  
1439933436  0  223969  75816  42  22  8757755  2256  68789  68754  11049221750  2268  0  215813  215835  22  0  69509  1205  763  459708  1202  69509  0  68789  75816  11663  1466  345503122  3667  7681  7273  7273  33.8511133237  
1439933446  0  228207  78048  42  22  8752602  2237  68670  68635  11323376988  2268  0  220589  220611  22  0  69509  1206  785  467632  1186  69509  0  68670  78048  11842  1505  274155238  2232  4238  4776  4776  34.2005284676  
1439933456  0  233589  81088  42  22  8783568  2263  69784  69749  11666848290  2268  0  227190  227212  22  0  70005  1206  807  475671  1185  70005  0  69784  81088  12054  1545  343471302  3040  5382  6601  6601  34.7139634144  
1439933466  0  237983  82919  42  22  8791362  2261  70014  69979  11863506850  2268  0  231656  231678  22  0  70251  1206  828  482394  1192  70251  0  70014  82919  12195  1579  196658560  1831  4394  4466  4466  34.8424047096  
1439933476  0  244768  86989  44  22  10524076  2229  68906  68869  12459304894  2276  0  237413  237435  22  0  70251  1206  863  492135  1181  70251  0  68906  86989  12415  1631  595798044  4070  6785  5757  5757  35.5393678912  
1439933486  0  249134  88653  44  22  10537087  2226  69276  69239  12699601652  2276  0  241953  241975  22  0  70251  1206  883  499115  1184  70251  0  69276  88653  12574  1675  240296758  1664  4366  4540  4540  35.5844645853  
1439933496  0  253024  90860  44  22  10559856  2243  69991  69954  12969378075  2276  0  246496  246518  22  0  70251  1206  912  505471  1189  70251  0  69991  90860  12727  1709  269776423  2207  3890  4543  4543  35.9096370305  
1439933506  0  258332  93538  44  22  10565213  2256  70173  70136  13295219449  2277  0  251741  251763  22  0  70604  1208  936  512400  1192  70604  0  70173  93538  12880  1746  325841374  2678  5308  5245  5245  36.2084449468  
1439933516  0  263748  96740  44  22  10538023  2242  69213  69176  13668997490  2277  0  256175  256197  22  0  70604  1208  959  519601  1191  70604  0  69213  96740  13042  1781  373778041  3202  5416  4434  4434  36.67895112  
1439933526  0  267465  98956  44  22  10513937  2216  68410  68373  13909529726  2277  0  259306  259328  22  0  70604  1208  978  525508  1184  70604  0  68410  98956  13162  1808  240532236  2216  3717  3131  3131  36.9977380218  
1439933536  0  270543  100400  44  22  10498872  2184  68060  68023  14101823493  2277  0  262559  262581  22  0  70604  1208  989  531164  1161  70604  0  68060  100400  13291  1844  192293767  1444  3078  3253  3253  37.1105517422  
1439933546  0  274519  102167  44  22  10544581  2231  69548  69511  14361312227  2277  0  267719  267741  22  0  70604  1208  1008  535934  1179  70604  0  69548  102167  13421  1883  259488734  1767  3976  5160  5160  37.2167318109  
1439933556  0  277119  103711  44  22  10558973  2230  70101  70064  14549404802  2277  0  270935  270957  22  0  70604  1208  1027  540771  1172  70604  0  70101  103711  13532  1910  188092575  1544  2600  3216  3216  37.4247164576  
1439933566  0  280255  105113  44  22  10559368  2228  70106  70069  14728157112  2277  0  273328  273350  22  0  70604  1208  1034  545390  1169  70604  0  70106  105113  13630  1929  178752310  1402  3136  2393  2393  37.506199711  
1439933576  0  283575  106771  44  22  10568978  2244  70269  70232  14939347164  2277  0  276987  277009  22  0  70604  1208  1053  550074  1190  70604  0  70269  106771  13731  1955  211190052  1658  3320  3659  3659  37.65176761  
1439933586  0  287460  108841  44  22  10570723  2248  70086  70049  15184799004  2277  0  280631  280653  22  0  70604  1208  1079  555998  1195  70604  0  70086  108841  13877  1984  245451840  2070  3885  3644  3644  37.8630070271  
1439933596  0  289954  110161  44  22  10546209  2234  69317  69280  15331797308  2277  0  282504  282526  22  0  70604  1208  1087  560606  1186  70604  0  69317  110161  13967  2008  146998304  1320  2494  1873  1873  37.9925781331  
1439933606  0  295451  113041  44  22  10560774  2251  69920  69883  15657838364  2277  0  288407  288429  22  0  70604  1208  1121  568343  1194  70604  0  69920  113041  14162  2046  326041056  2880  5497  5903  5903  38.2604898951  
1439933616  0  299641  115447  44  22  10565239  2254  70015  69978  15901463188  2277  0  292693  292715  22  0  70604  1208  1151  574139  1200  70604  0  70015  115447  14297  2075  243624824  2406  4190  4286  4286  38.528439032  
1439933626  0  304363  117593  44  22  10577656  2269  70431  70394  16167340619  2284  0  297560  297582  22  0  70779  1210  1177  581138  1203  70779  0  70431  117593  14482  2116  265877431  2146  4722  4867  4867  38.6357737307  
1439933636  0  308415  119136  44  22  10594930  2292  71114  71077  16372397440  2298  0  301003  301025  22  0  71295  1210  1195  587487  1197  71295  0  71114  119136  14641  2142  205056821  1543  4052  3443  3443  38.6284713779  
1439933646  0  314981  122488  44  22  10599983  2296  71172  71135  16732271142  2333  0  307676  307698  22  0  72513  1221  1233  597292  1203  72513  0  71172  122488  14885  2188  359873702  3352  6566  6673  6673  38.8874249558  
1439933656  0  320083  125499  44  22  10570524  2268  70156  70119  17038709179  2333  0  312755  312777  22  0  72513  1221  1265  604730  1196  72513  0  70156  125499  15076  2232  306438037  3011  5102  5079  5079  39.2082678555  
1439933666  0  325461  127413  44  22  10612710  2332  71436  71399  17328323351  2345  0  318097  318119  22  0  72513  1243  1294  611324  1227  72513  0  71436  127413  15242  2270  289614172  1914  5378  5342  5342  39.1484694019  
1439933676  0  329069  129109  44  22  10592370  2352  70901  70864  17541030515  2367  0  322474  322496  22  0  72513  1243  1317  617981  1231  72513  0  70901  129109  15383  2313  212707164  1696  3608  4377  4377  39.2346286037  
1439933686  0  334240  132101  44  22  10625260  2358  71778  71741  17906877408  2367  0  328608  328630  22  0  72513  1246  1346  624974  1243  72513  0  71778  132101  15548  2355  365846893  2992  5171  6134  6134  39.5227979895  
1439933696  0  340860  136168  44  22  10548378  2328  69603  69566  18313461198  2367  0  333820  333842  22  0  72513  1246  1367  635733  1234  72513  0  69603  136168  15777  2411  406583790  4067  6620  5212  5212  39.948365898  
1439933706  0  345573  138644  44  22  10551502  2299  69752  69715  18611014764  2367  0  339166  339188  22  0  72513  1246  1392  644169  1207  72513  0  69752  138644  15998  2459  297553566  2476  4713  5346  5346  40.1200325257  
1439933716  0  350250  141912  44  22  10513713  2239  68503  68466  18960362869  2367  0  343563  343585  22  0  72513  1246  1416  651159  1183  72513  0  68503  141912  16154  2501  349348105  3268  4677  4397  4397  40.5173447537  
1439933726  0  356101  144807  44  22  10531748  2333  69010  68973  19303318774  2367  0  349388  349410  22  0  72513  1246  1439  659298  1234  72513  0  69010  144807  16369  2548  342955905  2895  5851  5825  5825  40.6645867324  
1439933736  0  361537  148191  44  22  10513231  2281  68312  68275  19636849874  2367  0  355191  355213  22  0  72513  1246  1473  667471  1216  72513  0  68312  148191  16571  2587  333531100  3384  5436  5803  5803  40.9891657009  
1439933747  0  366444  151133  44  22  10484062  2213  67396  67359  19968111404  2367  0  359400  359422  22  0  72513  1246  1497  674894  1183  72513  0  67396  151133  16753  2624  331261530  2942  4907  4209  4209  41.2431367412  
1439933757  0  371096  153733  44  22  10491275  2212  67595  67558  20259421268  2367  0  364364  364386  22  0  72513  1246  1525  682557  1189  72513  0  67595  153733  16944  2660  291309864  2600  4652  4964  4964  41.4267467178  
1439933767  0  378453  157517  44  22  10488019  2245  67573  67536  20704771627  2367  0  371067  371089  22  0  72513  1246  1559  691148  1209  72513  0  67573  157517  17146  2700  445350359  3784  7357  6703  6703  41.6212845452  
1439933777  0  382602  159682  44  22  10491544  2255  67643  67606  20954171706  2367  0  374655  374677  22  0  72513  1246  1586  697848  1219  72513  0  67643  159682  17308  2730  249400079  2165  4149  3588  3588  41.7357985583  
1439933787  0  387531  162213  44  22  10500754  2239  68151  68114  21251901676  2367  0  379723  379745  22  0  72513  1246  1609  704575  1197  72513  0  68151  162213  17479  2774  297729970  2531  4929  5068  5068  41.8580707092  
1439933797  0  393388  165040  44  22  10524332  2253  68930  68893  21608030288  2367  0  385974  385996  22  0  72513  1246  1637  712274  1197  72513  0  68930  165040  17646  2819  356128612  2827  5857  6251  6251  41.9534912097  
1439933807  0  397017  167126  44  22  10535629  2261  69367  69330  21872023041  2367  0  390296  390318  22  0  72513  1246  1654  717761  1193  72513  0  69367  167126  17788  2853  263992753  2086  3629  4322  4322  42.0954266442  
1439933817  0  402345  169640  44  22  10532347  2248  68927  68890  22119444105  2367  0  394316  394338  22  0  72513  1246  1677  724718  1199  72513  0  68927  169640  17935  2889  247421064  2514  5328  4020  4020  42.162820465  
1439933827  0  406243  171587  44  22  10560496  2246  69894  69857  22350562592  2367  0  398919  398941  22  0  72513  1246  1691  730233  1201  72513  0  69894  171587  18066  2923  231118487  1947  3898  4603  4603  42.2375277851  
1439933837  0  411571  174586  44  22  10561250  2259  69895  69858  22690989156  2367  0  403710  403732  22  0  72513  1246  1710  738518  1206  72513  0  69895  174586  18243  2956  340426564  2999  5328  4791  4791  42.4194124465  
1439933847  0  418834  178292  44  22  10552724  2260  69717  69680  23118227645  2367  0  410240  410262  22  0  72513  1246  1744  746704  1214  72513  0  69717  178292  18433  3003  427238489  3706  7263  6530  6530  42.5686548848  
1439933857  0  424847  181247  44  22  10553306  2252  69743  69706  23506628856  2367  0  416042  416064  22  0  72513  1246  1769  754556  1208  72513  0  69743  181247  18652  3047  388401211  2955  6013  5802  5802  42.6617111572  
1439933867  0  430718  183872  44  22  10587448  2256  71027  70990  23848001161  2367  0  423275  423297  22  0  72513  1246  1788  763131  1196  72513  0  71027  183872  18896  3097  341372305  2625  5871  7233  7233  42.6896484475  
1439933877  0  435459  186265  44  22  10570303  2269  70333  70296  24130749212  2367  0  428433  428455  22  0  72513  1246  1812  770053  1216  72513  0  70333  186265  19067  3138  282748051  2393  4741  5158  5158  42.7744058568  
1439933887  0  442028  189262  44  22  10572795  2281  70215  70178  24498457170  2367  0  434637  434659  22  0  72513  1246  1835  778415  1220  72513  0  70215  189262  19270  3197  367707958  2997  6569  6204  6204  42.8167446406  
1439933897  0  447414  192014  44  22  10573022  2272  70243  70206  24810273961  2367  0  439590  439612  22  0  72513  1246  1860  787164  1211  72513  0  70243  192014  19487  3237  311816791  2752  5386  4953  4953  42.9164040464  
1439933907  0  451923  194269  44  22  10598442  2297  71038  71001  25063253198  2367  0  444444  444466  22  0  72513  1246  1885  792745  1224  72513  0  71038  194269  19638  3264  252979237  2255  4509  4854  4854  42.9871902957  
1439933917  0  459026  197765  44  22  10614576  2320  71646  71609  25488651955  2367  0  451596  451618  22  0  72513  1250  1922  801784  1242  72513  0  71646  197765  19839  3316  425398757  3496  7103  7152  7152  43.0836161786  
1439933927  0  464368  200978  44  22  10620900  2321  71799  71762  25826072794  2367  0  457425  457447  22  0  72513  1250  1957  810331  1246  72513  0  71799  200978  20027  3354  337420839  3213  5342  5829  5829  43.279898701  
1439933937  0  470572  203643  44  22  10614804  2298  71839  71802  26170719138  2367  0  463396  463418  22  0  72513  1250  1991  819957  1216  72513  0  71839  203643  20265  3404  344646344  2665  6204  5971  5971  43.2756305093  
1439933947  0  476691  206454  44  22  10636513  2382  72572  72535  26512407214  2385  0  469394  469416  22  0  73060  1269  2024  830313  1268  73060  0  72572  206454  20514  3451  341688076  2811  6119  5998  5998  43.3098170513  
1439933957  0  487527  212417  44  22  10635116  2314  72492  72455  27233863461  2385  0  480262  480284  22  0  73060  1269  2074  845727  1215  73060  0  72492  212417  20904  3537  721456247  5963  10836  10868  10868  43.5703048241  
1439933967  0  491992  214921  44  22  9165794  2325  72464  72431  27508081372  2385  0  484544  484566  22  0  73060  1269  2100  851972  1223  73060  0  72464  214921  21026  3569  274217911  2504  4465  4282  4282  43.6838403876  
1439933977  0  493259  216157  44  22  6067698  2283  71146  71116  27568022420  2385  0  484544  484566  22  0  73060  1269  2100  852236  1205  73060  0  71146  216157  21028  3570  59941048  1236  1267  0  0  43.8222110494  
1439933987  0  493259  216157  44  22  6067698  2283  71146  71116  27568022420  2385  0  484544  484566  22  0  73060  1269  2100  852236  1205  73060  0  71146  216157  21028  3570  0  0  0  0  0  43.8222110494  
1439933997  0  493259  216157  44  22  6067698  2283  71146  71116  27568022420  2385  0  484544  484566  22  0  73060  1269  2100  852236  1205  73060  0  71146  216157  21028  3570  0  0  0  0  0  43.8222110494  
1439934007  0  493259  216157  44  22  6067698  2283  71146  71116  27568022420  2385  0  484544  484566  22  0  73060  1269  2100  852236  1205  73060  0  71146  216157  21028  3570  0  0  0  0  0  43.8222110494  
1439934017  0  493259  216157  44  22  6067698  2283  71146  71116  27568022420  2385  0  484544  484566  22  0  73060  1269  2100  852236  1205  73060  0  71146  216157  21028  3570  0  0  0  0  0  43.8222110494  
1439934027  0  493259  216157  44  22  6067698  2283  71146  71116  27568022420  2385  0  484544  484566  22  0  73060  1269  2100  852236  1205  73060  0  71146  216157  21028  3570  0  0  0  0  0  43.8222110494  
1439934037  0  493259  216157  44  22  6067698  2283  71146  71116  27568022420  2385  0  484544  484566  22  0  73060  1269  2100  852236  1205  73060  0  71146  216157  21028  3570  0  0  0  0  0  43.8222110494  
1439934047  0  493259  216157  44  22  6067698  2283  71146  71116  27568022420  2385  0  484544  484566  22  0  73060  1269  2100  852236  1205  73060  0  71146  216157  21028  3570  0  0  0  0  0  43.8222110494  
