#type:G;
#time  Rt  Nm  Tt  Nc  Rx  Gz  Pc  Pf  Ra  Te  Pm  Fp  Fc  Ta  Fm  Om  Lm  Oc  Sm  Sc  Em  Af  Ea  Cf  Ec  Gd  Zt  Et  Ep  dedup_put_diff  total_eph_put_diff  dedup_factor  dedup_curr  compression_saving  tze_saving  
1439625527  0  0  19835  0  0  0  0  0  0  19542  0  0  0  0  0  0  0  0  0  0  0  0  0  0  0  0  0  0  0  0  0  0 0 0 0 
1439625537  0  0  19848  0  0  0  0  0  0  19546  0  0  0  0  0  0  0  0  0  0  0  0  0  0  0  0  0  0  0  0  0  0 0 0 0 
1439625547  0  805  70823  748  0  0  11057  0  0  19998  11876  0  2891  545  3416  941  0  774  3415  2891  11876  0  0  0  11057  8755  0  0  13618  8755  13618  64.2899104127  73.85366736  100.0  100.0  
1439625557  0  805  89016  739  0  0  11100  0  0  19998  11876  0  3193  243  3416  941  0  748  3415  3193  11876  0  0  0  11100  8880  0  0  14045  125  427  63.2253470986  71.2342342342  100.0  100.0  
1439625567  0  805  162001  665  0  0  10803  0  0  19998  11876  0  3955  4  3958  941  0  647  3957  3955  11876  0  0  0  10803  8885  0  0  14815  5  770  59.9730003375  63.3897991299  100.0  100.0  
1439625577  0  805  209459  661  0  0  10797  0  0  19998  11876  0  3933  26  3958  941  0  629  3957  3933  11876  0  0  0  10797  8904  0  0  14852  19  37  59.9515216806  63.5732147819  100.0  100.0  
1439625587  0  805  289752  618  0  0  10460  0  0  19998  11876  0  3881  88  3958  941  0  544  3957  3881  11876  0  0  0  10460  9330  0  0  15283  426  431  61.0482235163  62.896749522  100.0  100.0  
1439625597  0  805  386418  582  0  0  10641  0  0  19998  11876  0  3809  173  3958  941  0  493  3957  3809  11876  0  0  0  10641  10092  0  0  16139  762  856  62.5317553752  64.204492059  100.0  100.0  
1439625607  0  805  449597  566  0  0  10298  0  0  19998  11876  0  3784  199  3958  941  0  478  3957  3784  11876  0  0  0  10298  10092  0  0  16139  0  0  62.5317553752  63.2550009711  100.0  100.0  
1439625617  0  805  540825  638  0  0  11326  0  0  19998  11876  0  3871  102  3958  941  0  534  3957  3871  11876  0  0  0  11326  11036  0  0  17175  944  1036  64.2561863173  65.8220024722  100.0  100.0  
1439625627  0  808  632538  808  0  0  14480  0  0  19998  14480  0  4002  1  4003  941  0  682  4002  4002  14480  0  0  0  14480  14253  0  0  20533  3217  3358  69.4150879073  72.361878453  100.0  100.0  
1439625637  0  1272  748086  1272  0  0  24001  0  0  19998  24001  0  4487  1  4488  1081  0  1081  4487  4487  24001  0  0  0  24001  24214  0  0  30984  9961  10451  78.1500129099  81.3049456273  100.0  100.0  
1439625647  0  3230  908504  3230  0  0  69572  0  0  19998  69572  0  6291  1  6292  2858  0  2858  6291  6291  69572  0  0  0  69572  68002  0  0  76615  43788  45631  88.7580760948  90.957569137  100.0  100.0  
1439625657  0  4440  1018942  4440  0  0  96562  0  0  19998  96562  0  7362  1  7363  3968  0  3968  7362  7362  96562  0  0  0  96562  94225  0  0  103995  26223  27380  90.6053175633  92.3758828525  100.0  100.0  
1439625667  0  4797  1129506  4797  0  0  105945  0  0  19998  105945  0  7710  1  7711  4298  0  4298  7710  7710  105945  0  0  0  105945  119746  0  0  130601  25521  26606  91.6884250503  92.7226391052  100.0  100.0  
1439625677  0  5066  1228335  4815  0  0  105734  0  0  19998  111737  0  7670  457  7915  4528  0  4303  7914  7670  111737  0  0  0  105734  136654  0  0  148187  16908  17586  92.217266022  92.7459473774  100.0  100.0  
1439625687  0  5216  1315698  4866  0  0  105644  0  0  19998  113673  0  7696  508  7996  4669  0  4355  7995  7696  113673  0  0  0  105644  149811  0  0  161919  13157  13732  92.5221870194  92.7151565636  100.0  100.0  
1439625697  0  5400  1438650  5400  0  0  117825  0  0  19998  117825  0  7771  130  7996  4810  0  4810  7995  7771  117825  0  0  0  117825  169210  0  0  182108  19399  20189  92.9173896808  93.4046255039  100.0  100.0  
1439625707  0  5676  1571300  5674  0  0  125375  0  0  19998  125380  0  7389  570  8002  5040  0  5040  8002  7389  125380  0  0  0  125375  192571  0  0  206458  23361  24350  93.2736924701  94.1064805583  100.0  100.0  
1439625717  0  6117  1669877  6117  0  0  135188  0  0  19998  135188  0  7702  1  8002  5440  0  5440  8002  7702  135188  0  0  0  135188  208409  0  0  222914  15838  16456  93.4930062715  94.3027487647  100.0  100.0  
1439625727  0  6569  1799233  6569  0  0  144644  0  0  19998  144644  0  7967  1  8002  5839  0  5839  8002  7967  144644  0  0  0  144644  235250  0  0  250775  26841  27861  93.8091915063  94.4919941373  100.0  100.0  
1439625737  0  7374  1922729  7374  0  0  162608  0  0  19998  162608  0  8605  1  8606  6578  0  6578  8605  8605  162608  0  0  0  162608  258758  0  0  275178  23508  24403  94.0329532157  94.7081324412  100.0  100.0  
1439625747  0  8186  2034552  8186  0  0  180030  0  0  19998  180030  0  9069  1  9070  7338  0  7338  9069  9069  180030  0  0  0  180030  282447  0  0  299590  23689  24412  94.2778463901  94.962506249  100.0  100.0  
1439625757  0  9464  2175186  9364  0  0  206746  0  0  19998  209018  0  9824  245  9986  8556  0  8461  9985  9824  209018  0  0  0  206746  333505  0  0  352320  51058  52730  94.6596843778  95.2482756619  100.0  100.0  
1439625767  0  10536  2286373  9974  0  0  221789  0  0  19998  233485  0  10440  370  10660  9520  0  8983  10659  10440  233485  0  0  0  221789  378187  0  0  398427  44682  46107  94.9200229904  95.2928233591  100.0  100.0  
1439625777  0  10989  2383024  10989  0  0  242545  0  0  19998  242545  0  10909  1  10910  9936  0  9936  10909  10909  242545  0  0  0  242545  405764  0  0  426766  27577  28339  95.0788019664  95.5022779278  100.0  100.0  
1439625787  0  11825  2512869  11551  0  0  254623  0  0  19998  261472  0  11124  464  11401  10711  0  10464  11400  11124  261472  0  0  0  254623  459206  0  0  481738  53442  54972  95.3227688079  95.6311880702  100.0  100.0  
1439625797  0  13047  2676513  13047  0  0  286893  0  0  19998  286893  0  11310  295  11794  11825  0  11825  11793  11310  286893  0  0  0  286893  526176  0  0  549643  66970  67905  95.7305014346  96.0577636959  100.0  100.0  
1439625807  0  14331  2804494  14239  0  0  314182  0  0  19998  316120  0  11592  58  11794  12993  0  12926  11793  11592  316120  0  0  0  314182  587904  0  0  611994  61728  62351  96.0636868989  96.3104188018  100.0  100.0  
1439625817  0  15828  2961231  15141  0  0  335969  0  0  19998  351086  0  11003  871  11794  14353  0  13723  11793  11003  351086  0  0  0  335969  664413  0  0  688901  76509  76907  96.4453528156  96.7249954609  100.0  100.0  
1439625827  0  16579  3101516  16351  0  0  363166  0  0  19998  368200  0  10538  336  11794  15026  0  14809  11793  10538  368200  0  0  0  363166  732652  0  0  757532  68239  68631  96.715650296  97.0982966467  100.0  100.0  
1439625837  0  17389  3265394  17139  0  0  382589  0  0  19998  388262  0  9535  839  11794  15762  0  15521  11793  9535  388262  0  0  0  382589  812988  0  0  838361  80336  80829  96.9734994829  97.507769434  100.0  100.0  
1439625847  0  18250  3398033  17538  0  0  392716  0  0  19998  408038  0  9931  142  11794  16532  0  15873  11793  9931  408038  0  0  0  392716  877676  0  0  903703  64688  65342  97.1199608721  97.4712005622  100.0  100.0  
1439625857  0  18560  3573764  18216  0  0  410430  0  0  19998  417204  0  10412  402  11794  16790  0  16469  11793  10412  417204  0  0  0  410430  962901  0  0  989799  85225  86096  97.2824785638  97.4631484053  100.0  100.0  
1439625867  0  18673  3711333  18497  0  0  417666  0  0  19998  420703  0  10391  172  11794  16892  0  16730  11793  10391  420703  0  0  0  417666  1029519  0  0  1057118  66618  67319  97.3892223952  97.5121269148  100.0  100.0  
1439625877  0  18898  3827682  18361  0  0  414112  0  0  19998  427148  0  11120  284  11794  17127  0  16641  11793  11120  427148  0  0  0  414112  1085688  0  0  1114016  56169  56898  97.4571280843  97.31473611  100.0  100.0  
1439625887  0  19080  3928247  19080  0  0  431720  0  0  19998  431720  0  11473  1  11794  17306  0  17306  11793  11473  431720  0  0  0  431720  1134723  0  0  1163619  49035  49603  97.5167129447  97.3424905031  100.0  100.0  
1439625897  0  19468  4022033  18745  0  0  423783  0  0  19998  439758  0  11931  99  11932  17678  0  17004  11931  11931  439758  0  0  0  423783  1179823  0  0  1209391  45100  45772  97.5551331207  97.1846440277  100.0  100.0  
1439625907  0  19602  4124283  18969  0  0  428625  0  0  19998  442772  0  12239  717  12644  17821  0  17246  12643  12239  442772  0  0  0  428625  1229096  0  0  1259409  49273  50018  97.5930773879  97.1445902596  100.0  100.0  
1439625917  0  19693  4266320  19525  0  0  439816  0  0  19998  445234  0  13028  53  13029  17915  0  17792  13028  13028  445233  0  0  0  439816  1297859  0  0  1329162  68763  69753  97.6449070918  97.0378521927  100.0  100.0  
1439625927  0  20256  4401286  20043  0  0  450915  0  0  19998  455666  0  13427  352  13652  18475  0  18269  13651  13427  455666  0  0  0  450915  1363026  0  0  1395289  65167  66127  97.687719175  97.0222769258  100.0  100.0  
1439625937  0  20729  4514589  20466  0  0  460062  0  0  19998  465662  0  12986  771  13652  18893  0  18668  13651  12986  465662  0  0  0  460062  1418344  0  0  1451221  55318  55932  97.734528373  97.1773369676  100.0  100.0  
1439625947  0  20895  4668759  20452  0  0  457713  0  0  19998  469185  0  13451  310  13652  19055  0  18685  13651  13451  469185  0  0  0  457713  1492272  0  0  1526257  73928  75036  97.7733107858  97.0612589112  100.0  100.0  
1439625957  0  20895  4814669  20487  0  0  458630  0  0  19998  469185  0  13416  430  13652  19055  0  18703  13651  13416  469185  0  0  0  458630  1562737  0  0  1597652  70465  71395  97.8146054335  97.0747661514  100.0  100.0  
1439625967  0  21014  4965035  20414  0  0  457428  0  0  19998  470883  0  13067  883  13652  19178  0  18554  13651  13067  470883  0  0  0  457428  1636274  0  0  1671370  73537  73718  97.9001657323  97.1433755695  100.0  100.0  
1439625977  0  21014  5132306  20901  0  0  468080  0  0  19998  470883  0  12692  874  13652  19178  0  19006  13651  12692  470883  0  0  0  468080  1717668  0  0  1753348  81394  81978  97.9650360339  97.2884976927  100.0  100.0  
1439625987  0  21330  5278719  21030  0  0  472375  0  0  19998  479468  0  12343  1070  13652  19386  0  19103  13651  12343  479468  0  0  0  472375  1789303  0  0  1825444  71635  72096  98.0201529053  97.3870336068  100.0  100.0  
1439625997  0  21330  5417255  20235  0  0  456063  0  0  19998  479468  0  12039  1580  13652  19386  0  18366  13651  12039  479468  0  0  0  456063  1855898  0  0  1892490  66595  67046  98.0664627026  97.3602331257  100.0  100.0  
1439626007  0  21330  5537249  21003  0  0  472753  0  0  19998  479468  0  12091  1326  13652  19386  0  19074  13651  12091  479468  0  0  0  472753  1914310  0  0  1951523  58412  59033  98.0931303397  97.4424276525  100.0  100.0  
1439626017  0  21379  5651570  21104  0  0  476395  0  0  19998  482364  0  12518  761  13652  19398  0  19151  13651  12518  482364  0  0  0  476395  1969440  0  0  2007425  55130  55902  98.1077748857  97.3723485763  100.0  100.0  
1439626027  0  21379  5752804  21116  0  0  476916  0  0  19998  483025  0  13062  36  13652  19401  0  19175  13651  13062  483025  0  0  0  476916  2018064  0  0  2056931  48624  49506  98.1104373457  97.2611529074  100.0  100.0  
1439626037  0  21710  5870068  20880  0  0  472458  0  0  19998  491870  0  13238  579  13652  19732  0  19004  13651  13238  491870  0  0  0  472458  2074367  0  0  2114224  56303  57293  98.1148165946  97.1980578168  100.0  100.0  
1439626047  0  21869  6041429  21607  0  0  486172  0  0  19998  492432  0  14741  100  14742  19905  0  19657  14741  14741  492432  0  0  0  486172  2157132  0  0  2198559  82765  84335  98.1157203423  96.9679455008  100.0  100.0  
1439626057  0  21931  6186334  21481  0  0  483542  0  0  19998  493741  0  14779  290  14781  19956  0  19535  14779  14779  493741  0  0  0  483542  2227641  0  0  2269273  70509  70714  98.1654036337  96.9435953857  100.0  100.0  
1439626067  0  22120  6338006  21482  0  0  485335  0  0  19998  499796  0  14450  319  14781  20100  0  19516  14779  14450  499796  0  0  0  485335  2301730  0  0  2343502  74089  74229  98.2175393919  97.0226750595  100.0  100.0  
1439626077  0  22120  6458057  21706  0  0  490698  0  0  19998  499796  0  14306  497  14781  20100  0  19740  14779  14306  499796  0  0  0  490698  2360244  0  0  2402334  58514  58832  98.2479538649  97.0845611761  100.0  100.0  
1439626087  0  22128  6586437  21657  0  0  491570  0  0  19998  500891  0  13731  1021  14781  20123  0  19685  14779  13731  500891  0  0  0  491570  2422758  0  0  2465065  62514  62731  98.28373694  97.2067050471  100.0  100.0  
1439626097  0  22128  6706990  21188  0  0  480306  0  0  19998  500891  0  13622  1177  14781  20123  0  19249  14779  13622  500891  0  0  0  480306  2480835  0  0  2523693  58077  58628  98.3017744234  97.1638913526  100.0  100.0  
1439626107  0  22128  6829596  21444  0  0  486342  0  0  19998  500891  0  13492  1458  14781  20123  0  19497  14779  13492  500891  0  0  0  486342  2540572  0  0  2583826  59737  60133  98.3259708665  97.2258205131  100.0  100.0  
1439626118  0  22185  6945320  21491  0  0  487929  0  0  19998  503050  0  13591  1055  14781  20206  0  19570  14779  13591  503050  0  0  0  487929  2596975  0  0  2640585  56403  56759  98.3484720242  97.2145537568  100.0  100.0  
1439626128  0  22185  7070414  22101  0  0  499667  0  0  19998  503050  0  13336  1310  14781  20206  0  20143  14779  13336  503050  0  0  0  499667  2658049  0  0  2701938  61074  61353  98.3756474057  97.331022461  100.0  100.0  
1439626138  0  22331  7174531  22006  0  0  495708  0  0  19998  503602  0  12580  2197  14781  20365  0  20106  14779  12580  503602  0  0  0  495708  2708455  0  0  2752509  50406  50571  98.3994966047  97.4622156592  100.0  100.0  
1439626148  0  22331  7299217  21923  0  0  493074  0  0  19998  503602  0  11941  2813  14781  20365  0  20032  14779  11941  503602  0  0  0  493074  2769413  0  0  2813726  60958  61217  98.4251131773  97.578253974  100.0  100.0  
1439626158  0  22331  7421790  21773  0  0  487593  0  0  19998  503602  0  11228  3689  14781  20365  0  19895  14779  11228  503602  0  0  0  487593  2828979  0  0  2873649  59566  59923  98.445530404  97.6972598048  100.0  100.0  
1439626168  0  22500  7584204  22134  0  0  491984  0  0  19998  503602  0  10653  4093  14781  20591  0  20264  14779  10653  503602  0  0  0  491984  2907829  0  0  2952914  78850  79265  98.4732030801  97.8346856808  100.0  100.0  
1439626178  0  22613  7736053  21951  0  0  489201  0  0  19998  503897  0  10566  4227  14781  20674  0  20061  14779  10566  503897  0  0  0  489201  2981611  0  0  3027311  73782  74397  98.4904094756  97.8401515941  100.0  100.0  
1439626188  0  22613  7888036  21847  0  0  488646  0  0  19998  503897  0  10744  4066  14781  20674  0  19893  14779  10744  503897  0  0  0  488646  3055091  0  0  3101575  73480  74264  98.5012775767  97.801271268  100.0  100.0  
1439626198  0  22613  8045777  22061  0  0  494797  0  0  19998  504793  0  10627  3989  14781  20674  0  20047  14779  10627  504793  0  0  0  494797  3131778  0  0  3178747  76687  77172  98.5224052119  97.8522505189  100.0  100.0  
1439626208  0  22613  8174191  21735  0  0  488154  0  0  19998  506278  0  10392  4159  14781  20674  0  19718  14779  10392  506278  0  0  0  488154  3193518  0  0  3241128  61740  62381  98.5310669619  97.8711636082  100.0  100.0  
1439626218  0  22613  8321626  21743  0  0  489238  0  0  19998  506278  0  10421  4154  14781  20674  0  19749  14779  10421  506278  0  0  0  489238  3264827  0  0  3313286  71309  72158  98.5374338346  97.8699528655  100.0  100.0  
1439626228  0  22613  8487328  22115  0  0  500937  0  0  19998  509486  0  10949  3449  14781  20674  0  20069  14779  10949  509486  0  0  0  500937  3345111  0  0  3394777  80284  81491  98.5369878493  97.8142960093  100.0  100.0  
1439626238  0  22613  8610099  22504  0  0  510035  0  0  19998  510035  0  11105  3234  14781  20674  0  20397  14779  11105  510035  0  0  0  510035  3404324  0  0  3454865  59213  60088  98.5371063703  97.8226984423  100.0  100.0  
1439626248  0  22613  8723343  22263  0  0  504228  0  0  19998  511501  0  11464  2992  14781  20674  0  20177  14779  11464  511501  0  0  0  504228  3458580  0  0  3510100  54256  55235  98.5322355488  97.7264253473  100.0  100.0  
1439626258  0  22625  8836875  21674  0  0  492053  0  0  19998  513342  0  12376  2042  14781  20674  0  19668  14779  12376  513342  0  0  0  492053  3512602  0  0  3565334  54022  55234  98.5209800821  97.4848237893  100.0  100.0  
1439626268  0  22625  8968184  22179  0  0  504175  0  0  19998  513342  0  13014  1410  14781  20674  0  20125  14779  13014  513342  0  0  0  504175  3576485  0  0  3630124  63883  64790  98.5223920726  97.418753409  100.0  100.0  
1439626278  0  22625  9133441  22274  0  0  502882  0  0  19998  513342  0  13638  866  14781  20674  0  20237  14779  13638  513342  0  0  0  502882  3655519  0  0  3710818  79034  80694  98.5097894858  97.2880317848  100.0  100.0  
1439626288  0  22625  9260259  21889  0  0  494228  0  0  19998  513342  0  13809  878  14781  20674  0  19899  14779  13809  513342  0  0  0  494228  3715949  0  0  3772494  60430  61676  98.50112419  97.2059454341  100.0  100.0  
1439626298  0  22625  9363869  22018  0  0  497466  0  0  19998  513342  0  14001  704  14781  20674  0  20015  14779  14001  513342  0  0  0  497466  3766086  0  0  3823477  50137  50983  98.4989840399  97.185536298  100.0  100.0  
1439626308  0  22625  9490051  21678  0  0  490568  0  0  19998  513342  0  14334  360  14781  20674  0  19704  14779  14334  513342  0  0  0  490568  3826389  0  0  3885012  60303  61535  98.4910471319  97.0780809184  100.0  100.0  
1439626318  0  22625  9593647  21696  0  0  489424  0  0  19998  513342  0  14451  252  14781  20674  0  19763  14779  14451  513342  0  0  0  489424  3876233  0  0  3935314  49844  50302  98.4986966733  97.047345451  100.0  100.0  
1439626328  0  22625  9715856  21404  0  0  483752  0  0  19998  513342  0  14465  326  14781  20674  0  19495  14779  14465  513342  0  0  0  483752  3935196  0  0  3994916  58963  59602  98.5050999821  97.0098314839  100.0  100.0  
1439626338  0  22625  9841398  21933  0  0  494855  0  0  19998  513342  0  14272  623  14781  20674  0  20000  14779  14272  513342  0  0  0  494855  3996507  0  0  4056726  61311  61810  98.5155763539  97.1159228461  100.0  100.0  
1439626348  0  22625  9975308  21938  0  0  493480  0  0  19998  513342  0  14132  660  14781  20674  0  20031  14779  14132  513342  0  0  0  493480  4060905  0  0  4122061  64398  65335  98.5163732414  97.1362567885  100.0  100.0  
1439626358  0  22719  10122632  22331  0  0  502704  0  0  19998  513342  0  13978  524  14781  20734  0  20388  14779  13978  513342  0  0  0  502704  4132208  0  0  4194370  71303  72309  98.5179657493  97.2194372832  100.0  100.0  
1439626368  0  22719  10253683  22130  0  0  496001  0  0  19998  513342  0  13932  696  14781  20734  0  20189  14779  13932  513342  0  0  0  496001  4195413  0  0  4258413  63205  64043  98.5205756229  97.1911346953  100.0  100.0  
1439626378  0  22719  10390804  22333  0  0  500336  0  0  19998  513342  0  13796  863  14781  20734  0  20407  14779  13796  513342  0  0  0  500336  4261471  0  0  4325332  66058  66919  98.5235584228  97.2426529372  100.0  100.0  
1439626388  0  22719  10520516  21930  0  0  492587  0  0  19998  513342  0  13534  1164  14781  20743  0  20040  14779  13534  513342  0  0  0  492587  4324016  0  0  4388509  62545  63177  98.5304120374  97.2524650468  100.0  100.0  
1439626398  0  22719  10665178  21601  0  0  485442  0  0  19998  513342  0  13249  1515  14781  20743  0  19677  14779  13249  513342  0  0  0  485442  4394223  0  0  4459225  70207  70716  98.5423027544  97.2707347119  100.0  100.0  
1439626408  0  22719  10791103  22051  0  0  493956  0  0  19998  513342  0  12541  2274  14781  20743  0  20106  14779  12541  513342  0  0  0  493956  4455608  0  0  4521033  61385  61808  98.5528749735  97.4611098964  100.0  100.0  
1439626418  0  22719  10931526  22010  0  0  490792  0  0  19998  513342  0  11520  3298  14781  20743  0  20040  14779  11520  513342  0  0  0  490792  4523723  0  0  4589410  68115  68377  98.5687266991  97.6527734763  100.0  100.0  
1439626428  0  22719  11097876  22411  0  0  500321  0  0  19998  513342  0  10681  4064  14781  20743  0  20434  14779  10681  513342  0  0  0  500321  4604601  0  0  4670944  80878  81534  98.5796661232  97.8651705605  100.0  100.0  
1439626438  0  22732  11248156  22443  0  0  503647  0  0  19998  513342  0  10109  4489  14781  20743  0  20422  14779  10109  513342  0  0  0  503647  4677984  0  0  4744780  73383  73836  98.5922213464  97.9928402234  100.0  100.0  
1439626448  0  22732  11392627  22301  0  0  502057  0  0  19998  513342  0  10368  4341  14781  20743  0  20239  14779  10368  513342  0  0  0  502057  4747717  0  0  4815132  69733  70352  98.5999345397  97.9348958385  100.0  100.0  
1439626458  0  22732  11567192  21809  0  0  493146  0  0  19998  513342  0  10211  4563  14781  20743  0  19751  14779  10211  513342  0  0  0  493146  4832135  0  0  4900420  84418  85288  98.6065480102  97.9294164406  100.0  100.0  
1439626468  0  22732  11701580  22622  0  0  512142  0  0  19998  513342  0  10508  3966  14781  20743  0  20474  14779  10508  513342  0  0  0  512142  4897283  0  0  4966198  65148  65778  98.6123187195  97.9482252969  100.0  100.0  
1439626478  0  22732  11828202  21795  0  0  492773  0  0  19998  513500  0  10661  3839  14781  20743  0  19768  14779  10661  513500  0  0  0  492773  4958319  0  0  5028019  61036  61821  98.613768166  97.836529193  100.0  100.0  
1439626488  0  22732  11952218  22092  0  0  501581  0  0  19998  513500  0  11061  3557  14781  20743  0  20048  14779  11061  513500  0  0  0  501581  5018395  0  0  5088834  60076  60815  98.615812581  97.794772928  100.0  100.0  
1439626498  0  22732  12046899  22060  0  0  500649  0  0  19998  513500  0  11675  2815  14781  20743  0  20056  14779  11675  513500  0  0  0  500649  5063773  0  0  5134826  45378  45992  98.6162530142  97.6680269011  100.0  100.0  
1439626508  0  22732  12144568  21768  0  0  494629  0  0  19998  514057  0  12108  2385  14781  20743  0  19790  14779  12108  514057  0  0  0  494629  5110765  0  0  5182714  46992  47888  98.611750523  97.5521047088  100.0  100.0  
1439626518  0  22732  12281150  22087  0  0  500712  0  0  19998  514057  0  12788  1833  14781  20743  0  20128  14779  12788  514057  0  0  0  500712  5175928  0  0  5249145  65163  66431  98.6051633171  97.4460368435  100.0  100.0  
1439626528  0  22732  12395026  22318  0  0  505218  0  0  19998  514057  0  13450  935  14781  20743  0  20326  14779  13450  514057  0  0  0  505218  5230697  0  0  5304860  54769  55715  98.6019800711  97.3377828977  100.0  100.0  
1439626538  0  22732  12507216  22324  0  0  505344  0  0  19998  514057  0  13758  715  14781  20743  0  20332  14779  13758  514057  0  0  0  505344  5284604  0  0  5359609  53907  54749  98.6005508984  97.2774981003  100.0  100.0  
1439626548  0  22732  12597484  22365  0  0  505295  0  0  19998  514057  0  13434  1100  14781  20743  0  20426  14779  13434  514057  0  0  0  505295  5328588  0  0  5404008  43984  44399  98.6043692015  97.34135505  100.0  100.0  
1439626558  0  22732  12710381  21739  0  0  492446  0  0  19998  514057  0  13821  785  14781  20743  0  19842  14779  13821  514057  0  0  0  492446  5382528  0  0  5458943  53940  54935  98.600186886  97.1933978548  100.0  100.0  
1439626568  0  22732  12816038  21957  0  0  497774  0  0  19998  514057  0  13678  938  14781  20743  0  20080  14779  13678  514057  0  0  0  497774  5432992  0  0  5510371  50464  51428  98.5957569826  97.2521666459  100.0  100.0  
1439626578  0  22732  12905678  21823  0  0  492223  0  0  19998  514057  0  13881  841  14781  20743  0  19984  14779  13881  514057  0  0  0  492223  5476247  0  0  5553965  43255  43594  98.6006753734  97.179936736  100.0  100.0  
1439626588  0  22732  13027041  22205  0  0  499878  0  0  19998  514057  0  13968  623  14781  20743  0  20315  14779  13968  514057  0  0  0  499878  5535536  0  0  5613341  59289  59376  98.6139270712  97.2057181952  100.0  100.0  
1439626598  0  22732  13159995  22433  0  0  503034  0  0  19998  514057  0  13964  632  14781  20743  0  20534  14779  13964  514057  0  0  0  503034  5600622  0  0  5678427  65086  65086  98.6298142074  97.224044498  100.0  100.0  
1439626608  0  22732  13270131  22320  0  0  500805  0  0  19998  514057  0  13870  700  14781  20743  0  20415  14779  13870  514057  0  0  0  500805  5654670  0  0  5732618  54048  54191  98.6402722107  97.2304589611  100.0  100.0  
1439626618  0  22732  13373262  22313  0  0  501792  0  0  19998  514057  0  13172  1409  14781  20743  0  20378  14779  13172  514057  0  0  0  501792  5704451  0  0  5782571  49781  49953  98.649043825  97.3750079714  100.0  100.0  
1439626628  0  22732  13487840  21900  0  0  494119  0  0  19998  514057  0  13625  1107  14781  20743  0  19994  14779  13625  514057  0  0  0  494119  5759992  0  0  5838602  55541  56031  98.653616054  97.2425670739  100.0  100.0  
1439626638  0  22732  13580612  21979  0  0  495259  0  0  19998  514057  0  13719  1026  14781  20743  0  20078  14779  13719  514057  0  0  0  495259  5805026  0  0  5883747  45034  45145  98.6620600784  97.2299342364  100.0  100.0  
1439626648  0  22732  13652088  21682  0  0  489996  0  0  19998  514057  0  13347  1412  14781  20743  0  19813  14779  13347  514057  0  0  0  489996  5839543  0  0  5918599  34517  34852  98.6642784889  97.2761002131  100.0  100.0  
