#type:T;
#time  gt  cn  Pt  Px  gx  cx  gn  gm  Pn  Pm  Ft  cm  pt  Fx  px  ct  pn  Fm  Fn  pm  dn  On  Om  dm  dx  Ox  dt  Ot  Gt  Cn  Cm  Gx  Cx  Gn  Gm  Ct  
1438553978  2292520  0  0  0  12105  0  2505  160  0  2147483647  19984  2147483647  0  1968  0  0  0  329  21  2147483647  0  46  257  2147483647  0  4449  0  54795  0  0  2147483647  0  0  0  2147483647  0  
1438553988  2292520  0  0  0  12105  0  2505  160  0  2147483647  19984  2147483647  0  1968  0  0  0  329  21  2147483647  0  46  257  2147483647  0  4449  0  54795  0  0  2147483647  0  0  0  2147483647  0  
1438553998  185145956  28724  3711607369  696163  513685  690864  109139  154  28719  8142  41637  7153  533384  2622  114210  3501284512  5  236  65  103174  0  46  257  2147483647  0  4449  0  54795  0  25877  272  0  30709  0  2147483647  19196079  
1438554008  489302116  219263  23889072880  965145  522753  950984  173363  154  219302  8142  41637  7153  533384  2622  114210  21969168606  5  236  65  103174  0  46  257  2147483647  0  4449  0  54795  1107881235  343571  266  418585  52931  128519  1721  338450669  
1438554018  489330269  616559  62663418397  965145  522753  950984  173457  154  616686  8142  47194  7153  533384  2622  114210  57350759920  5  236  74  103174  0  46  257  2147483647  0  4449  0  54795  4797964869  1135794  266  430511  522418  526188  1721  1173939472  
1438554028  490618599  965655  97460461654  965145  522753  950984  173639  154  965855  8142  47194  7153  533384  2622  114210  89161524753  5  236  74  103174  0  46  257  2147483647  0  4449  0  54795  7982934689  1832877  266  609143  522418  875253  1721  1908293810  
1438554038  490618599  1310072  131922252491  965145  522753  950984  173639  154  1310336  8142  47194  7153  533384  2622  114210  120677528110  5  236  74  103174  0  46  257  2147483647  0  4449  0  54795  11284287142  2520135  266  664169  522418  1219669  1721  2632375715  
1438554048  490618599  1694333  170544108412  965145  522753  950984  173639  154  1694671  8142  47194  7153  533384  2622  114210  155991926793  5  236  74  103174  0  46  257  2147483647  0  4449  0  54795  15080635438  3287607  266  664169  567468  1604122  1721  3442507883  
1438554058  490618599  2038843  205225189708  965145  522753  950984  173639  154  2039250  8142  47194  7153  533384  2622  114210  187701068271  5  236  74  103174  0  46  257  2147483647  0  4449  0  54795  18471550844  3975427  266  664169  567468  1948507  1721  4167993257  
1438554068  490618599  2383546  239936456120  965145  522753  950984  173639  154  2384028  8142  47194  7153  533384  2622  114210  219455490983  5  236  74  103174  0  46  257  2147483647  0  4449  0  54795  21746303876  4662790  266  703019  567468  2293348  1718  4891989250  
1438554078  490618599  2728627  274676683752  965145  522753  950984  173639  154  2729181  8142  47194  7153  533384  2622  114210  251229954684  5  236  74  103174  0  46  257  2147483647  0  4449  0  54795  25068759107  5351857  266  703019  567468  2638432  1718  5617414088  
1438554088  490618599  3111970  313269652580  965145  522753  950984  173639  154  3112607  8142  47194  7153  533384  2622  114210  286521570617  5  236  74  103174  0  46  257  2147483647  0  4449  0  54795  28730282924  6117375  266  703019  567468  3021843  1718  6422967095  
1438554098  490618599  3455920  347924325753  965145  522753  950984  173639  154  3456630  8142  47194  7153  533384  2622  114210  318212571276  5  236  74  103174  0  46  257  2147483647  0  4449  0  54795  32086747259  6803813  266  703019  567468  3365934  1718  7146858818  
1438554108  490618599  3798680  382472254170  965145  522753  950984  173639  154  3799458  8142  47194  7153  533384  2622  114210  349801602815  5  236  74  103174  0  46  257  2147483647  0  4449  0  54795  35380303207  7488125  266  703019  567468  3708570  1718  7867236953  
1438554118  490618599  4142310  417109801749  965145  522753  950984  173639  154  4143163  8142  47194  7153  533384  2622  114210  381476783315  5  236  74  103174  0  46  257  2147483647  0  4449  0  54795  38642944502  8174609  266  703019  567468  4052497  1718  8589727534  
1438554128  490618599  4524607  455656460515  965145  522753  950984  173639  154  4525513  8142  47194  7153  533384  2622  114210  416749263288  5  236  74  103174  0  46  257  2147483647  0  4449  0  54795  42150659154  8937164  266  703019  567468  4435015  1718  9393112644  
1438554138  490618599  4867037  490184415695  965145  522753  950984  173639  154  4868019  8142  47194  7153  533384  2622  114210  448318275119  5  236  74  103174  0  46  257  2147483647  0  4449  0  54795  45636586940  9620944  266  703019  567468  4777381  1718  10113633394  
1438554148  490618599  5210987  524835385496  965145  522753  950984  173639  154  5212038  8142  47194  7153  533384  2622  114210  480018136838  5  236  74  103174  0  46  257  2147483647  0  4449  0  54795  48829376015  10307809  266  703019  567468  5121398  1675  10836461968  
1438554158  490618599  5591061  563146220569  965145  522753  950984  173639  154  5592195  8142  47194  7153  533384  2622  114210  515058132908  5  236  74  103174  0  46  257  2147483647  0  4449  0  54795  52385429889  11066115  266  734972  567468  5501391  1675  11637609176  
1438554168  490618599  5934471  597747117209  965145  522753  950984  173639  154  5935671  8142  47194  7153  533384  2622  114210  546704651860  5  236  74  103174  0  46  257  2147483647  0  4449  0  54795  55571806862  11751934  266  734972  567468  5844870  1675  12361684905  
1438554178  490618599  6279287  632504036051  965145  522753  950984  173639  154  6280567  8142  47194  7153  533384  2622  114210  578496905507  5  236  74  103174  0  46  257  2147483647  0  4449  0  54795  58685636212  12440652  266  734972  567468  6189840  1675  13087875175  
1438554188  490618599  6623483  667236821392  965145  522753  950984  173639  154  6624841  8142  47194  7153  533384  2622  114210  610265520895  5  236  74  103174  0  46  257  2147483647  0  4449  0  54795  61896542379  13126953  266  734972  567468  6534073  1675  13814288035  
1438554198  490618599  7006328  705827023459  965145  522753  950984  173639  154  7007769  8142  47194  7153  533384  2622  114210  645560735407  5  236  74  103174  0  46  257  2147483647  0  4449  0  54795  65620494263  13891514  266  734972  567468  6917013  1675  14617745274  
1438554208  490618599  7350033  740452653161  965145  522753  950984  173639  154  7351535  8142  47194  7153  533384  2622  114210  677241476885  5  236  74  103174  0  46  257  2147483647  0  4449  0  54795  68848774519  14578048  266  734972  567468  7260878  1648  15339854699  
1438554218  490618599  7693470  775063275409  965145  522753  950984  173639  154  7695049  8142  47194  7153  533384  2622  114210  708903784321  5  236  74  103174  0  46  257  2147483647  0  4449  0  54795  72063657464  15263258  266  734972  567468  7604239  1648  16060307664  
1438554228  490618599  8074069  813460984622  965145  522753  950984  173639  154  8075725  8142  47194  7153  533384  2622  114210  744015487678  5  236  74  103174  0  46  257  2147483647  0  4449  0  54795  75740899312  16023395  266  734972  567468  7984943  1648  16860021900  
1438554238  490618599  8417497  848120550016  965145  522753  950984  173639  154  8419215  8142  47194  7153  533384  2622  114210  775706075829  5  236  74  103174  0  46  257  2147483647  0  4449  0  54795  79058350724  16709439  266  734972  567468  8328624  1648  17581670648  
1438554248  490618599  8759782  882637585962  965145  522753  950984  173639  154  8761579  8142  47194  7153  533384  2622  114210  807270079757  5  236  74  103174  0  46  257  2147483647  0  4449  0  54795  82327635842  17391823  266  734972  567468  8670811  1648  18301885845  
1438554258  490618599  9101919  917148381197  965145  522753  950984  173639  154  9103791  8142  47194  7153  533384  2622  114210  838813618904  5  236  74  103174  0  46  257  2147483647  0  4449  0  54795  85761193465  18075103  266  734972  567468  9012966  1648  19020900687  
1438554268  490618599  9484140  955681146688  965145  522753  950984  173639  154  9486109  8142  47194  7153  533384  2622  114210  874049477014  5  236  74  103174  0  46  257  2147483647  0  4449  0  54795  89353927237  18838516  266  734972  567468  9395379  1648  19825859181  
1438554278  490618599  9827080  990273150386  965145  522753  950984  173639  154  9829107  8142  47194  7153  533384  2622  114210  905682591811  5  236  74  103174  0  46  257  2147483647  0  4449  0  54795  92759182948  19522798  266  734972  567468  9738349  1648  20545750864  
1438554288  490618599  10171109  1024955845943  965145  522753  950984  173639  154  10173219  8142  47194  7153  533384  2622  114210  937412446366  5  236  74  103174  0  46  257  2147483647  0  4449  0  54795  95924581998  20209949  266  734972  567468  10082566  1648  21269577150  
1438554298  490618599  10513678  1059500889078  965145  522753  950984  173639  154  10515867  8142  47194  7153  533384  2622  114210  969001057158  5  236  74  103174  0  46  257  2147483647  0  4449  0  54795  99214219441  20894093  266  734972  567468  10425114  1648  21988974852  
1438554308  490618599  10895961  1098061893019  965145  522753  950984  173639  154  10898228  8142  47194  7153  533384  2622  114210  1004266528438  5  236  74  103174  0  46  257  2147483647  0  4449  0  54795  102878652652  21656591  266  734972  567468  10807541  1648  22794159043  
1438554318  490618599  11239791  1132713314565  965145  522753  950984  173639  154  11242126  8142  47194  7153  533384  2622  114210  1035958377041  5  236  74  103174  0  46  257  2147483647  0  4449  0  54795  106187567414  22343143  266  734972  567468  11151369  1648  23517672855  
1438554328  490618599  11583860  1167390608127  965145  522753  950984  173639  154  11586266  8142  47194  7153  533384  2622  114210  1067662962574  5  236  74  103174  0  46  257  2147483647  0  4449  0  54795  109624969397  23030345  266  734972  607033  11495561  1648  24242037426  
1438554338  490618599  11963613  1205685401596  965145  522753  950984  173639  154  11966104  8142  47194  7153  533384  2622  114210  1102681040716  5  236  74  103174  0  46  257  2147483647  0  4449  0  54795  113365140169  23788188  266  734972  607033  11875320  1648  25043382165  
1438554348  490618599  12306230  1240256275713  965145  522753  950984  173639  154  12308780  8142  47194  7153  533384  2622  114210  1134281092475  5  236  74  103174  0  46  257  2147483647  0  4449  0  54795  116734964547  24472512  266  734972  607033  12218038  1648  25763318095  
1438554358  490618599  12652207  1275073089368  965145  522753  950984  173639  154  12654822  8142  47194  7153  533384  2622  114210  1166158354200  5  236  74  103174  0  46  257  2147483647  0  4449  0  54795  119908977188  25163462  266  734972  607033  12564079  1648  26479405930  
1438554368  490618599  12998044  1309761439558  965145  522753  950984  173639  154  13000732  8142  47194  7153  533384  2622  114210  1197996255955  5  236  74  103174  0  46  257  2147483647  0  4449  0  54795  122964015092  25853181  266  734972  607033  12910045  1648  27177437681  
1438554378  490618599  13381002  1348184113866  965145  522753  950984  173639  154  13383770  8142  47194  7153  533384  2622  114210  1233252148744  5  236  74  103174  0  46  257  2147483647  0  4449  0  54795  126394883903  26617933  266  734972  607033  13293070  1648  27952732475  
1438554388  490618599  13725155  1382717431423  965145  522753  950984  173639  154  13728000  8142  47194  7153  533384  2622  114210  1264937065831  5  236  74  103174  0  46  257  2147483647  0  4449  0  54795  129424807751  27305160  266  734972  607033  13637192  1648  28649667156  
1438554398  490618599  14070041  1417338741998  965145  522753  950984  173639  154  14072958  8142  47194  7153  533384  2622  114210  1296694026701  5  236  74  103174  0  46  257  2147483647  0  4449  0  54795  132678763024  27993779  266  734972  607033  13982321  1648  29349986062  
1438554408  490618599  14454473  1455922353464  965145  522753  950984  173639  154  14457479  8142  47194  7153  533384  2622  114210  1332091576556  5  236  74  103174  0  46  257  2147483647  0  4449  0  54795  136155614234  28761306  266  734972  607033  14366775  1648  30124972461  
1438554418  490618599  14799394  1490550541810  965145  522753  950984  173639  154  14802484  8142  47194  7153  533384  2622  114210  1363847616528  5  236  74  103174  0  46  257  2147483647  0  4449  0  54795  139415556041  29450221  266  734972  607033  14711824  1648  30823132797  
1438554428  490618599  15145231  1525256616949  965145  522753  950984  173639  154  15148407  8142  47194  7153  533384  2622  114210  1395683891787  5  236  74  103174  0  46  257  2147483647  0  4449  0  54795  142630357641  30139910  266  734972  607033  15057597  1648  31521425345  
1438554438  490618599  15489966  1559871056353  965145  522753  950984  173639  154  15493207  8142  47194  7153  533384  2622  114210  1427435412226  5  236  74  103174  0  46  257  2147483647  0  4449  0  54795  145923555771  30828369  266  734972  607033  15402524  1648  32216793003  
1438554448  490618599  15874319  1598440220423  965145  522753  950984  173639  154  15877636  8142  47194  7153  533384  2622  114210  1462834805734  5  236  74  103174  0  46  257  2147483647  0  4449  0  54795  149364810661  31595916  266  734972  607033  15786895  1648  32992600780  
1438554458  490618599  16220770  1633221375069  965145  522753  950984  173639  154  16224163  8142  47194  7153  533384  2622  114210  1494754364676  5  236  74  103174  0  46  257  2147483647  0  4449  0  54795  152496950199  32287437  266  734972  607033  16133303  1648  33690541586  
1438554468  490618599  16566931  1667953242079  965145  522753  950984  173639  154  16570405  8142  47194  7153  533384  2622  114210  1526633444502  5  236  74  103174  0  46  257  2147483647  0  4449  0  54795  155543591015  32978744  266  734972  607033  16479757  1648  34389852159  
1438554478  490618599  16951598  1706590920422  965145  522753  950984  173639  154  16955154  8142  47194  7153  533384  2622  114210  1562079755571  5  236  74  103174  0  46  257  2147483647  0  4449  0  54795  158996430084  33747016  266  734972  607033  16864523  1648  35167666738  
1438554488  490618599  17296736  1741197569320  965145  522753  950984  173639  154  17300343  8142  47194  7153  533384  2622  114210  1593842190695  5  236  74  103174  0  46  257  2147483647  0  4449  0  54795  162137382128  34435170  266  734972  607033  17209574  1648  35864981554  
1438554498  490618599  17642514  1775897670337  965145  522753  950984  173639  154  17646202  8142  47194  7153  533384  2622  114210  1625684721471  5  236  74  103174  0  46  257  2147483647  0  4449  0  54795  165214749755  35125648  266  734972  607033  17555445  1648  36565127930  
1438554509  490618599  17988459  1810607146059  965145  522753  950984  173639  154  17992210  8142  47194  7153  533384  2622  114210  1657525932942  5  236  74  103174  0  46  257  2147483647  0  4449  0  54795  168410874661  35816659  266  734972  607033  17901594  1648  37265492658  
1438554519  490618599  18372034  1849121391488  965145  522753  950984  173639  154  18375843  8142  47194  7153  533384  2622  114210  1692866208086  5  236  74  103174  0  46  257  2147483647  0  4449  0  54795  171864661232  36582198  266  734972  607033  18285161  1648  38038725308  
1438554529  490618599  18718833  1883888568232  965145  522753  950984  173639  154  18722709  8142  47194  7153  533384  2622  114210  1724760825858  5  236  74  103174  0  46  257  2147483647  0  4449  0  54795  175001649311  37274754  266  734972  607033  18632059  1648  38738712511  
1438554539  490618599  19063962  1918512792940  965145  522753  950984  173639  154  19067903  8142  47194  7153  533384  2622  114210  1756518544516  5  236  74  103174  0  46  257  2147483647  0  4449  0  54795  178102821574  37963978  266  734972  607033  18977210  1648  39435707418  
1438554549  490618599  19445475  1956821953121  965145  522753  950984  173639  154  19449494  8142  47194  7153  533384  2622  114210  1791653328379  5  236  74  103174  0  46  257  2147483647  0  4449  0  54795  181646698580  38724898  266  734972  607033  19358800  1648  40208017892  
1438554559  490618599  19792890  1991697257921  965145  522753  950984  173639  154  19796979  8142  47194  7153  533384  2622  114210  1823649359935  5  236  74  103174  0  46  257  2147483647  0  4449  0  54795  184827708774  39418596  266  734972  607033  19706305  1648  40911108901  
1438554569  490618599  20138669  2026407397239  965145  522753  950984  173639  154  20142840  8142  47194  7153  533384  2622  114210  1855488339359  5  236  74  103174  0  46  257  2147483647  0  4449  0  54795  187985001395  40109052  266  734972  607033  20052058  1648  41609859117  
1438554579  490618599  20483882  2061045705656  965145  522753  950984  173639  154  20488119  8142  47194  7153  533384  2622  114210  1887269070353  5  236  74  103174  0  46  257  2147483647  0  4449  0  54795  191171911728  40798013  266  734972  607033  20397308  1648  42307810244  
1438554589  490618599  20867609  2099548544437  965145  522753  950984  173639  154  20871933  8142  47194  7153  533384  2622  114210  1922594925663  5  236  74  103174  0  46  257  2147483647  0  4449  0  54795  194714830402  41564230  266  734972  607033  20781177  1648  43083789393  
1438554599  490618599  21211926  2134157210536  965145  522753  950984  173639  154  21216318  8142  47194  7153  533384  2622  114210  1954349920510  5  236  74  103174  0  46  257  2147483647  0  4449  0  54795  197905518300  42251887  266  734972  607033  21125613  1648  43780413966  
