#type:T;
#time  gt  cn  Pt  Px  gx  cx  gn  gm  Pn  Pm  Ft  cm  pt  Fx  px  ct  pn  Fm  Fn  pm  dn  On  Om  dm  dx  Ox  dt  Ot  Gt  Cn  Cm  Gx  Cx  Gn  Gm  Ct  
1436792420  7414761323  14153995  145382367096  168752343  143189  593107  13040803  157  14154119  6037  502716415  5438  1335158  68169  153400  127099862522  17  205  755306  59946  1116186  826538  205  2700  173290  691253  15099675598  9508275904  19061384830  57  408  168748083  4154  1116219  3841  77142  
1436792435  7414828134  14153995  145382367096  168752343  143189  593107  13040883  157  14154119  6037  502716415  5438  1335158  68169  153400  127099862522  17  205  755306  59946  1116186  836637  205  2700  173290  691253  15099675598  9523245906  19061384830  57  408  168748083  4154  1116219  3841  77142  
1436792448  7414926803  14157667  145972535285  168752343  143189  593107  13041081  157  14157777  6037  538808616  5438  2406631  68169  153400  127682556837  31  205  803088  59946  1116186  837540  205  2700  173290  691253  15099675598  9524640713  19061384830  92  408  168748083  4154  1116219  3841  104206  
1436792458  7415130500  14159422  146097436829  168752343  143189  593107  13041329  157  14159529  6037  584462383  5438  2764091  68169  153400  127805059991  34  205  928314  59946  1116435  845396  202  2700  173290  691253  15119058713  9529085398  19081813767  97  408  168748083  4154  1116468  3841  107624  
1436792471  7415214495  14161866  146275108008  168752343  143189  593107  13041398  157  14161973  6037  586361216  5438  2764091  68169  153400  127977399202  34  205  930782  59946  1118730  847273  202  2700  173290  691253  15222299690  9531061964  19191416202  98  408  168748083  4154  1118763  3841  108300  
1436792481  7433665717  14185154  146984245729  168752343  143189  593107  13059611  157  14185261  6037  588417197  5438  2764091  68169  153400  128601399074  34  205  931945  59946  1129442  847273  202  2700  173290  691253  15487316789  9531061964  19523740129  100  408  168748083  4154  1129479  3841  113625  
1436792491  7480046881  14244933  147956877184  168752343  143189  593107  13112130  157  14245041  6037  590869295  5438  2764091  68169  153400  129470779490  34  205  935619  59946  1132967  849223  202  2700  173290  691253  15611769824  9547932773  19668024180  100  408  168748083  4154  1133006  3841  113625  
1436792501  7525269230  14294858  148853201106  168752343  143189  593107  13159213  157  14294966  6037  593650765  5438  2764091  68169  153400  130273307781  34  205  939424  59946  1136016  851714  202  2700  173290  691253  15727043067  9569980635  19801555743  100  408  168748083  4154  1136055  3841  113625  
1436792511  7558669911  14328393  149519753537  168752343  143189  593107  13190651  157  14328501  6037  595095894  5438  2764091  68169  153400  130870932729  34  205  941552  59946  1137950  853615  202  2700  173290  691253  15801066296  9587617307  19886300103  100  408  168748083  4154  1137989  3841  113625  
1436792521  7594136262  14363120  150093498900  168752343  143189  593107  13224047  157  14363228  6037  596664228  5438  2764091  68169  153400  131379185452  34  205  943848  59946  1139296  855370  202  2700  173290  691253  15850595801  9609122725  19944503072  100  408  168748083  4154  1139335  3841  113625  
1436792531  7623417178  14394593  150773616247  168752343  143189  593107  13252033  157  14394701  6037  597498506  5438  2764091  68169  153400  131995175775  34  205  944890  59946  1142487  857170  202  2700  173290  691253  15973197342  9634006948  20087680712  100  408  168748083  4154  1142526  3841  113625  
1436792541  7662229900  14435495  151475567086  168752343  143189  593107  13290602  157  14435603  6037  598514711  5438  2764091  68169  153400  132619415870  34  205  946039  59946  1144358  859058  202  2700  173290  691253  16041370754  9655307549  20165031340  100  408  168748083  4154  1144397  3841  113625  
1436792551  7709212436  14484426  152507404469  168752343  143189  593107  13335434  157  14484534  6037  599767534  5438  2764091  68169  153400  133550817819  34  205  947649  59946  1149106  862517  202  2700  173290  691253  16231920442  9713856640  20389993639  100  408  168748083  4154  1149145  3841  113625  
1436792561  7837170227  14717878  155506833217  168752343  143189  593107  13545815  157  14717988  6037  604348976  5438  2764091  68169  153400  136234860702  34  205  954959  59946  1171019  875480  202  2700  173290  691253  16692684103  9872117068  20914634571  100  408  168748083  4154  1171058  3841  113625  
1436792571  7967574010  14962112  158243321204  168752343  143189  593107  13774681  157  14962224  6037  607295842  5438  2764091  68169  153400  138612244932  34  205  960016  59946  1187181  889052  202  2700  173290  691253  17022151335  10034149137  21348277638  100  408  168748083  4154  1187220  3841  113625  
1436792581  8031291804  15062174  159525609749  168752343  143189  593107  13870753  157  15062287  6016  609168489  5438  2764091  68169  153400  139755566852  34  205  962454  59946  1191474  895209  202  2700  173290  691253  17146573743  10102335509  21488134133  100  408  168748083  4154  1191513  3841  113625  
1436792591  8115452028  15202435  161139015553  168752343  143189  593107  14006036  157  15202548  6016  611506348  5438  2764091  68169  153400  141194875881  34  205  966535  59946  1196715  903057  202  2700  173290  691253  17292774101  10199450226  21650975698  100  408  168748083  4154  1196754  3841  113625  
1436792601  8173879065  15281429  162230205156  168752343  143189  593107  14081579  157  15281543  6016  613301286  5438  2764091  68169  153400  142167872495  34  205  968672  59946  1199972  908089  202  2700  173290  691253  17397898437  10262413502  21770148491  100  408  168748083  4154  1200011  3841  113625  
1436792611  8211656560  15318619  162816510551  168752343  143189  593107  14117748  157  15318734  6016  615810129  5438  2764091  68169  153400  142679437863  34  205  972099  59946  1200973  910410  202  2700  173290  691253  17428130388  10293029329  21806213420  100  408  168748083  4154  1201012  3841  113625  
1436792621  8257594358  15361289  163545145859  168752343  143189  593107  14159745  157  15361406  6016  619170843  5438  2764091  68169  153400  143325343876  34  205  977178  59946  1202169  913083  202  2700  173290  691253  17483749379  10337090132  21869562204  100  408  168748083  4154  1202208  3841  113625  
1436792631  8289074451  15392262  164158171676  168752343  143189  593107  14189534  157  15392379  6016  621481782  5438  2764091  68169  153400  143862730642  34  205  980075  59946  1203251  914746  202  2700  173290  691253  17531841667  10367586278  21924694857  100  408  168748083  4154  1203290  3841  113625  
1436792641  8406389350  15591367  166201403146  168752343  143189  593107  14382085  157  15591488  6016  624383456  5438  2764091  68169  153400  145666851583  34  205  984489  59946  1209293  926763  202  2700  173290  691253  17672266931  10512138711  22086866127  100  408  168748083  4154  1209334  3841  113625  
1436792651  8485871495  15704589  167631670629  168752343  164006  593107  14491057  157  15704714  6016  629134574  5438  2764091  68169  153400  146933535868  34  205  989770  59946  1213328  932990  202  2700  173290  691253  17801162144  10601749933  22235871268  100  408  168748083  4154  1213369  3841  113625  
1436792661  8581127268  15856367  169375687884  168752343  164006  593107  14637233  157  15856492  6016  632005625  5438  2764091  68169  153400  148469957182  34  205  993717  59946  1219100  942369  202  2700  173290  691253  17931479456  10735978568  22384986490  100  408  168748083  4154  1219141  3841  113625  
1436792671  8771378248  16220996  172702406470  168752343  164006  593107  14993652  157  16221121  6016  635578960  5438  2764091  68169  153400  151404169670  34  205  1000126  59946  1227555  964401  202  2700  173290  691253  18076400328  10990395597  22554256290  100  408  168748083  4154  1227596  3841  113625  
1436792681  8979753595  16632945  176343986499  168752343  164006  593107  15397891  157  16633072  6016  638470805  5438  2764091  68169  153400  154612202963  34  205  1005807  59946  1234949  989088  202  2700  173290  691253  18198258788  11269611141  22695388984  100  408  168748083  4154  1234990  3841  113625  
1436792691  9166068767  16977592  179494924574  168752343  164006  593107  15735132  157  16977721  6016  641509507  5438  2764091  68169  153400  157391763819  34  205  1011605  59946  1242105  1010358  202  2700  173290  691253  18324098700  11516272625  22841099967  100  408  168748083  4154  1242146  3841  113625  
1436792701  9230210435  17063257  180618883943  168752343  164006  593107  15818315  157  17063386  6016  644358343  5438  2764091  68169  153400  158383917765  34  205  1014731  59946  1244289  1015241  202  2700  173290  691253  18379428934  11590482821  22906772083  100  408  168748083  4154  1244330  3841  113625  
1436792711  9313606196  17196753  182035192936  168752343  164006  593107  15948800  157  17196883  6016  647010614  5438  2764091  68169  153400  159633626726  34  205  1019046  59946  1247149  1023033  202  2700  173290  691253  18449883276  11686269299  22987535457  100  408  168748083  4154  1247190  3841  113625  
1436792721  9378560458  17281614  183265604229  168752343  164006  593107  16030273  157  17281744  6016  649028301  5438  2764091  68169  153400  160720362082  34  205  1021654  59946  1250715  1028859  202  2700  173290  691253  18546101460  11768270794  23100041339  100  408  168748083  4154  1250756  3841  113625  
1436792731  9408371769  17307773  183746718244  168752343  164006  593107  16056281  157  17307903  6016  651295250  5438  2764091  68169  153400  161143400045  34  205  1024717  59946  1251315  1030684  202  2700  173290  691253  18566644054  11797436872  23124772197  100  408  168748083  4154  1251356  3841  113625  
1436792741  9458438096  17351264  184540077101  168752343  164006  593107  16098714  157  17351394  6016  654514412  5438  2764091  68169  153400  161845843678  34  205  1028725  59946  1252660  1033102  202  2700  173290  691253  18628258325  11840526186  23195600171  100  408  168748083  4154  1252701  3841  113625  
1436792751  9494104963  17381755  185140265154  168752343  164006  593107  16127984  157  17381885  6016  657659193  5438  2764091  68169  153400  162376346311  34  205  1032040  59946  1253301  1034817  202  2700  173290  691253  18653369986  11865145540  23225347972  100  408  168748083  4154  1253342  3841  113625  
1436792761  9589386776  17521539  186733354293  168752343  164006  593107  16262781  157  17521669  6016  661030898  5438  2764091  68169  153400  163778999316  34  205  1036585  59946  1257235  1042716  202  2700  173290  691253  18749025781  11965022132  23336760554  100  408  168748083  4154  1257276  3841  113625  
1436792771  9664872496  17624692  188088059287  168752343  164006  593107  16362837  157  17624824  6016  663518714  5438  2764091  68169  153400  164982154002  34  205  1039896  59946  1261431  1049904  202  2700  173290  691253  18870073564  12058179210  23474052392  100  408  168748083  4154  1261472  3841  113625  
1436792781  9725547933  17686754  188966394061  168752343  164006  593107  16424142  157  17686886  6016  668513091  5438  2764091  84273  153400  165747148215  34  205  1045545  59946  1262892  1053340  202  2700  173290  691253  18921459004  12111334773  23533589014  100  408  168748083  4154  1262933  3841  113625  
1436792791  9889587847  17977446  191963746106  168752343  164006  593107  16703267  157  17977583  6016  671557933  5438  2764091  84273  153400  168388298791  34  205  1050458  59946  1273461  1070387  202  2700  173290  691253  19123949988  12347114024  23766784574  100  408  168748083  4154  1273502  3841  113625  
1436792801  10062667719  18286801  195064145690  168752343  164006  593107  17002412  157  18286938  6016  673886447  5438  2764091  84273  153400  171130701533  34  205  1054588  59946  1284097  1088671  202  2700  173290  691253  19312145381  12567429660  23984854518  100  408  168748083  4154  1284138  3841  113625  
1436792811  10199903742  18523211  197512068370  168752343  164006  593107  17229967  157  18523350  6016  675901214  5438  2764091  84273  153400  173290244891  34  205  1057849  59946  1292310  1102857  202  2700  173290  691253  19471737237  12743038520  24184839630  100  408  168748083  4154  1292351  3841  113625  
1436792821  10313632543  18719738  199688946090  168752343  164006  593107  17419521  157  18719878  6016  677692530  5438  2764091  84273  153400  175216151388  34  205  1060729  59946  1298831  1115119  202  2700  173290  691253  19599379520  12888407516  24332771922  100  408  168748083  4154  1298872  3841  113625  
1436792831  10332657858  18724744  199794777611  168752343  164006  593107  17439496  157  18724885  6016  677947153  5438  2764091  84273  153400  175310128163  34  205  1061067  59946  1299956  1119219  202  2700  173290  691253  19670292479  12935082936  24410946448  100  408  168748083  4154  1299997  3841  113625  
1436792841  10361785880  18758707  200547698881  168752343  164006  593107  17468991  157  18758849  6016  680371456  5438  2764091  84273  153400  175973926666  34  205  1063710  59946  1300160  1119278  202  2700  173290  691253  19680681063  12935870579  24422556297  100  408  168748083  4154  1300201  3841  113625  
1436792851  10391998707  18787016  201177052657  168752343  164006  593107  17493737  157  18787158  6016  682110287  5438  2764091  84273  153400  176513949230  34  205  1065599  59946  1300286  1119366  202  2700  173290  691253  19685811458  12938505033  24428485803  100  408  168748083  4154  1300327  3841  113625  
1436792861  10422330812  18814907  201673044708  168752343  164006  593107  17519319  157  18815049  6016  683545548  5438  2764091  84273  153400  176941880786  34  205  1067091  59946  1300545  1120360  202  2700  173290  691253  19707643474  12948646799  24453230620  100  408  168748083  4154  1300586  3841  113625  
1436792871  10448866592  18838771  202092010600  168752343  164006  593107  17541249  157  18838915  6016  685174540  5438  2764091  84273  153400  177306265719  34  205  1069163  59946  1300677  1123218  202  2700  173290  691253  19713271477  12999012414  24459953268  100  408  168748083  4154  1300718  3841  113625  
1436792881  10485259598  18872651  202663318678  168752343  164006  593107  17573989  157  18872795  6016  687866353  5438  2764091  84273  153400  177799478169  34  205  1072490  59946  1301081  1125448  202  2700  173290  691253  19729570246  13025421595  24479344352  100  408  168748083  4154  1301122  3841  113625  
1436792891  10516244798  18899667  203199619724  168752343  164006  593107  17599837  157  18899812  6016  690736164  5438  2764091  84273  153400  178263503651  34  205  1075639  59946  1301897  1126701  202  2700  173290  691253  19788246789  13045377370  24543095125  100  408  168748083  4154  1301938  3841  113625  
1436792901  10556924646  18943296  203974920151  168752343  164006  593107  17641250  157  18943442  6016  694048646  5438  2764091  84273  153400  178947568734  34  205  1079882  59946  1302881  1129280  202  2700  173290  691253  19820643221  13085838439  24580711869  100  408  168748083  4154  1302922  3841  113625  
1436792911  10598642585  18985197  204628558021  168752343  164006  593107  17682220  157  18985343  6016  696844182  5438  2764091  84273  153400  179518447716  34  205  1083617  59946  1303787  1132334  202  2700  173290  691253  19853474188  13122350377  24618775443  100  408  168748083  4154  1303829  3841  113625  
1436792921  10635572044  19025594  205209841717  168752343  164006  593107  17721042  157  19025740  6016  699005096  5438  2764091  84273  153400  180027347146  34  205  1086703  59946  1304806  1134605  202  2700  173290  691253  19895023412  13146249972  24666303876  100  408  168748083  4154  1304849  3841  113625  
1436792931  10758646726  19222128  207673835797  168752343  167865  593107  17905291  157  19222274  6016  701339063  5438  2764091  84273  153400  182208913201  34  205  1090642  59946  1316103  1145047  202  2700  173290  691253  20143166968  13283188866  24949631752  100  408  168748083  4154  1316146  3841  113625  
1436792941  10873198826  19414135  209947294677  168752343  167865  593107  18089346  157  19414281  6016  702916736  5438  2764091  84273  153400  184201383764  34  205  1093109  59946  1323544  1156101  202  2700  173290  691253  20304536283  13415152624  25171306153  100  408  168748083  4154  1323587  3841  113625  
1436792952  11031363150  19680120  212772599692  168752343  167865  593107  18345296  157  19680267  6016  705183800  5438  2764091  84273  153400  186705446881  34  205  1096756  59946  1333368  1172090  202  2700  173290  691253  20492379099  13602884512  25387907366  100  408  168748083  4154  1333411  3841  113625  
1436792962  11080131804  19750896  213761053947  168752343  167865  593107  18412423  157  19751043  6016  707697065  5438  2764091  84273  153400  187584326017  34  205  1099602  59946  1337617  1177278  202  2700  173290  691253  20597894259  13664603392  25510768630  100  408  168748083  4154  1337660  3841  113625  
1436792972  11110397470  19778231  214268153977  168752343  167865  593107  18439047  157  19778379  6016  709985780  5438  2764091  84273  153400  188027974992  34  205  1102451  59946  1338487  1178638  202  2700  173290  691253  20626676827  13687513715  25545199911  100  408  168748083  4154  1338530  3841  113625  
1436792982  11147989329  19809998  214805304556  168752343  167865  593107  18470151  157  19810146  6016  712708428  5438  2764091  84273  153400  188499753442  34  205  1105666  59946  1339080  1180652  202  2700  173290  691253  20649233239  13710386138  25572014560  100  408  168748083  4154  1339123  3841  113625  
1436792992  11247117665  19965877  216644214919  168752343  167865  593107  18618423  157  19966025  6016  715285410  5438  2764091  84273  153400  190131043081  34  205  1109629  59946  1345793  1189317  202  2700  173290  691253  20806227115  13815972217  25750448555  100  408  168748083  4154  1345836  3841  113625  
1436793002  11299959618  20026478  217526105508  168752343  167865  593107  18677221  157  20026627  6016  717601397  5438  2764091  84273  153400  190910954049  34  205  1112289  59946  1348701  1193668  202  2700  173290  691253  20885401781  13872577333  25843276687  100  408  168748083  4154  1348744  3841  113625  
1436793012  11339608414  20064138  218253479152  168752343  167865  593107  18713012  157  20064287  6016  720736035  5438  2764091  84273  153400  191555712232  34  205  1115872  59946  1350058  1195545  202  2700  173290  691253  20943662436  13900160327  25909405528  100  408  168748083  4154  1350101  3841  113625  
1436793022  11363926578  20085971  218674486499  168752343  167865  593107  18734015  157  20086121  6016  722659224  5438  2764091  84273  153400  191929992837  34  205  1118045  59946  1351137  1196730  202  2700  173290  691253  21000169856  13925986657  25973231861  100  408  168748083  4154  1351181  3841  113625  
1436793032  11409995054  20130370  219361677268  168752343  167865  593107  18776706  157  20130520  6016  724722006  5438  2764091  84273  153400  192532401313  34  205  1120790  59946  1352747  1199652  202  2700  173290  691253  21059741169  13974179707  26042548326  100  408  168748083  4154  1352791  3841  113625  
1436793042  11455464512  20177201  220181525680  168752343  167865  593107  18822019  157  20177353  6016  726413079  5387  2764091  84273  153400  193249043504  34  205  1123453  59946  1354386  1202237  202  2700  173290  691253  21120779526  14031774198  26112421354  100  408  168748083  4154  1354430  3841  113625  
1436793052  11528777899  20273147  221538603823  168752343  167865  593107  18915696  157  20273303  6016  729013731  5387  2764091  84273  153400  194433403338  34  205  1127392  59946  1357355  1207858  202  2700  173290  691253  21215564602  14104566023  26220493385  100  408  168748083  4154  1357399  3841  113625  
1436793062  11668921806  20498637  224172999502  168752343  167865  593107  19128538  157  20498794  6016  731144884  5387  2764091  84273  153400  196763859362  34  205  1131068  59946  1368494  1221087  202  2700  173290  691253  21441209103  14270497386  26481878434  100  408  168748083  4154  1368538  3841  113625  
1436793072  11785686930  20687532  226347217678  168752343  167865  593107  19308335  157  20687694  6016  732760958  5387  2764091  84273  153400  198693561093  34  205  1133809  59946  1377960  1231756  202  2700  173290  691253  21612864792  14408487945  26684417419  100  408  168748083  4154  1378004  3841  113625  
1436793082  11914199325  20893832  228666404410  168752343  167865  593107  19505038  157  20893995  6016  734330246  5387  2764091  84273  153400  200745452805  34  205  1136618  59946  1387560  1244242  202  2700  173290  691253  21803228323  14568066418  26903833628  100  408  168748083  4154  1387604  3841  113625  
