#Type:X;CI:2;ww:0;ca:0;co:1;fr:0;Type:X;CI:2;PI:0;PT:EP;U0:0;U1:0;
#time  Pp  gt  gs  cn  cm  cb  Nc  Pc  cp  Tc  Nm  pr  ps  pt  px  pd  Pm  Om  fs  ft  Oc  Em  Gp  Ec  Ge  ot  os  Total_cycles_diff  Successful_get_diff  Total_get_diff  succ_put_diff  total_put_diff  get_hit  
1436792420  0  0  0  0  0  0  0  0  0  2370569  0  0  0  0  0  0  0  0  0  21  0  0  0  0  0  46  0  2370569  0  0  0  0  
1436792433  0  0  0  0  0  0  0  0  0  17407382  0  0  0  0  0  0  0  0  0  21  0  0  0  0  0  10145  0  15036813  0  0  0  0  
1436792448  0  0  0  35  14  7978679  199  3315  3284  646232470  231  0  3658  3672  14  0  3414  285  0  47806  194  3414  0  3315  0  11048  154  628825088  0  0  3658  3672  
1436792458  0  497  249  40  17  7348099  117  3133  3098  842222820  231  0  5410  5427  17  0  3493  285  0  173060  50  3493  0  3133  249  18904  301  195990350  249  497  1752  1755  50.1006036217  
1436792471  0  2861  2544  41  17  7658661  120  3278  3242  1133455828  231  0  7854  7871  17  0  3493  285  0  175528  49  3493  0  3278  2544  20781  302  291233008  2295  2364  2444  2444  88.9199580566  
1436792481  0  31795  13260  42  17  8158973  973  15850  15815  2195199012  973  0  31142  31157  17  0  15851  892  0  176691  892  15851  0  15850  13260  20781  302  1061743184  10716  28934  23288  23286  41.7046705457  
1436792491  0  87851  16787  42  17  9197919  2452  41315  41279  3377634606  3309  0  90922  90936  17  0  54725  3252  0  180365  2412  54725  0  41315  16787  22731  2232  1182435594  3527  56056  59780  59779  19.1084905123  
1436792501  0  137994  19836  42  17  9623053  2860  48538  48502  4477358081  3309  0  140847  140861  17  0  54725  3252  0  184170  2795  54725  0  48538  19836  25222  4696  1099723475  3049  50143  49925  49925  14.3745380234  
1436792511  0  171371  21770  42  17  9714271  2876  49085  49049  5280929979  3309  0  174382  174395  17  0  54725  3252  0  186298  2811  54725  0  49085  21770  27123  6581  803571898  1934  33377  33535  33534  12.7034329029  
1436792521  0  206127  23116  42  17  9860035  3232  53859  53823  5971179208  3473  0  209109  209120  17  0  57846  3413  0  188594  3175  57846  0  53859  23116  28878  8321  690249229  1346  34756  34727  34725  11.2144454632  
1436792531  0  237314  26307  42  17  9910725  3201  53379  53343  6849253466  3606  0  240582  240592  17  0  60217  3546  0  189636  3137  60217  0  53379  26307  30678  10107  878074258  3191  31187  31473  31472  11.0853131294  
1436792541  0  277754  28178  42  17  10288796  3665  62245  62209  7689534751  3666  0  281484  281492  17  0  62257  3640  0  190785  3639  62257  0  62245  28178  32566  11973  840281285  1871  40440  40902  40900  10.1449484076  
1436792551  0  327332  32926  42  17  9771930  3019  50643  50607  9053026986  3822  0  330415  330423  17  0  64860  3797  0  192395  2949  64860  0  50643  32926  36025  15401  1363492235  4748  49578  48931  48931  10.0589004436  
1436792561  0  559640  54839  42  17  10182224  3138  53303  53260  12867026560  3822  0  563869  563877  17  0  64860  3797  0  199705  3069  64860  0  53303  54839  48988  28246  3813999574  21913  232308  233454  233454  9.79897791437  
1436792571  0  804684  71001  42  17  10064834  3718  62934  62890  16331997849  3924  0  808105  808113  17  0  65898  3866  0  204762  3690  65898  0  62934  71001  62560  41697  3464971289  16162  245044  244236  244236  8.8234636205  
1436792581  0  905072  75294  42  17  10088090  3549  59201  59155  17887657390  3981  0  908168  908175  17  0  66955  3954  0  207200  3490  66955  0  59201  75294  68717  47796  1555659541  4293  100388  100063  100062  8.31911715311  
1436792591  0  1045607  80535  42  17  10325443  4077  68128  68082  19847147662  4445  0  1048429  1048435  17  0  75165  4420  0  211281  4014  75165  0  68128  80535  76565  55570  1959490272  5241  140535  140261  140260  7.70222464081  
1436792601  0  1124428  83792  42  17  10194674  3773  62345  62298  21180457789  4492  0  1127424  1127427  17  0  75165  4435  0  213418  3736  75165  0  62345  83792  81597  60557  1333310127  3257  78821  78995  78992  7.45196668884  
1436792611  0  1161600  84793  42  17  10100746  3641  62148  62100  21873591369  4492  0  1164615  1164618  17  0  75165  4435  0  216845  3602  75165  0  62148  84793  83918  62861  693133580  1001  37172  37191  37191  7.29967286501  
1436792621  0  1204805  85989  42  17  10046875  3572  60203  60154  22758765119  4492  0  1207287  1207289  17  0  75165  4435  0  221924  3503  75165  0  60203  85989  86591  65507  885173750  1196  43205  42672  42671  7.13717157548  
1436792631  0  1235682  87071  42  17  10223010  3778  63252  63203  23491102571  4492  0  1238260  1238259  17  0  75165  4435  0  224821  3717  75165  0  63252  87071  88254  67157  732337452  1082  30877  30973  30970  7.04639219476  
1436792641  0  1434289  93115  42  17  10204187  3772  62039  61987  25960785356  4763  0  1437369  1437365  17  0  80154  4734  0  229236  3712  80154  0  62039  93115  100271  79062  2469682785  6044  198607  199109  199106  6.49206680104  
1436792651  0  1547303  97150  42  17  10517380  4258  71669  71614  27713503661  4763  0  1550595  1550589  17  0  80154  4734  0  234517  4200  80154  0  71669  97150  106498  85229  1752718305  4035  113014  113226  113224  6.27866681574  
1436792661  0  1699258  102922  42  17  10329099  3984  66709  66654  29838678629  4763  0  1702373  1702366  17  0  80154  4734  0  238464  3925  80154  0  66709  102922  115877  94521  2125174968  5772  151955  151778  151777  6.05687894363  
1436792671  0  2064154  111377  42  17  10306517  4033  67823  67768  33782188105  4763  0  2067002  2066995  17  0  80154  4734  0  244873  3976  80154  0  67823  111377  137909  116357  3943509476  8455  364896  364629  364629  5.39576988926  
1436792681  0  2475834  118771  42  17  10601600  4461  74715  74658  38054663821  4763  0  2478953  2478944  17  0  80154  4734  0  250554  4431  80154  0  74715  118771  162596  140822  4272475716  7394  411680  411951  411949  4.79721176783  
1436792691  0  2820237  125927  42  17  10432629  4137  69664  69605  41786796418  4850  0  2823602  2823591  17  0  80154  4795  0  256352  4121  80154  0  69664  125927  183866  161900  3732132597  7156  344403  344649  344647  4.46512119372  
1436792701  0  2905623  128111  42  17  10745993  4496  74440  74381  43117410989  4850  0  2909267  2909255  17  0  80781  4795  0  259478  4438  80781  0  74440  128111  188749  166739  1330614571  2184  85386  85665  85664  4.40907165176  
1436792711  0  3038981  130971  42  17  10832104  4743  80178  80118  44796133492  4850  0  3042764  3042748  17  0  81435  4820  0  263793  4692  81435  0  80178  130971  196541  174456  1678722503  2860  133358  133497  133493  4.30970117944  
1436792721  0  3124041  134537  42  17  10354017  4044  66763  66703  46287717188  4850  0  3127625  3127607  17  0  81482  4820  0  266401  4005  81482  0  66763  134537  202367  180232  1491583696  3566  85060  84861  84859  4.30650558043  
1436792731  0  3150656  135137  42  17  10215067  3771  63353  63293  46854710319  4850  0  3153784  3153764  17  0  81482  4820  0  269464  3749  81482  0  63353  135137  204192  182040  566993131  600  26615  26159  26157  4.28917025534  
1436792741  0  3194446  136482  42  17  10251441  3988  67004  66945  47815069819  4850  0  3197275  3197254  17  0  81482  4820  0  273472  3938  81482  0  67004  136482  206610  184434  960359500  1345  43790  43491  43490  4.27247791949  
1436792751  0  3224365  137123  42  17  10427977  4091  68879  68820  48508360273  4850  0  3227766  3227744  17  0  81482  4820  0  276787  4030  81482  0  68879  137123  208325  186134  693290454  641  29919  30491  30490  4.25271332495  
1436792761  0  3363119  141057  42  17  10776780  4604  77731  77672  50411087953  4919  0  3367550  3367527  17  0  82968  4885  0  281332  4564  82968  0  77731  141057  216224  193963  1902727680  3934  138754  139784  139783  4.19423160465  
1436792771  0  3467388  145253  42  17  10073551  3610  60552  60491  52073737660  4919  0  3470705  3470682  17  0  82968  4885  0  284642  3573  82968  0  60552  145253  223412  201085  1662649707  4196  104269  103155  103155  4.18911872568  
1436792781  0  3530175  146714  42  17  10279288  3973  66116  66055  53130023997  4919  0  3532767  3532744  17  0  82968  4885  0  290291  3919  82968  0  66116  146714  226848  204483  1056286337  1461  62787  62062  62062  4.15599793211  
1436792791  0  3819891  157283  42  17  10555424  4244  71466  71400  56762781840  5121  0  3823464  3823436  17  0  85946  5098  0  295205  4220  85946  0  71466  157283  243895  221379  3632757843  10569  289716  290697  290692  4.11747350906  
1436792801  0  4129691  167919  42  17  10604474  4583  75280  75214  60476267011  5121  0  4132819  4132790  17  0  85946  5098  0  299335  4539  85946  0  75280  167919  262179  239499  3713485171  10636  309800  309355  309354  4.06613957315  
1436792811  0  4365474  176132  42  17  10643560  4488  75800  75732  63438503378  5121  0  4369231  4369202  17  0  85946  5098  0  302596  4452  85946  0  75800  176132  276365  253560  2962236367  8213  235783  236412  236412  4.03465923746  
1436792821  0  4561570  182653  42  17  10201918  4066  67917  67848  66023593244  5121  0  4565759  4565728  17  0  85946  5098  0  305476  4004  85946  0  67917  182653  288627  265708  2585089866  6521  196096  196528  196526  4.00416961704  
1436792831  0  4582683  183778  42  17  6946695  293  5616  5546  66273539018  5121  0  4570766  4570735  17  0  85946  5098  0  305814  225  85946  0  5616  183778  292727  269768  249945774  1125  21113  5007  5007  4.01027083916  
1436792841  0  4612397  183982  42  17  9098076  2346  38469  38397  67070384243  5121  0  4604730  4604692  17  0  85946  5098  0  308457  2269  85946  0  38469  183982  292786  269827  796845225  204  29714  33964  33957  3.9888587214  
1436792851  0  4637280  184108  42  17  10112656  3999  65387  65315  67740215041  5121  0  4633039  4632998  17  0  85946  5098  0  310346  3965  85946  0  65387  184108  292874  269912  669830798  126  24883  28309  28306  3.97017216989  
1436792861  0  4663120  184367  42  17  10196643  4649  77268  77196  68302802629  5139  0  4660930  4660887  17  0  85946  5133  0  311838  4646  85946  0  77268  184367  293868  270898  562587588  259  25840  27891  27889  3.95372626053  
1436792871  0  4685179  184499  42  17  9728415  3264  55460  55386  68806919719  5139  0  4684796  4684751  17  0  85946  5133  0  313910  3223  85946  0  55460  184499  296726  273731  504117090  132  22059  23866  23864  3.93792851885  
1436792881  0  4718337  184903  42  17  9654445  3111  52407  52333  69462973898  5139  0  4718676  4718629  17  0  85946  5133  0  317237  3048  85946  0  52407  184903  298956  275940  656054179  404  33158  33880  33878  3.91881715952  
1436792891  0  4745011  185719  42  17  9372811  3499  58155  58080  70116757444  5139  0  4745693  4745645  17  0  85946  5133  0  320386  3441  85946  0  58155  185719  300209  277182  653783546  816  26674  27017  27016  3.91398460404  
1436792901  0  4787422  186703  42  17  9995378  3612  59239  59165  71013985362  5139  0  4789323  4789271  17  0  85946  5133  0  324630  3550  85946  0  59239  186703  302788  279732  897227918  984  42411  43630  43626  3.89986510485  
1436792911  0  4829311  187610  42  17  9626544  3030  51991  51917  71786591186  5139  0  4831224  4831170  17  0  85946  5133  0  328365  2998  85946  0  51991  187610  305842  282763  772605824  907  41889  41901  41899  3.88481918021  
1436792921  0  4869161  188630  42  17  9720523  3221  54189  54115  72478174768  5139  0  4871621  4871565  17  0  85946  5133  0  331451  3158  85946  0  54189  188630  308113  285009  691583582  1020  39850  40397  40395  3.87397336009  
1436792931  0  5064715  199927  42  17  10473843  4242  71396  71320  75487325473  5139  0  5068155  5068098  17  0  85946  5133  0  335390  4185  85946  0  71396  199927  318555  295358  3009150705  11297  195554  196534  196533  3.94744817823  
1436792941  0  5256223  207368  42  17  10783048  4657  77472  77396  78230097726  5139  0  5260162  5260105  17  0  85946  5133  0  337857  4593  85946  0  77472  207368  329609  306311  2742772253  7441  191508  192007  192007  3.9451903011  
1436792952  0  5522011  217192  42  17  10687116  4545  76605  76529  81619449063  5139  0  5526148  5526090  17  0  85946  5133  0  341504  4517  85946  0  76605  217192  345598  322153  3389351337  9824  265788  265986  265985  3.93320476906  
1436792962  0  5593394  221441  42  17  10053778  3513  59170  59094  82843480093  5139  0  5596924  5596864  17  0  85946  5133  0  344350  3453  85946  0  59170  221441  350786  327295  1224031030  4249  71383  70776  70774  3.95897374653  
1436792972  0  5620891  222311  42  17  10191792  3860  63329  63251  83440368129  5139  0  5624260  5624199  17  0  85946  5133  0  347199  3802  85946  0  63329  222311  352146  328642  596888036  870  27497  27336  27335  3.95508470098  
1436792982  0  5652595  222904  42  17  10129777  3755  62436  62358  84067372369  5139  0  5656027  5655964  17  0  85946  5133  0  350414  3715  85946  0  62436  222904  354160  330640  627004240  593  31704  31767  31765  3.94339237111  
1436792992  0  5807594  229617  42  17  10690447  4331  71711  71636  86291446054  5139  0  5811906  5811843  17  0  85946  5133  0  354377  4279  85946  0  71711  229617  362825  339226  2224073685  6713  154999  155879  155879  3.95373712419  
1436793002  0  5869301  232525  42  17  10026462  3576  60233  60157  87377655028  5139  0  5872508  5872443  17  0  85946  5133  0  357037  3531  85946  0  60233  232525  367176  343539  1086208974  2908  61707  60602  60600  3.96171537292  
1436793012  0  5906455  233882  42  17  10324992  3907  65782  65706  88241490686  5139  0  5910168  5910103  17  0  85946  5133  0  360620  3844  85946  0  65782  233882  369053  345396  863835658  1357  37154  37660  37660  3.95976943869  
1436793022  0  5928535  234962  42  17  10304841  4009  67282  67204  88778334333  5139  0  5932002  5931935  17  0  85946  5133  0  362793  3951  85946  0  67282  234962  370238  346572  536843647  1080  22080  21834  21832  3.96323881026  
1436793032  0  5972860  236572  42  17  10182925  3827  63072  62994  89631092266  5139  0  5976401  5976332  17  0  85946  5133  0  365538  3768  85946  0  63072  236572  373160  349462  852757933  1610  44325  44399  44397  3.96078260666  
1436793042  0  6019817  238211  42  17  10301753  3983  67260  67180  90625402636  5139  0  6023234  6023163  17  0  85946  5133  0  368201  3962  85946  0  67260  238211  375745  352024  994310370  1639  46957  46833  46831  3.95711364648  
1436793052  0  6116488  241180  42  17  10413233  4152  69368  69284  92239082617  5139  0  6119184  6119108  17  0  85946  5133  0  372140  4099  85946  0  69368  241180  381366  357597  1613679981  2969  96671  95950  95945  3.94311245277  
1436793062  0  6340466  252319  42  17  10490844  4210  70327  70243  95442610686  5139  0  6344675  6344598  17  0  86022  5133  0  375816  4178  86022  0  70327  252319  394595  370704  3203528069  11139  223978  225491  225490  3.97950245297  
1436793072  0  6529740  261785  42  17  10948809  4647  78221  78135  98075109344  5139  0  6533575  6533497  17  0  86022  5133  0  378557  4626  86022  0  78221  261785  405264  381272  2632498658  9466  189274  188900  188899  4.00911828036  
1436793082  0  6736075  271385  42  17  10713548  4384  74344  74258  100902774830  5139  0  6739876  6739796  17  0  86022  5133  0  381366  4342  86022  0  74344  271385  417750  393647  2827665486  9600  206335  206301  206299  4.02882984527  
