#Type:X;CI:1;ww:0;ca:0;co:1;fr:0;Type:X;CI:1;PI:0;PT:EP;U0:0;U1:0;
#time  Pp  gt  gs  cn  cm  cb  Nc  Pc  cp  Tc  Nm  pr  ps  pt  px  pd  Pm  Om  fs  ft  Oc  Em  Gp  Ec  Ge  ot  os  Total_cycles_diff  Successful_get_diff  Total_get_diff  succ_put_diff  total_put_diff  get_hit  
1439222210  0  0  0  0  0  0  0  0  0  678102  0  0  0  0  0  0  0  0  0  21  0  0  0  0  0  46  0  678102  0  0  0  0  
1439222220  0  0  0  0  0  0  0  0  0  680280  0  0  0  0  0  0  0  0  0  21  0  0  0  0  0  46  0  2178  0  0  0  0  0 
1439222230  0  0  0  0  0  0  0  0  0  4980669  0  0  0  0  0  0  0  0  0  21  0  0  0  0  0  46  0  4300389  0  0  0  0  0 
1439222240  0  0  0  0  0  0  0  0  0  10876769  0  0  0  0  0  0  0  0  0  21  0  0  0  0  0  46  0  5896100  0  0  0  0  0 
1439222250  0  0  0  0  0  0  0  0  0  15200941  0  0  0  0  0  0  0  0  0  21  0  0  0  0  0  46  0  4324172  0  0  0  0  0 
1439222260  0  0  0  0  0  0  0  0  0  17958197  0  0  0  0  0  0  0  0  0  21  0  0  0  0  0  46  0  2757256  0  0  0  0  0 
1439222270  0  0  0  0  0  0  0  0  0  35219841  0  0  0  0  0  0  0  0  0  21  0  0  0  0  0  46  0  17261644  0  0  0  0  0 
1439222280  0  0  0  0  0  0  0  0  0  47981683  0  0  0  0  0  0  0  0  0  21  0  0  0  0  0  46  0  12761842  0  0  0  0  0 
1439222290  0  5548  0  2725  5  6483029  272  5541  2816  769931850  272  0  5541  5546  5  0  5541  272  0  53  272  5541  0  5541  0  46  0  721950167  0  5548  5541  5546  0.0  
1439222300  0  14048  0  11251  5  6483029  318  12944  2816  2060144410  373  0  14067  14072  5  0  12944  272  0  53  119  12944  0  12944  0  46  0  1290212560  0  8500  8526  8526  0.0  
1439222310  0  26848  0  24035  5  6483029  430  21902  2816  3829107763  430  0  26851  26856  5  0  21902  272  0  53  4  21902  0  21902  0  46  0  1768963353  0  12800  12784  12784  0.0  
1439222320  0  70016  0  67317  5  6483029  1124  54970  2816  9450624654  1124  0  70133  70138  5  0  54970  272  0  53  2  54970  0  54970  0  46  0  5621516891  0  43168  43282  43282  0.0  
1439222330  0  89248  0  86545  5  6483029  1328  60323  2816  11915417865  1328  0  89361  89366  5  0  61969  272  0  53  2  61969  0  60323  0  46  0  2464793211  0  19232  19228  19228  0.0  
1439222340  0  133024  0  129284  5  8431812  1900  77162  3641  17846489326  1915  0  132925  132930  5  0  77795  272  0  53  30  77795  0  77162  0  46  0  5931071461  0  43776  43564  43564  0.0  
1439222350  0  160944  2  157604  5  8425523  1997  79219  3639  22017727721  2066  0  161245  161250  5  0  84008  272  0  53  29  84008  0  79219  2  46  0  4171238395  2  27920  28320  28320  0.00124266825728  
1439222360  0  183684  2  180349  5  8425523  1963  73841  3639  25226227394  2066  0  183990  183995  5  0  84008  272  0  53  4  84008  0  73841  2  46  0  3208499673  0  22740  22745  22745  0.00108882646284  
1439222370  0  206356  2391  202833  5  8340192  1923  69689  3575  28349387283  2066  0  206505  206510  5  0  84008  272  0  53  3  84008  0  69689  2391  46  0  3123159889  2389  22672  22515  22515  1.1586772374  
1439222380  0  217517  3329  214187  5  8342306  1670  60590  3576  30062723310  2066  0  217860  217865  5  0  84008  272  0  53  3  84008  0  60590  3329  46  0  1713336027  938  11161  11355  11355  1.53045509087  
1439222390  0  239833  7425  235619  5  8265171  1467  51526  3544  33289140830  2066  0  239292  239297  5  0  84008  272  0  53  2  84008  0  51526  7425  46  0  3226417520  4096  22316  21432  21432  3.09590423336  
1439222400  0  250767  10140  245219  5  8267630  1285  43679  3546  34830641209  2066  0  248894  248899  5  0  84008  272  0  53  3  84008  0  43679  10140  46  0  1541500379  2715  10934  9602  9602  4.04359425283  
1439222410  0  264498  12587  258902  5  8267630  1084  35919  3546  36986751672  2066  0  262577  262582  5  0  84008  272  0  53  3  84008  0  35919  12587  46  0  2156110463  2447  13731  13683  13683  4.75882615369  
1439222420  0  283360  15969  277649  5  8407868  1086  37178  3636  39726588093  2066  0  281414  281419  5  0  84008  272  0  53  3  84008  0  37178  15969  46  0  2739836421  3382  18862  18837  18837  5.63558723885  
1439222430  0  298770  17541  293155  5  8461639  1172  38348  3660  42200614333  2066  0  296944  296949  5  0  84008  272  0  53  4  84008  0  38348  17541  46  0  2474026240  1572  15410  15530  15530  5.87107139271  
1439222440  0  313033  20767  307349  5  8534308  1254  39600  3690  44651895436  2066  0  311168  311173  5  0  84008  272  0  53  3  84008  0  39600  20767  46  0  2451281103  3226  14263  14224  14224  6.63412483668  
1439222450  0  330036  23515  324285  5  8534308  1293  39327  3690  46952173788  2066  0  328104  328109  5  0  84008  272  0  53  3  84008  0  39327  23515  46  0  2300278352  2748  17003  16936  16936  7.12498030518  
1439222460  0  358016  29215  352355  5  8548993  1526  49798  3698  51180295614  2066  0  356182  356187  5  0  84008  272  0  53  3  84008  0  49798  29215  46  0  4228121826  5700  27980  28078  28078  8.16024982124  
1439222470  0  373659  33335  368064  5  8553459  1571  51927  3700  53649308167  2066  0  371893  371898  5  0  84008  272  0  53  3  84008  0  51927  33335  46  0  2469012553  4120  15643  15711  15711  8.9212356721  
1439222481  0  384251  34721  378676  5  8553459  1463  43719  3700  55259536972  2066  0  382505  382510  5  0  84008  272  0  53  3  84008  0  43719  34721  46  0  1610228805  1386  10592  10612  10612  9.03602072604  
1439222491  0  400144  37586  394523  5  8553459  1343  40804  3700  57809593314  2066  0  398352  398357  5  0  84008  272  0  53  2  84008  0  40804  37586  46  0  2550056342  2865  15893  15847  15847  9.39311847735  
1439222501  0  414733  39824  409092  5  8553459  1145  36146  3700  60045018074  2066  0  412921  412926  5  0  84008  272  0  53  2  84008  0  36146  39824  46  0  2235424760  2238  14589  14569  14569  9.60232245806  
1439222511  0  431127  42891  424138  5  10391381  1303  38305  4461  62448297413  2066  0  428728  428733  5  0  84008  272  0  63  179  84008  0  38305  42891  46  0  2403279339  3067  16394  15807  15807  9.94857663751  
1439222521  0  440092  44896  433210  5  10391381  1231  36018  4461  63842877448  2066  0  437800  437805  5  0  84008  272  0  63  179  84008  0  36018  44896  46  0  1394580035  2005  8965  9072  9072  10.201503322  
1439222531  0  449087  46806  441943  5  10391381  967  27940  4461  65017620367  2066  0  446533  446538  5  0  84008  272  0  63  3  84008  0  27940  46806  46  0  1174742919  1910  8995  8733  8733  10.422479386  
1439222541  0  465134  49171  458257  5  10391381  1060  31800  4461  67628356075  2066  0  462847  462852  5  0  84008  272  0  63  3  84008  0  31800  49171  46  0  2610735708  2365  16047  16314  16314  10.5713622311  
1439222551  0  483578  52335  476573  5  10391381  1142  36105  4461  70390752662  2066  0  481163  481168  5  0  84008  272  0  63  2  84008  0  36105  52335  46  0  2762396587  3164  18444  18316  18316  10.8224526343  
1439222561  0  503207  56888  496304  5  10391381  1295  41933  4461  73365079402  2066  0  500894  500899  5  0  84008  272  0  63  2  84008  0  41933  56888  46  0  2974326740  4553  19629  19731  19731  11.3050891581  
1439222571  0  515433  59615  508632  5  10391381  1233  39188  4461  75132939142  2066  0  513222  513227  5  0  84008  272  0  63  2  84008  0  39188  59615  46  0  1767859740  2727  12226  12328  12328  11.5660037289  
1439222581  0  536298  64933  529331  5  10391381  1269  40554  4461  78141143188  2066  0  533921  533926  5  0  84008  272  0  63  2  84008  0  40554  64933  46  0  3008204046  5318  20865  20699  20699  12.1076341885  
1439222591  0  563126  71273  556307  5  10391381  1463  50229  4461  82039830557  2066  0  560897  560902  5  0  84008  272  0  63  2  84008  0  50229  71273  46  0  3898687369  6340  26828  26976  26976  12.656670088  
1439222601  0  583863  76341  577080  5  10391381  1471  49751  4461  85136391751  2066  0  581670  581675  5  0  84008  272  0  63  2  84008  0  49751  76341  46  0  3096561194  5068  20737  20773  20773  13.0751563295  
1439222611  0  596858  79318  589921  5  10391381  1456  47458  4461  87153145717  2066  0  594511  594516  5  0  84008  272  0  63  2  84008  0  47458  79318  46  0  2016753966  2977  12995  12841  12841  13.2892580815  
1439222621  0  614133  83840  607147  5  10391381  1394  44972  4461  89737059611  2066  0  611737  611742  5  0  84008  272  0  63  2  84008  0  44972  83840  46  0  2583913894  4522  17275  17226  17226  13.6517659855  
1439222631  0  631063  86899  624230  5  10391381  1315  41551  4461  92454867112  2066  0  628820  628825  5  0  84008  272  0  63  2  84008  0  41551  86899  46  0  2717807501  3059  16930  17083  17083  13.7702574862  
1439222641  0  654231  92220  647459  5  10391381  1368  44951  4461  96164399300  2066  0  652049  652054  5  0  84008  272  0  63  2  84008  0  44951  92220  46  0  3709532188  5321  23168  23229  23229  14.0959385905  
1439222651  0  669381  94313  662264  5  10391381  1401  46118  4461  98619212024  2066  0  666854  666859  5  0  84008  272  0  63  2  84008  0  46118  94313  46  0  2454812724  2093  15150  14805  14805  14.0895842577  
1439222661  0  687343  98308  680524  5  10391381  1445  47543  4461  101519182865  2066  0  685114  685119  5  0  84008  272  0  63  2  84008  0  47543  98308  46  0  2899970841  3995  17962  18260  18260  14.302611651  
1439222671  0  704378  102642  697567  5  10391381  1471  47712  4461  104311974522  2066  0  702157  702162  5  0  84008  272  0  63  2  84008  0  47712  102642  46  0  2792791657  4334  17035  17043  17043  14.5720053721  
1439222681  0  722896  107843  715281  5  11963677  1387  42916  5047  107442781874  2066  0  720457  720462  5  0  84008  272  0  63  41  84008  0  42916  107843  46  0  3130807352  5201  18518  18300  18300  14.9181901684  
1439222691  0  738471  111393  730926  5  11963677  1304  40116  5047  110032746388  2066  0  736102  736107  5  0  84008  272  0  63  10  84008  0  40116  111393  46  0  2589964514  3550  15575  15645  15645  15.0842754827  
1439222701  0  751483  113475  744088  5  11963677  1225  38212  5047  112004316788  2066  0  749264  749269  5  0  84008  272  0  63  2  84008  0  38212  113475  46  0  1971570400  2082  13012  13162  13162  15.1001419859  
1439222711  0  772994  118019  765473  5  11963677  1305  41037  5047  115629765706  2066  0  770649  770654  5  0  84008  272  0  63  2  84008  0  41037  118019  46  0  3625448918  4544  21511  21385  21385  15.2677769815  
1439222721  0  784022  119801  776504  5  11963677  1244  39262  5047  117225713526  2066  0  781680  781685  5  0  84008  272  0  63  2  84008  0  39262  119801  46  0  1595947820  1782  11028  11031  11031  15.2803110117  
1439222731  0  796078  122266  788495  5  11963677  1188  35720  5047  119169653628  2066  0  793671  793676  5  0  84008  272  0  63  2  84008  0  35720  122266  46  0  1943940102  2465  12056  11991  11991  15.3585452682  
1439222741  0  816249  126736  808880  5  11963677  1289  40866  5047  122155494539  2066  0  814056  814061  5  0  84008  272  0  63  2  84008  0  40866  126736  46  0  2985840911  4470  20171  20385  20385  15.5266346421  
1439222751  0  831008  129495  823622  5  11963677  1280  41045  5047  124316841370  2066  0  828798  828803  5  0  84008  272  0  63  2  84008  0  41045  129495  46  0  2161346831  2759  14759  14742  14742  15.5828824753  
1439222761  0  855342  135617  847727  5  11963677  1408  45618  5047  128028593258  2066  0  852903  852908  5  0  84008  272  0  63  2  84008  0  45618  135617  46  0  3711751888  6122  24334  24105  24105  15.8552953088  
1439222771  0  870154  139474  862759  5  11963677  1430  46981  5047  130219920456  2066  0  867935  867940  5  0  84008  272  0  63  2  84008  0  46981  139474  46  0  2191327198  3857  14812  15032  15032  16.0286569963  
1439222781  0  884528  142141  876814  5  11963677  1368  42338  5047  132398817448  2066  0  881990  881995  5  0  84008  272  0  63  2  84008  0  42338  142141  46  0  2178896992  2667  14374  14055  14055  16.0697004504  
1439222791  0  905886  146846  898367  5  11963677  1425  44365  5047  135575261846  2066  0  903543  903548  5  0  84008  272  0  63  2  84008  0  44365  146846  46  0  3176444398  4705  21358  21553  21553  16.2102074654  
1439222801  0  914587  147984  907110  5  11963677  1246  38160  5047  137039511357  2066  0  912286  912291  5  0  84008  272  0  63  2  84008  0  38160  147984  46  0  1464249511  1138  8701  8743  8743  16.1804180466  
1439222811  0  932600  151360  925212  5  11963677  1291  38547  5047  140011029482  2066  0  930388  930393  5  0  84008  272  0  63  2  84008  0  38547  151360  46  0  2971518125  3376  18013  18102  18102  16.2298949174  
1439222821  0  946332  154971  938962  5  11963677  1284  39757  5047  141970201690  2066  0  944138  944143  5  0  84008  272  0  63  2  84008  0  39757  154971  46  0  1959172208  3611  13732  13750  13750  16.375965306  
1439222831  0  957593  157134  949886  5  11963677  1152  33813  5047  143611258525  2066  0  955062  955067  5  0  84008  272  0  63  2  84008  0  33813  157134  46  0  1641056835  2163  11261  10924  10924  16.4092678205  
1439222841  0  968397  158483  961067  5  11963677  1142  33326  5047  145218577649  2066  0  966243  966248  5  0  84008  272  0  63  2  84008  0  33326  158483  46  0  1607319124  1349  10804  11181  11181  16.3654988605  
1439222851  0  983024  161224  975678  5  11963677  1069  32821  5047  147271826003  2066  0  980854  980859  5  0  84008  272  0  63  2  84008  0  32821  161224  46  0  2053248354  2741  14627  14611  14611  16.4008203259  
1439222861  0  998255  163442  990909  5  11963677  1181  36225  5047  149690363039  2066  0  996085  996090  5  0  84008  272  0  63  2  84008  0  36225  163442  46  0  2418537036  2218  15231  15231  15231  16.3727704845  
1439222871  0  1014698  166232  1007169  5  11963677  1184  38175  5047  152129893695  2066  0  1012345  1012350  5  0  84008  272  0  63  2  84008  0  38175  166232  46  0  2439530656  2790  16443  16260  16260  16.3824113184  
1439222881  0  1023131  168473  1015506  5  11963677  1052  31451  5047  153513163918  2066  0  1020682  1020687  5  0  84008  272  0  63  2  84008  0  31451  168473  46  0  1383270223  2241  8433  8337  8337  16.4664153466  
1439222891  0  1042891  171269  1035427  5  11963677  1227  38669  5047  156738689937  2066  0  1040603  1040608  5  0  84008  272  0  63  2  84008  0  38669  171269  46  0  3225526019  2796  19760  19921  19921  16.422521625  
1439222901  0  1074767  178257  1067121  5  11963677  1563  54741  5047  162113490653  2066  0  1072297  1072302  5  0  84008  272  0  63  2  84008  0  54741  178257  46  0  5374800716  6988  31876  31694  31694  16.585641353  
1439222911  0  1130489  197735  1123105  5  11963677  2139  81339  5047  171038060194  2139  0  1128281  1128286  5  0  84008  272  0  63  2  84008  0  81339  197735  46  0  8924569541  19478  55722  55984  55984  17.4911034075  
1439222921  0  1218909  239457  1211442  5  11965235  2754  113343  5048  184751801526  2756  0  1216619  1216624  5  0  113344  272  0  63  2  113344  0  113343  239457  46  0  13713741332  41722  88420  88338  88338  19.6451909043  
1439222931  0  1339896  314533  1332447  5  11966793  3255  135960  5049  201204380934  3260  0  1337625  1337630  5  0  136007  272  0  63  2  136007  0  135960  314533  46  0  16452579408  75076  120987  121006  121006  23.4744338367  
1439222941  0  1486065  416194  1478305  5  11966793  3501  147571  5049  220768329228  3515  0  1483483  1483488  5  0  147679  272  0  63  2  147679  0  147571  416194  46  0  19563948294  101661  146169  145858  145858  28.0064465552  
1439222951  0  1619001  511422  1611095  5  11966793  3544  148356  5049  238213479504  3569  0  1616273  1616278  5  0  149510  272  0  63  2  149510  0  148356  511422  46  0  17445150276  95228  132936  132790  132790  31.5887389816  
1439222961  0  1754817  610430  1747158  5  11966793  3497  146814  5049  256187349797  3569  0  1752336  1752341  5  0  149680  272  0  63  2  149680  0  146814  610430  46  0  17973870293  99008  135816  136063  136063  34.7859634366  
1439222971  0  1868105  689862  1859960  5  12415320  3491  146581  5226  272329529304  3569  0  1865431  1865436  5  0  149680  272  0  63  11  149680  0  146581  689862  46  0  16142179507  79432  113288  113095  113095  36.9284381767  
1439222981  0  2031920  822415  2022439  8  14986131  3366  140801  6241  292222763530  3569  0  2028925  2028933  8  0  149680  272  0  63  25  149680  0  140801  822415  46  0  19893234226  132553  163815  163494  163497  40.4747726288  
