#Type:X;CI:3;ww:0;ca:0;co:0;fr:0;Type:X;CI:3;PI:0;PT:EP;U0:0;U1:0;Type:X;CI:3;PI:1;PT:EP;U0:0;U1:0;
#time  Pp  gt  gs  cn  cm  cb  Nc  Pc  cp  Tc  Nm  pr  ps  pt  px  pd  Pm  Om  fs  ft  Oc  Em  Gp  Ec  Ge  ot  os  Total_cycles_diff  Successful_get_diff  Total_get_diff  succ_put_diff  total_put_diff  get_hit  
1439905803  0  0  0  0  0  0  0  0  0  4102673  0  0  0  0  0  0  0  0  0  21  0  0  0  0  0  45  0  4102673  0  0  0  0  
1439905813  0  0  0  0  0  0  0  0  0  4106281  0  0  0  0  0  0  0  0  0  21  0  0  0  0  0  45  0  3608  0  0  0  0  0 
1439905824  0  255  218  0  0  0  193  2858  0  37401551  233  0  3427  3427  0  0  3427  352  0  98  200  3427  0  2858  218  8608  115  33295270  218  255  3427  3427  85.4901960784  
1439905834  0  540  333  0  0  0  188  2743  0  38359042  233  0  3427  3427  0  0  3427  352  0  98  198  3427  0  2743  333  8608  115  957491  115  285  0  0  61.6666666667  
1439905844  0  541  334  0  0  0  188  2742  0  38393033  233  0  3427  3427  0  0  3427  352  0  98  197  3427  0  2742  334  8608  115  33991  1  1  0  0  61.7375231054  
1439905854  0  541  334  0  0  0  178  2784  0  66729392  233  0  3851  3851  0  0  3427  352  0  21476  171  3427  0  2784  334  8706  166  28336359  0  0  424  424  61.7375231054  
1439905864  0  545  338  0  0  0  112  1901  0  103040439  233  0  3880  3880  0  0  3427  352  0  60680  74  3427  0  1901  338  9366  275  36311047  4  4  29  29  62.0183486239  
1439905874  0  568  338  0  0  0  108  2632  0  143710937  233  0  4658  4658  0  0  3427  352  0  89956  65  3427  0  2632  338  10699  290  40670498  0  23  778  778  59.5070422535  
1439905884  0  610  338  0  0  0  108  2632  0  171130905  233  0  4658  4658  0  0  3427  352  0  118116  65  3427  0  2632  338  11414  290  27419968  0  42  0  0  55.4098360656  
1439905894  0  1588  542  0  0  0  108  2441  0  193996024  233  0  4691  4691  0  0  3427  352  0  158358  55  3427  0  2441  542  13617  298  22865119  204  978  33  33  34.1309823678  
1439905904  0  13954  542  0  0  0  130  2802  0  207818741  233  0  5052  5052  0  0  3427  352  0  170133  76  3427  0  2802  542  14021  298  13822717  0  12366  361  361  3.884190913  
1439905914  0  22851  542  0  0  0  209  3994  0  241311304  233  0  6245  6245  0  0  3994  352  0  177854  148  3994  0  3994  542  14176  299  33492563  0  8897  1193  1193  2.37188744475  
1439905924  0  30102  545  0  0  0  290  5118  0  271165668  290  0  7372  7372  0  0  5118  352  0  184091  226  5118  0  5118  545  14176  299  29854364  3  7251  1127  1127  1.81051092951  
1439905934  0  41987  545  0  0  0  380  6872  0  321313859  380  0  9126  9126  0  0  6872  352  0  193786  306  6872  0  6872  545  14601  299  50148191  0  11885  1754  1754  1.29802081597  
1439905944  0  51927  545  0  0  0  461  8261  0  359080912  461  0  10515  10515  0  0  8261  381  0  202352  381  8261  0  8261  545  15005  299  37767053  0  9940  1389  1389  1.04955033027  
1439905954  0  59571  545  0  0  0  538  9430  0  393403499  538  0  11684  11684  0  0  9430  455  0  208718  455  9430  0  9430  545  15382  299  34322587  0  7644  1169  1169  0.914874687348  
1439905964  0  80757  545  0  0  0  1409  28590  0  522243627  1409  0  30844  30844  0  0  28590  1257  0  210676  1257  28590  0  28590  545  16234  299  128840128  0  21186  19160  19160  0.674864098468  
1439905974  0  96701  545  0  0  0  0  0  0  1020378764  1697  0  46864  54770  7906  0  35643  1525  0  210800  0  35643  0  0  545  16754  299  498135137  0  15944  16020  23926  0.563592930787  
1439905984  0  96701  545  0  0  0  0  0  0  1244197750  1697  0  46864  76465  29601  0  35643  1525  0  210890  0  35643  0  0  545  17153  299  223818986  0  0  0  21695  0.563592930787  
1439905994  0  96701  545  0  0  0  0  0  0  1439492085  1697  0  46864  94746  47882  0  35643  1525  0  210972  0  35643  0  0  545  17639  299  195294335  0  0  0  18281  0.563592930787  
1439906004  0  96701  545  0  0  0  0  0  0  1582924444  1697  0  46864  108716  61852  0  35643  1525  0  211078  0  35643  0  0  545  17944  299  143432359  0  0  0  13970  0.563592930787  
1439906014  0  96701  545  0  0  0  0  0  0  1893846925  1697  0  46864  137237  90373  0  35643  1525  0  211210  0  35643  0  0  545  19149  299  310922481  0  0  0  28521  0.563592930787  
1439906024  0  96701  545  0  0  0  0  0  0  2188489571  1697  0  46864  162612  115748  0  35643  1525  0  211332  0  35643  0  0  545  20194  299  294642646  0  0  0  25375  0.563592930787  
1439906034  0  96701  545  0  0  0  0  0  0  2449530242  1697  0  46864  186670  139806  0  35643  1525  0  211337  0  35643  0  0  545  20743  299  261040671  0  0  0  24058  0.563592930787  
1439906044  0  96701  545  0  0  0  0  0  0  2570260318  1697  0  46864  197898  151034  0  35643  1525  0  211596  0  35643  0  0  545  21497  299  120730076  0  0  0  11228  0.563592930787  
1439906054  0  96701  545  0  0  0  0  0  0  2684716383  1697  0  46864  208227  161361  0  35643  1525  0  211645  0  35643  0  0  545  21745  299  114456065  0  0  0  10329  0.563592930787  
1439906064  0  96701  545  0  0  0  0  0  0  2908267044  1697  0  46864  228931  182065  0  35643  1525  0  211764  0  35643  0  0  545  22275  299  223550661  0  0  0  20704  0.563592930787  
1439906074  0  96701  545  0  0  0  0  0  0  3092884707  1697  0  46864  245819  198953  0  35643  1525  0  211853  0  35643  0  0  545  23024  299  184617663  0  0  0  16888  0.563592930787  
1439906084  0  96701  545  0  0  0  0  0  0  3318913466  1697  0  46864  267672  220806  0  35643  1525  0  211960  0  35643  0  0  545  23838  299  226028759  0  0  0  21853  0.563592930787  
1439906094  0  96701  545  0  0  0  0  0  0  3530451964  1697  0  46864  286888  240022  0  35643  1525  0  212046  0  35643  0  0  545  24628  299  211538498  0  0  0  19216  0.563592930787  
1439906104  0  96701  545  0  0  0  0  0  0  3726657105  1697  0  46864  305498  258632  0  35643  1525  0  212093  0  35643  0  0  545  25228  299  196205141  0  0  0  18610  0.563592930787  
1439906114  0  96701  545  0  0  0  0  0  0  3966173625  1697  0  46864  328055  281188  0  35643  1525  0  212324  0  35643  0  0  545  26334  299  239516520  0  0  0  22557  0.563592930787  
1439906124  0  96701  545  0  0  0  0  0  0  4244232380  1697  0  46864  352959  306092  0  35643  1525  0  212452  0  35643  0  0  545  27226  299  278058755  0  0  0  24904  0.563592930787  
1439906134  0  96701  545  0  0  0  0  0  0  4416388207  1697  0  46864  368667  321800  0  35643  1525  0  212530  0  35643  0  0  545  27953  299  172155827  0  0  0  15708  0.563592930787  
1439906144  0  96701  545  0  0  0  0  0  0  4694540949  1697  0  46864  394685  347818  0  35643  1525  0  212746  0  35643  0  0  545  28888  299  278152742  0  0  0  26018  0.563592930787  
1439906154  0  96701  545  0  0  0  0  0  0  4789813242  1697  0  46864  402856  355989  0  35643  1525  0  212776  0  35643  0  0  545  29222  299  95272293  0  0  0  8171  0.563592930787  
1439906164  0  96701  545  0  0  0  0  0  0  5020486894  1697  0  46864  424739  377872  0  35643  1525  0  212874  0  35643  0  0  545  30212  299  230673652  0  0  0  21883  0.563592930787  
1439906174  0  96701  545  0  0  0  0  0  0  5265301271  1697  0  46864  447516  400649  0  35643  1525  0  212951  0  35643  0  0  545  31222  299  244814377  0  0  0  22777  0.563592930787  
1439906184  0  96701  545  0  0  0  0  0  0  5339153008  1697  0  46864  455094  408227  0  35643  1525  0  213066  0  35643  0  0  545  31550  299  73851737  0  0  0  7578  0.563592930787  
1439906194  0  96701  545  0  0  0  0  0  0  5485655394  1697  0  46864  469086  422219  0  35643  1525  0  213120  0  35643  0  0  545  31882  299  146502386  0  0  0  13992  0.563592930787  
1439906204  0  96701  545  0  0  0  0  0  0  5644101170  1697  0  46864  483808  436941  0  35643  1525  0  213201  0  35643  0  0  545  32662  299  158445776  0  0  0  14722  0.563592930787  
1439906214  0  96701  545  0  0  0  0  0  0  5796574356  1697  0  46864  498067  451200  0  35643  1525  0  213312  0  35643  0  0  545  33282  299  152473186  0  0  0  14259  0.563592930787  
1439906224  0  96701  545  0  0  0  0  0  0  5871076237  1697  0  46864  505457  458590  0  35643  1525  0  213352  0  35643  0  0  545  33595  299  74501881  0  0  0  7390  0.563592930787  
1439906234  0  96701  545  0  0  0  0  0  0  6088524644  1697  0  46864  527908  481041  0  35643  1525  0  213445  0  35643  0  0  545  34562  299  217448407  0  0  0  22451  0.563592930787  
1439906244  0  96701  545  0  0  0  0  0  0  6278492709  1697  0  46864  545529  498662  0  35643  1525  0  213590  0  35643  0  0  545  35351  299  189968065  0  0  0  17621  0.563592930787  
1439906254  0  96701  545  0  0  0  0  0  0  6504735376  1697  0  46864  565043  518176  0  35643  1525  0  213687  0  35643  0  0  545  35954  299  226242667  0  0  0  19514  0.563592930787  
1439906265  0  96701  545  0  0  0  0  0  0  6707105256  1697  0  46864  583087  536220  0  35643  1525  0  213784  0  35643  0  0  545  36595  299  202369880  0  0  0  18044  0.563592930787  
1439906275  0  96701  545  0  0  0  0  0  0  6966352819  1697  0  46864  604919  558052  0  35643  1525  0  213913  0  35643  0  0  545  37673  299  259247563  0  0  0  21832  0.563592930787  
1439906285  0  96701  545  0  0  0  0  0  0  7179557104  1697  0  46864  625092  578225  0  35643  1525  0  214109  0  35643  0  0  545  38340  299  213204285  0  0  0  20173  0.563592930787  
1439906295  0  96701  545  0  0  0  0  0  0  7439695753  1697  0  46864  648830  601963  0  35643  1525  0  214212  0  35643  0  0  545  39642  299  260138649  0  0  0  23738  0.563592930787  
1439906305  0  96701  545  0  0  0  0  0  0  7587605944  1697  0  46864  662076  615208  0  35643  1525  0  214254  0  35643  0  0  545  40031  299  147910191  0  0  0  13246  0.563592930787  
1439906315  0  96701  545  0  0  0  0  0  0  7917946381  1697  0  46864  691055  644187  0  35643  1525  0  214456  0  35643  0  0  545  41295  299  330340437  0  0  0  28979  0.563592930787  
1439906325  0  96701  545  0  0  0  0  0  0  8069239107  1697  0  46864  705071  658203  0  35643  1525  0  214538  0  35643  0  0  545  41833  299  151292726  0  0  0  14016  0.563592930787  
1439906335  0  96701  545  0  0  0  0  0  0  8185169583  1697  0  46864  716046  669178  0  35643  1525  0  214586  0  35643  0  0  545  42384  299  115930476  0  0  0  10975  0.563592930787  
1439906345  0  96701  545  0  0  0  0  0  0  8382854314  1697  0  46864  734757  687889  0  35643  1525  0  214683  0  35643  0  0  545  43045  299  197684731  0  0  0  18711  0.563592930787  
1439906355  0  96701  545  0  0  0  0  0  0  8640223413  1697  0  46864  757850  710982  0  35643  1525  0  214848  0  35643  0  0  545  43980  299  257369099  0  0  0  23093  0.563592930787  
1439906365  0  96701  545  0  0  0  0  0  0  8823459832  1697  0  46864  774370  727502  0  35643  1525  0  214947  0  35643  0  0  545  44748  299  183236419  0  0  0  16520  0.563592930787  
1439906375  0  96701  545  0  0  0  0  0  0  8946851077  1697  0  46864  785344  738476  0  35643  1525  0  214993  0  35643  0  0  545  45062  299  123391245  0  0  0  10974  0.563592930787  
1439906385  0  96701  545  0  0  0  0  0  0  9080132857  1697  0  46864  798141  751273  0  35643  1525  0  215102  0  35643  0  0  545  45679  299  133281780  0  0  0  12797  0.563592930787  
1439906395  0  96701  545  0  0  0  0  0  0  9189936389  1697  0  46864  808247  761379  0  35643  1525  0  215154  0  35643  0  0  545  46006  299  109803532  0  0  0  10106  0.563592930787  
1439906405  0  96701  545  0  0  0  0  0  0  9324513758  1697  0  46864  820402  773534  0  35643  1525  0  215213  0  35643  0  0  545  46829  299  134577369  0  0  0  12155  0.563592930787  
1439906415  0  96701  545  0  0  0  0  0  0  9567696905  1697  0  46864  842103  795235  0  35643  1525  0  215343  0  35643  0  0  545  47420  299  243183147  0  0  0  21701  0.563592930787  
1439906425  0  96701  545  0  0  0  0  0  0  9738119051  1697  0  46864  858876  812008  0  35643  1525  0  215440  0  35643  0  0  545  48032  299  170422146  0  0  0  16773  0.563592930787  
1439906435  0  96701  545  0  0  0  0  0  0  9877619535  1697  0  46864  871107  824239  0  35643  1525  0  215476  0  35643  0  0  545  48679  299  139500484  0  0  0  12231  0.563592930787  
1439906445  0  96701  545  0  0  0  0  0  0  10098983899  1697  0  46864  891299  844431  0  35643  1525  0  215565  0  35643  0  0  545  49423  299  221364364  0  0  0  20192  0.563592930787  
1439906455  0  96701  545  0  0  0  0  0  0  10263616738  1697  0  46864  907734  860866  0  35643  1525  0  215685  0  35643  0  0  545  50010  299  164632839  0  0  0  16435  0.563592930787  
1439906465  0  96701  545  0  0  0  0  0  0  10347477912  1697  0  46864  915178  868310  0  35643  1525  0  215716  0  35643  0  0  545  50321  299  83861174  0  0  0  7444  0.563592930787  
1439906475  0  96701  545  0  0  0  0  0  0  10467371636  1697  0  46864  927726  880858  0  35643  1525  0  215783  0  35643  0  0  545  51199  299  119893724  0  0  0  12548  0.563592930787  
1439906485  0  96701  545  0  0  0  0  0  0  10668598234  1697  0  46864  946470  899602  0  35643  1525  0  215936  0  35643  0  0  545  51755  299  201226598  0  0  0  18744  0.563592930787  
1439906495  0  96701  545  0  0  0  0  0  0  10821893577  1697  0  46864  960967  914099  0  35643  1525  0  215993  0  35643  0  0  545  52364  299  153295343  0  0  0  14497  0.563592930787  
1439906505  0  96701  545  0  0  0  0  0  0  11009727942  1697  0  46864  977705  930837  0  35643  1525  0  216096  0  35643  0  0  545  53013  299  187834365  0  0  0  16738  0.563592930787  
1439906515  0  96701  545  0  0  0  0  0  0  11252602562  1697  0  46864  1000089  953220  0  35643  1525  0  216206  0  35643  0  0  545  54085  299  242874620  0  0  0  22384  0.563592930787  
1439906525  0  96701  545  0  0  0  0  0  0  11418872379  1697  0  46864  1016041  969172  0  35643  1525  0  216335  0  35643  0  0  545  54391  299  166269817  0  0  0  15952  0.563592930787  
1439906535  0  96701  545  0  0  0  0  0  0  11587558306  1697  0  46864  1031341  984472  0  35643  1525  0  216413  0  35643  0  0  545  55030  299  168685927  0  0  0  15300  0.563592930787  
1439906545  0  96701  545  0  0  0  0  0  0  11793328498  1697  0  46864  1051290  1004421  0  35643  1525  0  216507  0  35643  0  0  545  56155  299  205770192  0  0  0  19949  0.563592930787  
1439906555  0  96701  545  0  0  0  0  0  0  11877557986  1697  0  46864  1060251  1013382  0  35643  1525  0  216538  0  35643  0  0  545  56449  299  84229488  0  0  0  8961  0.563592930787  
1439906565  0  96701  545  0  0  0  0  0  0  12027201677  1697  0  46864  1074087  1027218  0  35643  1525  0  216635  0  35643  0  0  545  57080  299  149643691  0  0  0  13836  0.563592930787  
1439906575  0  96701  545  0  0  0  0  0  0  12116726740  1697  0  46864  1081923  1035054  0  35643  1525  0  216675  0  35643  0  0  545  57405  299  89525063  0  0  0  7836  0.563592930787  
1439906585  0  96701  545  0  0  0  0  0  0  12263548399  1697  0  46864  1095915  1049046  0  35643  1525  0  216723  0  35643  0  0  545  57740  299  146821659  0  0  0  13992  0.563592930787  
1439906595  0  96701  545  0  0  0  0  0  0  12398698485  1697  0  46864  1108075  1061206  0  35643  1525  0  216815  0  35643  0  0  545  58521  299  135150086  0  0  0  12160  0.563592930787  
1439906605  0  96701  545  0  0  0  0  0  0  12528882521  1697  0  46864  1121058  1074188  0  35643  1525  0  216875  0  35643  0  0  545  58821  299  130184036  0  0  0  12983  0.563592930787  
1439906615  0  96701  545  0  0  0  0  0  0  12717064077  1697  0  46864  1138500  1091630  0  35643  1525  0  216963  0  35643  0  0  545  59798  299  188181556  0  0  0  17442  0.563592930787  
1439906625  0  96701  545  0  0  0  0  0  0  12841686622  1697  0  46864  1149346  1102476  0  35643  1525  0  217068  0  35643  0  0  545  60139  299  124622545  0  0  0  10846  0.563592930787  
1439906635  0  96701  545  0  0  0  0  0  0  13091500358  1697  0  46864  1171980  1125110  0  35643  1525  0  217184  0  35643  0  0  545  61208  299  249813736  0  0  0  22634  0.563592930787  
1439906645  0  96701  545  0  0  0  0  0  0  13263325736  1697  0  46864  1187159  1140289  0  35643  1525  0  217247  0  35643  0  0  545  61832  299  171825378  0  0  0  15179  0.563592930787  
1439906655  0  96701  545  0  0  0  0  0  0  13546739565  1697  0  46864  1212418  1165548  0  35643  1525  0  217333  0  35643  0  0  545  62966  299  283413829  0  0  0  25259  0.563592930787  
1439906665  0  96701  545  0  0  0  0  0  0  13911630894  1697  0  46864  1247232  1200362  0  35643  1525  0  217600  0  35643  0  0  545  64206  299  364891329  0  0  0  34814  0.563592930787  
1439906675  0  96701  545  0  0  0  0  0  0  14090021104  1697  0  46864  1263878  1217008  0  35643  1525  0  217681  0  35643  0  0  545  64862  299  178390210  0  0  0  16646  0.563592930787  
1439906685  0  96701  545  0  0  0  0  0  0  14277118189  1697  0  46864  1279858  1232988  0  35643  1525  0  217752  0  35643  0  0  545  65674  299  187097085  0  0  0  15980  0.563592930787  
1439906695  0  96701  545  0  0  0  0  0  0  14411871935  1697  0  46864  1294240  1247370  0  35643  1525  0  217854  0  35643  0  0  545  66268  299  134753746  0  0  0  14382  0.563592930787  
1439906705  0  96701  545  0  0  0  0  0  0  14512666907  1697  0  46864  1303870  1257000  0  35643  1525  0  217892  0  35643  0  0  545  66577  299  100794972  0  0  0  9630  0.563592930787  
1439906715  0  96701  545  0  0  0  0  0  0  14660894464  1697  0  46864  1317288  1270418  0  35643  1525  0  217960  0  35643  0  0  545  67237  299  148227557  0  0  0  13418  0.563592930787  
1439906725  0  96701  545  0  0  0  0  0  0  14804740557  1697  0  46864  1331056  1284185  0  35643  1525  0  218048  0  35643  0  0  545  67701  299  143846093  0  0  0  13768  0.563592930787  
1439906735  0  96701  545  0  0  0  0  0  0  15078269891  1697  0  46864  1355035  1308164  0  35643  1525  0  218182  0  35643  0  0  545  68632  299  273529334  0  0  0  23979  0.563592930787  
1439906745  0  96701  545  0  0  0  0  0  0  15202354149  1697  0  46864  1366607  1319736  0  35643  1525  0  218236  0  35643  0  0  545  69271  299  124084258  0  0  0  11572  0.563592930787  
1439906755  0  96701  545  0  0  0  0  0  0  15358298450  1697  0  46864  1380779  1333908  0  35643  1525  0  218295  0  35643  0  0  545  69601  299  155944301  0  0  0  14172  0.563592930787  
1439906765  0  96701  545  0  0  0  0  0  0  15613759689  1697  0  46864  1405044  1358173  0  35643  1525  0  218444  0  35643  0  0  545  70689  299  255461239  0  0  0  24265  0.563592930787  
1439906775  0  96701  545  0  0  0  0  0  0  15777404570  1697  0  46864  1419724  1372853  0  35643  1525  0  218518  0  35643  0  0  545  71313  299  163644881  0  0  0  14680  0.563592930787  
1439906785  0  96701  545  0  0  0  0  0  0  15830641337  1697  0  46864  1424431  1377560  0  35643  1525  0  218583  0  35643  0  0  545  71637  299  53236767  0  0  0  4707  0.563592930787  
1439906795  0  96701  545  0  0  0  0  0  0  16084842053  1697  0  46864  1447565  1400692  0  35643  1525  0  218724  0  35643  0  0  545  72751  299  254200716  0  0  0  23134  0.563592930787  
1439906805  0  96701  545  0  0  0  0  0  0  16085616987  1697  0  46864  1447565  1400692  0  35643  1525  0  219105  0  35643  0  0  545  72753  299  774934  0  0  0  0  0.563592930787  
1439906815  0  96701  545  0  0  0  0  0  0  16085696796  1697  0  46864  1447565  1400692  0  35643  1525  0  219105  0  35643  0  0  545  72753  299  79809  0  0  0  0  0.563592930787  
1439906826  0  96701  545  0  0  0  0  0  0  16085696796  1697  0  46864  1447565  1400692  0  35643  1525  0  219105  0  35643  0  0  545  72753  299  0  0  0  0  0  0.563592930787  
1439906836  0  96701  545  0  0  0  0  0  0  16085696796  1697  0  46864  1447565  1400692  0  35643  1525  0  219105  0  35643  0  0  545  72753  299  0  0  0  0  0  0.563592930787  
1439906846  0  96701  545  0  0  0  0  0  0  16085696796  1697  0  46864  1447565  1400692  0  35643  1525  0  219105  0  35643  0  0  545  72753  299  0  0  0  0  0  0.563592930787  
1439906856  0  96701  545  0  0  0  0  0  0  16085696796  1697  0  46864  1447565  1400692  0  35643  1525  0  219105  0  35643  0  0  545  72753  299  0  0  0  0  0  0.563592930787  
