#type:T;
#time  gt  cn  Pt  Px  gx  cx  gn  gm  Pn  Pm  Ft  cm  pt  Fx  px  ct  pn  Fm  Fn  pm  dn  On  Om  dm  dx  Ox  dt  Ot  Gt  Cn  Cm  Gx  Cx  Gn  Gm  Ct  
1438614595  2196002  0  0  0  6526  0  2504  157  0  2147483647  20722  2147483647  0  2542  0  0  0  357  21  2147483647  0  46  239  2147483647  0  3953  0  46696  0  0  2147483647  0  0  0  2147483647  0  
1438614605  2196002  0  0  0  6526  0  2504  157  0  2147483647  20722  2147483647  0  2542  0  0  0  357  21  2147483647  0  46  239  2147483647  0  3953  0  46696  0  0  2147483647  0  0  0  2147483647  0  
1438614615  161833469  28002  3440625406  953835  505548  951195  108510  154  27997  6082  48002  5468  784195  4621  201574  3337616537  5  220  54  81870  0  46  239  2147483647  0  3953  0  46696  0  25150  390  0  33564  0  2147483647  22348920  
1438614625  575606437  125929  16133281136  953835  509129  951195  206290  154  125924  6082  48002  5468  784195  4621  201574  15654132254  5  220  54  81870  0  46  239  2147483647  0  3953  0  46696  0  122252  305  0  46345  0  2147483647  105142584  
1438614635  970635382  231646  30343148742  953835  509129  951195  306218  154  231641  6082  48002  5468  784195  4621  201574  29477691504  5  220  54  81870  0  46  239  2147483647  0  3953  0  46696  67702089  233853  284  518211  46625  5914  2286  202787008  
1438614645  1178205352  340810  43986652957  953835  509129  951195  370779  154  340806  6082  48002  5468  784195  4621  201574  42744159540  5  220  54  81870  0  46  239  2147483647  0  3953  0  46696  468303111  389269  278  522241  100704  52386  1539  369827378  
1438614655  1397335123  449845  57376818267  953835  514786  951195  438640  154  449843  6082  55728  5468  784195  4621  201574  55771621815  5  220  64  81870  30  46  239  21761  32754  3953  854822  46696  826849761  538605  278  522241  100704  93739  1539  524468317  
1438614665  1632709086  571782  72650505099  953835  514786  951195  507894  154  571788  6082  55728  5468  784195  4621  201574  70632367284  5  220  64  81870  36  46  239  21761  130510  3953  1503373  46696  1273283354  713086  278  527201  100704  146389  1539  711004599  
1438614675  1847499657  690123  87029202970  953835  514786  951195  571922  154  690132  6082  55728  5468  784195  4621  201574  84618740612  5  220  64  81870  36  46  239  21761  130510  3953  1503373  46696  1769649684  885837  278  527201  100704  200905  1539  892362524  
1438614685  2089418157  802440  101399399674  953835  517685  951195  634277  154  802451  6082  55728  5468  784195  4621  201574  98609280602  5  220  64  81870  36  46  239  21761  130510  3953  1503373  46696  2199523973  1047498  275  582948  100704  250774  1539  1064584610  
1438614695  2317540314  916483  115919304926  992035  517685  987287  698798  154  916500  6082  55728  5468  784195  4621  201574  112732890995  5  220  64  81870  36  46  239  21761  130510  3953  1503373  46696  2641652562  1210826  275  582948  100704  300201  1539  1237709557  
1438614705  2556165600  1035909  131386466363  992035  517685  987287  768921  154  1035927  6082  55728  5468  784195  4621  201574  127789682060  5  220  64  81870  36  46  239  21761  130510  3953  1503373  46696  3085576441  1379577  275  582948  100704  349636  1539  1415193957  
1438614715  2789625430  1141922  145255852791  992035  540935  987287  832806  154  1141943  6082  55728  5468  784195  4621  201574  141291580226  5  220  64  81870  36  46  239  21761  130510  3953  1503373  46696  3471938915  1527533  275  582948  100704  391647  1539  1569808341  
1438614725  3011619781  1239922  158599479526  992035  540935  987287  893189  154  1239943  6082  55728  5468  784195  4621  201574  154290711981  5  220  64  81870  47  46  239  21761  130510  3953  1809243  46696  3805998486  1662966  275  582948  100704  429233  1539  1714491532  
1438614735  3271915833  1362204  174558670094  1025325  540935  1019524  964648  154  1362233  6082  55728  5468  784195  4621  201574  169831530034  5  220  64  81870  47  46  239  21761  130510  3953  1809243  46696  4256121689  1835899  275  582948  100704  480197  1539  1897096870  
1438614745  3478000308  1464859  188018064304  1025325  540935  1019524  1026052  154  1464891  6082  55728  5468  784195  4621  201574  182942880684  5  220  64  81870  47  46  239  21761  130510  3953  1809243  46696  4631397554  1979825  275  605046  100704  521533  1539  2049373918  
1438614755  3719678684  1576090  202205753183  1025325  540935  1019524  1090428  154  1576129  6082  55728  5468  784195  4621  201574  196757120578  5  220  64  81870  47  46  239  21761  130510  3953  1809243  46696  5046251825  2137703  275  605046  100704  568320  1539  2215392849  
1438614765  3932226563  1678649  215739798787  1025325  540935  1019524  1153678  154  1678692  6082  55728  5468  784195  4621  201574  209935015933  5  220  64  81870  47  46  239  21761  130510  3953  1809243  46696  5415031474  2279544  275  605046  100704  607677  1539  2365585990  
1438614775  4177319646  1804725  231885429845  1025325  540935  1019524  1222888  154  1804772  6082  55728  5468  784195  4621  201574  225661485403  5  220  64  81870  47  46  239  21761  130510  3953  1809243  46696  5931700376  2462344  275  605046  100704  664528  1539  2559585341  
1438614785  4395098646  1909608  245701258114  1025325  540935  1019524  1284650  154  1909662  6082  55728  5468  784195  4621  201574  239120901415  5  220  64  81870  73  46  239  12938  130510  3953  2504857  46696  6321227476  2610355  275  605046  100704  707803  1539  2717277858  
1438614795  4618629861  2015974  259603750387  1025325  540935  1019524  1343585  154  2016031  6082  55728  5468  784195  4621  201574  252660090344  5  220  64  81870  82  46  239  12938  130510  3953  2778158  46696  6759323205  2763658  275  605046  100704  755195  1539  2883227471  
1438614805  4843613155  2142778  275916647063  1025325  540935  1019524  1418239  154  2142840  6082  55728  5468  784195  4621  201574  268544467327  5  220  64  81870  82  46  239  12938  130510  3953  2778158  46696  7199652670  2942307  275  605046  100704  807136  1539  3069466298  
1438614815  5088373119  2246546  289393281033  1025325  540935  1019524  1482103  154  2246612  6082  55728  5468  784195  4621  201574  281669974704  5  220  64  81870  82  46  239  12938  130510  3953  2778158  46696  7550194071  3085979  275  654208  100704  847098  1539  3217069506  
1438614825  5274253569  2349219  302709273134  1025325  540935  1019524  1539131  154  2349287  6082  55728  5468  784195  4621  201574  294638762731  5  220  64  81870  82  46  239  12938  130510  3953  2778158  46696  7961758547  3234134  275  654208  100704  892708  1539  3376226957  
1438614835  5563940281  2476190  318721479761  1030616  540935  1026127  1609426  154  2476266  6082  55728  5468  784195  4621  201574  310231342937  5  220  64  81870  82  46  239  12938  130510  3953  2778158  46696  8430006410  3417564  275  654208  100704  949420  1539  3569779191  
1438614845  5826991062  2582467  332535183643  1140304  540935  1026127  1672062  154  2582544  6082  55728  5468  784195  4621  201574  323684971207  5  220  64  81870  82  46  239  12938  130510  3953  2778158  46696  8830127247  3567213  275  654208  100704  992864  1539  3726105178  
1438614855  6046364791  2680047  345633483935  1140304  540935  1026127  1732692  154  2680127  6082  55728  5468  784195  4621  201574  336444659052  5  220  64  81870  82  46  239  12938  130510  3953  2778158  46696  9222283489  3701725  275  654208  100704  1030105  1539  3868460122  
1438614865  6253883538  2797318  360800716905  1140304  540935  1026127  1800090  154  2797402  6082  55728  5468  784195  4621  201574  351214051923  5  220  64  81870  136  46  239  12938  130510  3953  4170055  46696  9701838636  3868432  275  654208  100704  1079865  1539  4045394978  
1438614875  6478564772  2905678  374972755226  1140304  540935  1026127  1865881  154  2905764  6082  55728  5468  784195  4621  201574  365018589813  5  220  64  81870  136  46  239  12938  130510  3953  4170055  46696  10090715150  4019236  275  654208  100704  1122414  1539  4205500324  
1438614885  6725665925  3008669  388535364156  1140304  540935  1026127  1926135  154  3008757  6082  55728  5468  784195  4621  201574  378234136319  5  220  64  81870  136  46  239  12938  130510  3953  4170055  46696  10457133112  4164991  275  654208  100704  1165253  1524  4359684447  
1438614895  6959170018  3108209  401978131942  1140304  540935  1026127  1985084  154  3108297  6082  55728  5468  784195  4621  201574  391336040891  5  220  64  81870  181  46  239  8218  132262  3953  5579362  46696  10800939758  4304810  275  654208  100704  1205803  1524  4509806067  
1438614905  7187366322  3225327  417379915934  1140304  540935  1026127  2051036  154  3225419  6082  55728  5468  784195  4621  201574  406334427898  5  220  64  81870  252  46  239  8218  132262  3953  7819077  46696  11274976597  4472853  275  654208  100704  1257042  1524  4691843247  
1438614915  7419405151  3337362  432035351037  1140304  540935  1026127  2114542  154  3337460  6082  55728  5468  784195  4621  201574  420612338781  5  220  64  81870  252  46  239  8218  132262  3953  7819077  46696  11671901094  4633017  275  702227  100704  1305484  1524  4862914736  
1438614925  7638234161  3445084  446125183060  1140304  540935  1026127  2178140  154  3445188  6082  55728  5468  784195  4621  201574  434333600587  5  220  64  81870  252  46  239  8218  132262  3953  7819077  46696  12098093291  4784926  275  702227  100704  1349741  1524  5021104017  
1438614935  7882966403  3561934  461334826660  1140304  540935  1026127  2246951  154  3562041  6082  55728  5468  784195  4621  201574  449150432471  5  220  64  81870  266  46  239  8218  132262  3953  8229196  46696  12512517162  4949415  275  702227  100704  1397678  1524  5194039415  
1438614945  8098140999  3672652  475558314458  1140304  540935  1026127  2312041  154  3672764  6082  55728  5468  784195  4621  201574  463007226699  5  220  64  81870  266  46  239  8218  132262  3953  8229196  46696  12884825831  5105606  275  702227  100704  1443245  1524  5356859301  
1438614955  8321286912  3786007  490002938286  1140304  540935  1026127  2376740  154  3786124  6082  55728  5468  784195  4621  201574  477072682031  5  220  64  81870  266  46  239  8218  132262  3953  8229196  46696  13318649562  5267658  275  702227  100704  1492028  1524  5526795256  
1438614965  8551326846  3892293  503882578055  1140304  540935  1026127  2442912  154  3892412  6082  55728  5468  784195  4621  201574  490594072186  5  220  64  81870  296  46  239  8218  132262  3953  8950776  46696  13682958585  5413655  275  702227  100704  1532008  1524  5678342284  
1438614975  8777978540  4005401  518493961639  1140304  540935  1026127  2507860  154  4005522  6082  55728  5468  784195  4621  201574  504823114632  5  220  64  81870  296  46  239  8218  132262  3953  8950776  46696  14126453036  5574557  275  702227  100704  1580127  1524  5848942276  
1438614985  9030845746  4118924  532929332574  1140304  673254  1026127  2572913  154  4119049  6082  55728  5468  784195  4621  201574  518882203003  5  220  64  81870  296  46  239  8218  132262  3953  8950776  46696  14579617513  5736602  275  702227  100704  1628736  1524  6018370778  
1438614995  9235430142  4217568  546021579918  1140304  673254  1026127  2631735  154  4217694  6082  55728  5468  784195  4621  201574  531637938047  5  220  64  81870  319  46  239  7047  132262  3953  9481073  46696  14965640791  5875019  275  702227  100704  1668623  1524  6165286133  
1438615005  9530144591  4333066  561247577530  1140304  673254  1026127  2702461  154  4333195  6082  55728  5468  784195  4621  201574  546466359807  5  220  64  81870  319  46  239  7047  132262  3953  9481073  46696  15452253392  6034951  275  702227  100704  1713340  1524  6336095359  
1438615015  9733514064  4438102  575070935846  1140304  673254  1026127  2767873  154  4438233  6082  55728  5468  784195  4621  201574  559935730931  5  220  64  81870  319  46  239  7047  132262  3953  9481073  46696  15781527023  6179525  275  702227  100704  1752938  1524  6484584708  
1438615025  9948503388  4547322  588982897362  1140304  673254  1026127  2826636  154  4547459  6082  55728  5468  784195  4621  201574  573485862536  5  220  64  81870  319  46  239  7047  132262  3953  9481073  46696  16235990113  6338963  275  702227  100704  1803348  1524  6655735761  
1438615035  10209536986  4662600  603901918951  1140304  970224  1026127  2894566  154  4662739  6082  55728  5468  784195  4621  201574  588018882348  5  220  64  81870  370  46  239  7047  132262  3953  10885978  46696  16670841313  6501022  266  702227  100704  1850587  1524  6825099140  
1438615045  10415484713  4769432  617990908686  1140304  970224  1026127  2956542  154  4769575  6082  55728  5468  784195  4621  201574  601746819214  5  220  64  81870  370  46  239  7047  132262  3953  10885978  46696  17054829539  6652684  266  702227  100704  1895516  1524  6984805483  
1438615055  10644785632  4876341  632119479497  1140304  970224  1026127  3022785  154  4876487  6082  55728  5468  784195  4621  201574  615515945226  5  220  64  81870  370  46  239  7047  132262  3953  10885978  46696  17433209249  6800400  266  702227  100704  1936396  1524  7138262508  
1438615065  10894478317  4994008  647418716236  1140304  970224  1026127  3088758  154  4994161  6082  55728  5468  784195  4621  201574  630415271262  5  220  64  81870  371  46  239  7047  134091  3953  11020069  46696  17926400039  6969636  266  702227  100704  1988064  1524  7320901589  
1438615075  11126700169  5104274  661736457108  1140304  970224  1026127  3153441  154  5104430  6082  55728  5468  784195  4621  201574  644358660888  5  220  64  81870  371  46  239  7047  134091  3953  11020069  46696  18380486135  7125045  266  702227  100704  2033497  1524  7483817657  
1438615085  11335608638  5214679  675688533088  1140304  970224  1026127  3215835  154  5214840  6082  55728  5468  784195  4621  201574  657956942962  5  220  64  81870  371  46  239  7047  134091  3953  11020069  46696  18759433258  7283546  266  702227  100704  2081692  1524  7648068871  
1438615095  11538952191  5320532  689427312087  1140304  970224  1026127  3277689  154  5320699  6082  55728  5468  784195  4621  201574  671344628826  5  220  64  81870  375  46  239  7047  134091  3953  11122857  46696  19125904884  7433072  266  702227  100704  2125656  1524  7805223424  
1438615105  11790422666  5441415  705051605422  1140304  970224  1026127  3345661  154  5441584  6082  55728  5468  784195  4621  201574  686555026949  5  220  64  81870  424  46  239  7047  134091  3953  12473035  46696  19634353563  7606347  266  702227  100704  2178433  1524  7992075215  
1438615116  12021596117  5550583  719364785657  1140304  970224  1026127  3408358  154  5550755  6082  55728  5468  784195  4621  201574  700496858849  5  220  64  81870  424  46  239  7047  134091  3953  12473035  46696  20028012554  7761934  266  702227  100704  2224959  1524  8159647305  
1438615126  12264284651  5663828  734360825229  1140304  970224  1026127  3471971  154  5664003  6082  55728  5468  784195  4621  201574  715106921761  5  220  64  81870  424  46  239  7047  134091  3953  12473035  46696  20473029483  7924623  266  702227  100704  2274492  1524  8335574094  
1438615136  12500857832  5778872  749781924543  1140304  970224  1026127  3540451  154  5779053  6082  55728  5468  784195  4621  201574  730125184040  5  220  64  81870  469  46  239  7047  134091  3953  14229902  46696  20929078232  8085998  266  702227  100704  2321225  1524  8511474238  
1438615146  12715347225  5885276  764093843656  1140304  970224  1026127  3601140  154  5885459  6082  55728  5468  784195  4621  201574  744067507397  5  220  64  81870  470  46  239  7047  134091  3953  14248971  46696  21362048715  8238016  266  702227  100704  2366986  1524  8677903663  
1438615156  12920264160  5994436  778574671756  1140304  970224  1026127  3663984  154  5994622  6082  55728  5468  784195  4621  201574  758169067898  5  220  64  81870  470  46  239  7047  134091  3953  14248971  46696  21801453736  8393189  266  702227  100704  2413277  1524  8843654014  
1438615166  13163455872  6099454  793063669294  1140304  970224  1026127  3731212  154  6099642  6082  55728  5468  784195  4621  201574  772283923135  5  220  64  81870  516  46  239  7047  134091  3953  15529251  46696  22192087232  8535732  266  702227  100704  2451004  1524  8994074965  
1438615176  13416708164  6208768  807668976274  1140304  970224  1026127  3794183  154  6208961  6082  55728  5468  784195  4621  201574  786512384348  5  220  64  81870  516  46  239  7047  134091  3953  15529251  46696  22620262960  8691346  266  702227  100704  2497564  1524  9160451604  
1438615186  13668036962  6314664  821806140138  1140304  970224  1026127  3857649  154  6314860  6082  55728  5468  784195  4621  201574  800277439012  5  220  64  81870  516  46  239  7047  134091  3953  15529251  46696  23046925407  8839468  266  702227  100704  2539876  1524  9317179543  
1438615196  13911492635  6415615  835545697176  1140304  970224  1026127  3919088  154  6415814  6082  55728  5468  784195  4621  201574  813659132241  5  220  64  81870  517  46  239  7047  134091  3953  15562208  46696  23402260065  8979926  266  702227  100704  2579449  1524  9469031272  
1438615206  14149620866  6523409  850039640751  1140304  970224  1026127  3988216  154  6523612  6082  55728  5468  784195  4621  201574  827775470673  5  220  64  81870  601  46  239  7047  134091  3953  17998944  46696  23783855940  9125970  266  702227  100704  2618094  1524  9620808426  
1438615216  14370683533  6631557  864329840198  1140304  970224  1026127  4049198  154  6631764  6082  55728  5468  784195  4621  201574  841694137966  5  220  64  81870  601  46  239  7047  134091  3953  17998944  46696  24221324622  9281015  266  702227  100704  2665313  1524  9788355356  
1438615226  14612529080  6743371  878905184757  1140304  970224  1026127  4113354  154  6743581  6082  55728  5468  784195  4621  201574  855880591547  5  220  64  81870  601  46  239  7047  134091  3953  17998944  46696  24695637196  9440349  266  702227  100704  2712924  1524  9956287532  
