#type:G;
#time  Rt  Nm  Tt  Nc  Rx  Gz  Pc  Pf  Ra  Te  Pm  Fp  Fc  Ta  Fm  Om  Lm  Oc  Sm  Sc  Em  Af  Ea  Cf  Ec  Gd  Zt  Et  Ep  dedup_put_diff  total_eph_put_diff  dedup_factor  dedup_curr  compression_saving  tze_saving  
1437006016  0  0  2578  0  0  0  0  0  0  2505  0  0  0  0  0  0  0  0  0  0  0  0  0  0  0  0  0  0  0  0  0  
1437006026  0  0  2587  0  0  0  0  0  0  2505  0  0  0  0  0  0  0  0  0  0  0  0  0  0  0  0  0  0  0  0  0  
1437006036  0  0  4920  0  0  0  0  0  0  2603  0  0  0  0  0  0  0  0  0  0  0  0  0  0  0  0  0  0  0  0  0  
1437006046  0  0  7424  0  0  0  0  0  0  2603  0  0  0  0  0  0  0  0  0  0  0  0  0  0  0  0  0  0  0  0  0  
1437006056  0  0  9246  0  0  0  0  0  0  2801  0  0  0  0  0  0  0  0  0  0  0  0  0  0  0  0  0  0  0  0  0  
1437006066  0  228  32855  227  0  0  2890  0  0  2801  2952  0  2890  64  2952  288  0  234  0  0  2952  0  0  0  2890  0  0  0  2952  0  2952  0.0  100.0  
1437006076  0  229  86709  200  0  0  3972  0  0  2801  3972  0  3972  0  3972  288  0  196  0  0  3972  0  0  0  3972  0  0  0  4258  0  1306  0.0  100.0  
1437006086  0  229  138048  120  0  0  3051  0  0  2801  4154  0  3051  1118  4154  288  0  72  0  0  4154  0  0  0  3051  0  0  0  4457  0  199  0.0  100.0  
1437006096  0  229  189205  95  0  0  2431  0  0  2801  4154  0  2431  1758  4154  288  0  48  0  0  4154  0  0  0  2431  0  0  0  4458  0  1  0.0  100.0  
1437006106  0  229  267804  192  0  0  3626  0  0  2801  4154  0  3626  546  4154  288  0  128  0  0  4154  0  0  0  3626  0  0  0  5847  0  1389  0.0  100.0  
1437006116  0  904  351376  904  0  0  20112  0  0  2801  20112  0  20112  0  20112  695  0  695  0  0  20112  0  0  0  20112  0  0  0  22354  0  16507  0.0  100.0  
1437006126  0  2729  461934  2481  0  0  65432  0  0  2801  72892  0  65432  7690  72892  2010  0  1822  0  0  72892  0  0  0  65432  0  0  0  76842  0  54488  0.0  100.0  
1437006136  0  2805  546705  2175  0  0  57549  0  0  2801  74833  0  57549  17861  74833  2069  0  1626  0  0  74833  0  0  0  57549  0  0  0  118678  0  41836  0.0  100.0  
1437006146  0  2805  653403  2176  0  0  57428  0  0  2801  74833  0  57428  17861  74833  2069  0  1567  0  0  74833  0  0  0  57428  0  0  0  171514  0  52836  0.0  100.0  
1437006156  0  2805  733460  2229  0  0  58325  0  0  2801  74833  0  58325  17002  74833  2069  0  1618  0  0  74833  0  0  0  58325  0  0  0  210733  0  39219  0.0  100.0  
1437006166  0  2805  820386  1940  0  0  50221  0  0  2801  74833  0  50221  25063  74833  2069  0  1413  0  0  74833  0  0  0  50221  0  0  0  253517  0  42784  0.0  100.0  
1437006176  0  2805  935389  2290  0  0  60353  0  0  2801  74833  0  60353  14781  74833  2069  0  1691  0  0  74833  0  0  0  60353  0  0  0  310596  0  57079  0.0  100.0  
1437006186  0  2805  1020329  1982  0  0  51169  0  0  2801  74833  0  51169  24061  74833  2069  0  1503  0  0  74833  0  0  0  51169  0  0  0  352512  0  41916  0.0  100.0  
1437006196  0  2805  1127800  2327  0  0  61572  0  0  2801  74833  0  61572  13506  74833  2069  0  1675  0  0  74833  0  0  0  61572  0  0  0  405407  0  52895  0.0  100.0  
1437006206  0  2805  1205440  2351  0  0  62168  0  0  2801  74833  0  62168  13056  74833  2069  0  1698  0  0  74833  0  0  0  62168  0  0  0  443768  0  38361  0.0  100.0  
1437006216  0  2805  1296975  2277  0  0  60034  0  0  2801  74833  0  60034  15111  74833  2069  0  1670  0  0  74833  0  0  0  60034  0  0  0  489076  0  45308  0.0  100.0  
1437006226  0  2805  1397232  2422  0  0  62997  0  0  2801  74833  0  62997  12169  74833  2069  0  1794  0  0  74833  0  0  0  62997  0  0  0  538411  0  49335  0.0  100.0  
1437006236  0  2805  1485801  2155  0  0  55830  0  0  2801  74833  0  55830  19441  74833  2069  0  1580  0  0  74833  0  0  0  55830  0  0  0  581908  0  43497  0.0  100.0  
1437006246  0  2805  1606169  2039  0  0  53225  0  0  2801  74833  0  53225  21974  74833  2069  0  1493  0  0  74833  0  0  0  53225  0  0  0  641505  0  59597  0.0  100.0  
1437006256  0  2805  1677616  2253  0  0  59178  0  0  2801  74833  0  59178  15888  74833  2069  0  1618  0  0  74833  0  0  0  59178  0  0  0  676983  0  35478  0.0  100.0  
1437006266  0  2805  1772514  2381  0  0  63055  0  0  2801  74833  0  63055  12116  74833  2069  0  1748  0  0  74833  0  0  0  63055  0  0  0  723551  0  46568  0.0  100.0  
1437006276  0  2805  1871974  2129  0  0  56000  0  0  2801  74833  0  56000  19064  74833  2069  0  1595  0  0  74833  0  0  0  56000  0  0  0  772408  0  48857  0.0  100.0  
1437006286  0  2805  1965250  2466  0  0  65872  0  0  2801  74833  0  65872  9248  74833  2069  0  1810  0  0  74833  0  0  0  65872  0  0  0  818802  0  46394  0.0  100.0  
1437006296  0  2805  2077174  2247  0  0  58739  0  0  2801  74833  0  58739  16444  74833  2069  0  1636  0  0  74833  0  0  0  58739  0  0  0  873641  0  54839  0.0  100.0  
1437006306  0  2805  2148303  2407  0  0  64363  0  0  2801  74833  0  64363  10636  74833  2069  0  1721  0  0  74833  0  0  0  64363  0  0  0  908885  0  35244  0.0  100.0  
1437006316  0  2805  2235524  2501  0  0  66136  0  0  2801  74833  0  66136  8939  74833  2069  0  1827  0  0  74833  0  0  0  66136  0  0  0  952038  0  43153  0.0  100.0  
1437006326  0  2805  2336392  2643  0  0  70209  0  0  2801  74833  0  70209  4762  74833  2069  0  1956  0  0  74833  0  0  0  70209  0  0  0  1002099  0  50061  0.0  100.0  
1437006336  0  2805  2442495  2280  0  0  60051  0  0  2801  74833  0  60051  15006  74833  2069  0  1675  0  0  74833  0  0  0  60051  0  0  0  1053995  0  51896  0.0  100.0  
1437006346  0  2805  2540751  2147  0  0  56965  0  0  2801  74833  0  56965  18051  74833  2069  0  1587  0  0  74833  0  0  0  56965  0  0  0  1102413  0  48418  0.0  100.0  
1437006356  0  2805  2622324  2505  0  0  66962  0  0  2801  74833  0  66962  7929  74833  2069  0  1790  0  0  74833  0  0  0  66962  0  0  0  1142972  0  40559  0.0  100.0  
1437006366  0  2806  2706063  2518  0  0  66239  0  0  2801  75515  0  66239  9381  75515  2069  0  1824  0  0  75515  0  0  0  66239  0  0  0  1184089  0  41117  0.0  100.0  
1437006376  0  2806  2786171  2318  0  0  62791  0  0  2801  75515  0  62791  12876  75515  2069  0  1710  0  0  75515  0  0  0  62791  0  0  0  1223541  0  39452  0.0  100.0  
1437006386  0  2806  2917397  2468  0  0  65247  0  0  2801  75515  0  65247  10450  75515  2069  0  1833  0  0  75515  0  0  0  65247  0  0  0  1288408  0  64867  0.0  100.0  
1437006396  0  2806  3003508  2575  0  0  69129  0  0  2801  75515  0  69129  6583  75515  2069  0  1903  0  0  75515  0  0  0  69129  0  0  0  1331131  0  42723  0.0  100.0  
1437006406  0  2806  3101655  2795  0  0  73694  0  0  2801  75515  0  73694  1871  75515  2069  0  1997  0  0  75515  0  0  0  73694  0  0  0  1379295  0  48164  0.0  100.0  
1437006416  0  2824  3182762  2372  0  0  61931  0  0  2801  75515  0  61931  13702  75515  2069  0  1711  0  0  75515  0  0  0  61931  0  0  0  1419217  0  39922  0.0  100.0  
1437006426  0  2824  3258084  2448  0  0  65208  0  0  2801  75515  0  65208  10395  75515  2069  0  1772  0  0  75515  0  0  0  65208  0  0  0  1456468  0  37251  0.0  100.0  
1437006436  0  2824  3386990  2541  0  0  67309  0  0  2801  75515  0  67309  8421  75515  2069  0  1852  0  0  75515  0  0  0  67309  0  0  0  1520073  0  63605  0.0  100.0  
1437006446  0  2824  3475763  2314  0  0  60283  0  0  2801  75515  0  60283  15432  75515  2069  0  1718  0  0  75515  0  0  0  60283  0  0  0  1563772  0  43699  0.0  100.0  
1437006456  0  2824  3576763  2313  0  0  61227  0  0  2801  75515  0  61227  14388  75515  2069  0  1663  0  0  75515  0  0  0  61227  0  0  0  1613781  0  50009  0.0  100.0  
1437006466  0  2824  3657569  2540  0  0  68170  0  0  2801  75515  0  68170  7371  75515  2069  0  1830  0  0  75515  0  0  0  68170  0  0  0  1653850  0  40069  0.0  100.0  
1437006476  0  2824  3739271  2529  0  0  68215  0  0  2801  75515  0  68215  7393  75515  2069  0  1854  0  0  75515  0  0  0  68215  0  0  0  1693797  0  39947  0.0  100.0  
1437006486  0  2824  3846095  2377  0  0  63332  0  0  2801  75515  0  63332  12326  75515  2069  0  1765  0  0  75515  0  0  0  63332  0  0  0  1746575  0  52778  0.0  100.0  
1437006496  0  2824  3950523  2459  0  0  66347  0  0  2801  75515  0  66347  9310  75515  2069  0  1843  0  0  75515  0  0  0  66347  0  0  0  1798259  0  51684  0.0  100.0  
1437006506  0  2824  4055181  2558  0  0  68201  0  0  2801  75515  0  68201  7497  75515  2069  0  1836  0  0  75515  0  0  0  68201  0  0  0  1849545  0  51286  0.0  100.0  
1437006516  0  2824  4132503  2791  0  0  74434  0  0  2801  75515  0  74434  1109  75515  2069  0  1990  0  0  75515  0  0  0  74434  0  0  0  1887895  0  38350  0.0  100.0  
1437006526  0  2842  4218526  2494  0  0  65194  0  0  2801  75754  0  65194  10712  75754  2069  0  1826  0  0  75754  0  339  0  65194  0  0  339  1930260  0  42365  0.0  100.0  
1437006536  0  2842  4319254  2388  0  0  63516  0  0  2801  75754  0  63516  12375  75754  2069  0  1777  0  0  75754  0  339  0  63516  0  0  339  1980272  0  50012  0.0  100.0  
1437006546  0  2842  4428287  2302  0  0  60621  0  0  2801  75754  0  60621  15243  75754  2069  0  1717  0  0  75754  0  339  0  60621  0  0  339  2033709  0  53437  0.0  100.0  
1437006556  0  2842  4535967  2401  0  0  64282  0  0  2801  75754  0  64282  11562  75754  2069  0  1722  0  0  75754  0  339  0  64282  0  0  339  2086896  0  53187  0.0  100.0  
1437006566  0  2842  4610249  2421  0  0  64748  0  0  2801  75754  0  64748  11055  75754  2069  0  1733  0  0  75754  0  339  0  64748  0  0  339  2123676  0  36780  0.0  100.0  
1437006576  0  2842  4696112  2655  0  0  70244  0  0  2801  75754  0  70244  5601  75754  2069  0  1935  0  0  75754  0  339  0  70244  0  0  339  2165960  0  42284  0.0  100.0  
1437006586  0  2842  4793576  2570  0  0  68609  0  0  2801  75754  0  68609  7335  75754  2069  0  1905  0  0  75754  0  339  0  68609  0  0  339  2213966  0  48006  0.0  100.0  
1437006597  0  2842  4895428  2238  0  0  59399  0  0  2801  75754  0  59399  16494  75754  2069  0  1628  0  0  75754  0  339  0  59399  0  0  339  2264270  0  50304  0.0  100.0  
1437006607  0  2842  5012324  2615  0  0  70090  0  0  2801  75754  0  70090  5789  75754  2069  0  1912  0  0  75754  0  339  0  70090  0  0  339  2322252  0  57982  0.0  100.0  
1437006617  0  2842  5082339  2543  0  0  67697  0  0  2801  75754  0  67697  8184  75754  2069  0  1802  0  0  75754  0  339  0  67697  0  0  339  2356382  0  34130  0.0  100.0  
1437006627  0  2842  5165597  2720  0  0  73371  0  0  2801  75754  0  73371  2452  75754  2069  0  1958  0  0  75754  0  339  0  73371  0  0  339  2397606  0  41224  0.0  100.0  
1437006637  0  2842  5261587  2644  0  0  71642  0  0  2801  75754  0  71642  4233  75754  2069  0  1950  0  0  75754  0  339  0  71642  0  0  339  2445007  0  47401  0.0  100.0  
1437006647  0  2842  5377214  2545  0  0  68066  0  0  2801  75754  0  68066  7878  75754  2069  0  1863  0  0  75754  0  339  0  68066  0  0  339  2501949  0  56942  0.0  100.0  
1437006657  0  2842  5490340  2381  0  0  62090  0  0  2801  75754  0  62090  13731  75754  2069  0  1746  0  0  75754  0  339  0  62090  0  0  339  2557629  0  55680  0.0  100.0  
1437006667  0  2842  5559995  2829  0  0  75248  0  0  2801  75754  0  75248  520  75754  2069  0  2017  0  0  75754  0  339  0  75248  0  0  339  2592305  0  34676  0.0  100.0  
1437006677  0  2847  5646025  2503  0  0  65355  0  0  2801  75754  0  65355  10473  75754  2069  0  1821  0  0  75754  0  571  0  65355  0  0  571  2634460  0  42155  0.0  100.0  
1437006687  0  2847  5729831  2616  0  0  70786  0  0  2801  75754  0  70786  5038  75754  2069  0  1944  0  0  75754  0  571  0  70786  0  0  571  2675891  0  41431  0.0  100.0  
1437006697  0  2847  5849328  2668  0  0  72107  0  0  2801  75754  0  72107  3771  75754  2069  0  1957  0  0  75754  0  571  0  72107  0  0  571  2735046  0  59155  0.0  100.0  
1437006707  0  2847  5952641  2635  0  0  71791  0  0  2801  75754  0  71791  4091  75754  2069  0  1965  0  0  75754  0  571  0  71791  0  0  571  2786143  0  51097  0.0  100.0  
1437006717  0  2847  6036920  2518  0  0  67921  0  0  2801  75754  0  67921  7901  75754  2069  0  1786  0  0  75754  0  571  0  67921  0  0  571  2827261  0  41118  0.0  100.0  
1437006727  0  2847  6116685  2607  0  0  68436  0  0  2801  75755  0  68436  7387  75755  2069  0  1894  0  0  75755  0  1098  0  68436  0  0  1098  2866784  0  39523  0.0  100.0  
1437006737  0  2847  6200794  2351  0  0  63058  0  0  2801  75755  0  63058  12792  75755  2069  0  1706  0  0  75755  0  1098  0  63058  0  0  1098  2908235  0  41451  0.0  100.0  
1437006747  0  2847  6322065  2286  0  0  61378  0  0  2801  75755  0  61378  14568  75755  2069  0  1700  0  0  75755  0  1098  0  61378  0  0  1098  2967791  0  59556  0.0  100.0  
1437006757  0  2847  6412755  2566  0  0  69415  0  0  2801  75755  0  69415  6457  75755  2069  0  1914  0  0  75755  0  1098  0  69415  0  0  1098  3012667  0  44876  0.0  100.0  
1437006767  0  2847  6508089  2578  0  0  69943  0  0  2801  75755  0  69943  5861  75755  2069  0  1856  0  0  75755  0  1098  0  69943  0  0  1098  3059927  0  47260  0.0  100.0  
1437006777  0  2847  6589517  2769  0  0  74225  0  0  2801  75755  0  74225  1555  75755  2069  0  2001  0  0  75755  0  1151  0  74225  0  0  1151  3100182  0  40255  0.0  100.0  
1437006787  0  2847  6670847  2324  0  0  62183  0  0  2801  75755  0  62183  13692  75755  2069  0  1701  0  0  75755  0  1151  0  62183  0  0  1151  3139860  0  39678  0.0  100.0  
1437006797  0  2847  6787036  2348  0  0  61698  0  0  2801  75755  0  61698  14199  75755  2069  0  1726  0  0  75755  0  1151  0  61698  0  0  1151  3197391  0  57531  0.0  100.0  
1437006807  0  2847  6875100  2546  0  0  68284  0  0  2801  75755  0  68284  7556  75755  2069  0  1875  0  0  75755  0  1151  0  68284  0  0  1151  3241016  0  43625  0.0  100.0  
1437006817  0  2847  6987075  2715  0  0  73052  0  0  2801  75755  0  73052  2726  75755  2069  0  1954  0  0  75755  0  1151  0  73052  0  0  1151  3295983  0  54967  0.0  100.0  
1437006827  0  2847  7070519  2443  0  0  67092  0  0  2801  75756  0  67092  8716  75756  2069  0  1802  0  0  75756  0  2678  0  67092  0  0  2678  3337157  0  41174  0.0  100.0  
1437006837  0  2847  7148550  2456  0  0  66620  0  0  2801  75756  0  66620  9223  75756  2069  0  1827  0  0  75756  0  2678  0  66620  0  0  2678  3375652  0  38495  0.0  100.0  
1437006847  0  2847  7256987  2155  0  0  58454  0  0  2801  75756  0  58454  17452  75756  2069  0  1613  0  0  75756  0  2678  0  58454  0  0  2678  3429291  0  53639  0.0  100.0  
1437006857  0  2847  7352490  2582  0  0  70815  0  0  2801  75756  0  70815  5049  75756  2069  0  1933  0  0  75756  0  2678  0  70815  0  0  2678  3476202  0  46911  0.0  100.0  
1437006867  0  2847  7465587  2491  0  0  67729  0  0  2801  75756  0  67729  8165  75756  2069  0  1834  0  0  75756  0  2678  0  67729  0  0  2678  3532113  0  55911  0.0  100.0  
1437006877  0  2847  7545342  2667  0  0  71959  0  0  2801  75756  0  71959  3822  75756  2069  0  1948  0  0  75756  0  2678  0  71959  0  0  2678  3571595  0  39482  0.0  100.0  
1437006887  0  2847  7629800  2267  0  0  60643  0  0  2801  75756  0  60643  15267  75756  2069  0  1705  0  0  75756  0  2678  0  60643  0  0  2678  3612847  0  41252  0.0  100.0  
1437006897  0  2847  7726957  2241  0  0  60469  0  0  2801  75756  0  60469  15390  75756  2069  0  1704  0  0  75756  0  2678  0  60469  0  0  2678  3660927  0  48080  0.0  100.0  
1437006907  0  2847  7815463  2570  0  0  70625  0  0  2801  75756  0  70625  5293  75756  2069  0  1924  0  0  75756  0  2678  0  70625  0  0  2678  3704771  0  43844  0.0  100.0  
1437006917  0  2847  7934656  2474  0  0  67108  0  0  2801  75756  0  67108  8755  75756  2069  0  1818  0  0  75756  0  2678  0  67108  0  0  2678  3763591  0  58820  0.0  100.0  
1437006927  0  2847  8012493  2510  0  0  68414  0  0  2801  75763  0  68414  7371  75763  2069  0  1825  0  0  75763  0  3010  0  68414  0  0  3010  3801614  0  38023  0.0  100.0  
1437006937  0  2847  8096360  2324  0  0  61936  0  0  2801  75763  0  61936  13927  75763  2069  0  1725  0  0  75763  0  3010  0  61936  0  0  3010  3843026  0  41412  0.0  100.0  
1437006947  0  2847  8190186  2634  0  0  71747  0  0  2801  75763  0  71747  4090  75763  2069  0  1959  0  0  75763  0  3010  0  71747  0  0  3010  3889620  0  46594  0.0  100.0  
1437006957  0  2847  8292755  2243  0  0  60756  0  0  2801  75763  0  60756  15115  75763  2069  0  1679  0  0  75763  0  3010  0  60756  0  0  3010  3939791  0  50171  0.0  100.0  
1437006967  0  2847  8393006  2292  0  0  62839  0  0  2801  75763  0  62839  13004  75763  2069  0  1728  0  0  75763  0  3010  0  62839  0  0  3010  3989433  0  49642  0.0  100.0  
1437006977  0  2847  8481768  2640  0  0  71380  0  0  2801  75763  0  71380  4389  75763  2069  0  1909  0  0  75763  0  3522  0  71380  0  0  3522  4033307  0  43874  0.0  100.0  
1437006987  0  2847  8565896  2473  0  0  65771  0  0  2801  75763  0  65771  10045  75763  2069  0  1833  0  0  75763  0  7537  0  65771  0  0  7537  4074930  0  41623  0.0  100.0  
1437006997  0  2847  8651531  2644  0  0  71306  0  0  2801  75763  0  71306  4446  75763  2096  0  1958  0  0  75763  0  9804  0  71306  0  0  9804  4116816  0  41886  0.0  100.0  
1437007007  0  2847  8768711  2502  0  0  67673  0  0  2801  75763  0  67673  8105  75763  2132  0  1868  0  0  75763  0  14522  0  67673  0  0  14522  4174805  0  57989  0.0  100.0  
1437007017  0  2847  8857555  2704  0  0  73983  0  0  2801  75763  0  73983  1800  75763  2132  0  2043  0  0  75763  0  21593  0  73983  0  0  21593  4218850  0  44045  0.0  100.0  
1437007027  0  2890  8955516  2763  0  0  74224  0  0  2801  75763  0  74224  1515  75763  2162  0  1997  0  0  75763  0  33756  0  74224  0  0  33756  4266886  0  48036  0.0  100.0  
1437007037  0  2936  9037598  2932  0  0  75722  0  0  2801  75763  0  75722  1  75763  2162  0  2153  0  0  75763  0  44801  0  75722  0  0  44801  4307457  0  40571  0.0  100.0  
1437007047  0  2966  9120322  2489  0  0  65706  0  0  2801  75763  0  65706  10024  75763  2177  0  1847  0  0  75763  0  52362  0  65706  0  0  52362  4348184  0  40727  0.0  100.0  
1437007057  0  2966  9240188  2537  0  0  68720  0  0  2801  75763  0  68720  7019  75763  2177  0  1889  0  0  75763  0  60184  0  68720  0  0  60184  4407591  0  59407  0.0  100.0  
1437007068  0  2966  9322790  2637  0  0  70342  0  0  2801  75763  0  70342  5391  75763  2177  0  1996  0  0  75763  0  67001  0  70342  0  0  67001  4447990  0  40399  0.0  100.0  
1437007078  0  2966  9424744  2594  0  0  67776  0  0  2801  75763  0  67776  7955  75763  2177  0  1895  0  0  75763  0  79197  0  67776  0  0  79197  4498443  0  50453  0.0  100.0  
1437007088  0  2966  9506479  2700  0  0  70360  0  0  2801  75763  0  70360  5359  75763  2177  0  1970  0  0  75763  0  88073  0  70360  0  0  88073  4538859  0  40416  0.0  100.0  
1437007098  0  2966  9588599  2820  0  0  75478  0  0  2801  75763  0  75478  243  75763  2177  0  2073  0  0  75763  0  94157  0  75478  0  0  94157  4579118  0  40259  0.0  100.0  
1437007108  0  2966  9707750  2824  0  0  75725  0  0  2801  75763  0  75725  1  75763  2177  0  2133  0  0  75763  0  105658  0  75725  0  0  105658  4638005  0  58887  0.0  100.0  
1437007118  0  2966  9796665  2517  0  0  67127  0  0  2801  75763  0  67127  8599  75763  2177  0  1914  0  0  75763  0  115227  0  67127  0  0  115227  4681851  0  43846  0.0  100.0  
1437007128  0  2966  9900174  2709  0  0  72488  0  0  2801  75763  0  72488  3231  75763  2177  0  1980  0  0  75763  0  123371  0  72488  0  0  123371  4733177  0  51326  0.0  100.0  
1437007138  0  2966  9976504  2698  0  0  72175  0  0  2801  75763  0  72175  3545  75763  2177  0  1951  0  0  75763  0  132377  0  72175  0  0  132377  4770349  0  37172  0.0  100.0  
1437007148  0  2966  10068752  2669  0  0  70348  0  0  2801  75763  0  70348  5369  75763  2177  0  1963  0  0  75763  0  144056  0  70348  0  0  144056  4815979  0  45630  0.0  100.0  
1437007158  0  2966  10170766  2518  0  0  66926  0  0  2801  75763  0  66926  8793  75763  2177  0  1909  0  0  75763  0  152514  0  66926  0  0  152514  4866440  0  50461  0.0  100.0  
1437007168  0  2966  10268081  2529  0  0  69889  0  0  2801  75763  0  69889  5832  75763  2177  0  1914  0  0  75763  0  159063  0  69889  0  0  159063  4914216  0  47776  0.0  100.0  
1437007178  0  2966  10377137  2797  0  0  75070  0  0  2801  75763  0  75070  652  75763  2177  0  2061  0  0  75763  0  170379  0  75070  0  0  170379  4968107  0  53891  0.0  100.0  
1437007188  0  2966  10449179  2759  0  0  74060  0  0  2801  75763  0  74060  1660  75763  2177  0  2001  0  0  75763  0  178724  0  74060  0  0  178724  5003717  0  35610  0.0  100.0  
1437007198  0  2966  10542369  2530  0  0  65758  0  0  2801  75763  0  65758  9954  75763  2177  0  1864  0  0  75763  0  190729  0  65758  0  0  190729  5049801  0  46084  0.0  100.0  
1437007208  0  2966  10640026  2542  0  0  67859  0  0  2801  75763  0  67859  7855  75763  2177  0  1908  0  0  75763  0  198217  0  67859  0  0  198217  5097688  0  47887  0.0  100.0  
1437007218  0  2966  10734218  2570  0  0  67826  0  0  2801  75763  0  67826  7888  75763  2177  0  1938  0  0  75763  0  207051  0  67826  0  0  207051  5144284  0  46596  0.0  100.0  
1437007228  0  2966  10845666  2582  0  0  68183  0  0  2801  75763  0  68183  7531  75763  2186  0  1906  0  0  75763  0  218475  0  68183  0  0  218475  5199366  0  55082  0.0  100.0  
1437007238  0  2966  10918355  2590  0  0  67654  0  0  2801  75763  0  67654  8061  75763  2186  0  1886  0  0  75763  0  227196  0  67654  0  0  227196  5235027  0  35661  0.0  100.0  
1437007248  0  2966  11011765  2549  0  0  67922  0  0  2801  75763  0  67922  7787  75763  2186  0  1891  0  0  75763  0  236034  0  67922  0  0  236034  5281070  0  46043  0.0  100.0  
1437007258  0  2966  11105752  2826  0  0  75710  0  0  2801  75763  0  75710  1  75763  2186  0  2100  0  0  75763  0  245676  0  75710  0  0  245676  5327694  0  46624  0.0  100.0  
1437007268  0  2966  11215794  2588  0  0  69669  0  0  2801  75763  0  69669  6043  75763  2186  0  1927  0  0  75763  0  256718  0  69669  0  0  256718  5382044  0  54350  0.0  100.0  
1437007278  0  2966  11315748  2611  0  0  70216  0  0  2801  75763  0  70216  5499  75763  2186  0  1952  0  0  75763  0  265485  0  70216  0  0  265485  5430841  0  48797  0.0  100.0  
1437007288  0  2966  11396835  2684  0  0  72180  0  0  2801  75763  0  72180  3532  75763  2186  0  1955  0  0  75763  0  275393  0  72180  0  0  275393  5471004  0  40163  0.0  100.0  
1437007298  0  2966  11479438  2823  0  0  75631  0  0  2801  75763  0  75631  84  75763  2186  0  2067  0  0  75763  0  286498  0  75631  0  0  286498  5511964  0  40960  0.0  100.0  
1437007308  0  2966  11570046  2759  0  0  73802  0  0  2801  75763  0  73802  1913  75763  2186  0  2050  0  0  75763  0  296458  0  73802  0  0  296458  5556339  0  44375  0.0  100.0  
1437007318  0  2966  11686038  2589  0  0  70462  0  0  2801  75763  0  70462  5251  75763  2186  0  1923  0  0  75763  0  305410  0  70462  0  0  305410  5613574  0  57235  0.0  100.0  
1437007328  0  2966  11774731  2778  0  0  74815  0  0  2801  75763  0  74815  895  75763  2186  0  2087  0  0  75763  0  314433  0  74815  0  0  314433  5657523  0  43949  0.0  100.0  
1437007338  0  2966  11868014  2707  0  0  72576  0  0  2801  75763  0  72576  3134  75763  2186  0  1994  0  0  75763  0  327646  0  72576  0  0  327646  5703763  0  46240  0.0  100.0  
1437007348  0  2966  11948105  2860  0  0  74900  0  0  2801  75763  0  74900  807  75763  2186  0  2099  0  0  75763  0  340110  0  74900  0  0  340110  5742905  0  39142  0.0  100.0  
1437007358  0  2966  12035799  2510  0  0  66308  0  0  2801  75763  0  66308  9399  75763  2186  0  1859  0  0  75763  0  357135  0  66308  0  0  357135  5786052  0  43147  0.0  100.0  
1437007368  0  2966  12151459  2869  0  0  75699  0  0  2801  75763  0  75699  1  75763  2215  0  2155  0  0  75763  0  369112  0  75699  0  0  369112  5843494  0  57442  0.0  100.0  
1437007378  0  2966  12237240  2663  0  0  71085  0  0  2801  75763  0  71085  4615  75763  2215  0  1995  0  0  75763  0  380831  0  71085  0  0  380831  5885423  0  41929  0.0  100.0  
1437007388  0  2966  12341048  2602  0  0  69038  0  0  2801  75763  0  69038  6667  75763  2215  0  1915  0  0  75763  0  399902  0  69038  0  0  399902  5936585  0  51162  0.0  100.0  
1437007398  0  2966  12417543  2681  0  0  70445  0  0  2801  75763  0  70445  5260  75763  2215  0  1950  0  0  75763  0  414649  0  70445  0  0  414649  5974454  0  37869  0.0  100.0  
1437007408  0  2966  12502050  2751  0  0  73215  0  0  2801  75763  0  73215  2489  75763  2215  0  2005  0  0  75763  0  427203  0  73215  0  0  427203  6016314  0  41860  0.0  100.0  
1437007418  0  2966  12619086  2777  0  0  73082  0  0  2801  75763  0  73082  2622  75763  2215  0  2068  0  0  75763  0  444322  0  73082  0  0  444322  6073681  0  57367  0.0  100.0  
1437007428  0  2966  12711884  2524  0  0  67587  0  0  2801  75763  0  67587  8116  75763  2215  0  1903  0  0  75763  0  459427  0  67587  0  0  459427  6119631  0  45950  0.0  100.0  
1437007438  0  2966  12818285  2733  0  0  71232  0  0  2801  75763  0  71232  4470  75763  2215  0  1998  0  0  75763  0  475803  0  71232  0  0  475803  6172311  0  52680  0.0  100.0  
1437007448  0  2966  12891704  2651  0  0  69582  0  0  2801  75763  0  69582  6120  75763  2215  0  1927  0  0  75763  0  490587  0  69582  0  0  490587  6208096  0  35785  0.0  100.0  
1437007458  0  2966  12978211  2918  0  0  75701  0  0  2801  75763  0  75701  1  75763  2215  0  2146  0  0  75763  0  503446  0  75701  0  0  503446  6250920  0  42824  0.0  100.0  
1437007468  0  2966  13077773  2914  0  0  75701  0  0  2801  75763  0  75701  1  75763  2215  0  2172  0  0  75763  0  523006  0  75701  0  0  523006  6300185  0  49265  0.0  100.0  
1437007478  0  2966  13185067  2557  0  0  68324  0  0  2801  75763  0  68324  7376  75763  2215  0  1919  0  0  75763  0  535782  0  68324  0  0  535782  6353179  0  52994  0.0  100.0  
1437007488  0  2966  13299751  2882  0  0  75701  0  0  2801  75763  0  75701  1  75763  2215  0  2130  0  0  75763  0  553826  0  75701  0  0  553826  6409576  0  56397  0.0  100.0  
1437007498  0  2966  13372526  2846  0  0  75170  0  0  2801  75763  0  75170  533  75763  2215  0  2075  0  0  75763  0  568041  0  75170  0  0  568041  6445443  0  35867  0.0  100.0  
1437007508  0  2966  13451661  2898  0  0  75701  0  0  2801  75763  0  75701  1  75763  2215  0  2131  0  0  75763  0  584020  0  75701  0  0  584020  6484617  0  39174  0.0  100.0  
1437007518  0  2966  13549983  2740  0  0  72079  0  0  2801  75763  0  72079  3623  75763  2215  0  2045  0  0  75763  0  602035  0  72079  0  0  602035  6532859  0  48242  0.0  100.0  
1437007528  0  2966  13656944  2868  0  0  75699  0  0  2801  75763  0  75699  1  75763  2215  0  2139  0  0  75763  0  617359  0  75699  0  0  617359  6585895  0  53036  0.0  100.0  
1437007538  0  2966  13766428  2582  0  0  68180  0  0  2801  75763  0  68180  7520  75763  2215  0  1892  0  0  75763  0  640363  0  68180  0  0  640363  6639844  0  53949  0.0  100.0  
1437007548  0  2966  13838003  2620  0  0  68373  0  0  2801  75763  0  68373  7329  75763  2215  0  1876  0  0  75763  0  657083  0  68373  0  0  657083  6675233  0  35389  0.0  100.0  
1437007558  0  2966  13921216  2682  0  0  71306  0  0  2801  75763  0  71306  4395  75763  2215  0  1960  0  0  75763  0  672758  0  71306  0  0  672758  6715910  0  40677  0.0  100.0  
1437007568  0  2966  14003434  2814  0  0  74757  0  0  2801  75763  0  74757  945  75763  2215  0  2096  0  0  75763  0  688491  0  74757  0  0  688491  6756678  0  40768  0.0  100.0  
1437007578  0  2966  14125256  2850  0  0  75701  0  0  2801  75763  0  75701  1  75763  2215  0  2139  0  0  75763  0  710255  0  75701  0  0  710255  6817013  0  60335  0.0  100.0  
1437007588  0  2966  14208907  2856  0  0  75702  0  0  2801  75763  0  75702  1  75763  2215  0  2159  0  0  75763  0  726435  0  75702  0  0  726435  6857984  0  40971  0.0  100.0  
1437007598  0  2966  14303409  2818  0  0  74787  0  0  2801  75763  0  74787  911  75763  2215  0  2052  0  0  75763  0  742798  0  74787  0  0  742798  6904614  0  46630  0.0  100.0  
1437007608  0  2966  14383533  2893  0  0  75697  0  0  2801  75763  0  75697  1  75763  2215  0  2104  0  0  75763  0  762691  0  75697  0  0  762691  6944288  0  39674  0.0  100.0  
1437007618  0  2966  14460195  2880  0  0  75699  0  0  2801  75763  0  75699  1  75763  2215  0  2132  0  0  75763  0  776588  0  75699  0  0  776588  6982163  0  37875  0.0  100.0  
1437007628  0  2966  14569728  2781  0  0  73827  0  0  2801  75763  0  73827  1876  75763  2215  0  2091  0  0  75763  0  796764  0  73827  0  0  796764  7035883  0  53720  0.0  100.0  
1437007638  0  2966  14671005  2683  0  0  71942  0  0  2801  75763  0  71942  3762  75763  2215  0  2040  0  0  75763  0  814822  0  71942  0  0  814822  7086033  0  50150  0.0  100.0  
1437007648  0  2966  14774698  2835  0  0  74569  0  0  2801  75763  0  74569  1129  75763  2215  0  2088  0  0  75763  0  832474  0  74569  0  0  832474  7137231  0  51198  0.0  100.0  
1437007658  0  2966  14855563  2885  0  0  75697  0  0  2801  75763  0  75697  1  75763  2215  0  2111  0  0  75763  0  852044  0  75697  0  0  852044  7176946  0  39715  0.0  100.0  
1437007668  0  2966  14939467  2763  0  0  72605  0  0  2801  75763  0  72605  3090  75763  2215  0  2029  0  0  75763  0  870230  0  72605  0  0  870230  7218226  0  41280  0.0  100.0  
1437007678  0  2966  15042937  2579  0  0  68094  0  0  2801  75763  0  68094  7601  75763  2215  0  1926  0  0  75763  0  891350  0  68094  0  0  891350  7269379  0  51153  0.0  100.0  
1437007688  0  2966  15153524  2805  0  0  75695  0  0  2801  75763  0  75695  1  75763  2215  0  2091  0  0  75763  0  909640  0  75695  0  0  909640  7324124  0  54745  0.0  100.0  
1437007698  0  2966  15257178  2903  0  0  75695  0  0  2801  75763  0  75695  1  75763  2215  0  2125  0  0  75763  0  934376  0  75695  0  0  934376  7375067  0  50943  0.0  100.0  
1437007708  0  2966  15329882  2900  0  0  75696  0  0  2801  75763  0  75696  1  75763  2215  0  2101  0  0  75763  0  954319  0  75696  0  0  954319  7411026  0  35959  0.0  100.0  
1437007718  0  2966  15414664  2888  0  0  75696  0  0  2801  75763  0  75696  1  75763  2215  0  2138  0  0  75763  0  984349  0  75696  0  0  984349  7453024  0  41998  0.0  100.0  
1437007728  0  2966  15513813  2878  0  0  75697  0  0  2801  75763  0  75697  1  75763  2215  0  2147  0  0  75763  0  1014159  0  75697  0  0  1014159  7501572  0  48548  0.0  100.0  
1437007739  0  2966  15621758  2849  0  0  75698  0  0  2801  75763  0  75698  1  75763  2215  0  2124  0  0  75763  0  1051092  0  75698  0  0  1051092  7554988  0  53416  0.0  100.0  
1437007749  0  2966  15733972  2860  0  0  74584  0  0  2801  75763  0  74584  1115  75763  2215  0  2110  0  0  75763  0  1090205  0  74584  0  0  1090205  7610424  0  55436  0.0  100.0  
1437007759  0  2966  15802999  2908  0  0  75698  0  0  2801  75763  0  75698  1  75763  2215  0  2102  0  0  75763  0  1116006  0  75698  0  0  1116006  7644701  0  34277  0.0  100.0  
1437007769  0  2966  15885249  2801  0  0  73633  0  0  2801  75763  0  73633  2068  75763  2215  0  2057  0  0  75763  0  1142713  0  73633  0  0  1142713  7684699  0  39998  0.0  100.0  
1437007779  0  2966  15985317  2757  0  0  71586  0  0  2801  75763  0  71586  4115  75763  2215  0  2081  0  0  75763  0  1178687  0  71586  0  0  1178687  7734170  0  49471  0.0  100.0  
1437007789  0  2966  16091985  2943  0  0  75702  0  0  2801  75763  0  75702  1  75763  2229  0  2206  0  0  75763  0  1216124  0  75702  0  0  1216124  7787121  0  52951  0.0  100.0  
1437007799  0  2966  16198885  2882  0  0  75702  0  0  2801  75763  0  75702  1  75763  2229  0  2125  0  0  75763  0  1250196  0  75702  0  0  1250196  7839464  0  52343  0.0  100.0  
1437007809  0  2966  16272458  2843  0  0  75703  0  0  2801  75763  0  75703  1  75763  2229  0  2061  0  0  75763  0  1275739  0  75703  0  0  1275739  7875758  0  36294  0.0  100.0  
1437007819  0  2991  16352896  2974  0  0  75699  0  0  2801  75763  0  75699  1  75763  2229  0  2162  0  0  75763  0  1305661  0  75699  0  0  1305661  7915577  0  39819  0.0  100.0  
1437007829  0  2991  16439134  2881  0  0  75699  0  0  2801  75763  0  75699  1  75763  2229  0  2160  0  0  75763  0  1337770  0  75699  0  0  1337770  7958309  0  42732  0.0  100.0  
1437007839  0  2991  16556062  2894  0  0  75699  0  0  2801  75763  0  75699  1  75763  2229  0  2178  0  0  75763  0  1378378  0  75699  0  0  1378378  8015795  0  57486  0.0  100.0  
1437007849  0  2991  16658033  2909  0  0  75700  0  0  2801  75763  0  75700  1  75763  2229  0  2163  0  0  75763  0  1413157  0  75700  0  0  1413157  8066076  0  50281  0.0  100.0  
1437007859  0  2991  16744658  2892  0  0  75701  0  0  2801  75763  0  75701  1  75763  2229  0  2090  0  0  75763  0  1444426  0  75701  0  0  1444426  8109025  0  42949  0.0  100.0  
1437007869  0  2991  16825219  2915  0  0  75702  0  0  2801  75763  0  75702  1  75763  2229  0  2142  0  0  75763  0  1473873  0  75702  0  0  1473873  8148475  0  39450  0.0  100.0  
1437007879  0  2991  16906038  2804  0  0  73325  0  0  2801  75763  0  73325  2379  75763  2229  0  2085  0  0  75763  0  1500182  0  73325  0  0  1500182  8188228  0  39753  0.0  100.0  
1437007889  0  2991  17020119  2898  0  0  75704  0  0  2801  75763  0  75704  1  75763  2229  0  2192  0  0  75763  0  1544515  0  75704  0  0  1544515  8244773  0  56545  0.0  100.0  
