#Type:X;CI:2;ww:0;ca:0;co:1;fr:0;Type:X;CI:2;PI:0;PT:EP;U0:0;U1:0;Type:X;CI:2;PI:1;PT:EP;U0:0;U1:0;
#time  Pp  gt  gs  cn  cm  cb  Nc  Pc  cp  Tc  Nm  pr  ps  pt  px  pd  Pm  Om  fs  ft  Oc  Em  Gp  Ec  Ge  ot  os  Total_cycles_diff  Successful_get_diff  Total_get_diff  succ_put_diff  total_put_diff  get_hit  
1439209231  0  3  0  199  0  0  7  199  0  74808516  7  0  199  199  0  0  199  1  0  157  1  199  0  199  0  0  0  74808516  0  3  199  199  0.0  
1439209241  0  183  0  525  0  0  15  525  0  120111613  15  0  525  525  0  0  525  1  0  486  1  525  0  525  0  0  0  45303097  0  180  326  326  0.0  
1439209251  0  16436  0  5660  2  860531  169  6043  383  1739210585  169  0  6043  6045  2  0  6043  25  0  10745  25  6043  0  6043  0  0  0  1619098972  0  16253  5518  5520  0.0  
1439209261  0  33938  0  8521  2  918806  290  8926  405  2785895470  290  0  8926  8928  2  0  8926  25  0  25026  25  8926  0  8926  0  0  0  1046684885  0  17502  2883  2883  0.0  
1439209271  0  50046  0  13666  2  2001304  467  14511  845  4161938655  467  0  14511  14513  2  0  14511  46  0  35647  46  14511  0  14511  0  0  0  1376043185  0  16108  5585  5585  0.0  
1439209281  0  74419  0  37894  2  2005804  974  38741  847  7976098619  974  0  38741  38743  2  0  38741  46  0  35647  46  38741  0  38741  0  0  0  3814159964  0  24373  24230  24230  0.0  
1439209291  0  94589  0  57898  2  211438  1041  40949  88  10947450828  1093  0  58831  58833  2  0  42599  46  0  35647  24  42599  0  40949  0  0  0  2971352209  0  20170  20090  20090  0.0  
1439209301  0  113135  0  76546  2  519176  769  30179  203  14260661494  1093  0  77596  77598  2  0  42599  46  0  35647  41  42599  0  30179  0  0  0  3313210666  0  18546  18765  18765  0.0  
1439209311  0  135092  0  98473  2  279465  919  35822  99  17622485640  1093  0  99549  99551  2  0  42599  46  0  35647  10  42599  0  35822  0  0  0  3361824146  0  21957  21953  21953  0.0  
1439209321  0  149327  0  112674  2  105492  826  33116  41  19888838317  1093  0  113765  113767  2  0  42599  46  0  35647  11  42599  0  33116  0  0  0  2266352677  0  14235  14216  14216  0.0  
1439209331  0  166288  0  129638  2  31259  677  28029  15  22652730870  1093  0  130729  130731  2  0  42599  46  0  35647  7  42599  0  28029  0  0  0  2763892553  0  16961  16964  16964  0.0  
1439209341  0  179662  0  142634  2  0  608  24846  0  24784310393  1093  0  143725  143727  2  0  42599  46  0  35647  2  42599  0  24846  0  0  0  2131579523  0  13374  12996  12996  0.0  
1439209351  0  200615  0  163958  2  0  755  30698  0  28216053845  1093  0  165049  165051  2  0  42599  46  0  35647  2  42599  0  30698  0  0  0  3431743452  0  20953  21324  21324  0.0  
1439209361  0  219165  0  182489  2  0  731  30909  0  31338036565  1093  0  183580  183582  2  0  42599  46  0  35647  2  42599  0  30909  0  0  0  3121982720  0  18550  18531  18531  0.0  
1439209371  0  236881  0  200211  2  0  688  28330  0  34076553047  1093  0  201302  201304  2  0  42599  46  0  35647  2  42599  0  28330  0  0  0  2738516482  0  17716  17722  17722  0.0  
1439209381  0  250930  0  214211  2  0  683  27224  0  36529511962  1093  0  215302  215304  2  0  42599  46  0  35647  2  42599  0  27224  0  0  0  2452958915  0  14049  14000  14000  0.0  
1439209391  0  262531  496  225756  2  0  645  25049  0  38429513377  1093  0  226847  226849  2  0  42599  46  0  35647  2  42599  0  25049  496  0  0  1900001415  496  11601  11545  11545  0.188930069211  
1439209401  0  274787  2431  237948  2  0  630  22593  0  40266518661  1093  0  239039  239041  2  0  42599  46  0  35678  2  42599  0  22593  2431  0  0  1837005284  1935  12256  12192  12192  0.884685228923  
1439209411  0  291228  5003  254158  2  0  746  25281  0  42893297839  1093  0  255249  255251  2  0  42599  46  0  35763  2  42599  0  25281  5003  0  0  2626779178  2572  16441  16210  16210  1.71789800431  
1439209421  0  306110  7780  268619  2  696911  928  29013  291  45404986293  1093  0  270001  270003  2  0  42599  73  0  35768  73  42599  0  29013  7780  0  0  2511688454  2777  14882  14752  14752  2.54157002385  
1439209431  0  319422  9601  281125  2  1163491  905  26119  497  47676717955  1093  0  282713  282715  2  0  42599  141  0  36470  141  42599  0  26119  9601  0  0  2271731662  1821  13312  12712  12712  3.0057416208  
1439209441  0  331844  11903  291465  2  707242  876  25232  299  49413796151  1093  0  293053  293055  2  0  42599  141  0  38561  97  42599  0  25232  11903  0  0  1737078196  2302  12422  10340  10340  3.5869263871  
1439209451  0  346828  13460  304722  2  4466  895  27081  2  51825966000  1093  0  306312  306314  2  0  42599  141  0  40273  3  42599  0  27081  13460  0  0  2412169849  1557  14984  13259  13259  3.88088620296  
1439209461  0  356605  14380  313302  2  180220  896  26921  71  53187221043  1093  0  314961  314963  2  0  42599  141  0  41161  25  42599  0  26921  14380  0  0  1361255043  920  9777  8649  8649  4.03247290419  
1439209471  0  370758  17298  324368  2  175754  744  21419  69  54983526915  1093  0  326027  326029  2  0  42599  141  0  44301  24  42599  0  21419  17298  0  0  1796305872  2918  14153  11066  11066  4.6655770071  
1439209481  0  388311  19674  339858  2  181445  970  28529  71  57809495220  1093  0  341522  341524  2  0  42599  141  0  46102  23  42599  0  28529  19674  0  0  2825968305  2376  17553  15495  15495  5.06655747584  
1439209491  0  406177  22532  356380  2  12735  1116  34837  5  60609096225  1116  0  358044  358046  2  0  42599  141  0  47438  3  42599  0  34837  22532  0  0  2799601005  2858  17866  16522  16522  5.54733527502  
1439209501  0  425830  25269  372456  2  0  1171  36919  0  63502124105  1198  0  374120  374122  2  0  42599  141  0  51174  2  42599  0  36919  25269  0  0  2893027880  2737  19653  16076  16076  5.93405819224  
1439209511  0  437141  26969  382515  2  1558  1020  30397  1  65242307259  1198  0  384180  384182  2  0  42599  141  0  52586  2  42599  0  30397  26969  0  0  1740183154  1700  11311  10060  10060  6.16940529486  
1439209521  0  455909  29190  398619  2  3116  1038  30805  2  68078888033  1198  0  400285  400287  2  0  42599  141  0  55105  2  42599  0  30805  29190  0  0  2836580774  2221  18768  16105  16105  6.40259350002  
1439209531  0  469394  31150  410346  2  3116  997  29228  2  69933733429  1198  0  412012  412014  2  0  42599  141  0  56652  2  42599  0  29228  31150  0  0  1854845396  1960  13485  11727  11727  6.6362160573  
1439209541  0  486906  34217  425789  2  0  837  24875  0  72597670327  1198  0  427455  427457  2  0  42599  141  0  58705  2  42599  0  24875  34217  0  0  2663936898  3067  17512  15443  15443  7.02743445347  
1439209551  0  498262  35919  435403  2  0  764  22953  0  74215917094  1198  0  437069  437071  2  0  42599  141  0  60507  2  42599  0  22953  35919  0  0  1618246767  1702  11356  9614  9614  7.20885799037  
1439209561  0  507185  36790  443122  2  0  620  18276  0  75544030618  1198  0  444788  444790  2  0  42599  141  0  61798  2  42599  0  18276  36790  0  0  1328113524  871  8923  7719  7719  7.25376341966  
1439209571  0  523648  38054  457275  2  14722  702  20329  7  78092053106  1198  0  458948  458950  2  0  42599  141  0  64227  7  42599  0  20329  38054  0  0  2548022488  1264  16463  14160  14160  7.26709545343  
1439209581  0  544606  40810  475866  2  112989  988  29415  69  81134826898  1198  0  477601  477603  2  0  42599  141  0  66351  16  42599  0  29415  40810  0  0  3042773792  2756  20958  18653  18653  7.49349070704  
1439209591  0  563386  43717  491791  2  1140661  1032  30885  451  83636565512  1198  0  493915  493917  2  0  42599  141  0  68447  34  42599  0  30885  43717  0  0  2501738614  2907  18780  16314  16314  7.75968873916  
1439209601  0  583566  47560  511792  2  1538590  1065  31852  573  86981190517  1198  0  514100  514102  2  0  42599  141  0  68488  39  42599  0  31852  47560  0  0  3344625005  3843  20180  20185  20185  8.14989221442  
1439209611  0  594332  49064  522762  2  0  777  23176  0  88829365020  1198  0  525070  525072  2  0  42599  141  0  68544  2  42599  0  23176  49064  0  0  1848174503  1504  10766  10970  10970  8.25531857615  
1439209621  0  617733  52358  545624  2  133723  940  28365  46  92337205690  1198  0  547978  547980  2  0  42599  141  0  68726  6  42599  0  28365  52358  0  0  3507840670  3294  23401  22908  22908  8.47583017258  
1439209631  0  635259  55969  562876  2  144500  1101  33812  50  95018876748  1198  0  565234  565236  2  0  42599  141  0  68936  9  42599  0  33812  55969  0  0  2681671058  3611  17526  17256  17256  8.81042220575  
1439209641  0  649088  58174  576696  2  0  698  21012  0  97195888864  1198  0  579054  579056  2  0  42599  141  0  69111  2  42599  0  21012  58174  0  0  2177012116  2205  13829  13820  13820  8.96242112009  
1439209651  0  660676  59031  587682  2  136105  650  18538  65  99067067656  1198  0  590105  590107  2  0  42599  141  0  69382  6  42599  0  18538  59031  0  0  1871178792  857  11588  11051  11051  8.93493936514  
1439209661  0  679816  60973  606421  2  136105  879  25284  65  101835753351  1198  0  608844  608846  2  0  42599  141  0  70032  6  42599  0  25284  60973  0  0  2768685695  1942  19140  18739  18739  8.969044565  
1439209671  0  697036  62821  623209  2  0  965  29212  0  104400733753  1198  0  625632  625634  2  0  42599  141  0  70312  2  42599  0  29212  62821  0  0  2564980402  1848  17220  16788  16788  9.01259045444  
1439209682  0  720786  66190  646566  2  0  1010  31270  0  108013738596  1198  0  648989  648991  2  0  42599  141  0  70674  2  42599  0  31270  66190  0  0  3613004843  3369  23750  23357  23357  9.18303074699  
1439209692  0  748976  70829  673963  2  0  1228  40489  0  112328294508  1245  0  676386  676388  2  0  42599  141  0  71566  2  42599  0  40489  70829  0  0  4314555912  4639  28190  27397  27397  9.45677832133  
1439209702  0  769383  74497  693618  2  0  1118  35019  0  115279406199  1245  0  696041  696043  2  0  42599  141  0  72204  2  42599  0  35019  74497  0  0  2951111691  3668  20407  19655  19655  9.6826937949  
1439209712  0  790253  79017  713461  2  0  1017  30296  0  118268558813  1245  0  715884  715886  2  0  42599  141  0  72806  2  42599  0  30296  79017  0  0  2989152614  4520  20870  19843  19843  9.99894970345  
1439209722  0  803437  80731  726159  2  0  809  24709  0  120183124305  1245  0  728582  728584  2  0  42599  141  0  73150  2  42599  0  24709  80731  0  0  1914565492  1714  13184  12698  12698  10.0482053976  
1439209732  0  824225  84065  746694  2  0  865  26671  0  123308577104  1245  0  749117  749119  2  0  42599  141  0  73462  2  42599  0  26671  84065  0  0  3125452799  3334  20788  20535  20535  10.1992781097  
1439209742  0  846772  88139  768600  2  1396  984  30339  1  126622989075  1245  0  771024  771026  2  0  42599  141  0  73875  3  42599  0  30339  88139  0  0  3314411971  4074  22547  21907  21907  10.4088231543  
1439209752  0  862505  90492  783966  2  18737  1050  32411  7  129101702435  1245  0  786403  786405  2  0  42599  141  0  74035  5  42599  0  32411  90492  0  0  2478713360  2353  15733  15379  15379  10.4917652651  
1439209762  0  885901  94031  807308  2  141336  1011  32267  48  132635234085  1245  0  809787  809789  2  0  42599  141  0  74215  6  42599  0  32267  94031  0  0  3533531650  3539  23396  23384  23384  10.6141656912  
1439209772  0  902611  96137  823795  2  123995  1037  33571  42  135145516080  1245  0  826274  826276  2  0  42599  141  0  74340  4  42599  0  33571  96137  0  0  2510281995  2106  16710  16487  16487  10.6509891858  
1439209782  0  932548  101462  853085  2  446930  1211  38392  188  139246526595  1245  0  855752  855754  2  0  42599  141  0  74348  4  42599  0  38392  101462  0  0  4101010515  5325  29937  29478  29478  10.8800833844  
1439209792  0  951293  104472  871948  2  46170  1120  34839  16  142089473419  1316  0  874615  874617  2  0  42599  141  0  74362  3  42599  0  34839  104472  0  0  2842946824  3010  18745  18863  18863  10.9821054081  
1439209802  0  973387  107987  894182  2  175031  1059  32805  63  145517838038  1316  0  896912  896914  2  0  42599  141  0  74408  4  42599  0  32805  107987  0  0  3428364619  3515  22094  22297  22297  11.0939431079  
1439209812  0  991379  109970  911676  2  175031  1007  31684  63  148309173210  1316  0  914406  914408  2  0  42599  141  0  74523  4  42599  0  31684  109970  0  0  2791335172  1983  17992  17494  17494  11.0926295594  
1439209822  0  1007532  112466  927751  2  0  867  26439  0  150866457562  1316  0  930481  930483  2  0  42599  141  0  74557  2  42599  0  26439  112466  0  0  2557284352  2496  16153  16075  16075  11.1625238702  
1439209832  0  1023742  114398  944039  2  24954  963  29404  8  153275441720  1316  0  946777  946779  2  0  42599  141  0  74579  4  42599  0  29404  114398  0  0  2408984158  1932  16210  16296  16296  11.1744951365  
1439209842  0  1032566  115384  952842  2  0  692  21047  0  154685488515  1316  0  955580  955582  2  0  42599  141  0  74620  2  42599  0  21047  115384  0  0  1410046795  986  8824  8803  8803  11.1744915095  
1439209852  0  1047237  116901  967535  2  0  665  20603  0  156792226231  1316  0  970273  970275  2  0  42599  141  0  74664  2  42599  0  20603  116901  0  0  2106737716  1517  14671  14693  14693  11.1628026894  
1439209862  0  1068654  120346  988752  2  26490  1010  31946  12  160099506979  1316  0  991502  991504  2  0  42599  141  0  74704  3  42599  0  31946  120346  0  0  3307280748  3445  21417  21229  21229  11.2614559998  
1439209872  0  1095749  125307  1015902  2  215714  1279  41717  92  164180063453  1316  0  1018868  1018870  2  0  42599  141  0  74816  7  42599  0  41717  125307  2  0  4080556474  4961  27095  27366  27366  11.4357393892  
1439209882  0  1117314  129171  1037148  2  900122  1227  39653  358  167233819283  1436  0  1040413  1040415  2  0  49012  141  0  74874  16  49012  0  39653  129171  2  0  3053755830  3864  21565  21545  21545  11.5608503966  
1439209892  0  1130447  131796  1049646  2  1151841  787  25115  459  169096024059  1436  0  1053166  1053168  2  0  49012  141  0  74926  16  49012  0  25115  131796  2  0  1862204776  2625  13133  12753  12753  11.6587509189  
1439209902  0  1157391  135276  1076439  2  1284299  1068  34211  505  173046522359  1436  0  1080228  1080230  2  0  49012  141  0  74973  33  49012  0  34211  135276  2  0  3950498300  3480  26944  27062  27062  11.6880120893  
1439209912  0  1180150  139634  1098823  2  490346  1034  33370  193  176249192289  1436  0  1102726  1102728  2  0  49012  141  0  75037  14  49012  0  33370  139634  2  0  3202669930  4358  22759  22498  22498  11.8318857772  
1439209922  0  1204973  144283  1123153  2  102150  1105  34541  37  179789175312  1436  0  1127077  1127079  2  0  49012  141  0  75092  10  49012  0  34541  144283  2  0  3539983023  4649  24823  24351  24351  11.9739612423  
1439209932  0  1221613  146744  1140111  2  93548  1044  33148  34  182327608512  1436  0  1144050  1144052  2  0  49012  141  0  75096  11  49012  0  33148  146744  2  0  2538433200  2461  16640  16973  16973  12.0123148657  
1439209942  0  1233730  147935  1152229  2  38931  767  23443  14  184082316040  1436  0  1156168  1156170  2  0  49012  141  0  75097  6  49012  0  23443  147935  2  0  1754707528  1191  12117  12118  12118  11.9908732056  
1439209952  0  1242473  149042  1160717  2  0  613  17394  0  185235864170  1436  0  1164656  1164658  2  0  49012  141  0  75097  2  49012  0  17394  149042  2  0  1153548130  1107  8743  8488  8488  11.9955926608  
1439209962  0  1251568  149597  1170062  2  26030  553  15703  9  186519884976  1436  0  1174010  1174012  2  0  49012  141  0  75097  3  49012  0  15703  149597  2  0  1284020806  555  9095  9354  9354  11.9527664498  
1439209972  0  1274238  152323  1192555  2  30842  911  28391  11  189804442902  1436  0  1196505  1196507  2  0  49012  141  0  75115  3  49012  0  28391  152323  2  0  3284557926  2726  22670  22495  22495  11.9540462614  
1439209982  0  1299160  156284  1217437  2  15967  1094  35359  6  193335546965  1436  0  1221392  1221394  2  0  49012  141  0  75119  3  49012  0  35359  156284  2  0  3531104063  3961  24922  24887  24887  12.0296191385  
1439209992  0  1306238  157732  1224278  2  14409  935  29151  5  194429338850  1436  0  1228233  1228235  2  0  49012  141  0  75119  3  49012  0  29151  157732  2  0  1093791885  1448  7078  6841  6841  12.0752879644  
1439210002  0  1306961  157732  1225007  2  0  355  9951  0  194523161430  1436  0  1228962  1228964  2  0  49012  141  0  75119  2  49012  0  9951  157732  2  0  93822580  0  723  729  729  12.0686080151  
