#type:T;
#time  gt  cn  Pt  Px  gx  cx  gn  gm  Pn  Pm  Ft  cm  pt  Fx  px  ct  pn  Fm  Fn  pm  dn  On  Om  dm  dx  Ox  dt  Ot  Gt  Cn  Cm  Gx  Cx  Gn  Gm  Ct  
1439209231  133353  447  152437579  534688  5518  526070  186  160  447  60143  510355  57273  0  7115  0  148753465  0  211  507  2147483647  0  0  2147483647  2147483647  0  0  0  0  0  447  396  0  6169  0  2147483647  726181  
1439209241  1493644  2319  525826759  671568  30865  640227  1777  160  2319  55138  1317171  52739  0  30436  0  513145844  0  205  2041  2147483647  0  0  2147483647  2147483647  0  0  0  0  0  2319  396  0  31430  0  2147483647  2654239  
1439209251  60015616  22918  5863563228  671568  68231  640227  61726  160  22914  7017  34754210  6124  1698121  30436  423088  5719228936  8  205  39729  59756  0  0  2147483647  2147483647  0  0  0  0  0  21645  393  0  32476  0  2147483647  27449372  
1439209261  135503697  32962  9366223040  678048  68231  647993  129028  160  32958  7017  89933654  6124  1698121  46640  423088  9135576213  8  205  95876  59756  0  0  2147483647  2147483647  0  0  0  0  0  31645  390  0  32476  0  2147483647  43782763  
1439209271  203704360  59989  15456642470  680481  68231  650907  196052  160  59987  7017  128042429  6124  1698121  46640  423088  15078715187  8  205  136395  59756  0  0  2147483647  2147483647  0  0  0  0  0  57189  390  0  46883  0  2147483647  72698254  
1439209281  253596005  120698  25463036511  698523  68231  694144  262524  160  120699  7017  132137840  6124  1698121  46640  423088  24836694192  8  205  142083  59756  0  0  2147483647  2147483647  0  0  0  0  0  117457  390  0  46883  0  2147483647  125543873  
1439209291  309250196  193275  37323687213  980344  68231  971680  335340  160  193283  7017  132137840  6124  1698121  46640  423088  36375575801  8  205  142083  59756  0  0  2147483647  2147483647  0  0  0  0  0  189235  305  0  46883  0  2147483647  187543707  
1439209301  364021578  263754  48674024761  980344  68231  971680  406153  160  263770  7017  132147881  6124  1698121  46640  423088  47412547512  8  205  142090  59756  0  0  2147483647  2147483647  0  0  0  0  0  259169  305  0  46883  0  2147483647  247315570  
1439209311  416801331  335864  60186335514  980344  68231  971680  478407  160  335887  7017  132150930  6124  1698121  46640  423088  58622578612  8  205  142095  59756  0  0  2147483647  2147483647  0  0  0  0  0  330801  305  0  46883  0  2147483647  308304869  
1439209321  468981439  401967  70819739759  980344  68231  971680  544475  160  402000  7017  132152584  6124  1698121  46640  423088  68962623301  8  205  142099  59756  0  0  2147483647  2147483647  0  0  0  0  0  396833  305  0  46883  0  2147483647  364679993  
1439209331  524042697  478539  82955676573  1080877  68231  1072522  621513  160  478586  7017  132152584  6124  1698121  46640  423088  80776863558  8  205  142099  59756  0  0  2147483647  2147483647  0  0  0  0  0  473361  305  0  46883  0  2147483647  429436846  
1439209341  576877346  546871  94404958537  1080877  68231  1072522  689667  160  546929  7017  132152584  6124  1698121  46640  423088  91920363136  8  205  142099  59756  0  0  2147483647  2147483647  0  0  0  0  0  541673  305  0  46883  0  2147483647  489523951  
1439209351  628706374  616358  105534983780  1080877  68231  1072522  759098  160  616422  7017  132152584  6124  1698121  46640  423088  102752496866  8  205  142099  59756  0  0  2147483647  2147483647  0  0  0  0  0  611140  305  0  53044  0  2147483647  548631089  
1439209361  678506447  682971  116439797100  1080877  68231  1072522  825878  160  683039  7017  132152584  6124  1698121  46640  423088  113363928944  8  205  142099  59756  0  0  2147483647  2147483647  0  0  0  0  0  677726  305  0  53044  0  2147483647  606268943  
1439209371  736038538  756208  128482883531  1080877  68231  1072522  898930  160  756295  7017  132152584  6124  1698121  46640  423088  125077829572  8  205  142099  59756  0  0  2147483647  2147483647  0  0  0  0  0  750953  305  0  53044  0  2147483647  670102570  
1439209381  785890059  818995  139006199394  1080877  68231  1072522  962153  160  819088  7017  132152584  6124  1698121  46640  423088  135312353775  8  205  142099  59756  0  0  2147483647  2147483647  0  0  0  0  0  813716  305  0  53044  0  2147483647  724950341  
1439209391  833064225  881384  149465790182  1080877  68231  1072522  1022301  160  881483  7017  132207981  6124  1698121  46640  423088  145495003185  8  205  142161  59756  0  0  2147483647  2147483647  0  0  0  0  13194870  878426  290  35238  53044  2360  2274  785159877  
1439209401  878207156  946386  159684176510  1080877  68231  1072522  1078377  160  946498  7017  132302630  6124  1698121  46640  423088  155443665843  8  205  142312  59756  0  0  2147483647  2147483647  0  0  0  0  63059291  952032  287  48018  53044  10977  2274  860717204  
1439209411  924590868  1016520  171427752308  1080877  68231  1072522  1136271  160  1016639  7017  132486329  6124  1698121  46640  423088  166890549427  8  205  142528  59756  0  0  2147483647  2147483647  0  0  0  0  140406853  1034590  287  57799  53044  23660  2259  954268790  
1439209421  967237564  1075607  181545324065  1080877  68231  1072522  1187690  160  1075735  7017  134113054  6124  1698121  46640  423088  176745392432  8  205  145243  59756  0  0  2147483647  2147483647  0  0  0  0  204309354  1104145  287  57799  53044  34569  2259  1033539736  
1439209431  1009369406  1130979  191000382918  1080877  68231  1072522  1239282  160  1131113  7017  137552237  6124  1698121  46640  423088  185958448759  8  205  150708  59756  0  0  2147483647  2147483647  0  0  0  0  253784687  1168260  287  57799  53044  43537  1539  1103719375  
1439209441  1050341116  1189767  200638119274  1080877  68231  1072522  1292936  160  1189904  7017  140662829  6124  1698121  46640  423088  195350613834  8  205  156388  59756  0  0  2147483647  2147483647  0  0  0  0  318075494  1237568  287  57799  53044  54756  1539  1180936750  
1439209451  1089489745  1238138  209168924415  1080877  68231  1072522  1340849  160  1238277  7017  145035336  6124  1698121  46640  423088  203668483848  8  205  164536  59756  0  0  2147483647  2147483647  0  0  0  0  375176112  1294565  281  106531  53044  63472  1539  1248019437  
1439209461  1135103761  1295415  219155797280  1080877  68231  1072522  1397070  160  1295556  7017  149623898  6124  1698121  46640  423088  213404398503  8  205  172482  59756  0  0  2147483647  2147483647  0  0  0  0  436484001  1361084  278  106531  53044  72867  1539  1324879146  
1439209471  1175873826  1347183  228330088281  1080877  68231  1072522  1447916  160  1347326  7017  155356561  6124  1698121  46640  423088  222358202452  8  205  182657  59756  0  0  2147483647  2147483647  0  0  0  0  505698217  1424215  278  106531  53044  84240  1539  1401432231  
1439209481  1215369911  1401533  237841063392  1080877  68231  1072522  1499341  160  1401681  7017  159821255  6124  1698121  46640  423088  231631642778  8  205  189426  59756  0  0  2147483647  2147483647  0  0  0  0  561557541  1488208  278  106531  53044  93905  1539  1474371595  
1439209491  1256728824  1454632  246897048645  1080877  68231  1072522  1551422  160  1454782  7017  164588565  6124  1698121  46640  423088  240463925200  8  205  197208  59756  0  0  2147483647  2147483647  0  0  0  0  615242231  1550650  278  106531  53044  103255  1539  1544043780  
1439209501  1303371804  1514730  257309313165  1080877  68231  1072522  1611672  160  1514880  7017  170695171  6124  1698121  46640  423088  250620895580  8  205  207385  59756  0  0  2147483647  2147483647  0  0  0  0  670976326  1620114  278  106531  53044  112631  1539  1621286211  
1439209511  1344547176  1570790  266754533296  1080877  68231  1072522  1666944  160  1570942  7017  176644181  6124  1698121  46640  423088  259832404183  8  205  216521  59756  0  0  2147483647  2147483647  0  0  0  0  730197190  1685926  278  106531  53044  122392  1539  1695555272  
1439209521  1387242284  1625652  276374897014  1080877  68231  1072522  1722138  160  1625806  7017  183293619  6124  1698121  46640  423088  269216522950  8  205  225065  59756  0  0  2147483647  2147483647  0  0  0  0  782858588  1749283  278  106531  53044  130896  1539  1767631840  
1439209531  1429438109  1683285  285730468979  1080877  68231  1072522  1779054  160  1683439  7017  188319525  6124  1698121  46640  423088  278343468707  8  205  234034  59756  0  0  2147483647  2147483647  0  0  0  0  839204859  1817013  272  106531  53044  141004  1539  1840559189  
1439209541  1474322763  1752558  297047677734  1080877  68231  1072522  1843845  160  1752715  7017  193790975  6124  1698121  46640  423088  289382597873  8  205  243142  59756  0  0  2147483647  2147483647  0  0  0  0  917286577  1899893  272  106531  53044  155008  1539  1932786547  
1439209551  1514333066  1816126  307055975177  1080877  68231  1072522  1902256  160  1816285  7017  197919986  6124  1698121  46640  423088  299144708381  8  205  250311  59756  0  0  2147483647  2147483647  0  0  0  0  981679959  1975168  272  106531  53044  166993  1539  2012798071  
1439209561  1556956995  1883386  317797730373  1080877  99882  1072522  1962874  160  1883549  7017  201077053  6124  1698121  46640  423088  309614959807  8  205  256259  59756  0  0  2147483647  2147483647  0  0  0  0  1052411496  2055212  272  106531  53044  179889  1533  2099014317  
1439209571  1600954973  1951544  328789468402  1080877  99882  1072522  2023834  160  1951707  7017  204481082  6124  1698121  46640  423088  320342023313  8  205  262404  59756  0  0  2147483647  2147483647  0  0  0  0  1121761253  2136467  272  106531  53044  193004  1533  2186452620  
1439209581  1650006478  2025818  340824598643  1080877  99882  1072522  2091476  160  2025983  7017  207685537  6124  1698121  46640  423088  332084400355  8  205  268455  59756  0  0  2147483647  2147483647  0  0  0  0  1197531913  2223207  272  106531  53044  206172  1533  2281172905  
1439209591  1694338669  2096455  351934026107  1080877  99882  1072522  2154176  160  2096625  7017  210230189  6124  1698121  46640  423088  342913140206  8  205  272947  59756  0  0  2147483647  2147483647  0  0  0  0  1276320743  2306026  272  106531  53044  218772  1533  2372103893  
1439209601  1739443841  2168750  363478600535  1080877  99882  1072522  2217872  160  2168923  7017  211909385  6124  1698121  46640  423088  354172894488  8  205  276078  59756  0  0  2147483647  2147483647  0  0  0  0  1340948150  2390038  272  106531  53044  230773  1533  2460180863  
1439209611  1787912949  2252136  376300921156  1080877  99882  1072522  2288848  160  2252313  7017  212886327  6124  1698121  46640  423088  366680014938  8  205  277940  59756  0  0  2147483647  2147483647  0  0  0  0  1420394802  2487873  272  106531  53044  245544  1533  2562017138  
1439209621  1831233866  2325925  387375134892  1080877  99882  1072522  2351489  160  2326103  7017  213871867  6124  1698121  46640  423088  377476836970  8  205  279584  59756  0  0  2147483647  2147483647  0  0  0  0  1497924364  2574426  272  106531  53044  258589  1533  2653630547  
1439209631  1874127777  2397413  398480958058  1080877  99882  1072522  2413575  160  2397592  7017  214362860  6124  1698121  46640  423088  388300336907  8  205  280443  59756  0  0  2147483647  2147483647  0  0  0  0  1560692405  2656607  272  111047  53044  269388  1533  2739083104  
1439209641  1915984836  2472721  409530640791  1080877  99882  1072522  2478992  160  2472900  7017  215196270  6124  1698121  46640  423088  399078827351  8  205  281981  59756  0  0  2147483647  2147483647  0  0  0  0  1626991954  2742899  272  111047  53044  280383  1533  2826549552  
1439209651  1965608562  2555157  422054008613  1080877  99882  1072522  2550781  160  2555340  7017  216143405  6124  1698121  46640  423088  411285677592  8  205  283955  59756  0  0  2147483647  2147483647  0  0  0  0  1700112866  2838539  272  111047  53044  293709  1533  2924028905  
1439209661  2010821176  2628005  433056792303  1080877  99882  1072522  2614752  160  2628191  7017  217087477  6124  1698121  46640  423088  422010490915  8  205  285718  59756  0  0  2147483647  2147483647  0  0  0  0  1759385935  2921860  272  111047  202281  304275  1533  3008119072  
1439209671  2056162172  2706032  444800438427  1080877  99882  1072522  2681195  160  2706222  7017  217778223  6124  1698121  46640  423088  433462278518  8  205  287033  59756  0  0  2147483647  2147483647  0  0  0  0  1831533100  3013337  272  111047  202281  317734  1533  3101743946  
1439209682  2097513362  2778004  455528213861  1080877  99882  1072522  2743830  160  2778197  7017  218303388  6124  1698121  46640  423088  443919131185  8  205  288033  59756  0  0  2147483647  2147483647  0  0  0  0  1891535920  3096073  272  111047  202281  328507  1491  3184721557  
1439209692  2147109057  2860335  468350181778  1080877  99882  1072522  2816192  160  2860531  7017  219153045  6124  1698121  46640  423088  456424314554  8  205  289636  59756  0  0  2147483647  2147483647  0  0  0  0  1956942593  3190020  272  111047  202281  340134  1491  3280548291  
1439209702  2191009501  2933705  479334183358  1080877  99882  1072522  2880596  160  2933906  7017  219997038  6124  1698121  46640  423088  467133564076  8  205  291034  59756  0  0  2147483647  2147483647  0  0  0  0  2018328325  3274040  272  111047  202281  350798  1491  3365129679  
1439209712  2234591236  3011973  490619500129  1080877  99882  1072522  2947319  160  3012175  7017  220596282  6124  1698121  46640  423088  478139069257  8  205  292215  59756  0  0  2147483647  2147483647  0  0  0  0  2091240449  3365738  272  111047  202281  364251  1491  3456882328  
1439209722  2277419067  3080121  501200619344  1080877  99882  1072522  3008368  160  3080326  7017  221340527  6124  1698121  46640  423088  488454994274  8  205  293335  59756  37  0  2147483647  19761  136307  0  3050985  0  2139747923  3442088  272  145359  202281  372588  1491  3532314383  
1439209732  2326153728  3167807  514388539788  1080877  99882  1072522  3082647  160  3168018  7017  221883522  6124  1698121  46640  423088  501309250608  8  205  294265  59756  99  89  756  15640  136307  6014  5987274  234451  2222398219  3544351  272  145359  202281  387369  1491  3637262758  
1439209742  2368505216  3240233  525263658560  1080877  99882  1072522  3144881  160  3240448  7017  222265254  6124  1698121  46640  423088  511905138826  8  205  295107  59756  99  182  756  15640  136307  6681  5987274  476386  2277753117  3627271  272  145359  202281  397909  1491  3719369505  
1439209752  2407863089  3305459  534684628082  1080877  99882  1072522  3200796  160  3305678  7017  222467430  6124  1698121  46640  423088  521092339737  8  205  295473  59756  124  274  756  10551  139500  6681  8321293  747398  2334059713  3701958  272  147421  202281  407747  1491  3793074589  
1439209762  2454523681  3379083  546249528561  1080877  99882  1072522  3265207  160  3379303  7017  222985119  6124  1698121  46640  423088  532369533576  8  205  296269  59756  225  377  756  10551  139500  6681  13802671  1021198  2391213473  3784818  272  155859  202281  417483  1491  3875958591  
1439209772  2495736531  3452034  556997788879  1080877  99882  1072522  3328659  160  3452255  7017  223321148  6124  1698121  46640  423088  542857159898  8  205  296873  59756  226  559  668  10551  139500  6681  13851193  1490759  2447824308  3868221  272  155859  202281  428086  1491  3955776558  
1439209782  2536670942  3524113  567278889009  1080877  99882  1072522  3391459  160  3524338  7017  223543485  6124  1698121  46640  423088  552887071996  8  205  297377  59756  279  743  668  3412  139500  6681  17137392  1950997  2505489568  3949396  272  496146  494672  437899  1491  4032173172  
1439209792  2580052110  3598246  577825141608  1080877  99882  1072522  3457169  160  3598479  7017  223738077  6124  1698121  46640  423088  563168278375  8  205  297796  59756  303  921  668  3412  139500  6681  18324305  2413809  2555116818  4032383  272  496146  494672  447210  1491  4107510693  
1439209802  2625796579  3677453  589798853441  1080877  99882  1072522  3524191  160  3677688  7017  224063070  6124  1698121  46640  423088  574840792746  8  205  298312  59756  330  1100  668  3412  139500  6681  19568604  2879553  2620419118  4123814  272  496146  494672  459650  1491  4196678701  
1439209812  2670401816  3751576  601067731714  1080877  99882  1072522  3588920  160  3751815  7017  224191786  6124  1698121  46640  423088  585833268934  8  205  298509  59756  342  1231  668  3412  139500  32675  20076762  3243705  2671839517  4207726  272  496146  494672  469480  1491  4276450307  
1439209822  2711196330  3825292  611510285820  1080877  99882  1072522  3650085  160  3825532  7017  224297917  6124  1698121  46640  423088  596021816294  8  205  298727  59756  369  1358  668  3412  139500  32675  21785634  3573252  2736826124  4293951  272  496146  494672  482088  1491  4358072186  
1439209832  2754385455  3895371  622582858994  1080877  99882  1072522  3710884  160  3895618  7017  224372815  6124  1698121  46640  423088  606818323179  8  205  298826  59756  402  1512  668  3412  139500  32675  23730882  3999223  2792966512  4373599  272  496146  494672  491735  1491  4437628751  
1439209842  2800962718  3977491  634592482837  1080877  99882  1072522  3779538  160  3977742  7017  224491389  6124  1698121  46640  423088  618533220358  8  205  299049  59756  420  1662  668  3412  139500  32675  24097275  4369241  2867556051  4468987  272  496146  494672  505049  1491  4531195033  
1439209852  2839626633  4049090  645061372320  1080877  99882  1072522  3839978  160  4049341  7017  224577235  6124  1698121  46640  423088  628745888221  8  205  299176  59756  441  1847  668  3412  139500  32675  25902515  4829161  2928661196  4551762  272  496146  494672  516283  1491  4610834745  
1439209862  2877592699  4113992  654571148946  1080877  99882  1072522  3895535  160  4114244  7017  224621209  6124  1698121  46640  423088  638022795365  8  205  299259  59756  462  2032  668  3412  139500  32675  27686736  5333223  2983221430  4626107  272  496146  494672  525790  1491  4682235642  
1439209872  2921253833  4187742  665349024392  1080877  99882  1072522  3957905  160  4187995  7017  224733384  6124  1698121  46640  423088  648538427617  8  205  299439  59756  658  2239  668  3412  139500  32675  39691552  5887652  3054056750  4710648  272  496146  494672  537061  1491  4762969354  
1439209882  2961954562  4257260  675361639303  1080877  99882  1072522  4018989  160  4257513  7017  224840186  6124  1698121  46640  423088  658302670035  8  205  299686  59756  730  2423  668  3412  139500  32675  43405774  6397138  3105419013  4788067  272  496146  494672  545384  1491  4834952598  
1439209892  3004737217  4332340  686112583607  1080877  99882  1072522  4084526  160  4332601  7017  224954994  6124  1698121  46640  423088  668788437023  8  205  299886  59756  748  2608  668  3412  139500  32675  43771897  6827469  3160458974  4872983  272  496146  494672  555514  1491  4914042162  
1439209902  3049547629  4405375  696918011377  1080877  99882  1072522  4147520  160  4405641  7017  225037536  6124  1698121  46640  423088  679325862011  8  205  300049  59756  785  2768  668  3412  139500  32675  45579181  7247476  3215253261  4955569  272  496146  494672  565431  1491  4992137322  
1439209912  3097244044  4488001  708870085901  1080877  99882  1072522  4218836  160  4488268  7017  225189095  6124  1698121  46640  423088  690985634727  8  205  300201  59756  803  2949  647  3412  139500  32675  47073196  7698824  3274157846  5049591  272  496146  494672  576983  1491  5079221808  
1439209922  3137969445  4563309  719733213192  1080877  99882  1072522  4281594  160  4563581  7017  225276128  6124  1698121  46640  423088  701581293223  8  205  300330  59756  841  3130  647  3296  139500  32675  48912545  8171930  3341566822  5137648  272  496146  494672  589860  1491  5163743383  
1439209932  3179600712  4635450  730189000443  1080877  99882  1072522  4344590  160  4635723  7017  225429278  6124  1698121  46640  423088  711777107079  8  205  300581  59756  864  3315  647  3296  139500  32675  50511959  8640197  3394346151  5218499  272  496146  494672  598726  1491  5239831985  
1439209942  3222392413  4709883  741008860047  1080877  99882  1072522  4410058  160  4710161  7017  225566430  6124  1698121  46640  423088  722325347801  8  205  300770  59756  876  3502  647  3296  139500  32675  50795368  9116417  3436826990  5301900  272  496146  494672  607733  1491  5314601079  
1439209952  3269419948  4798259  753405942669  1080877  99882  1072522  4483114  160  4798544  7017  225645758  6124  1698121  46640  423088  734410418787  8  205  300890  59756  903  3708  647  3296  139500  32675  51372793  9592144  3516572697  5405920  272  496146  494672  623469  1491  5413654612  
1439209962  3308533947  4871355  763926746522  1080877  99882  1072522  4543319  160  4871647  7017  225759800  6124  1698121  46640  423088  744671508147  8  205  301087  59756  969  3894  647  3296  139500  32675  55958750  10053797  3584320604  5491889  272  496146  494672  636494  1491  5495408671  
1439209972  3349949633  4949001  775539677231  1080877  99882  1072522  4609638  160  4949295  7017  225863456  6124  1698121  46640  423088  755993389282  8  205  301338  59756  974  4079  647  3296  139500  32675  56098028  10500036  3640477639  5580664  272  496146  494672  647649  1491  5579510760  
1439209982  3392049825  5023703  786500614542  1080877  99882  1072522  4674675  160  5024000  7017  225946624  6124  1698121  46640  423088  766684984035  8  205  301473  59756  995  4255  647  3296  139500  32675  57260528  10956823  3694745643  5665234  272  496146  494672  657591  1491  5659051589  
1439209992  3427962456  5082191  795496698879  1080877  99882  1072522  4723596  160  5082488  7017  225982208  6124  1698121  46640  423088  775459334387  8  205  301552  59756  1029  4459  647  3296  139500  32675  60273787  11585331  3755049122  5733798  272  496146  494672  667731  1491  5729408246  
1439210002  3457016736  5145491  804188292284  1080877  99882  1072522  4768122  160  5145789  7017  226029612  6124  1698121  46640  423088  783951571398  8  205  301611  59756  1040  4644  647  3296  139500  32675  60913134  12165560  3852280302  5815835  269  496146  494672  686478  1491  5815608013  
