#Type:X;CI:2;ww:0;ca:0;co:0;fr:0;Type:X;CI:2;PI:0;PT:EP;U0:0;U1:0;
#time  Pp  gt  gs  cn  cm  cb  Nc  Pc  cp  Tc  Nm  pr  ps  pt  px  pd  Pm  Om  fs  ft  Oc  Em  Gp  Ec  Ge  ot  os  Total_cycles_diff  Successful_get_diff  Total_get_diff  succ_put_diff  total_put_diff  get_hit  
1437178450  0  0  0  0  0  0  0  0  0  2946098  0  0  0  0  0  0  0  0  0  21  0  0  0  0  0  46  0  2946098  0  0  0  0  
1437178460  0  0  0  0  0  0  0  0  0  2946098  0  0  0  0  0  0  0  0  0  21  0  0  0  0  0  46  0  0  0  0  0  0  
1437178470  0  0  0  0  0  0  0  0  0  12695689  0  0  0  0  0  0  0  0  0  21  0  0  0  0  0  2138  0  9749591  0  0  0  0  
1437178480  0  0  0  0  0  0  0  0  0  23383471  0  0  0  0  0  0  0  0  0  21  0  0  0  0  0  4698  0  10687782  0  0  0  0  
1437178490  0  0  0  0  0  0  0  0  0  33869303  0  0  0  0  0  0  0  0  0  21  0  0  0  0  0  7017  0  10485832  0  0  0  0  
1437178500  0  0  0  0  0  0  223  2833  0  72838188  223  0  2833  2833  0  0  2833  282  0  58  282  2833  0  2833  0  7955  0  38968885  0  0  2833  2833  
1437178510  0  0  0  0  0  0  227  3075  0  109018172  228  0  3144  3144  0  0  3091  285  0  41744  241  3091  0  3075  0  8041  61  36179984  0  0  311  311  
1437178520  0  0  0  0  0  0  183  3535  0  155164422  230  0  4167  4167  0  0  3893  285  0  79494  168  3893  0  3535  0  8412  180  46146250  0  0  1023  1023  
1437178530  0  80  0  0  0  0  94  2124  0  224081073  230  0  4184  4184  0  0  3893  285  0  146475  48  3893  0  2124  0  10333  300  68916651  0  80  17  17  0.0  
1437178540  0  105  17  0  0  0  94  2123  0  291701596  230  0  4202  4202  0  0  3893  285  0  213407  47  3893  0  2123  17  12452  302  67620523  17  25  18  18  16.1904761905  
1437178550  0  2522  215  0  0  0  99  1971  0  330573764  230  0  4248  4248  0  0  3893  285  0  266017  44  3893  0  1971  215  14824  302  38872168  198  2417  46  46  8.52498017446  
1437178560  0  26100  242  0  0  0  176  3199  0  400663384  230  0  5503  5503  0  0  3893  285  0  288036  116  3893  0  3199  242  15304  302  70089620  27  23578  1255  1255  0.927203065134  
1437178570  0  67165  258  0  0  0  1037  23801  0  852622821  1037  0  26121  26121  0  0  23801  780  0  308065  780  23801  0  23801  258  16084  302  451959437  16  41065  20618  20618  0.384128638428  
1437178580  0  123383  351  0  0  0  2522  65676  0  1988170894  2653  0  82967  82967  0  0  69285  1971  0  308066  1878  69285  0  65676  351  16967  693  1135548073  93  56218  56846  56846  0.284480033716  
1437178590  0  180925  428  0  0  0  2365  62203  0  3232955263  2781  0  140109  140109  0  0  74771  2073  0  308493  1766  74771  0  62203  428  18568  2208  1244784369  77  57542  57142  57142  0.236562111372  
1437178600  0  233988  470  0  0  0  2391  63569  0  4344528001  2781  0  193454  193454  0  0  74771  2073  0  308541  1716  74771  0  63569  470  19967  3546  1111572738  42  53063  53345  53345  0.200865001624  
1437178610  0  272852  516  0  0  0  2662  71340  0  5148267349  2781  0  232574  232574  0  0  74771  2073  0  308550  1923  74771  0  71340  516  20764  4304  803739348  46  38864  39120  39120  0.189113512087  
1437178620  0  316250  557  0  0  0  2436  65051  0  6058242114  2781  0  275977  275977  0  0  74771  2073  0  308981  1789  74771  0  65051  557  22105  5569  909974765  41  43398  43403  43403  0.176126482213  
1437178630  0  356382  559  0  0  0  2597  69013  0  6911497090  2781  0  316066  316066  0  0  74771  2073  0  309094  1880  74771  0  69013  559  23033  6457  853254976  2  40132  40089  40089  0.156854162107  
1437178640  0  413986  575  0  0  0  2515  67551  0  8091884491  2781  0  373954  373954  0  0  74771  2073  0  309114  1861  74771  0  67551  575  24594  7933  1180387401  16  57604  57888  57888  0.138893585773  
1437178650  0  469259  648  0  0  0  2343  61771  0  9302218581  2781  0  429569  429569  0  0  74771  2073  0  309114  1739  74771  0  61771  648  26254  9498  1210334090  73  55273  55615  55615  0.138090052615  
1437178660  0  521938  682  0  0  0  2384  63339  0  10411885629  2781  0  481963  481963  0  0  74771  2073  0  309784  1715  74771  0  63339  682  27609  10793  1109667048  34  52679  52394  52394  0.130666860815  
1437178670  0  567430  703  0  0  0  2486  66240  0  11369737107  2810  0  527599  527599  0  0  76015  2073  0  309845  1792  76015  0  66240  703  28738  11866  957851478  21  45492  45636  45636  0.123891933807  
1437178680  0  608418  742  0  0  0  2489  66663  0  12224768314  2810  0  568983  568983  0  0  76015  2073  0  309856  1835  76015  0  66663  742  29790  12865  855031207  39  40988  41384  41384  0.121955629189  
1437178690  0  647311  772  0  0  0  2714  72495  0  13030597690  2810  0  607580  607580  0  0  76015  2073  0  310262  1983  76015  0  72495  772  30659  13684  805829376  30  38893  38597  38597  0.119262611017  
1437178700  0  700220  835  0  0  0  2425  64305  0  14204925629  2810  0  660378  660378  0  0  76015  2073  0  310415  1782  76015  0  64305  835  32270  15220  1174327939  63  52909  52798  52798  0.119248236269  
1437178710  0  754288  902  0  0  0  2539  68631  0  15393971928  2810  0  714680  714680  0  0  76015  2073  0  310415  1889  76015  0  68631  902  33609  16475  1189046299  67  54068  54302  54302  0.119582970961  
1437178720  0  809208  931  0  0  0  2382  62301  0  16522816450  2810  0  769868  769868  0  0  76015  2073  0  310428  1708  76015  0  62301  931  35265  18054  1128844522  29  54920  55188  55188  0.115050765687  
1437178730  0  858659  970  0  0  0  2531  66661  0  17575586863  2849  0  819051  819051  0  0  76015  2073  0  310918  1849  76015  0  66661  970  36409  19141  1052770413  39  49451  49183  49183  0.112966847142  
1437178740  0  898064  996  0  0  0  2511  67640  0  18421470488  2849  0  858727  858727  0  0  76015  2073  0  310987  1836  76015  0  67640  996  37448  20123  845883625  26  39405  39676  39676  0.110905236152  
1437178750  0  937558  996  0  0  0  2737  72745  0  19250019185  2849  0  898387  898387  0  0  76015  2073  0  310987  2005  76015  0  72745  996  38331  20963  828548697  0  39494  39660  39660  0.106233427692  
1437178760  0  982616  1005  0  0  0  2521  67100  0  20228505979  2849  0  943221  943221  0  0  76015  2073  0  311410  1867  76015  0  67100  1005  39651  22226  978486794  9  45058  44834  44834  0.102278000765  
1437178770  0  1042084  1113  0  0  0  2542  66009  0  21522684252  2849  0  1002635  1002635  0  0  76015  2073  0  311552  1885  76015  0  66009  1113  41282  23757  1294178273  108  59468  59414  59414  0.106805209561  
1437178780  0  1106491  1142  0  0  0  2584  68323  0  22931697520  2849  0  1067558  1067558  0  0  76015  2073  0  311566  1899  76015  0  68323  1142  42933  25328  1409013268  29  64407  64923  64923  0.103209153983  
1437178790  0  1149921  1167  0  0  0  2629  69989  0  23829106549  2866  0  1111082  1111082  0  0  76584  2078  0  311567  1896  76584  0  69989  1167  44076  26412  897409029  25  43430  43524  43524  0.101485232464  
1437178800  0  1188875  1187  0  0  0  2516  67392  0  24668535492  2866  0  1149829  1149829  0  0  76584  2078  0  312133  1832  76584  0  67392  1187  45142  27423  839428943  20  38954  38747  38747  0.0998422878772  
1437178810  0  1227749  1250  0  0  0  2794  73666  0  25469991665  2883  0  1188685  1188685  0  0  76584  2116  0  312221  2042  76584  0  73666  1250  46000  28238  801456173  63  38874  38856  38856  0.101812341122  
1437178820  0  1269835  1297  0  0  0  2491  65152  0  26385284237  2883  0  1231078  1231078  0  0  76584  2116  0  312224  1817  76584  0  65152  1297  47322  29496  915292572  47  42086  42393  42393  0.102139254313  
1437178830  0  1327114  1381  0  0  0  2394  61389  0  27565840525  2883  0  1288094  1288094  0  0  76584  2116  0  312628  1762  76584  0  61389  1381  48968  31047  1180556288  84  57279  57016  57016  0.104060389688  
1437178840  0  1394155  1424  0  0  0  2593  67752  0  28999485607  2883  0  1355442  1355442  0  0  76584  2116  0  312790  1878  76584  0  67752  1424  50587  32582  1433645082  43  67041  67348  67348  0.102140723234  
1437178850  0  1438405  1488  0  0  0  2579  68460  0  29936034013  2883  0  1399764  1399764  0  0  76584  2116  0  312791  1858  76584  0  68460  1488  51755  33696  936548406  64  44250  44322  44322  0.103447916268  
1437178860  0  1476349  1561  0  0  0  2441  65545  0  30736436725  2883  0  1438041  1438041  0  0  76762  2116  0  312792  1769  76762  0  65545  1561  52803  34697  800402712  73  37944  38277  38277  0.105733806844  
1437178870  0  1515702  1583  0  0  0  2722  71896  0  31528007103  2915  0  1477194  1477194  0  0  76762  2126  0  313267  2003  76762  0  71896  1583  53679  35519  791570378  22  39353  39153  39153  0.104440054839  
1437178880  0  1558552  1606  0  0  0  2481  65414  0  32458118880  2915  0  1520063  1520063  0  0  76762  2129  0  313362  1829  76762  0  65414  1606  54961  36742  930111777  23  42850  42869  42869  0.103044364256  
1437178890  0  1617439  1625  0  0  0  2313  61835  0  33719990099  2915  0  1579330  1579330  0  0  76762  2129  0  313362  1706  76762  0  61835  1625  56631  38317  1261871219  19  58887  59267  59267  0.100467467398  
1437178900  0  1673535  1691  0  0  0  2697  72880  0  34921475310  2915  0  1635029  1635029  0  0  76762  2129  0  313881  1996  76762  0  72880  1691  57837  39457  1201485211  66  56096  55699  55699  0.101043599327  
1437178910  0  1726687  1703  0  0  0  2477  66250  0  36107292699  2915  0  1688318  1688318  0  0  76762  2129  0  314001  1775  76762  0  66250  1703  59430  40978  1185817389  12  53152  53289  53289  0.0986281821778  
1437178920  0  1766882  1773  0  0  0  2485  67035  0  36960090603  2915  0  1728715  1728715  0  0  77178  2129  0  314002  1811  77178  0  67035  1773  60459  41954  852797904  70  40195  40397  40397  0.100346259682  
1437178930  0  1806201  1776  0  0  0  2710  72137  0  37771262680  2915  0  1768156  1768156  0  0  77178  2129  0  314002  1991  77178  0  72137  1776  61357  42805  811172077  3  39319  39441  39441  0.0983279269583  
1437178941  0  1851152  1812  0  0  0  2551  68127  0  38705918223  2915  0  1813123  1813123  0  0  77178  2129  0  314477  1867  77178  0  68127  1812  62640  44026  934655543  36  44951  44967  44967  0.0978849926964  
1437178951  0  1905206  1848  0  0  0  2628  71576  0  39871603418  2915  0  1867240  1867240  0  0  77178  2129  0  314554  1919  77178  0  71576  1848  63999  45311  1165685195  36  54054  54117  54117  0.0969973850597  
1437178961  0  1957986  1936  0  0  0  2494  66891  0  41008863973  2915  0  1920222  1920222  0  0  77178  2129  0  314554  1857  77178  0  66891  1936  65520  46742  1137260555  88  52780  52982  52982  0.0988771114809  
1437178971  0  2011565  2031  0  0  0  2690  71484  0  42174588285  2915  0  1973432  1973432  0  0  77178  2129  0  315109  1939  77178  0  71484  2031  66845  48010  1165724312  95  53579  53210  53210  0.100966163162  
1437178981  0  2055128  2053  0  0  0  2430  65224  0  43120425944  2915  0  2017237  2017237  0  0  78152  2129  0  315222  1770  78152  0  65224  2053  68124  49227  945837659  22  43563  43805  43805  0.0998964541381  
1437178991  0  2094130  2066  0  0  0  2622  70460  0  43947715497  2915  0  2056251  2056251  0  0  78152  2129  0  315222  1917  78152  0  70460  2066  69036  50085  827289553  13  39002  39014  39014  0.098656721407  
1437179001  0  2136783  2108  0  0  0  2828  74365  0  44858225174  2915  0  2099342  2099342  0  0  78152  2129  0  315225  2051  78152  0  74365  2108  70049  51049  910509677  42  42653  43091  43091  0.0986529750564  
1437179011  0  2183058  2127  0  0  0  2718  73377  0  45844500870  2915  0  2145267  2145267  0  0  78152  2129  0  315679  2012  78152  0  73377  2127  71272  52213  986275696  19  46275  45925  45925  0.0974321341897  
1437179021  0  2238983  2166  0  0  0  2637  70871  0  47062611207  2915  0  2201612  2201612  0  0  78152  2129  0  315723  1950  78152  0  70871  2166  72867  53712  1218110337  39  55925  56345  56345  0.096740350418  
1437179031  0  2298014  2224  0  0  0  2525  68212  0  48350187387  2985  0  2260693  2260693  0  0  81622  2175  0  315736  1828  81622  0  68212  2224  74520  55286  1287576180  58  59031  59081  59081  0.0967792189256  
1437179041  0  2342925  2252  0  0  0  2817  76280  0  49279288072  3077  0  2305318  2305318  0  0  83624  2205  0  316256  2017  83624  0  76280  2252  75481  56204  929100685  28  44911  44625  44625  0.0961191672802  
1437179051  0  2387034  2322  0  0  0  2705  72851  0  50180110156  3087  0  2349656  2349656  0  0  84973  2222  0  316371  1985  84973  0  72851  2322  76716  57371  900822084  70  44109  44338  44338  0.0972755310565  
1437179061  0  2426469  2324  0  0  0  2831  75180  0  51019903836  3102  0  2389223  2389223  0  0  84973  2279  0  316371  2071  84973  0  75180  2324  77691  58300  839793680  2  39435  39567  39567  0.0957770323874  
1437179071  0  2470254  2343  0  0  0  2725  72408  0  51955931363  3102  0  2433201  2433201  0  0  84973  2279  0  316386  2017  84973  0  72408  2343  78919  59468  936027527  19  43785  43978  43978  0.094848545939  
1437179081  0  2523810  2354  0  0  0  2705  72525  0  53126420560  3102  0  2486517  2486517  0  0  84973  2279  0  316840  1993  84973  0  72525  2354  80331  60796  1170489197  11  53556  53316  53316  0.0932716805148  
1437179091  0  2578776  2383  0  0  0  2992  80987  0  54296522655  3102  0  2541919  2541919  0  0  84973  2279  0  316868  2201  84973  0  80987  2383  81603  61998  1170102095  29  54966  55402  55402  0.0924081812457  
1437179101  0  2631316  2411  0  0  0  2677  71781  0  55469233589  3121  0  2594429  2594429  0  0  84973  2279  0  316882  1919  84973  0  71781  2411  83260  63581  1172710934  28  52540  52510  52510  0.0916271553854  
1437179111  0  2673135  2415  0  0  0  2806  76533  0  56322235071  3121  0  2636021  2636021  0  0  84973  2279  0  317392  2036  84973  0  76533  2415  84220  64488  853001482  4  41819  41592  41592  0.0903433608853  
1437179121  0  2713151  2451  0  0  0  2886  78336  0  57174277053  3121  0  2676148  2676148  0  0  84973  2279  0  317498  2113  84973  0  78336  2451  85206  65425  852041982  36  40016  40127  40127  0.0903377659408  
1437179131  0  2754439  2500  0  0  0  2720  72801  0  58074469553  3121  0  2717396  2717396  0  0  84973  2279  0  317516  1974  84973  0  72801  2500  86439  66597  900192500  49  41288  41248  41248  0.0907625835969  
1437179141  0  2808389  2570  0  0  0  2950  80175  0  59229492715  3121  0  2771759  2771759  0  0  84973  2279  0  317516  2168  84973  0  80175  2570  87680  67773  1155023162  70  53950  54363  54363  0.0915115391778  
1437179151  0  2859453  2607  0  0  0  2840  78415  0  60336663655  3121  0  2822647  2822647  0  0  84973  2279  0  318050  2125  84973  0  78415  2607  89090  69105  1107170940  37  51064  50888  50888  0.0911712834588  
1437179161  0  2913704  2642  0  0  0  2820  76713  0  61480221656  3121  0  2877110  2877110  0  0  84973  2279  0  318098  2023  84973  0  76713  2642  90592  70532  1143558001  35  54251  54463  54463  0.0906749621787  
1437179171  0  2962049  2647  0  0  0  2629  71137  0  62522323797  3130  0  2925639  2925639  0  0  85426  2279  0  318098  1915  85426  0  71137  2647  91991  71862  1042102141  5  48345  48529  48529  0.0893638153859  
1437179181  0  3002106  2702  0  0  0  2713  73329  0  63342201502  3130  0  2965535  2965535  0  0  85426  2279  0  318552  1986  85426  0  73329  2702  92982  72802  819877705  55  40057  39896  39896  0.0900034842207  
1437179191  0  3039631  2738  0  0  0  2804  74711  0  64144385972  3145  0  3003010  3003010  0  0  85426  2282  0  318659  2025  85426  0  74711  2738  93940  73708  802184470  36  37525  37475  37475  0.0900767231286  
1437179201  0  3092733  2771  0  0  0  2966  80450  0  65282147758  3145  0  3056328  3056328  0  0  85426  2282  0  318665  2180  85426  0  80450  2771  95184  74892  1137761786  33  53102  53318  53318  0.0895971297878  
1437179211  0  3143665  2798  0  0  0  2559  69699  0  66431272642  3145  0  3107538  3107538  0  0  85426  2282  0  318665  1901  85426  0  69699  2798  96857  76472  1149124884  27  50932  51210  51210  0.0890043945522  
1437179221  0  3206686  2863  0  0  0  2804  76420  0  67788375674  3145  0  3170399  3170399  0  0  85426  2282  0  319241  2047  85426  0  76420  2863  98356  77896  1357103032  65  63021  62861  62861  0.0892822059909  
1437179231  0  3249544  2866  0  0  0  3010  82737  0  68715817189  3145  0  3213456  3213456  0  0  85890  2282  0  319259  2167  85890  0  82737  2866  99330  78827  927441515  3  42858  43057  43057  0.0881969901008  
1437179241  0  3287677  2869  0  0  0  3049  84085  0  69495896517  3145  0  3251637  3251637  0  0  86004  2282  0  319259  2227  86004  0  84085  2869  100289  79735  780079328  3  38133  38181  38181  0.0872652635889  
1437179251  0  3324915  2888  0  0  0  3050  83336  0  70268735801  3145  0  3288727  3288727  0  0  86004  2282  0  319674  2226  86004  0  83336  2888  101274  80664  772839284  19  37238  37090  37090  0.0868593633221  
1437179261  0  3369447  2933  0  0  0  2720  74125  0  71264831375  3145  0  3333380  3333380  0  0  86004  2282  0  319816  2000  86004  0  74125  2933  102678  82000  996095574  45  44532  44653  44653  0.0870469249108  
1437179271  0  3426693  2958  0  0  0  2816  76001  0  72522671098  3145  0  3390858  3390858  0  0  86004  2282  0  319816  2074  86004  0  76001  2958  104166  83408  1257839723  25  57246  57478  57478  0.0863222938267  
1437179281  0  3489842  3040  0  0  0  2808  75654  0  73918326155  3145  0  3454335  3454335  0  0  86004  2284  0  319863  2042  86004  0  75654  3040  105879  85030  1395655057  82  63149  63477  63477  0.0871099608521  
1437179291  0  3537287  3053  0  0  0  2839  77309  0  74942259619  3145  0  3501377  3501377  0  0  86004  2284  0  320444  2032  86004  0  77309  3053  107095  86191  1023933464  13  47445  47042  47042  0.0863090837696  
1437179301  0  3576346  3056  0  0  0  2910  79214  0  75772006066  3145  0  3540634  3540634  0  0  86428  2284  0  320504  2115  86428  0  79214  3056  108048  87093  829746447  3  39059  39257  39257  0.0854503451288  
1437179311  0  3615531  3085  0  0  0  3001  80899  0  76603649637  3160  0  3580023  3580023  0  0  86428  2294  0  320504  2184  86428  0  80899  3085  109033  88028  831643571  29  39185  39389  39389  0.0853263324253  
1437179321  0  3662415  3085  0  0  0  2768  74165  0  77594895346  3207  0  3626752  3626752  0  0  86428  2349  0  320975  2029  86428  0  74165  3085  110444  89367  991245709  0  46884  46729  46729  0.0842340368309  
1437179331  0  3719486  3124  0  0  0  2802  76740  0  78823401944  3207  0  3683991  3683991  0  0  86428  2349  0  321065  2045  86428  0  76740  3124  111917  90754  1228506598  39  57071  57239  57239  0.0839900997073  
1437179341  0  3776622  3193  0  0  0  2963  80266  0  80055982673  3207  0  3741386  3741386  0  0  86428  2349  0  321110  2182  86428  0  80266  3193  113331  92098  1232580729  69  57136  57395  57395  0.084546454477  
1437179351  0  3827550  3213  0  0  0  3125  85269  0  81167948069  3241  0  3792675  3792675  0  0  88217  2349  0  321125  2236  88217  0  85269  3213  114586  93296  1111965396  20  50928  51289  51289  0.0839440373085  
1437179361  0  3866698  3228  0  0  0  3171  86735  0  81993114627  3241  0  3831166  3831166  0  0  88223  2349  0  321767  2300  88223  0  86735  3228  115547  94210  825166558  15  39148  38491  38491  0.083482082128  
1437179371  0  3904997  3321  0  0  0  2884  78087  0  82796095425  3247  0  3869766  3869766  0  0  88223  2372  0  321860  2119  88223  0  78087  3321  116773  95364  802980798  93  38299  38600  38600  0.085044879676  
1437179381  0  3952446  3321  0  0  0  2634  71012  0  83837925916  3247  0  3917289  3917289  0  0  88223  2380  0  321892  1913  88223  0  71012  3321  118212  96736  1041830491  0  47449  47523  47523  0.0840239183533  
1437179391  0  4007214  3321  0  0  0  2908  79471  0  84997266533  3247  0  3971877  3971877  0  0  88223  2380  0  322364  2154  88223  0  79471  3321  119429  97890  1159340617  0  54768  54588  54588  0.0828755339745  
1437179401  0  4059902  3366  0  0  0  3108  85194  0  86119075285  3247  0  4024827  4024827  0  0  88223  2380  0  322475  2304  88223  0  85194  3366  120699  99082  1121808752  45  52688  52950  52950  0.0829084051783  
1437179411  0  4111713  3431  0  0  0  3111  84267  0  87276412094  3310  0  4076841  4076841  0  0  89140  2416  0  322489  2235  89140  0  84267  3431  122134  100452  1157336809  65  51811  52014  52014  0.083444540025  
1437179421  0  4151766  3511  0  0  0  2856  77289  0  88153773879  3310  0  4117119  4117119  0  0  89315  2416  0  322490  2054  89315  0  77289  3511  123339  101599  877361785  80  40053  40278  40278  0.0845664230595  
1437179431  0  4196573  3532  0  0  0  3150  84686  0  89075340369  3310  0  4161574  4161574  0  0  89315  2416  0  323049  2290  89315  0  84686  3532  124323  102529  921566490  21  44807  44455  44455  0.0841639118395  
1437179441  0  4234283  3557  0  0  0  3198  86674  0  89876077047  3315  0  4199489  4199489  0  0  89315  2416  0  323142  2313  89315  0  86674  3557  125278  103433  800736678  25  37710  37915  37915  0.084004777196  
1437179451  0  4285050  3576  0  0  0  2705  72915  0  90997581471  3315  0  4250458  4250458  0  0  89315  2416  0  323142  1981  89315  0  72915  3576  126976  105046  1121504424  19  50767  50969  50969  0.083452935205  
1437179461  0  4338241  3653  0  0  0  2889  78926  0  92116469232  3315  0  4303278  4303278  0  0  89315  2416  0  323640  2131  89315  0  78926  3653  128251  106246  1118887761  77  53191  52820  52820  0.0842046350122  
1437179471  0  4396215  3692  0  0  0  2719  73372  0  93418169110  3315  0  4361581  4361581  0  0  89315  2416  0  323731  1953  89315  0  73372  3692  129948  107862  1301699878  39  57974  58303  58303  0.0839813339429  
1437179481  0  4444382  3705  0  0  0  3183  87117  0  94445308869  3315  0  4409937  4409937  0  0  89999  2416  0  323761  2276  89999  0  87117  3705  130862  108732  1027139759  13  48167  48356  48356  0.0833636712596  
1437179491  0  4481476  3783  0  0  0  3086  84155  0  95237613146  3315  0  4447105  4447105  0  0  89999  2416  0  323774  2232  89999  0  84155  3783  131898  109717  792304277  78  37094  37168  37168  0.0844141528371  
1437179501  0  4520505  3785  0  0  0  2870  77428  0  96058134760  3315  0  4485886  4485886  0  0  90014  2416  0  324288  2084  90014  0  77428  3785  133086  110838  820521614  2  39029  38781  38781  0.0837295833098  
1437179511  0  4564855  3834  0  0  0  3100  84316  0  96995641633  3315  0  4530493  4530493  0  0  90014  2416  0  324367  2246  90014  0  84316  3834  134083  111785  937506873  49  44350  44607  44607  0.0839895243113  
1437179521  0  4620097  3896  0  0  0  2757  75747  0  98228943007  3315  0  4585909  4585909  0  0  90014  2416  0  324367  2023  90014  0  75747  3896  135804  113415  1233301374  62  55242  55416  55416  0.0843272338221  
1437179531  0  4680863  3919  0  0  0  2973  80695  0  99523554528  3315  0  4646479  4646479  0  0  90014  2416  0  324920  2160  90014  0  80695  3919  137270  114807  1294611521  23  60766  60570  60570  0.0837238774132  
1437179541  0  4732836  3953  0  0  0  2951  80254  0  100658679740  3334  0  4698598  4698598  0  0  91341  2416  0  325023  2113  91341  0  80254  3953  138671  116142  1135125212  34  51973  52119  52119  0.0835228602893  
1437179551  0  4771424  3976  0  0  0  2905  78707  0  101502772368  3334  0  4737315  4737315  0  0  91341  2416  0  325036  2080  91341  0  78707  3976  139711  117129  844092628  23  38588  38717  38717  0.0833294211539  
1437179561  0  4810691  4035  0  0  0  3114  83495  0  102331303919  3340  0  4776783  4776783  0  0  91341  2420  0  325067  2243  91341  0  83495  4035  140639  118004  828531551  59  39267  39468  39468  0.0838756843871  
1437179571  0  4852973  4035  0  0  0  2878  76920  0  103237284477  3340  0  4818798  4818798  0  0  91341  2427  0  325622  2097  91341  0  76920  4035  141901  119206  905980558  0  42282  42015  42015  0.0831449093164  
1437179581  0  4907539  4082  0  0  0  3131  86133  0  104383900029  3340  0  4873697  4873697  0  0  91341  2427  0  325657  2292  91341  0  86133  4082  143110  120344  1146615552  47  54566  54899  54899  0.0831781469286  
1437179591  0  4972646  4137  0  0  0  3236  87662  0  105768446866  3340  0  4939156  4939156  0  0  91341  2427  0  325670  2355  91341  0  87662  4137  144818  121962  1384546837  55  65107  65459  65459  0.0831951439938  
1437179601  0  5024620  4196  0  0  0  2817  77006  0  106932684281  3340  0  4990817  4990817  0  0  91341  2427  0  326251  1998  91341  0  77006  4196  146501  123567  1164237415  59  51974  51661  51661  0.0835088026557  
1437179611  0  5063754  4219  0  0  0  2771  75582  0  107783265238  3340  0  5029837  5029837  0  0  92231  2427  0  326359  2018  92231  0  75582  4219  147542  124551  850580957  23  39134  39020  39020  0.0833176335185  
1437179621  0  5103479  4224  0  0  0  2984  80832  0  108612796845  3340  0  5069814  5069814  0  0  92231  2427  0  326359  2162  92231  0  80832  4224  148456  125416  829531607  5  39725  39977  39977  0.0827670692874  
1437179631  0  5145956  4244  0  0  0  3095  84030  0  109510057857  3340  0  5112625  5112625  0  0  92231  2427  0  326417  2242  92231  0  84030  4244  149496  126404  897261012  20  42477  42811  42811  0.0824725279423  
1437179641  0  5198291  4268  0  0  0  2968  81121  0  110624409676  3340  0  5164716  5164716  0  0  92231  2427  0  326924  2173  92231  0  81121  4268  150949  127787  1114351819  24  52335  52091  52091  0.0821039068417  
1437179651  0  5259501  4315  0  0  0  2894  78694  0  111937414607  3340  0  5226060  5226060  0  0  92231  2427  0  326982  2129  92231  0  78694  4315  152643  129385  1313004931  47  61210  61344  61344  0.0820420036045  
1437179661  0  5311037  4361  0  0  0  3093  84133  0  113054110212  3355  0  5277944  5277944  0  0  92231  2427  0  326984  2207  92231  0  84133  4361  153893  130580  1116695605  46  51536  51884  51884  0.0821120244502  
1437179672  0  5351835  4395  0  0  0  3176  88033  0  113914511402  3394  0  5318244  5318244  0  0  92988  2439  0  327508  2304  92988  0  88033  4395  154851  131484  860401190  34  40798  40300  40300  0.0821213658493  
1437179682  0  5391025  4409  0  0  0  3280  88834  0  114739372864  3469  0  5357612  5357612  0  0  95000  2537  0  327654  2416  95000  0  88834  4409  155816  132401  824861462  14  39190  39368  39368  0.081784076312  
1437179692  0  5428494  4409  0  0  0  3409  93049  0  115547097970  3578  0  5395132  5395132  0  0  97325  2601  0  327682  2455  97325  0  93049  4409  156738  133275  807725106  0  37469  37520  37520  0.0812195795003  
1437179702  0  5488950  4463  0  0  0  3234  89674  0  116875552021  3636  0  5456159  5456159  0  0  99490  2621  0  327714  2359  99490  0  89674  4463  158420  134875  1328454051  54  60456  61027  61027  0.0813088113391  
1437179712  0  5542168  4492  0  0  0  3370  92839  0  118001484341  3636  0  5508944  5508944  0  0  99490  2621  0  328261  2473  99490  0  92839  4492  159752  136131  1125932320  29  53218  52785  52785  0.0810513142149  
1437179722  0  5596836  4547  0  0  0  3360  92391  0  119228502637  3636  0  5563969  5563969  0  0  99490  2621  0  328321  2433  99490  0  92391  4547  161223  137528  1227018296  55  54668  55025  55025  0.0812423304882  
1437179732  0  5642158  4625  0  0  0  3365  93695  0  120210861169  3636  0  5609483  5609483  0  0  99490  2621  0  328321  2415  99490  0  93695  4625  162422  138667  982358532  78  45322  45514  45514  0.081972181566  
1437179742  0  5681194  4630  0  0  0  3421  94268  0  121034750865  3636  0  5648121  5648121  0  0  100108  2621  0  328792  2481  100108  0  94268  4630  163405  139596  823889696  5  39036  38638  38638  0.0814969529293  
1437179752  0  5724245  4666  0  0  0  3188  86862  0  121983045776  3636  0  5691337  5691337  0  0  100108  2621  0  328932  2329  100108  0  86862  4666  164699  140824  948294911  36  43051  43216  43216  0.0815129331466  
1437179762  0  5770827  4704  0  0  0  3564  96943  0  122953973751  3636  0  5738140  5738140  0  0  100108  2621  0  328932  2600  100108  0  96943  4704  165682  141762  970927975  38  46582  46803  46803  0.0815134468595  
1437179772  0  5829914  4747  0  0  0  3364  91899  0  124252588282  3636  0  5797545  5797545  0  0  100108  2645  0  328961  2476  100108  0  91899  4747  167382  143368  1298614531  43  59087  59405  59405  0.0814248717906  
1437179782  0  5888777  4796  0  0  0  3131  83932  0  125522469067  3636  0  5856108  5856108  0  0  100108  2655  0  329578  2284  100108  0  83932  4796  169179  145064  1269880785  49  58863  58563  58563  0.081443056852  
1437179792  0  5934774  4853  0  0  0  3387  93196  0  126518311433  3636  0  5902138  5902138  0  0  100108  2655  0  329578  2420  100108  0  93196  4853  170178  146022  995842366  57  45997  46030  46030  0.0817722797869  
1437179802  0  5971740  4900  0  0  0  3383  92504  0  127302709876  3636  0  5939274  5939274  0  0  100465  2655  0  329623  2442  100465  0  92504  4900  171137  146934  784398443  47  36966  37136  37136  0.0820531369417  
1437179812  0  6015546  4925  0  0  0  3318  89985  0  128222148395  3636  0  5982916  5982916  0  0  100465  2655  0  330072  2408  100465  0  89985  4925  172352  148085  919438519  25  43806  43642  43642  0.0818712050411  
1437179822  0  6062262  4980  0  0  0  3233  87947  0  129235979165  3650  0  6029833  6029833  0  0  100465  2655  0  330191  2354  100465  0  87947  4980  173628  149300  1013830770  55  46716  46917  46917  0.0821475548236  
1437179832  0  6115612  5082  0  0  0  3161  86765  0  130400550268  3650  0  6083244  6083244  0  0  100465  2655  0  330223  2316  100465  0  86765  5082  175099  150688  1164571103  102  53350  53411  53411  0.0830987969806  
1437179842  0  6179224  5119  0  0  0  3386  92394  0  131789098702  3650  0  6147210  6147210  0  0  100465  2655  0  330238  2454  100465  0  92394  5119  176638  152146  1388548434  37  63612  63966  63966  0.0828421173921  
1437179852  0  6224396  5159  0  0  0  3645  100625  0  132746646755  3650  0  6192045  6192045  0  0  100672  2655  0  330834  2617  100672  0  100625  5159  177621  153079  957548053  40  45172  44835  44835  0.0828835440419  
1437179862  0  6264812  5168  0  0  0  3141  85423  0  133575762281  3697  0  6232652  6232652  0  0  102142  2665  0  330904  2266  102142  0  85423  5168  179074  154466  829115526  9  40416  40607  40607  0.0824924993759  
1437179872  0  6303660  5201  0  0  0  3205  87397  0  134411824878  3697  0  6271594  6271594  0  0  102142  2677  0  330919  2327  102142  0  87397  5201  180052  155388  836062597  33  38848  38942  38942  0.0825076225558  
1437179882  0  6349503  5220  0  0  0  3416  94291  0  135385439448  3697  0  6317217  6317217  0  0  102142  2677  0  331391  2494  102142  0  94291  5220  181072  156358  973614570  19  45843  45623  45623  0.0822111588891  
1437179892  0  6406263  5292  0  0  0  3421  94039  0  136601999517  3697  0  6374237  6374237  0  0  102142  2677  0  331457  2522  102142  0  94039  5292  182561  157769  1216560069  72  56760  57020  57020  0.0826066616372  
1437179902  0  6464720  5307  0  0  0  3308  89094  0  137899001365  3697  0  6433066  6433066  0  0  102142  2686  0  331500  2429  102142  0  89094  5307  184276  159385  1297001848  15  58457  58829  58829  0.0820917224567  
1437179912  0  6515475  5377  0  0  0  3376  91932  0  139013718059  3697  0  6484093  6484093  0  0  102142  2690  0  331502  2420  102142  0  91932  5377  185584  160633  1114716694  70  50755  51027  51027  0.0825266001328  
1437179922  0  6554684  5399  0  0  0  3373  92627  0  139830845127  3717  0  6522728  6522728  0  0  102142  2690  0  332163  2445  102142  0  92627  5399  186561  161564  817127068  22  39209  38635  38635  0.0823685779513  
1437179932  0  6594869  5404  0  0  0  3448  95282  0  140666251859  3717  0  6563077  6563077  0  0  102142  2690  0  332202  2508  102142  0  95282  5404  187552  162498  835406732  5  40185  40349  40349  0.0819424919585  
1437179942  0  6640421  5432  0  0  0  3110  84694  0  141657774917  3717  0  6608603  6608603  0  0  102142  2690  0  332248  2257  102142  0  84694  5432  189023  163897  991523058  28  45552  45526  45526  0.0818020423705  
1437179952  0  6695224  5476  0  0  0  3393  93105  0  142820294197  3717  0  6663471  6663471  0  0  102142  2690  0  332726  2487  102142  0  93105  5476  190231  165048  1162519280  44  54803  54868  54868  0.0817896458729  
1437179962  0  6747968  5518  0  0  0  3522  97359  0  143978201118  3717  0  6716385  6716385  0  0  102142  2690  0  332798  2627  102142  0  97359  5518  191561  166301  1157906921  42  52744  52914  52914  0.081772764779  
1437179972  0  6800221  5581  0  0  0  3421  94665  0  145114667539  3717  0  6768833  6768833  0  0  102142  2690  0  332830  2462  102142  0  94665  5581  193034  167701  1136466421  63  52253  52448  52448  0.0820708621087  
1437179982  0  6841753  5595  0  0  0  3266  90143  0  145999985801  3717  0  6810147  6810147  0  0  102168  2690  0  333325  2347  102168  0  90143  5595  194227  168835  885318262  14  41532  41314  41314  0.0817772871953  
1437179992  0  6885500  5614  0  0  0  3539  96206  0  146931002677  3733  0  6854032  6854032  0  0  102960  2705  0  333439  2571  102960  0  96206  5614  195212  169777  931016876  19  43747  43885  43885  0.0815336576864  
1437180002  0  6922379  5664  0  0  0  3570  96838  0  147729935990  3801  0  6891126  6891126  0  0  104174  2763  0  333486  2573  104174  0  96838  5664  196186  170693  798933313  50  36879  37094  37094  0.0818215818579  
1437180012  0  6972166  5705  0  0  0  3549  96556  0  148799539679  3810  0  6940877  6940877  0  0  104174  2774  0  333885  2583  104174  0  96556  5705  197488  171932  1069603689  41  49787  49751  49751  0.0818253610141  
1437180022  0  7027663  5746  0  0  0  3487  97066  0  150032374557  3810  0  6996281  6996281  0  0  104174  2774  0  333976  2550  104174  0  97066  5746  198966  173330  1232834878  41  55497  55404  55404  0.0817626001702  
1437180032  0  7085829  5782  0  0  0  3567  97849  0  151303001989  3810  0  7054965  7054965  0  0  104174  2774  0  333977  2599  104174  0  97849  5782  200491  174767  1270627432  36  58166  58684  58684  0.0815994853954  
1437180042  0  7134948  5796  0  0  0  3380  93539  0  152374671241  3812  0  7104269  7104269  0  0  105678  2774  0  334010  2413  105678  0  93539  5796  201948  176165  1071669252  14  49119  49304  49304  0.0812339487267  
1437180052  0  7171354  5801  0  0  0  3311  90160  0  153150990804  3812  0  7140155  7140155  0  0  105678  2774  0  334623  2412  105678  0  90160  5801  202940  177105  776319563  5  36406  35886  35886  0.0808912793874  
1437180062  0  7210824  5841  0  0  0  3407  91861  0  153993757618  3818  0  7179692  7179692  0  0  105678  2774  0  334695  2465  105678  0  91861  5841  203939  178051  842766814  40  39470  39537  39537  0.0810032251515  
1437180072  0  7256333  5867  0  0  0  3668  100327  0  154959779569  3818  0  7225526  7225526  0  0  105678  2774  0  334727  2676  105678  0  100327  5867  204922  178984  966021951  26  45509  45834  45834  0.0808535109952  
1437180082  0  7310783  5872  0  0  0  3447  94210  0  156133751471  3818  0  7279696  7279696  0  0  105678  2774  0  335168  2525  105678  0  94210  5872  206523  180497  1173971902  5  54450  54170  54170  0.0803197140443  
1437180092  0  7377277  5907  0  0  0  3569  98230  0  157529832016  3818  0  7346466  7346466  0  0  105678  2774  0  335273  2606  105678  0  98230  5907  208194  182078  1396080545  35  66494  66770  66770  0.0800701939211  
1437180102  0  7423511  5920  0  0  0  3485  96246  0  158554885413  3818  0  7393003  7393003  0  0  105678  2774  0  335285  2512  105678  0  96246  5920  209501  183324  1025053397  13  46234  46537  46537  0.0797466320182  
1437180112  0  7460788  5977  0  0  0  3452  94675  0  159348504495  3829  0  7430357  7430357  0  0  106064  2774  0  335298  2487  106064  0  94675  5977  210516  184289  793619082  57  37277  37354  37354  0.0801121811798  
1437180122  0  7500556  5998  0  0  0  3506  95994  0  160209839530  3829  0  7469883  7469883  0  0  106064  2774  0  335865  2538  106064  0  95994  5998  211519  185236  861335035  21  39768  39526  39526  0.079967405083  
1437180132  0  7542060  6028  0  0  0  3614  99808  0  161077368613  3829  0  7511497  7511497  0  0  106064  2774  0  335936  2637  106064  0  99808  6028  212509  186177  867529083  30  41504  41614  41614  0.079925113298  
1437180142  0  7603140  6042  0  0  0  3536  97771  0  162405794459  3829  0  7572781  7572781  0  0  106064  2774  0  335936  2599  106064  0  97771  6042  214173  187754  1328425846  14  61080  61284  61284  0.0794671675124  
1437180152  0  7660682  6096  0  0  0  3221  87789  0  163659315749  3829  0  7630096  7630096  0  0  106064  2774  0  336500  2375  106064  0  87789  6096  215960  189441  1253521290  54  57542  57315  57315  0.0795751605405  
1437180162  0  7713107  6128  0  0  0  3474  95327  0  164776236570  3829  0  7682780  7682780  0  0  106064  2774  0  336535  2497  106064  0  95327  6128  217186  190613  1116920821  32  52425  52684  52684  0.079449176577  
1437180172  0  7750309  6134  0  0  0  3437  95194  0  165573378412  3880  0  7720249  7720249  0  0  106720  2791  0  336548  2473  106720  0  95194  6134  218176  191558  797141842  6  37202  37469  37469  0.0791452314998  
1437180182  0  7789787  6183  0  0  0  3499  95602  0  166416416675  3880  0  7759958  7759958  0  0  106927  2791  0  336579  2537  106927  0  95602  6183  219188  192511  843038263  49  39478  39709  39709  0.0793731587269  
1437180192  0  7829370  6183  0  0  0  3524  96752  0  167246687482  3880  0  7799029  7799029  0  0  106927  2792  0  337120  2555  106927  0  96752  6183  220180  193451  830270807  0  39583  39071  39071  0.0789718713  
1437180202  0  7890663  6206  0  0  0  3367  92832  0  168584850998  3880  0  7860723  7860723  0  0  106927  2792  0  337168  2459  106927  0  92832  6206  221923  195110  1338163516  23  61293  61694  61694  0.0786499182642  
1437180212  0  7944384  6235  0  0  0  3553  98972  0  169730981179  3880  0  7914686  7914686  0  0  106927  2792  0  337168  2623  106927  0  98972  6235  223201  196316  1146130181  29  53721  53963  53963  0.0784831146128  
1437180222  0  7997371  6260  0  0  0  3670  101350  0  170875731409  3880  0  7967335  7967335  0  0  106927  2792  0  337811  2640  106927  0  101350  6260  224545  197589  1144750230  25  52987  52649  52649  0.0782757233596  
1437180232  0  8039817  6280  0  0  0  3851  107526  0  171777936004  3880  0  8009836  8009836  0  0  107526  2792  0  337876  2752  107526  0  107526  6280  225536  198536  902204595  20  42446  42501  42501  0.0781112306412  
1437180242  0  8079676  6403  0  0  0  3335  92174  0  172632898508  3880  0  8050005  8050005  0  0  107843  2792  0  337889  2415  107843  0  92174  6403  226953  199879  854962504  123  39859  40169  40169  0.0792482272804  
1437180252  0  8116672  6405  0  0  0  3339  91335  0  173392476979  3880  0  8087228  8087228  0  0  107843  2792  0  337951  2405  107843  0  91335  6405  227957  200831  759578471  2  36996  37223  37223  0.0789116524605  
1437180262  0  8172469  6426  0  0  0  3573  99234  0  174602008873  3880  0  8142718  8142718  0  0  107843  2792  0  338483  2616  107843  0  99234  6426  229200  202014  1209531894  21  55797  55490  55490  0.0786298485806  
1437180272  0  8228331  6461  0  0  0  3254  89284  0  175809306339  3880  0  8198630  8198630  0  0  107843  2792  0  338483  2381  107843  0  89284  6461  230962  203677  1207297466  35  55862  55912  55912  0.0785213915191  
1437180282  0  8283733  6509  0  0  0  3566  98093  0  177005380196  3880  0  8254385  8254385  0  0  107843  2808  0  338515  2585  107843  0  98093  6509  232218  204865  1196073857  48  55402  55755  55755  0.0785756856239  
1437180292  0  8330814  6568  0  0  0  3858  106701  0  178042870492  3892  0  8301069  8301069  0  0  107843  2808  0  339098  2779  107843  0  106701  6568  233230  205834  1037490296  59  47081  46684  46684  0.0788398348589  
1437180302  0  8369034  6600  0  0  0  3463  94422  0  178875313959  3900  0  8339510  8339510  0  0  107843  2832  0  339163  2505  107843  0  94422  6600  234557  207094  832443467  32  38220  38441  38441  0.0788621482479  
1437180312  0  8413328  6621  0  0  0  3667  100499  0  179820760100  3900  0  8383987  8383987  0  0  107843  2832  0  339193  2657  107843  0  100499  6621  235579  208057  945446141  21  44294  44477  44477  0.0786965633576  
1437180323  0  8458729  6637  0  0  0  3330  92122  0  180789244275  3900  0  8429495  8429495  0  0  107843  2832  0  339223  2430  107843  0  92122  6637  236975  209390  968484175  16  45401  45508  45508  0.078463324691  
1437180333  0  8515696  6693  0  0  0  3726  102556  0  182027024880  3900  0  8486363  8486363  0  0  107843  2832  0  339751  2739  107843  0  102556  6693  238221  210563  1237780605  56  56967  56868  56868  0.0785960419442  
1437180343  0  8576058  6737  0  0  0  3528  96031  0  183346639037  3963  0  8546920  8546920  0  0  107843  2918  0  339782  2557  107843  0  96031  6737  239997  212244  1319614157  44  60362  60557  60557  0.0785559052889  
