#type:T;
#time  gt  cn  Pt  Px  gx  cx  gn  gm  Pn  Pm  Ft  cm  pt  Fx  px  ct  pn  Fm  Fn  pm  dn  On  Om  dm  dx  Ox  dt  Ot  Gt  Cn  Cm  Gx  Cx  Gn  Gm  Ct  
1438637001  2196910  0  0  0  11578  0  2505  157  0  2147483647  31618  2147483647  0  2232  0  0  0  354  21  2147483647  0  47  242  2147483647  0  4340  0  99690  0  0  2147483647  0  0  0  2147483647  0  
1438637011  2196910  0  0  0  11578  0  2505  157  0  2147483647  31618  2147483647  0  2232  0  0  0  354  21  2147483647  0  47  242  2147483647  0  4340  0  99690  0  0  2147483647  0  0  0  2147483647  0  
1438637021  2364591  0  11734767  20702  11578  0  2619  157  3408  2565  47350  2147483647  0  2232  0  0  0  211  74  2147483647  0  2503  239  2147483647  0  22716  0  9484204  1700244  3593  856  32953  17814  185  2057  6537940  
1438637031  2364591  0  11734767  20702  11578  0  2619  157  3408  2565  47350  2147483647  0  2232  0  0  0  211  74  2147483647  0  5705  239  2147483647  0  22716  0  20417453  1700244  3593  856  32953  17814  185  2057  6537940  
1438637041  2364591  0  11734767  20702  11578  0  2619  157  3408  2565  47350  2147483647  0  2232  0  0  0  211  74  2147483647  0  8530  239  2147483647  0  22716  0  31009313  1700244  3593  856  32953  17814  185  2057  6537940  
1438637051  2601630  0  14684775  31977  11578  0  2825  157  3813  2565  6125747  2147483647  0  29615  0  0  0  205  6803  2147483647  0  8719  239  2147483647  0  74044  0  32095659  2927221  4133  856  32953  17814  320  2057  8205497  
1438637061  2601630  0  15002247  31977  11578  0  2825  157  3841  2565  27630527  2147483647  0  35289  0  0  0  205  38466  2147483647  0  9005  239  2147483647  0  74214  0  33977998  2927221  4161  856  32953  17814  320  2057  8316044  
1438637071  2601630  0  20194821  31977  11578  0  2825  157  4568  2537  62087069  2147483647  0  35289  0  0  0  205  74868  2147483647  0  10038  239  2147483647  0  74214  0  34973767  2927221  4888  856  32953  17814  320  2057  10585881  
1438637081  2649478  0  20687733  31977  11578  0  2875  157  4634  2537  102026329  2147483647  0  37439  0  0  0  205  120830  2147483647  0  11617  205  2147483647  0  74214  0  36432265  3112415  4973  856  32953  17814  339  2057  10851615  
1438637091  5496761  0  21262617  31977  11578  0  5661  157  4717  1854  131163811  2147483647  0  37439  0  0  0  205  168213  2147483647  0  13938  202  2147483647  0  74214  0  37515131  4835005  5270  653  47749  31147  553  2057  11776119  
1438637101  55987739  0  58293147  46966  31965  0  51518  157  8609  1854  172341955  2147483647  0  37439  0  0  0  205  210415  2147483647  0  16672  202  2147483647  0  74214  0  40805013  4897733  9169  653  47749  32674  560  2057  25457429  
1438637111  98515831  0  375734279  61210  31965  0  85832  157  43107  1854  172702505  2147483647  0  37439  0  0  0  205  210600  2147483647  0  17012  202  2147483647  0  74214  0  41385379  5413527  43719  653  47749  42630  612  2057  146851037  
1438637121  154559421  0  767206602  65417  107213  0  127850  157  85500  1854  172810851  2147483647  0  37439  0  0  0  205  210685  2147483647  0  17646  202  2147483647  0  162300  0  53090962  5554824  86126  653  47749  60807  626  2057  296228274  
1438637131  220653173  0  1196524523  65417  107213  0  176706  157  134310  1854  173581226  2147483647  0  37439  0  0  0  205  211211  2147483647  0  19382  202  2147483647  0  192432  0  101519197  6092736  134991  653  47749  60807  681  2057  466742183  
1438637141  263750499  0  1503362935  110887  107213  0  210936  157  168972  1854  173963908  2147483647  0  37439  0  0  0  205  211400  2147483647  0  20529  202  2147483647  0  194881  0  122388335  6483381  169681  653  47749  60807  709  2057  583926535  
1438637151  319186679  0  1900847466  110887  107213  0  252760  157  211147  1854  173975006  2147483647  0  37439  0  0  0  205  211402  2147483647  0  22228  202  2147483647  0  194881  0  128241639  6846668  211885  653  47749  60807  738  2057  729952393  
1438637161  390504578  0  2395807628  110887  124806  0  304584  157  262775  1854  174822651  2147483647  0  37439  0  0  0  205  212033  2147483647  0  24268  202  2147483647  0  194881  0  145373112  6870460  263514  653  47749  60807  739  2057  914477435  
1438637171  435481065  0  2714528021  110887  124806  0  337853  157  295894  1854  175192304  2147483647  0  37439  0  0  0  205  212180  2147483647  0  25539  202  2147483647  0  194881  0  153384269  7065171  296650  653  47749  60807  756  2057  1032281944  
1438637181  496911368  0  3161229727  110887  124806  0  383251  157  341917  1854  175304495  2147483647  0  37439  0  0  0  205  212242  2147483647  0  27223  202  2147483647  0  194881  0  158228599  7466753  342721  653  47749  60807  804  2057  1194716318  
1438637191  541961864  0  3485354835  110887  124806  0  417305  157  375693  1854  175903496  2147483647  0  37439  0  0  0  205  212709  2147483647  0  28707  202  2147483647  0  194881  0  164404795  7533763  376507  653  47749  60807  814  2057  1311182816  
1438637201  601772345  0  3919912779  110887  124806  0  461187  157  420009  1854  176397691  2147483647  0  37439  0  0  0  205  212923  2147483647  0  30601  202  2147483647  0  194881  0  168641612  7767829  420844  653  47749  60807  835  2057  1467981521  
1438637211  666916250  0  4395532114  110887  124806  0  509002  157  468112  1854  176508779  2147483647  0  37439  0  0  0  205  212969  2147483647  0  32607  202  2147483647  0  194881  0  173779492  7970911  468963  653  47749  60807  851  2057  1639401546  
1438637221  734184996  0  4873650531  110887  124806  0  556345  157  515831  1854  176508779  2147483647  0  37439  0  0  0  205  212969  2147483647  0  34606  202  2147483647  0  194881  0  178308366  8633969  516778  653  47749  60807  947  2057  1811766997  
1438637231  784805761  0  5238540964  110887  124806  0  593519  157  552520  1854  177428572  2147483647  0  37439  0  0  0  205  213657  2147483647  0  36086  202  2147483647  0  194881  0  182707231  8898724  553489  653  47749  60807  969  2057  1942555295  
1438637241  829429726  0  5575507309  110887  124806  0  627677  157  586771  1854  177671387  2147483647  0  37439  0  0  0  205  213773  2147483647  0  37300  202  2147483647  0  194881  0  185533876  9135200  587781  653  47749  60807  1010  2057  2062048986  
1438637251  888036757  0  6005509840  110887  124806  0  670304  157  629793  1854  177728710  2147483647  0  37439  0  0  0  205  213810  2147483647  0  39303  202  2147483647  0  194881  0  190407193  9302382  630822  653  47749  60807  1029  2057  2217216127  
1438637261  954650866  0  6490424694  110887  124806  0  720584  157  679870  1854  178406469  2147483647  0  37439  0  0  0  205  214379  2147483647  0  41333  202  2147483647  0  194881  0  195848975  9564176  680917  653  47749  60807  1048  2057  2393516892  
1438637271  1014956003  0  6926239274  110887  124806  0  763292  157  722864  1854  178890723  2147483647  0  37439  0  0  0  205  214592  2147483647  0  43038  202  2147483647  0  194881  0  200671094  9631631  723916  653  47749  105121  1053  2057  2549260146  
1438637281  1067487026  0  7318480002  110887  124806  0  802685  157  762527  1854  178978836  2147483647  0  37439  0  0  0  205  214640  2147483647  0  44756  202  2147483647  0  194881  0  203912742  9842525  763598  653  47749  105121  1072  2057  2688561005  
1438637291  1116320686  0  7701214652  110887  124806  0  841121  157  801202  1854  178978836  2147483647  0  37439  0  0  0  205  214640  2147483647  0  46515  202  2147483647  0  194881  0  207101248  10443020  802329  653  47749  105121  1128  2057  2825090211  
1438637301  1167407750  0  8067365963  110887  124806  0  878987  157  839065  1854  179953111  2147483647  0  37439  0  0  0  205  215301  2147483647  0  48232  202  2147483647  0  194881  0  212004397  10584431  840209  653  47749  105121  1145  2057  2957316242  
1438637311  1236468025  0  8570771730  110887  124806  0  929659  157  889906  1854  180266490  2147483647  0  37439  0  0  0  205  215444  2147483647  0  50203  202  2147483647  0  194881  0  217496143  10856795  891079  653  47749  105121  1174  2057  3138713231  
1438637321  1299815162  0  9030624545  110887  124806  0  975514  157  936174  1854  180273700  2147483647  0  37439  0  0  0  205  215446  2147483647  0  51774  202  2147483647  0  194881  0  221009575  11656688  937430  653  47749  105121  1257  2057  3303724354  
1438637331  1349819046  0  9406188882  110887  124806  0  1013558  157  973810  1854  181071771  2147483647  0  37439  0  0  0  205  216077  2147483647  0  53478  202  2147483647  0  194881  0  224561034  11693485  975068  653  47749  105121  1259  2057  3436803929  
1438637341  1408798320  0  9839209282  110887  124806  0  1056741  157  1017162  1854  181541814  2147483647  0  37439  0  0  0  205  216294  2147483647  0  55163  202  2147483647  0  194881  0  228590639  11830431  1018454  653  47749  105121  1293  2057  3592012521  
1438637351  1468719548  0  10276687439  110887  124806  0  1100288  157  1061126  1854  181621843  2147483647  0  37439  0  0  0  205  216330  2147483647  0  57181  202  2147483647  0  194881  0  233050787  11830431  1062418  653  47749  105121  1293  2057  3749615215  
1438637361  1519269714  0  10647093533  110887  124806  0  1136662  157  1097693  1854  181621843  2147483647  0  37439  0  0  0  205  216330  2147483647  0  58587  202  2147483647  0  194881  0  236399112  12090274  1099012  653  47749  105121  1320  2057  3882002535  
1438637371  1585945273  0  11124351918  110887  124806  0  1185823  157  1146468  1854  182530432  2147483647  0  37439  0  0  0  205  217004  2147483647  0  60632  202  2147483647  0  194881  0  240791741  12376745  1147811  653  47749  105121  1344  2057  4054001334  
1438637381  1633876255  0  11488023327  110887  124806  0  1223071  157  1184133  1854  182824574  2147483647  0  37439  0  0  0  205  217155  2147483647  0  62419  202  2147483647  0  194881  0  244656855  13087639  1185549  653  47749  105121  1417  2057  4182617975  
1438637391  1696802132  0  11941440836  110887  124806  0  1268175  157  1229625  1854  182916164  2147483647  0  37439  0  0  0  205  217207  2147483647  0  64428  202  2147483647  0  194881  0  249515917  13593839  1231090  653  47749  105121  1466  2057  4342721974  
1438637401  1759865026  0  12386295054  110887  124806  0  1314346  157  1275320  1854  183600604  2147483647  0  37439  0  0  0  205  217774  2147483647  0  65960  202  2147483647  0  194881  0  253271621  13593839  1276785  653  47749  105121  1466  2057  4501579946  
1438637411  1812212993  0  12759445085  110887  124806  0  1352974  157  1314217  1854  183948782  2147483647  0  37439  0  0  0  205  217938  2147483647  0  67665  202  2147483647  0  194881  0  257132692  14094760  1315737  653  47749  105121  1521  2057  4633878438  
1438637421  1867722082  0  13158663521  110887  124806  0  1394207  157  1355755  1854  183982491  2147483647  0  37439  0  0  0  205  217958  2147483647  0  69367  202  2147483647  0  194881  0  260339288  14200689  1357285  653  47749  105121  1531  2057  4775885749  
1438637431  1911522914  0  13491750358  110887  124806  0  1428272  157  1390059  1854  184014325  2147483647  0  37439  0  0  0  205  217975  2147483647  0  70813  202  2147483647  0  194881  0  262068141  14278732  1391593  653  47749  105121  1535  2057  4892207357  
1438637441  1976623097  0  13957907184  110887  124806  0  1475865  157  1437550  1854  184967201  2147483647  0  37439  0  0  0  205  218649  2147483647  0  72843  202  2147483647  0  194881  0  266488616  14513526  1439106  653  47749  105121  1557  2057  5057429009  
1438637452  2042688875  0  14434106150  110887  124806  0  1524271  157  1486175  1854  185193267  2147483647  0  37439  0  0  0  205  218743  2147483647  0  74902  202  2147483647  0  194881  0  271910767  14630179  1487742  653  47749  105121  1568  2057  5227319961  
1438637462  2097687152  0  14817499913  110887  124806  0  1563439  157  1525587  1854  185219616  2147483647  0  37439  0  0  0  205  218753  2147483647  0  76601  202  2147483647  0  194881  0  275284762  14801345  1527167  653  47749  105121  1581  2057  5363424086  
1438637472  2148571803  0  15181736672  110887  124806  0  1600959  157  1562711  1854  185863070  2147483647  0  37439  0  0  0  205  219393  2147483647  0  78237  202  2147483647  0  194881  0  278513178  15077107  1564318  653  47749  105121  1608  2057  5491580241  
1438637482  2193552838  0  15514773477  110887  124806  0  1635679  157  1597605  1854  186184900  2147483647  0  37439  0  0  0  205  219554  2147483647  0  79954  202  2147483647  0  194881  0  281352819  15505306  1599251  653  47749  105121  1647  2057  5608717174  
1438637492  2255662798  0  15960088806  110887  124806  0  1680916  157  1643298  1854  186343114  2147483647  0  37439  0  0  0  205  219645  2147483647  0  81671  202  2147483647  0  194881  0  285130863  15535593  1644945  653  47749  105121  1648  2057  5767988823  
1438637502  2323440079  0  16441925123  110887  124806  0  1729963  157  1692813  1854  186343114  2147483647  0  37439  0  0  0  205  219645  2147483647  0  84016  202  2147483647  0  194881  0  292189905  15535593  1694460  653  47749  105121  1648  2057  5939755135  
1438637512  2386837537  0  16880121742  110887  124806  0  1775469  157  1737741  1854  187385007  2147483647  0  37439  0  0  0  205  220413  2147483647  0  85732  202  2147483647  0  194881  0  301611294  15673247  1739400  653  47749  105121  1660  2057  6096056985  
1438637522  2429712027  0  17196222159  110887  124806  0  1807663  157  1769989  1854  187515544  2147483647  0  37439  0  0  0  205  220472  2147483647  0  87105  202  2147483647  0  194881  0  305186035  15792411  1771659  653  47749  105121  1671  2057  6206554621  
1438637532  2478065139  0  17559027667  110887  124806  0  1845310  157  1807963  1854  187582907  2147483647  0  37439  0  0  0  205  220515  2147483647  0  88752  202  2147483647  0  194881  0  312154522  16147983  1809665  653  47749  105121  1703  2057  6335068417  
1438637542  2531168653  0  17928470644  110887  124806  0  1882633  157  1845305  1854  188327885  2147483647  0  37439  0  0  0  205  221065  2147483647  0  90443  202  2147483647  0  194881  0  320673464  16917717  1847089  653  47749  105121  1785  2057  6467893373  
1438637552  2605731511  0  18453640024  110887  124806  0  1937570  157  1900357  1854  188806074  2147483647  0  37439  0  0  0  205  221259  2147483647  0  92760  202  2147483647  0  194881  0  337271674  16917717  1902141  653  47749  105121  1785  2057  6657111598  
1438637562  2673240331  0  18913233281  110887  135021  0  1985433  157  1948600  1854  188809949  2147483647  0  37439  0  0  0  205  221260  2147483647  0  94815  202  2147483647  0  194881  0  348720522  17305989  1950431  653  47749  105121  1832  2057  6822543534  
1438637572  2716477378  0  19226900611  110887  135021  0  2018304  157  1981086  1854  189471339  2147483647  0  37439  0  0  0  205  221775  2147483647  0  96116  202  2147483647  0  194881  0  360081985  17339082  1982919  653  47749  105121  1834  2057  6934542398  
1438637582  2770884895  0  19620790313  110887  135021  0  2060597  157  2023479  1854  189950223  2147483647  0  37439  0  0  0  205  222037  2147483647  0  97783  202  2147483647  0  194881  0  370272437  18125100  2025394  653  47749  105121  1916  2057  7076938102  
1438637592  2833371413  0  20056063871  110887  135021  0  2105308  157  2068825  1854  189979593  2147483647  0  37439  0  0  0  205  222050  2147483647  0  99789  202  2147483647  0  194881  0  387996960  18549847  2070781  653  47749  105121  1957  2057  7235645586  
1438637602  2889993889  0  20445488967  110887  135021  0  2146135  157  2109929  1854  190032728  2147483647  0  37439  0  0  0  205  222077  2147483647  0  101414  202  2147483647  0  194881  0  403912252  18549847  2111885  653  47749  105121  1957  2057  7377401334  
1438637612  2952367364  0  20872978619  110887  135021  0  2191601  157  2155024  1854  190971294  2147483647  0  37439  0  0  0  205  222880  2147483647  0  103472  202  2147483647  0  194881  0  420418776  18673445  2156993  653  47749  105121  1970  2057  7531703372  
1438637622  2994846103  0  21189371787  110887  135021  0  2224375  157  2187795  1854  191137433  2147483647  0  37439  0  0  0  205  222956  2147483647  0  104782  202  2147483647  0  194881  0  430066447  19031912  2189799  653  47749  105121  2005  2057  7643441802  
1438637632  3051879013  0  21605739542  110887  135021  0  2267309  157  2231195  1854  191207107  2147483647  0  37439  0  0  0  205  223002  2147483647  0  106461  202  2147483647  0  194881  0  438794810  19220489  2233216  653  47749  105121  2022  2057  7791288170  
1438637642  3115383069  0  22050364431  110887  135021  0  2313048  157  2276674  1854  191870857  2147483647  0  37439  0  0  0  205  223621  2147483647  0  108380  202  2147483647  0  194881  0  450753079  19220489  2278695  653  47749  105121  2022  2057  7951287621  
1438637652  3163639135  0  22381604064  110887  135021  0  2347326  157  2311090  1854  192216687  2147483647  0  37439  0  0  0  205  223757  2147483647  0  110031  202  2147483647  0  194881  0  469063404  19297337  2313118  653  47749  105121  2029  2057  8071991721  
1438637662  3234019589  0  22882234297  110887  135021  0  2398000  157  2362211  1854  192283829  2147483647  0  37439  0  0  0  205  223787  2147483647  0  112072  202  2147483647  0  194881  0  480111158  19448432  2364252  653  47749  105121  2042  2057  8249975357  
1438637672  3278251072  0  23219268960  110887  135021  0  2432292  157  2396560  1854  192350775  2147483647  0  37439  0  0  0  205  223829  2147483647  0  113346  202  2147483647  0  194881  0  483510581  19530379  2398606  653  47749  105121  2047  2057  8367190185  
1438637682  3339819126  0  23662389211  110887  135021  0  2478846  157  2443042  1854  192927333  2147483647  0  37439  0  0  0  205  224627  2147483647  0  115407  202  2147483647  0  194881  0  493125873  19851017  2445123  653  47749  105121  2082  2057  8525049426  
1438637692  3405701753  0  24128683976  110887  135021  0  2526242  157  2490870  1854  193067288  2147483647  0  37439  0  0  0  205  224695  2147483647  0  117318  202  2147483647  0  194881  0  506187990  20171124  2492994  653  47749  105121  2125  2057  8692214444  
1438637702  3455580647  0  24481596230  110887  135021  0  2562728  157  2527413  1854  193102875  2147483647  0  37439  0  0  0  205  224724  2147483647  0  119009  202  2147483647  0  194881  0  511818369  20210540  2529539  653  47749  105121  2127  2057  8817901154  
1438637712  3510409659  0  24871398495  110887  135021  0  2603303  157  2567766  1854  193982283  2147483647  0  37439  0  0  0  205  225398  2147483647  0  120691  202  2147483647  0  194881  0  521176640  20425308  2569911  653  47749  105121  2146  2057  8956568869  
1438637722  3552041443  0  25185429179  110887  135021  0  2636522  157  2601030  1854  194194024  2147483647  0  37439  0  0  0  205  225499  2147483647  0  121980  202  2147483647  0  194881  0  524510666  21035233  2603231  653  47749  105121  2202  2057  9066299651  
1438637732  3610941502  0  25619040090  110887  135021  0  2681039  157  2646041  1854  194285998  2147483647  0  37439  0  0  0  205  225567  2147483647  0  124025  202  2147483647  0  194881  0  529913591  21228113  2648260  653  47749  105121  2220  2057  9219170392  
1438637742  3676137950  0  26084251869  110887  135021  0  2728683  157  2693681  1854  195096306  2147483647  0  37439  0  0  0  205  226173  2147483647  0  125952  202  2147483647  0  194881  0  539146831  21398302  2695919  653  47749  105121  2239  2057  9384964330  
1438637752  3731639400  0  26475043969  110887  135021  0  2767574  157  2732580  1854  195540196  2147483647  0  37439  0  0  0  205  226378  2147483647  0  127671  202  2147483647  0  194881  0  547779373  21561424  2734832  653  47749  105121  2253  2057  9522763419  
1438637762  3784616826  0  26852072833  110887  135021  0  2804908  157  2770183  1854  195546736  2147483647  0  37439  0  0  0  205  226391  2147483647  0  128988  202  2147483647  0  217450  0  552290482  21734279  2772454  653  47749  105121  2272  2057  9655542846  
1438637772  3834508801  0  27231973594  110887  135021  0  2843439  157  2808937  1854  195553045  2147483647  0  37439  0  0  0  205  226392  2147483647  0  130661  202  2147483647  0  217450  0  556387771  21961581  2811230  653  47749  105121  2294  2057  9787682025  
1438637782  3893550060  0  27644299445  110887  135021  0  2886672  157  2851936  1854  196638930  2147483647  0  37439  0  0  0  205  227111  2147483647  0  132319  202  2147483647  0  217450  0  564941435  21988892  2854230  653  47749  105121  2295  2057  9934928945  
1438637792  3960859145  0  28132800014  110887  135021  0  2935921  157  2901540  1854  196822989  2147483647  0  37439  0  0  0  205  227185  2147483647  0  134645  202  2147483647  0  217450  0  572113692  22158282  2903881  653  47749  105121  2342  2057  10108248267  
1438637802  4014924631  0  28526082140  110887  135021  0  2975192  157  2941109  1854  196863923  2147483647  0  37439  0  0  0  205  227214  2147483647  0  135958  202  2147483647  0  217450  0  575920877  22368569  2943471  653  47749  105121  2363  2057  10246636135  
1438637812  4061362810  0  28857169339  110887  135021  0  3009034  157  2974521  1854  197661128  2147483647  0  37439  0  0  0  205  227855  2147483647  0  137606  202  2147483647  0  217450  0  578742512  22575340  2976900  653  47749  105121  2380  2057  10362298130  
1438637822  4111084858  0  29235960504  110887  135021  0  3047592  157  3013182  1854  198031977  2147483647  0  37439  0  0  0  205  228043  2147483647  0  138939  202  2147483647  0  217450  0  581868375  22967019  3015596  653  47749  105121  2415  2057  10493546362  
1438637832  4168409584  0  29651843629  110887  135021  0  3089236  157  3055171  1854  198158904  2147483647  0  37439  0  0  0  205  228121  2147483647  0  140927  202  2147483647  0  217450  0  586243210  22986177  3057586  653  47749  105121  2416  2057  10640102270  
1438637842  4234051517  0  30129115929  110887  135021  0  3136496  157  3102883  1854  198214641  2147483647  0  37439  0  0  0  205  228152  2147483647  0  142922  202  2147483647  0  217450  0  592762958  23407685  3105329  653  47749  105121  2450  2057  10808757335  
1438637852  4303196090  0  30603430590  110887  135021  0  3184616  157  3150464  1854  199153202  2147483647  0  37439  0  0  0  205  228887  2147483647  0  144944  202  2147483647  0  217450  0  600258341  23626951  3152931  653  47749  105121  2471  2057  10976228910  
1438637862  4344413938  0  30915009939  110887  135021  0  3215608  157  3181699  1854  199236199  2147483647  0  37439  0  0  0  205  228927  2147483647  0  146270  202  2147483647  0  217450  0  603226239  23716635  3184174  653  47749  105121  2479  2057  11084766595  
1438637872  4390511495  0  31261386661  110887  135021  0  3250532  157  3216794  1854  199306616  2147483647  0  37439  0  0  0  205  228986  2147483647  0  147597  202  2147483647  0  217450  0  605792570  23989698  3219290  653  47749  105121  2500  2057  11204863832  
1438637882  4444563121  0  31651766919  110887  135021  0  3290540  157  3256864  1854  200056240  2147483647  0  37439  0  0  0  205  229524  2147483647  0  149284  202  2147483647  0  217450  0  609618923  24308720  3259388  653  47749  105121  2528  2057  11343210426  
1438637892  4511103505  0  32135824543  110887  135021  0  3339951  157  3306540  1854  200520031  2147483647  0  37439  0  0  0  205  229750  2147483647  0  151268  202  2147483647  0  217450  0  613934411  24521134  3309083  653  47749  105121  2547  2057  11514418453  
1438637902  4577998345  0  32611431105  110887  135021  0  3387577  157  3354485  1854  200561495  2147483647  0  37439  0  0  0  205  229781  2147483647  0  153272  202  2147483647  0  217450  0  618572832  24782213  3357051  653  47749  105121  2570  2057  11681800814  
1438637912  4622535714  0  32939956195  110887  670111  0  3420326  157  3387424  1854  200587318  2147483647  0  37439  0  0  0  205  229794  2147483647  0  154648  202  2147483647  0  217450  0  621400018  24918799  3390002  653  47749  105121  2582  2057  11795929157  
1438637922  4673903708  0  33315043728  110887  670111  0  3459093  157  3425804  1854  201615988  2147483647  0  37439  0  0  0  205  230535  2147483647  0  156247  202  2147483647  0  217450  0  624798057  25485771  3428436  653  47749  105121  2636  2057  11927258030  
1438637932  4722849330  0  33671683986  110887  670111  0  3495867  157  3462868  1854  201888032  2147483647  0  37439  0  0  0  205  230664  2147483647  0  157587  202  2147483647  0  217450  0  628075591  25591093  3465511  653  47749  105121  2647  2057  12053998869  
1438637942  4792035885  0  34173700050  110887  670111  0  3546080  157  3513505  1854  201966101  2147483647  0  37439  0  0  0  205  230718  2147483647  0  159870  202  2147483647  0  217450  0  633174408  25783937  3516166  653  47749  105121  2665  2057  12231047784  
1438637952  4853348443  0  34600107206  110887  670111  0  3589932  157  3557158  1854  202789242  2147483647  0  37439  0  0  0  205  231406  2147483647  0  161578  202  2147483647  0  217450  0  636670700  26303318  3559870  653  47749  105121  2716  2057  12381440806  
1438637962  4903023499  0  34973286191  110887  670111  0  3627403  157  3594541  1854  203183331  2147483647  0  37439  0  0  0  205  231585  2147483647  0  163281  202  2147483647  0  217450  0  640235743  26422745  3597261  653  47749  105121  2724  2057  12511240195  
1438637972  4958947954  0  35391226640  110887  670111  0  3671050  157  3638577  1854  203343984  2147483647  0  37439  0  0  0  205  231678  2147483647  0  164943  202  2147483647  0  217450  0  644212501  26836922  3641335  653  47749  105121  2762  2057  12658854237  
1438637982  5016505595  0  35806616428  110887  670111  0  3713135  157  3681246  1854  203401286  2147483647  0  37439  0  0  0  205  231710  2147483647  0  166979  202  2147483647  0  217450  0  648546743  27032422  3684023  653  47749  105121  2781  2057  12806165575  
1438637992  5068639464  0  36178043222  110887  670111  0  3751304  157  3719023  1854  204227239  2147483647  0  37439  0  0  0  205  232433  2147483647  0  168621  202  2147483647  0  217450  0  652564764  27116277  3721806  653  47749  105121  2787  2057  12936871589  
1438638002  5133801693  0  36642281914  110887  670111  0  3797891  157  3765769  1854  204445916  2147483647  0  37439  0  0  0  205  232536  2147483647  0  170262  202  2147483647  0  217450  0  655462572  27153307  3768554  653  47749  105121  2789  2057  13100129037  
1438638012  5180257296  0  36996682554  110887  670111  0  3834621  157  3802693  1854  204501672  2147483647  0  37439  0  0  0  205  232564  2147483647  0  171945  202  2147483647  0  217450  0  658746805  27283460  3805489  653  47749  105121  2800  2057  13223720585  
1438638022  5237275447  0  37405550307  110887  670111  0  3877252  157  3845055  1854  205396046  2147483647  0  37439  0  0  0  205  233232  2147483647  0  173652  202  2147483647  0  217450  0  662901230  27686074  3847895  653  47749  105121  2844  2057  13367718266  
1438638032  5299773916  0  37866482713  110887  670111  0  3923201  157  3891193  1854  205769522  2147483647  0  37439  0  0  0  205  233389  2147483647  0  175652  202  2147483647  0  217450  0  667946529  27716097  3894035  653  47749  105121  2846  2057  13530905485  
1438638042  5345106066  0  38184514206  110887  670111  0  3954414  157  3922739  1854  205807530  2147483647  0  37439  0  0  0  205  233419  2147483647  0  176989  202  2147483647  0  217450  0  670638831  27899476  3925600  653  47749  105121  2865  2057  13642778989  
1438638052  5414500507  0  38679336557  110887  670111  0  4003598  157  3972273  1854  205816396  2147483647  0  37439  0  0  0  205  233421  2147483647  0  179067  202  2147483647  0  217450  0  674402411  27913337  3975136  653  47749  105121  2867  2057  13816107153  
1438638062  5457720226  0  39001147310  110887  670111  0  4037279  157  4005575  1854  206715935  2147483647  0  37439  0  0  0  205  234176  2147483647  0  180310  202  2147483647  0  217450  0  676751366  28196764  4008464  653  47749  105121  2893  2057  13928338930  
1438638072  5521862667  0  39468959547  110887  670111  0  4084324  157  4052963  1854  207035010  2147483647  0  37439  0  0  0  205  234335  2147483647  0  182317  202  2147483647  0  217450  0  681685516  28514130  4055882  653  47749  105121  2923  2057  14093147227  
1438638082  5584560887  0  39927598083  720533  670111  0  4130897  157  4099794  1854  207041070  2147483647  0  37439  0  0  0  205  234336  2147483647  0  184319  202  2147483647  0  217450  0  686568549  28547842  4102715  653  47749  715508  2925  2057  14256582548  
1438638092  5631872330  0  40262376045  720533  670111  0  4164927  157  4133615  1854  207605219  2147483647  0  37439  0  0  0  205  234987  2147483647  0  185701  202  2147483647  0  217450  0  689704091  28903843  4136573  653  47749  715508  2962  2057  14374222246  
1438638102  5691661115  0  40688901184  720533  670111  0  4207596  157  4176354  1854  207938086  2147483647  0  37439  0  0  0  205  235154  2147483647  0  187433  202  2147483647  0  217450  0  692777292  29199706  4179339  653  47749  715508  2989  2057  14523222648  
1438638113  5734832768  0  41016524029  720533  670111  0  4240772  157  4209613  1854  207949123  2147483647  0  37439  0  0  0  205  235167  2147483647  0  188776  202  2147483647  0  217450  0  695177882  29445784  4212615  653  47749  715508  3006  2057  14636380667  
1438638123  5800323522  0  41497965717  720533  670111  0  4290063  157  4259318  1854  208042468  2147483647  0  37439  0  0  0  205  235224  2147483647  0  191129  202  2147483647  0  217450  0  700504219  29500266  4262325  653  47749  715508  3011  2057  14805720471  
1438638133  5863152482  0  41954959131  720533  670111  0  4336595  157  4305760  1854  209158882  2147483647  0  37439  0  0  0  205  235953  2147483647  0  193088  202  2147483647  0  217450  0  705374385  30044688  4308822  653  47749  715508  3066  2057  14967546109  
1438638143  5916368485  0  42328233075  720533  670111  0  4374960  157  4344464  1854  209226842  2147483647  0  37439  0  0  0  205  235996  2147483647  0  194367  202  2147483647  0  217450  0  707831144  30200478  4347539  653  47749  715508  3079  2057  15099424834  
1438638153  5970297553  0  42714037941  720533  670111  0  4413433  157  4383198  1854  209269185  2147483647  0  37439  0  0  0  205  236017  2147483647  0  196098  202  2147483647  0  217450  0  711302933  30779589  4386330  653  47749  715508  3136  2057  15233982851  
1438638163  6013644629  0  43039590373  720533  670111  0  4446893  157  4416129  1854  210080222  2147483647  0  37439  0  0  0  205  236716  2147483647  0  197467  202  2147483647  0  217450  0  714414193  31409911  4419316  653  47749  715508  3191  2057  15346790881  
1438638173  6081514172  0  43529135213  720533  670111  0  4495574  157  4465090  1854  210565727  2147483647  0  37439  0  0  0  205  236949  2147483647  0  199512  202  2147483647  0  217450  0  719299810  31517015  4468299  653  47749  715508  3213  2057  15518692040  
1438638183  6150542364  0  44030062845  720533  670111  0  4545291  157  4515359  1854  210607159  2147483647  0  37439  0  0  0  205  236979  2147483647  0  201815  202  2147483647  0  217450  0  724919673  31517015  4518568  653  47749  715508  3213  2057  15695762235  
1438638193  6212272551  0  44461219008  720533  670111  0  4588666  157  4558615  1854  211399310  2147483647  0  37439  0  0  0  205  237588  2147483647  0  203522  202  2147483647  0  217450  0  727748415  31964757  4561869  653  47749  715508  3258  2057  15847899383  
1438638203  6257594618  0  44787967503  720533  670111  0  4621660  157  4591585  1854  211657385  2147483647  0  37439  0  0  0  205  237716  2147483647  0  204875  202  2147483647  0  217450  0  730543796  32030561  4594851  653  47749  715508  3270  2057  15961831604  
1438638213  6303805568  0  45132800636  720533  670111  0  4656475  157  4626552  1854  211657385  2147483647  0  37439  0  0  0  205  237716  2147483647  0  206448  202  2147483647  0  217450  0  734302150  32148747  4629826  653  47749  715508  3278  2057  16081567159  
1438638223  6368145933  0  45597651119  720533  670111  0  4702096  157  4672632  1854  211767173  2147483647  0  37439  0  0  0  205  237784  2147483647  0  208161  202  2147483647  0  217450  0  738493785  32917402  4675982  653  47749  715508  3354  2057  16245251377  
1438638233  6434227696  0  46064480169  720533  670111  0  4750577  157  4720932  1854  212841353  2147483647  0  37439  0  0  0  205  238551  2147483647  0  210154  202  2147483647  0  217450  0  743454014  32917402  4724282  653  47749  715508  3354  2057  16410832698  
1438638243  6501699023  0  46542059756  720533  670111  0  4798070  157  4768582  1854  212947449  2147483647  0  37439  0  0  0  205  238614  2147483647  0  212190  202  2147483647  0  217450  0  746978445  33042630  4771958  653  47749  715508  3380  2057  16579033527  
1438638253  6546354170  0  46869538929  720533  670111  0  4831842  157  4802572  1854  212967415  2147483647  0  37439  0  0  0  205  238624  2147483647  0  213880  202  2147483647  0  217450  0  750565420  33132871  4805953  653  47749  715508  3385  2057  16693326161  
1438638263  6599844652  0  47258563375  720533  670111  0  4871491  157  4841897  1854  213484513  2147483647  0  37439  0  0  0  205  239293  2147483647  0  215246  202  2147483647  0  217450  0  753629256  33618129  4845329  653  47749  715508  3436  2057  16829121306  
1438638273  6653621480  0  47641545413  720533  670111  0  4910707  157  4881297  1854  213917797  2147483647  0  37439  0  0  0  205  239479  2147483647  0  216915  202  2147483647  0  217450  0  756935296  33618129  4884729  653  47749  715508  3436  2057  16964568064  
1438638283  6718232589  0  48112003554  720533  670111  0  4957643  157  4928742  1854  213957769  2147483647  0  37439  0  0  0  205  239508  2147483647  0  218918  202  2147483647  0  217450  0  761944397  34489603  4932251  653  47749  715508  3517  2057  17130885502  
