#Type:X;CI:1;ww:0;ca:0;co:0;fr:0;Type:X;CI:1;PI:0;PT:EP;U0:0;U1:0;
#time  Pp  gt  gs  cn  cm  cb  Nc  Pc  cp  Tc  Nm  pr  ps  pt  px  pd  Pm  Om  fs  ft  Oc  Em  Gp  Ec  Ge  ot  os  Total_cycles_diff  Successful_get_diff  Total_get_diff  succ_put_diff  total_put_diff  get_hit  
1438587056  0  0  0  0  0  0  0  0  0  2452983  0  0  0  0  0  0  0  0  0  21  0  0  0  0  0  46  0  2452983  0  0  0  0  
1438587066  0  0  0  0  0  0  0  0  0  2452983  0  0  0  0  0  0  0  0  0  21  0  0  0  0  0  46  0  0  0  0  0  0  0 
1438587076  0  32064  0  0  0  0  775  32213  0  601598718  775  0  32213  32213  0  0  32213  273  0  65  273  32213  0  32213  0  46  0  599145735  0  32064  32213  32213  0.0  
1438587086  0  152339  14  0  0  0  2736  114380  0  3054010122  2736  0  152525  152525  0  0  114380  273  0  65  29  114380  0  114380  14  46  0  2452411404  14  120275  120312  120312  0.00919003013017  
1438587097  0  255483  60412  0  0  0  2705  108661  0  5862754753  2982  0  253669  253669  0  0  116345  273  0  65  5  116345  0  108661  60412  46  0  2808744631  60398  103144  101144  101144  23.6461917231  
1438587107  0  407858  161142  0  0  0  2831  106236  0  10067682432  2982  0  405691  405691  0  0  116345  273  0  73  178  116345  0  106236  161142  46  0  4204927679  100730  152375  152022  152022  39.5093390347  
1438587117  0  530814  240040  0  0  0  2723  104842  0  13524467416  2982  0  528802  528802  0  0  116345  273  0  73  2  116345  0  104842  240040  46  0  3456784984  78898  122956  123111  123111  45.2211132336  
1438587127  0  654280  320659  0  0  0  2820  104363  0  17009106864  2982  0  652328  652328  0  0  116345  273  0  73  37  116345  0  104363  320659  46  0  3484639448  80619  123466  123526  123526  49.0094454973  
1438587137  0  778680  401044  0  0  0  2795  102664  0  20449283926  2982  0  776659  776659  0  0  116345  273  0  73  3  116345  0  102664  401044  46  0  3440177062  80385  124400  124331  124331  51.5030564545  
1438587147  0  904892  483837  0  0  0  2742  101926  0  24053043688  2982  0  902668  902668  0  0  116345  273  0  73  4  116345  0  101926  483837  46  0  3603759762  82793  126212  126009  126009  53.4690327686  
1438587157  0  1020099  557469  0  0  0  2786  100530  0  27251010197  2982  0  1018051  1018051  0  0  116345  273  0  73  5  116345  0  100530  557469  46  0  3197966509  73632  115207  115383  115383  54.6485194084  
1438587167  0  1149610  636343  0  0  0  2715  98545  0  30826563835  2982  0  1147466  1147466  0  0  116345  273  0  73  5  116345  0  98545  636343  46  0  3575553638  78874  129511  129415  129415  55.3529457816  
1438587177  0  1271583  710100  0  0  0  2679  97945  0  34279202866  2982  0  1269488  1269488  0  0  116345  273  0  73  4  116345  0  97945  710100  46  0  3452639031  73757  121973  122022  122022  55.8437789747  
1438587187  0  1400536  792435  0  0  0  2709  97928  0  37963086195  2982  0  1398550  1398550  0  0  116345  273  0  73  5  116345  0  97928  792435  46  0  3683883329  82335  128953  129062  129062  56.5808376222  
1438587197  0  1518642  868186  0  0  0  2702  97798  0  41314403856  2982  0  1516645  1516645  0  0  116345  273  0  73  6  116345  0  97798  868186  46  0  3351317661  75751  118106  118095  118095  57.168575609  
1438587207  0  1636663  940466  0  0  0  2688  98469  0  44571069047  2982  0  1634682  1634682  0  0  116345  273  0  73  6  116345  0  98469  940466  46  0  3256665191  72280  118021  118037  118037  57.4624097936  
1438587217  0  1770463  1025846  0  0  0  2695  98358  0  48404126710  2982  0  1768305  1768305  0  0  116345  273  0  73  5  116345  0  98358  1025846  46  0  3833057663  85380  133800  133623  133623  57.9422444863  
1438587227  0  1902941  1109999  0  0  0  2699  97813  0  52212231150  2982  0  1900952  1900952  0  0  116345  273  0  73  5  116345  0  97813  1109999  46  0  3808104440  84153  132478  132647  132647  58.3307102007  
1438587237  0  2035871  1194603  0  0  0  2734  99485  0  55956798598  2982  0  2033834  2033834  0  0  116345  273  0  73  3  116345  0  99485  1194603  46  0  3744567448  84604  132930  132882  132882  58.6777354754  
1438587247  0  2166795  1279415  0  0  0  2744  98909  0  59601921663  2982  0  2164672  2164672  0  0  116345  273  0  73  6  116345  0  98909  1279415  46  0  3645123065  84812  130924  130838  130838  59.0464257117  
1438587257  0  2284880  1353307  0  0  0  2745  99071  0  62911774120  2982  0  2282794  2282794  0  0  116345  273  0  73  6  116345  0  99071  1353307  46  0  3309852457  73892  118085  118122  118122  59.2287997619  
1438587267  0  2407205  1431991  0  0  0  2685  98112  0  66297478392  2982  0  2405041  2405041  0  0  116345  273  0  73  6  116345  0  98112  1431991  46  0  3385704272  78684  122325  122247  122247  59.4877046201  
1438587277  0  2543482  1515470  0  0  0  2753  99203  0  70085467296  2982  0  2541418  2541418  0  0  116345  273  0  73  6  116345  0  99203  1515470  46  0  3787988904  83479  136277  136377  136377  59.5824936052  
1438587287  0  2662541  1589943  0  0  0  2740  98818  0  73432057407  2982  0  2660608  2660608  0  0  116345  273  0  73  5  116345  0  98818  1589943  46  0  3346590111  74473  119059  119190  119190  59.7152494553  
1438587297  0  2787395  1669085  0  0  0  2710  99040  0  76987995992  2982  0  2785289  2785288  0  0  116345  273  0  73  5  116345  0  99040  1669085  46  0  3555938585  79142  124854  124681  124680  59.8797443491  
1438587307  0  2914281  1749034  0  0  0  2740  98485  0  80586056298  2982  0  2912161  2912160  0  0  116345  273  0  73  6  116345  0  98485  1749034  46  0  3598060306  79949  126886  126872  126872  60.0159696337  
1438587317  0  3035602  1822925  0  0  0  2724  99295  0  84007228615  2982  0  3033577  3033576  0  0  116345  273  0  73  4  116345  0  99295  1822925  46  0  3421172317  73891  121321  121416  121416  60.0515153172  
1438587327  0  3153482  1896492  0  0  0  2730  99001  0  87412279865  2982  0  3151387  3151386  0  0  116345  273  0  73  5  116345  0  99001  1896492  46  0  3405051250  73567  117880  117810  117810  60.1396170963  
1438587337  0  3288634  1981100  0  0  0  2724  98811  0  91267108914  2982  0  3286549  3286548  0  0  116345  273  0  73  5  116345  0  98811  1981100  46  0  3854829049  84608  135152  135162  135162  60.240817312  
1438587347  0  3401619  2049957  0  0  0  2764  98782  0  94448228672  2982  0  3399571  3399570  0  0  116345  273  0  73  4  116345  0  98782  2049957  46  0  3181119758  68857  112985  113022  113022  60.2641565678  
1438587357  0  3529095  2129528  0  0  0  2730  99338  0  98075068979  2982  0  3527129  3527128  0  0  116345  273  0  73  5  116345  0  99338  2129528  46  0  3626840307  79571  127476  127558  127558  60.342042365  
1438587367  0  3646111  2201180  0  0  0  2691  98905  0  101292737590  2982  0  3643984  3643983  0  0  116345  273  0  73  5  116345  0  98905  2201180  46  0  3217668611  71652  117016  116855  116855  60.3706250303  
1438587377  0  3760300  2271291  0  0  0  2732  98545  0  104442139181  2982  0  3758210  3758209  0  0  116345  273  0  73  6  116345  0  98545  2271291  46  0  3149401591  70111  114189  114226  114226  60.4018562349  
1438587387  0  3872675  2337505  0  0  0  2708  98947  0  107472481998  2982  0  3870526  3870525  0  0  116345  273  0  73  6  116345  0  98947  2337505  46  0  3030342817  66214  112375  112316  112316  60.3589250324  
1438587397  0  4007625  2423909  0  0  0  2669  98547  0  111219299697  2982  0  4005530  4005529  0  0  116345  273  0  73  5  116345  0  98547  2423909  46  0  3746817699  86404  134950  135004  135004  60.4824303671  
1438587407  0  4138683  2504886  0  0  0  2703  98257  0  114775424699  2982  0  4136498  4136497  0  0  116345  273  0  73  5  116345  0  98257  2504886  46  0  3556125002  80977  131058  130968  130968  60.5237463222  
1438587417  0  4265172  2582645  0  0  0  2715  97916  0  118178688094  2982  0  4263045  4263044  0  0  116345  273  0  73  5  116345  0  97916  2582645  46  0  3403263395  77759  126489  126547  126547  60.551954294  
1438587427  0  4388400  2658067  0  0  0  2663  98990  0  121640647581  2982  0  4386298  4386297  0  0  116345  273  0  73  3  116345  0  98990  2658067  46  0  3461959487  75422  123228  123253  123253  60.57029897  
1438587437  0  4507666  2731379  0  0  0  2697  98553  0  124997316617  2982  0  4505746  4505745  0  0  116345  273  0  73  5  116345  0  98553  2731379  46  0  3356669036  73312  119266  119448  119448  60.5940857197  
1438587447  0  4640135  2815609  0  0  0  2688  99019  0  128601889595  2982  0  4638008  4638007  0  0  116345  273  0  73  5  116345  0  99019  2815609  46  0  3604572978  84230  132469  132262  132262  60.6794629898  
1438587457  0  4785078  2906877  0  0  0  2654  98568  0  132573797250  2982  0  4783010  4783009  0  0  116345  273  0  73  5  116345  0  98568  2906877  46  0  3971907655  91268  144943  145002  145002  60.7487903019  
1438587467  0  4910267  2985610  0  0  0  2667  98704  0  135951963321  2982  0  4908312  4908311  0  0  116345  273  0  73  3  116345  0  98704  2985610  46  0  3378166071  78733  125189  125302  125302  60.8034145597  
1438587477  0  5035587  3065058  0  0  0  2688  98746  0  139384161808  2982  0  5033573  5033572  0  0  116345  273  0  73  5  116345  0  98746  3065058  46  0  3432198487  79448  125320  125261  125261  60.8679385343  
1438587487  0  5161585  3142863  0  0  0  2709  98984  0  142822342314  2982  0  5159519  5159518  0  0  116345  273  0  73  5  116345  0  98984  3142863  46  0  3438180506  77805  125998  125946  125946  60.8894942154  
1438587497  0  5283498  3216397  0  0  0  2689  98516  0  146074548940  2982  0  5281566  5281565  0  0  116345  273  0  73  3  116345  0  98516  3216397  46  0  3252206626  73534  121913  122047  122047  60.8762793134  
1438587507  0  5419739  3301519  0  0  0  2678  98805  0  149826941403  2982  0  5417689  5417688  0  0  116345  273  0  73  5  116345  0  98805  3301519  46  0  3752392463  85122  136241  136123  136123  60.9165681226  
1438587517  0  5546221  3382514  0  0  0  2720  99134  0  153196015824  2982  0  5544194  5544193  0  0  116345  273  0  73  5  116345  0  99134  3382514  46  0  3369074421  80995  126482  126505  126505  60.987724795  
1438587527  0  5666148  3459719  0  0  0  2713  99662  0  156370293113  2982  0  5664232  5664231  0  0  116345  273  0  73  6  116345  0  99662  3459719  46  0  3174277289  77205  119927  120038  120038  61.0594534417  
1438587537  0  5796992  3541803  0  0  0  2710  99095  0  159966436809  2982  0  5795016  5795015  0  0  116345  273  0  73  6  116345  0  99095  3541803  46  0  3596143696  82084  130844  130784  130784  61.0972552662  
1438587547  0  5923418  3620923  0  0  0  2683  98215  0  163429796949  2982  0  5921366  5921365  0  0  116345  273  0  73  6  116345  0  98215  3620923  46  0  3463360140  79120  126426  126350  126350  61.1289461591  
1438587557  0  6051226  3700594  0  0  0  2673  98993  0  166885326105  2982  0  6049210  6049209  0  0  116345  273  0  73  5  116345  0  98993  3700594  46  0  3455529156  79671  127808  127844  127844  61.1544503544  
1438587567  0  6184727  3781250  0  0  0  2701  99131  0  170485029582  2982  0  6182721  6182720  0  0  116345  273  0  73  6  116345  0  99131  3781250  46  0  3599703477  80656  133501  133511  133511  61.138511045  
1438587577  0  6312633  3861006  0  0  0  2673  98306  0  173887709761  2982  0  6310729  6310728  0  0  116345  273  0  73  3  116345  0  98306  3861006  46  0  3402680179  79756  127906  128008  128008  61.1631628197  
1438587587  0  6446524  3945536  0  0  0  2683  98482  0  177491126235  2982  0  6444424  6444423  0  0  116345  273  0  73  4  116345  0  98482  3945536  46  0  3603416474  84530  133891  133695  133695  61.2040845578  
1438587597  0  6565427  4019171  0  0  0  2662  98737  0  180700146571  2982  0  6563476  6563475  0  0  116345  273  0  73  4  116345  0  98737  4019171  46  0  3209020336  73635  118903  119052  119052  61.2172064361  
1438587607  0  6684203  4091595  0  0  0  2698  98819  0  183922521914  2982  0  6682143  6682142  0  0  116345  273  0  73  6  116345  0  98819  4091595  46  0  3222375343  72424  118776  118667  118667  61.2129075074  
1438587617  0  6818449  4173620  0  0  0  2704  98416  0  187340724067  2982  0  6816408  6816407  0  0  116345  273  0  73  5  116345  0  98416  4173620  46  0  3418202153  82025  134246  134265  134265  61.2106946902  
1438587627  0  6955793  4258900  0  0  0  2699  98861  0  191093604873  2982  0  6953658  6953657  0  0  116345  273  0  73  6  116345  0  98861  4258900  46  0  3752880806  85280  137344  137250  137250  61.2281015263  
1438587637  0  7079985  4335746  0  0  0  2705  99404  0  194474296262  2982  0  7077840  7077839  0  0  116345  273  0  73  3  116345  0  99404  4335746  46  0  3380691389  76846  124192  124182  124182  61.2394800271  
1438587647  0  7204756  4412839  0  0  0  2714  99447  0  197806575574  2982  0  7202607  7202606  0  0  116345  273  0  73  5  116345  0  99447  4412839  46  0  3332279312  77093  124771  124767  124767  61.2489722067  
1438587657  0  7333719  4491557  0  0  0  2711  98474  0  201250040514  2982  0  7331764  7331763  0  0  116345  273  0  73  5  116345  0  98474  4491557  46  0  3443464940  78718  128963  129157  129157  61.2452836003  
1438587667  0  7458753  4566932  0  0  0  2713  99329  0  204573891417  2982  0  7456589  7456588  0  0  116345  273  0  73  5  116345  0  99329  4566932  46  0  3323850903  75375  125034  124825  124825  61.2291625691  
1438587677  0  7582398  4643674  0  0  0  2718  99046  0  207843788718  2982  0  7580365  7580364  0  0  116345  273  0  73  6  116345  0  99046  4643674  46  0  3269897301  76742  123645  123776  123776  61.2428152677  
1438587687  0  7710607  4723774  0  0  0  2721  98471  0  211320030500  2982  0  7708674  7708673  0  0  116345  273  0  73  6  116345  0  98471  4723774  46  0  3476241782  80100  128209  128309  128309  61.2633220705  
