#Type:X;CI:2;ww:0;ca:0;co:1;fr:0;Type:X;CI:2;PI:0;PT:EP;U0:0;U1:0;Type:X;CI:2;PI:1;PT:EP;U0:0;U1:0;
#time  Pp  gt  gs  cn  cm  cb  Nc  Pc  cp  Tc  Nm  pr  ps  pt  px  pd  Pm  Om  fs  ft  Oc  Em  Gp  Ec  Ge  ot  os  Total_cycles_diff  Successful_get_diff  Total_get_diff  succ_put_diff  total_put_diff  get_hit  
1438936946  0  0  0  0  0  0  0  0  0  4277088  0  0  0  0  0  0  0  0  0  21  0  0  0  0  0  46  0  4277088  0  0  0  0  
1438936956  0  0  0  0  0  0  0  0  0  4280275  0  0  0  0  0  0  0  0  0  21  0  0  0  0  0  46  0  3187  0  0  0  0  0 
1438936966  0  7520  0  3801  5  6537055  285  6641  2840  888729903  285  0  6641  6646  5  0  6641  272  0  102  272  6641  0  6641  0  46  0  884449628  0  7520  6641  6646  0.0  
1438936976  0  79040  0  75435  5  6537055  1646  78275  2840  9477530990  1646  0  78275  78280  5  0  78275  272  0  102  272  78275  0  78275  0  46  0  8588801087  0  71520  71634  71634  0.0  
1438936986  0  176940  3715  172553  5  1790184  1473  61478  727  21253987123  1869  0  176227  176232  5  0  89587  272  0  102  28  89587  0  61478  3715  46  0  11776456133  3715  97900  97952  97952  2.09958177913  
1438936996  0  224301  15492  217679  5  7794  940  31719  3  27635942224  1869  0  221391  221396  5  0  89587  272  0  102  3  89587  0  31719  15492  46  0  6381955101  11777  47361  45164  45164  6.90679042893  
1438937006  0  277375  26173  270578  5  272615  1329  44495  143  34795980163  1869  0  274433  274438  5  0  89587  272  0  102  7  89587  0  44495  26173  46  0  7160037939  10681  53074  53042  53042  9.43596214511  
1438937016  0  325628  39494  318717  5  16088  1395  44807  8  41385718428  1869  0  322580  322585  5  0  89587  272  0  102  4  89587  0  44807  39494  46  0  6589738265  13321  48253  48147  48147  12.1285638827  
1438937026  0  406651  67978  398565  5  1822141  1617  54756  754  51869809984  1869  0  403193  403198  5  0  89587  272  0  123  178  89587  0  54756  67978  46  0  10484091556  28484  81023  80613  80613  16.7165456374  
1438937036  0  470485  88339  462335  5  26714  1449  50702  9  60357127164  1869  0  466972  466977  5  0  89587  272  0  123  3  89587  0  50702  88339  46  0  8487317180  20361  63834  63779  63779  18.7761565193  
1438937046  0  532166  109668  524153  5  0  1470  52738  0  68687603771  1869  0  528790  528795  5  0  89587  272  0  123  2  89587  0  52738  109668  46  0  8330476607  21329  61681  61818  61818  20.6078554436  
1438937056  0  599144  132501  590648  5  1091964  1595  56712  409  77706593071  1869  0  595694  595699  5  0  89587  272  0  123  27  89587  0  56712  132501  46  0  9018989300  22833  66978  66904  66904  22.1150508058  
1438937066  0  663707  154051  655253  5  310631  1513  52392  107  86174909994  1869  0  660486  660491  5  0  89587  272  0  123  13  89587  0  52392  154051  46  0  8468316923  21550  64563  64792  64792  23.2106938755  
1438937076  0  706254  166936  697764  5  56035  1305  43988  21  92233604581  1869  0  703018  703023  5  0  89587  272  0  123  3  89587  0  43988  166936  46  0  6058694587  12885  42547  42532  42532  23.6368218799  
1438937086  0  762022  184528  753430  5  127539  1392  49745  51  99901265414  1869  0  758735  758740  5  0  89587  272  0  123  4  89587  0  49745  184528  46  0  7667660833  17592  55768  55717  55717  24.2155738286  
1438937096  0  815328  203338  806398  5  15779  1462  51454  6  107196606822  1869  0  811704  811709  5  0  89587  272  0  123  4  89587  0  51454  203338  46  0  7295341408  18810  53306  52969  52969  24.9394108874  
1438937106  0  871602  222668  862996  5  26667  1471  51373  11  115269777895  1869  0  868337  868342  5  0  89587  272  0  123  3  89587  0  51373  222668  46  0  8073171073  19330  56274  56633  56633  25.5469813057  
1438937116  0  928198  242383  919197  5  636353  1532  53752  244  123173827594  1869  0  924819  924824  5  0  89587  272  0  123  6  89587  0  53752  242383  46  0  7904049699  19715  56596  56482  56482  26.1132861739  
1438937126  0  977068  259566  967901  5  1098771  1487  52251  417  130186193685  1869  0  973731  973736  5  0  89587  272  0  123  6  89587  0  52251  259566  46  0  7012366091  17183  48870  48912  48912  26.5658070881  
1438937136  0  1027032  275070  1017679  5  282645  1481  52403  115  137224028993  1869  0  1023537  1023542  5  0  89587  272  0  123  5  89587  0  52403  275070  46  0  7037835308  15504  49964  49806  49806  26.7830018928  
1438937146  0  1079989  291964  1070523  5  161446  1472  53457  66  144725291327  1869  0  1076445  1076450  5  0  89587  272  0  123  5  89587  0  53457  291964  46  0  7501262334  16894  52957  52908  52908  27.0339790498  
1438937156  0  1123803  306132  1114276  5  7623  1357  46462  3  150628257694  1869  0  1120198  1120203  5  0  89587  272  0  123  4  89587  0  46462  306132  46  0  5902966367  14168  43814  43753  43753  27.2407174567  
1438937166  0  1166237  316370  1157087  5  2581  1573  56613  1  156971806739  1869  0  1163010  1163015  5  0  89587  272  0  123  3  89587  0  56613  316370  46  0  6343549045  10238  42434  42812  42812  27.1274192124  
1438937176  0  1193525  324844  1184103  5  156260  1528  54278  67  160901383800  1869  0  1190100  1190105  5  0  89587  272  0  123  5  89587  0  54278  324844  46  0  3929577061  8474  27288  27090  27090  27.2171927693  
1438937186  0  1258335  346648  1248712  5  587110  1556  55591  220  169589420413  1869  0  1254929  1254934  5  0  89587  272  0  123  5  89587  0  55591  346648  46  0  8688036613  21804  64810  64829  64829  27.5481489428  
1438937196  0  1313424  365988  1303899  5  80836  1500  51752  30  177296451586  1869  0  1310139  1310144  5  0  89587  272  0  123  5  89587  0  51752  365988  46  0  7707031173  19340  55089  55210  55210  27.8651829112  
1438937206  0  1371771  383992  1361887  5  74528  1600  56209  42  185540739056  1869  0  1368195  1368200  5  0  89587  272  0  123  4  89587  0  56209  383992  46  0  8244287470  18004  58347  58056  58056  27.9924273075  
1438937216  0  1422248  402051  1412424  5  678755  1496  50873  264  192762263466  1869  0  1418995  1419000  5  0  89587  272  0  123  6  89587  0  50873  402051  46  0  7221524410  18059  50477  50800  50800  28.2686985673  
1438937226  0  1475234  417043  1465352  5  97651  1523  53537  35  200254279660  1869  0  1471960  1471965  5  0  89587  272  0  123  6  89587  0  53537  417043  46  0  7492016194  14992  52986  52965  52965  28.2696168879  
1438937236  0  1518587  429186  1508765  5  264538  1526  53994  106  206814715881  1869  0  1515566  1515571  5  0  89587  272  0  123  8  89587  0  53994  429186  46  0  6560436221  12143  43353  43606  43606  28.2621937367  
1438937246  0  1558577  442491  1548516  5  518291  1464  49795  195  212598279986  1869  0  1555549  1555554  5  0  89587  272  0  123  12  89587  0  49795  442491  47  0  5783564105  13305  39990  39983  39983  28.3907051111  
1438937256  0  1604026  457620  1593141  5  1124020  1419  48455  469  219135421399  1869  0  1600524  1600529  5  0  89587  272  0  124  32  89587  0  48455  457620  47  0  6537141413  15129  45449  44975  44975  28.5294627394  
1438937266  0  1657665  474188  1647013  5  114357  1423  48664  44  226596594637  1869  0  1654453  1654458  5  0  89587  272  0  124  12  89587  0  48664  474188  47  0  7461173238  16568  53639  53929  53929  28.6057798168  
1438937276  0  1702473  487173  1691786  5  190521  1447  49572  83  233222236469  1869  0  1699316  1699321  5  0  89587  272  0  124  7  89587  0  49572  487173  47  0  6625641832  12985  44808  44863  44863  28.6156080008  
1438937286  0  1750517  504053  1739703  5  263108  1483  51125  114  239844029715  1869  0  1747322  1747327  5  0  89587  272  0  124  9  89587  0  51125  504053  47  0  6621793246  16880  48044  48006  48006  28.794521847  
1438937296  0  1807912  523012  1797000  5  73199  1431  49787  28  248039304240  1869  0  1804647  1804652  5  0  89587  272  0  124  8  89587  0  49787  523012  47  0  8195274525  18959  57395  57325  57325  28.929062919  
1438937306  0  1857622  539510  1846579  5  318604  1438  48590  127  254846647997  1869  0  1854351  1854356  5  0  89587  272  0  125  20  89587  0  48590  539510  47  0  6807343757  16498  49710  49704  49704  29.0430453558  
1438937316  0  1907622  554324  1896534  5  111010  1459  52025  41  261904486030  1869  0  1904317  1904322  5  0  89587  272  0  126  13  89587  0  52025  554324  47  0  7057838033  14814  50000  49966  49966  29.0583773934  
1438937326  0  1959014  571773  1948000  5  20918  1437  51034  8  269186668206  1869  0  1955784  1955789  5  0  89587  272  0  126  6  89587  0  51034  571773  47  0  7282182176  17449  51392  51467  51467  29.1867745713  
1438937336  0  2015425  587374  2004292  5  0  1423  49442  0  276916941919  1869  0  2012076  2012081  5  0  89587  272  0  126  2  89587  0  49442  587374  47  0  7730273713  15601  56411  56292  56292  29.1439274595  
1438937346  0  2055510  598665  2044452  5  59651  1469  50903  24  282420241978  1869  0  2052326  2052331  5  0  89587  272  0  126  7  89587  0  50903  598665  47  0  5503300059  11291  40085  40250  40250  29.1248887137  
1438937356  0  2104263  615078  2092617  5  605329  1474  51244  252  289114804430  1869  0  2100761  2100766  5  0  89587  272  0  126  8  89587  0  51244  615078  47  0  6694562452  16413  48753  48435  48435  29.2300914857  
1438937366  0  2159635  633473  2148048  5  579004  1563  55907  212  296643448085  1869  0  2156391  2156396  5  0  89587  272  0  128  8  89587  0  55907  633473  47  0  7528643655  18395  55372  55630  55630  29.3324103379  
1438937376  0  2217486  654641  2205840  5  168501  1533  53536  72  304078620837  1869  0  2214242  2214247  5  0  89587  272  0  128  5  89587  0  53536  654641  47  0  7435172752  21168  57851  57851  57851  29.5217647372  
1438937386  0  2272460  671333  2260802  5  5112  1530  53381  2  311753234097  1869  0  2269206  2269211  5  0  89587  272  0  128  3  89587  0  53381  671333  47  0  7674613260  16692  54974  54964  54964  29.542126154  
1438937396  0  2324954  688355  2313295  5  0  1415  50564  0  317410021903  1869  0  2321699  2321704  5  0  89587  272  0  128  2  89587  0  50564  688355  47  0  5656787806  17022  52494  52493  52493  29.6072524446  
1438937406  0  2383873  709647  2371880  5  7756  1564  56992  4  324237843504  1869  0  2380293  2380298  5  0  89587  272  0  128  3  89587  0  56992  709647  47  0  6827821601  21292  58919  58594  58594  29.768657978  
1438937416  0  2429895  724442  2418041  5  397199  1444  50157  149  330888025701  1869  0  2426654  2426659  5  0  89587  272  0  128  6  89587  0  50157  724442  47  0  6650182197  14795  46022  46361  46361  29.8137162305  
1438937426  0  2478555  739417  2466313  5  372413  1432  49414  134  337758773389  1869  0  2475047  2475052  5  0  89587  272  0  128  4  89587  0  49414  739417  47  0  6870747688  14975  48660  48393  48393  29.8325839047  
1438937436  0  2527622  753069  2515210  5  505718  1365  46904  203  344454026782  1869  0  2524125  2524130  5  0  89587  272  0  128  6  89587  0  46904  753069  47  0  6695253393  13652  49067  49078  49078  29.7935767294  
1438937446  0  2582020  770204  2569816  5  81954  1485  53177  36  351142239591  1869  0  2578758  2578763  5  0  89587  272  0  128  7  89587  0  53177  770204  47  0  6688212809  17135  54398  54633  54633  29.8295133268  
1438937456  0  2637957  787374  2625594  5  12182  1447  52851  4  358474881058  1869  0  2634540  2634545  5  0  89587  272  0  128  4  89587  0  52851  787374  47  0  7332641467  17170  55937  55782  55782  29.8478709092  
1438937466  0  2704582  809797  2692399  5  78396  1523  55243  25  367520161599  1869  0  2701374  2701379  5  0  89587  272  0  128  3  89587  0  55243  809797  47  0  9045280541  22423  66625  66834  66834  29.9416693596  
1438937476  0  2753778  824862  2740873  5  414637  1418  49141  168  374112909075  1869  0  2750016  2750021  5  0  89587  272  0  128  4  89587  0  49141  824862  47  0  6592747476  15065  49196  48642  48642  29.9538307009  
1438937486  0  2795567  836175  2782860  5  387577  1304  44239  149  379889380962  1869  0  2792116  2792121  5  0  89587  272  0  128  6  89587  0  44239  836175  47  0  5776471887  11313  41789  42100  42100  29.9107479806  
1438937496  0  2858028  855585  2845436  5  71210  1542  54530  27  388678677140  1869  0  2854711  2854716  5  0  89587  272  0  128  6  89587  0  54530  855585  47  0  8789296178  19410  62461  62595  62595  29.936200765  
1438937506  0  2918686  877930  2905977  5  0  1429  49758  0  396977729476  1869  0  2915252  2915257  5  0  89587  272  0  128  2  89587  0  49758  877930  47  0  8299052336  22345  60658  60541  60541  30.0796317247  
1438937516  0  2970071  894191  2957483  5  171315  1363  47834  70  403995302369  1869  0  2966828  2966833  5  0  89587  272  0  128  4  89587  0  47834  894191  47  0  7017572893  16261  51385  51576  51576  30.1067213545  
1438937526  0  3024158  911495  3011561  5  110230  1430  50104  39  411638382694  1869  0  3020941  3020946  5  0  89587  272  0  128  4  89587  0  50104  911495  47  0  7643080325  17304  54087  54113  54113  30.1404556243  
1438937536  0  3074883  926167  3062011  5  591641  1481  50221  231  419005916633  1869  0  3071637  3071642  5  0  89587  272  0  128  5  89587  0  50221  926167  47  0  7367533939  14672  50725  50696  50696  30.1203980769  
1438937546  0  3141746  946947  3128460  5  189684  1495  53394  79  428006716225  1869  0  3138165  3138170  5  0  89587  272  0  128  6  89587  0  53394  946947  47  0  9000799592  20780  66863  66528  66528  30.1407879568  
1438937556  0  3199931  967313  3186981  5  29538  1506  54295  11  436322736590  1869  0  3196689  3196694  5  0  89587  272  0  128  4  89587  0  54295  967313  47  0  8316020365  20366  58185  58524  58524  30.2291830668  
1438937566  0  3255744  986349  3242780  5  23333  1494  52410  9  443989937635  1869  0  3252510  3252515  5  0  89587  272  0  128  3  89587  0  52410  986349  47  0  7667201045  19036  55813  55821  55821  30.2956559238  
1438937576  0  3314582  1002943  3301261  5  242726  1453  50234  88  452038966079  1869  0  3311091  3311096  5  0  89587  272  0  128  5  89587  0  50234  1002943  47  0  8049028444  16594  58838  58581  58581  30.2585062008  
1438937586  0  3359178  1017047  3345933  5  21167  1419  47126  8  458147632558  1869  0  3355783  3355788  5  0  89587  272  0  128  4  89587  0  47126  1017047  47  0  6108666479  14104  44596  44692  44692  30.2766629217  
1438937596  0  3359810  1017048  3346254  5  0  279  7873  0  458178140153  1869  0  3356104  3356109  5  0  89587  272  0  128  2  89587  0  7873  1017048  47  0  30507595  1  632  321  321  30.2709974671  
1438937606  0  3360192  1017048  3346916  5  0  57  983  0  458282220932  1869  0  3356766  3356771  5  0  89587  272  0  128  2  89587  0  983  1017048  47  0  104080779  0  382  662  662  30.2675561396  
