#type:T;
#time  gt  cn  Pt  Px  gx  cx  gn  gm  Pn  Pm  Ft  cm  pt  Fx  px  ct  pn  Fm  Fn  pm  dn  On  Om  dm  dx  Ox  dt  Ot  Gt  Cn  Cm  Gx  Cx  Gn  Gm  Ct  
1439056311  2632  0  0  0  2632  0  1  2632  0  2147483647  0  2147483647  0  0  0  0  0  2147483647  0  2147483647  0  0  2147483647  2147483647  0  0  0  0  0  0  2147483647  0  0  0  2147483647  0  
1439056321  2632  0  0  0  2632  0  1  2632  0  2147483647  0  2147483647  0  0  0  0  0  2147483647  0  2147483647  0  0  2147483647  2147483647  0  0  0  0  0  0  2147483647  0  0  0  2147483647  0  
1439056331  2632  0  0  0  2632  0  1  2632  0  2147483647  0  2147483647  0  0  0  0  0  2147483647  0  2147483647  0  0  2147483647  2147483647  0  0  0  0  0  0  2147483647  0  0  0  2147483647  0  
1439056341  2632  0  0  0  2632  0  1  2632  0  2147483647  0  2147483647  0  0  0  0  0  2147483647  0  2147483647  0  0  2147483647  2147483647  0  0  0  0  0  0  2147483647  0  0  0  2147483647  0  
1439056351  2632  0  0  0  2632  0  1  2632  0  2147483647  0  2147483647  0  0  0  0  0  2147483647  0  2147483647  0  0  2147483647  2147483647  0  0  0  0  0  0  2147483647  0  0  0  2147483647  0  
1439056361  2632  0  0  0  2632  0  1  2632  0  2147483647  0  2147483647  0  0  0  0  0  2147483647  0  2147483647  0  0  2147483647  2147483647  0  0  0  0  0  0  2147483647  0  0  0  2147483647  0  
1439056371  2632  0  0  0  2632  0  1  2632  0  2147483647  0  2147483647  0  0  0  0  0  2147483647  0  2147483647  0  0  2147483647  2147483647  0  0  0  0  0  0  2147483647  0  0  0  2147483647  0  
1439056381  2632  0  0  0  2632  0  1  2632  0  2147483647  0  2147483647  0  0  0  0  0  2147483647  0  2147483647  0  0  2147483647  2147483647  0  0  0  0  0  0  2147483647  0  0  0  2147483647  0  
1439056391  2632  0  0  0  2632  0  1  2632  0  2147483647  0  2147483647  0  0  0  0  0  2147483647  0  2147483647  0  0  2147483647  2147483647  0  0  0  0  0  0  2147483647  0  0  0  2147483647  0  
1439056401  2632  0  0  0  2632  0  1  2632  0  2147483647  0  2147483647  0  0  0  0  0  2147483647  0  2147483647  0  0  2147483647  2147483647  0  0  0  0  0  0  2147483647  0  0  0  2147483647  0  
1439056411  2632  0  0  0  2632  0  1  2632  0  2147483647  0  2147483647  0  0  0  0  0  2147483647  0  2147483647  0  0  2147483647  2147483647  0  0  0  0  0  0  2147483647  0  0  0  2147483647  0  
1439056421  2632  0  0  0  2632  0  1  2632  0  2147483647  0  2147483647  0  0  0  0  0  2147483647  0  2147483647  0  0  2147483647  2147483647  0  0  0  0  0  0  2147483647  0  0  0  2147483647  0  
1439056431  2632  0  0  0  2632  0  1  2632  0  2147483647  0  2147483647  0  0  0  0  0  2147483647  0  2147483647  0  0  2147483647  2147483647  0  0  0  0  0  0  2147483647  0  0  0  2147483647  0  
1439056441  2632  0  0  0  2632  0  1  2632  0  2147483647  0  2147483647  0  0  0  0  0  2147483647  0  2147483647  0  0  2147483647  2147483647  0  0  0  0  0  0  2147483647  0  0  0  2147483647  0  
1439056451  2632  0  0  0  2632  0  1  2632  0  2147483647  0  2147483647  0  0  0  0  0  2147483647  0  2147483647  0  0  2147483647  2147483647  0  0  0  0  0  0  2147483647  0  0  0  2147483647  0  
1439056461  2632  0  0  0  2632  0  1  2632  0  2147483647  0  2147483647  0  0  0  0  0  2147483647  0  2147483647  0  0  2147483647  2147483647  0  0  0  0  0  0  2147483647  0  0  0  2147483647  0  
1439056471  2632  0  0  0  2632  0  1  2632  0  2147483647  0  2147483647  0  0  0  0  0  2147483647  0  2147483647  0  0  2147483647  2147483647  0  0  0  0  0  0  2147483647  0  0  0  2147483647  0  
1439056481  2632  0  0  0  2632  0  1  2632  0  2147483647  0  2147483647  0  0  0  0  0  2147483647  0  2147483647  0  0  2147483647  2147483647  0  0  0  0  0  0  2147483647  0  0  0  2147483647  0  
1439056491  2632  0  0  0  2632  0  1  2632  0  2147483647  0  2147483647  0  0  0  0  0  2147483647  0  2147483647  0  0  2147483647  2147483647  0  0  0  0  0  0  2147483647  0  0  0  2147483647  0  
1439056501  2632  0  0  0  2632  0  1  2632  0  2147483647  0  2147483647  0  0  0  0  0  2147483647  0  2147483647  0  0  2147483647  2147483647  0  0  0  0  0  0  2147483647  0  0  0  2147483647  0  
1439056511  2632  0  0  0  2632  0  1  2632  0  2147483647  0  2147483647  0  0  0  0  0  2147483647  0  2147483647  0  0  2147483647  2147483647  0  0  0  0  0  0  2147483647  0  0  0  2147483647  0  
1439056521  2632  0  0  0  2632  0  1  2632  0  2147483647  0  2147483647  0  0  0  0  0  2147483647  0  2147483647  0  0  2147483647  2147483647  0  0  0  0  0  0  2147483647  0  0  0  2147483647  0  
1439056531  2632  0  0  0  2632  0  1  2632  0  2147483647  0  2147483647  0  0  0  0  0  2147483647  0  2147483647  0  0  2147483647  2147483647  0  0  0  0  0  0  2147483647  0  0  0  2147483647  0  
1439056541  2632  0  0  0  2632  0  1  2632  0  2147483647  0  2147483647  0  0  0  0  0  2147483647  0  2147483647  0  0  2147483647  2147483647  0  0  0  0  0  0  2147483647  0  0  0  2147483647  0  
1439056551  2632  0  0  0  2632  0  1  2632  0  2147483647  0  2147483647  0  0  0  0  0  2147483647  0  2147483647  0  0  2147483647  2147483647  0  0  0  0  0  0  2147483647  0  0  0  2147483647  0  
1439056561  2632  0  0  0  2632  0  1  2632  0  2147483647  0  2147483647  0  0  0  0  0  2147483647  0  2147483647  0  0  2147483647  2147483647  0  0  0  0  0  0  2147483647  0  0  0  2147483647  0  
1439056571  2632  0  0  0  2632  0  1  2632  0  2147483647  0  2147483647  0  0  0  0  0  2147483647  0  2147483647  0  0  2147483647  2147483647  0  0  0  0  0  0  2147483647  0  0  0  2147483647  0  
1439056581  2632  0  0  0  2632  0  1  2632  0  2147483647  0  2147483647  0  0  0  0  0  2147483647  0  2147483647  0  0  2147483647  2147483647  0  0  0  0  0  0  2147483647  0  0  0  2147483647  0  
1439056591  2632  0  0  0  2632  0  1  2632  0  2147483647  0  2147483647  0  0  0  0  0  2147483647  0  2147483647  0  0  2147483647  2147483647  0  0  0  0  0  0  2147483647  0  0  0  2147483647  0  
1439056601  2632  0  0  0  2632  0  1  2632  0  2147483647  0  2147483647  0  0  0  0  0  2147483647  0  2147483647  0  0  2147483647  2147483647  0  0  0  0  0  0  2147483647  0  0  0  2147483647  0  
