#Type:X;CI:5;ww:0;ca:0;co:1;fr:0;Type:X;CI:5;PI:0;PT:EP;U0:0;U1:0;
#time  Pp  gt  gs  cn  cm  cb  Nc  Pc  cp  Tc  Nm  pr  ps  pt  px  pd  Pm  Om  fs  ft  Oc  Em  Gp  Ec  Ge  ot  os  Total_cycles_diff  Successful_get_diff  Total_get_diff  succ_put_diff  total_put_diff  get_hit  
1439251244  0  0  0  0  0  0  0  0  0  654933  0  0  0  0  0  0  0  0  0  21  0  0  0  0  0  46  0  654933  0  0  0  0  
1439251254  0  0  0  0  0  0  0  0  0  654933  0  0  0  0  0  0  0  0  0  21  0  0  0  0  0  46  0  0  0  0  0  0  0 
1439251264  0  0  0  0  0  0  0  0  0  654933  0  0  0  0  0  0  0  0  0  21  0  0  0  0  0  46  0  0  0  0  0  0  0 
1439251274  0  0  0  0  0  0  0  0  0  654933  0  0  0  0  0  0  0  0  0  21  0  0  0  0  0  46  0  0  0  0  0  0  0 
1439251284  0  0  0  0  0  0  0  0  0  654933  0  0  0  0  0  0  0  0  0  21  0  0  0  0  0  46  0  0  0  0  0  0  0 
1439251294  0  0  0  0  0  0  0  0  0  657269  0  0  0  0  0  0  0  0  0  21  0  0  0  0  0  46  0  2336  0  0  0  0  0 
1439251304  0  0  0  0  0  0  0  0  0  963276  0  0  0  0  0  0  0  0  0  21  0  0  0  0  0  97  0  306007  0  0  0  0  0 
1439251314  0  0  0  0  0  0  0  0  0  1239518  0  0  0  0  0  0  0  0  0  21  0  0  0  0  0  164  0  276242  0  0  0  0  0 
1439251324  0  0  0  0  0  0  0  0  0  1448490  0  0  0  0  0  0  0  0  0  21  0  0  0  0  0  212  0  208972  0  0  0  0  0 
1439251334  0  0  0  0  0  0  0  0  0  1590313  0  0  0  0  0  0  0  0  0  21  0  0  0  0  0  249  0  141823  0  0  0  0  0 
1439251344  0  0  0  0  0  0  0  0  0  1775283  0  0  0  0  0  0  0  0  0  21  0  0  0  0  0  296  0  184970  0  0  0  0  0 
1439251355  0  0  0  0  0  0  0  0  0  1856764  0  0  0  0  0  0  0  0  0  21  0  0  0  0  0  314  0  81481  0  0  0  0  0 
1439251365  0  0  0  0  0  0  0  0  0  1928656  0  0  0  0  0  0  0  0  0  21  0  0  0  0  0  331  0  71892  0  0  0  0  0 
1439251375  0  0  0  0  0  0  0  0  0  1999207  0  0  0  0  0  0  0  0  0  21  0  0  0  0  0  351  0  70551  0  0  0  0  0 
1439251385  0  0  0  0  0  0  0  0  0  2070677  0  0  0  0  0  0  0  0  0  21  0  0  0  0  0  367  0  71470  0  0  0  0  0 
1439251395  0  0  0  0  0  0  0  0  0  2140654  0  0  0  0  0  0  0  0  0  21  0  0  0  0  0  384  0  69977  0  0  0  0  0 
1439251405  0  0  0  0  0  0  0  0  0  2204005  0  0  0  0  0  0  0  0  0  21  0  0  0  0  0  399  0  63351  0  0  0  0  0 
1439251415  0  0  0  0  0  0  0  0  0  2303312  0  0  0  0  0  0  0  0  0  21  0  0  0  0  0  424  0  99307  0  0  0  0  0 
1439251425  0  0  0  0  0  0  0  0  0  2398475  0  0  0  0  0  0  0  0  0  21  0  0  0  0  0  446  0  95163  0  0  0  0  0 
1439251435  0  0  0  0  0  0  0  0  0  2518502  0  0  0  0  0  0  0  0  0  21  0  0  0  0  0  471  0  120027  0  0  0  0  0 
1439251445  0  0  0  0  0  0  0  0  0  2556502  0  0  0  0  0  0  0  0  0  21  0  0  0  0  0  483  0  38000  0  0  0  0  0 
1439251455  0  0  0  0  0  0  0  0  0  2650544  0  0  0  0  0  0  0  0  0  21  0  0  0  0  0  506  0  94042  0  0  0  0  0 
1439251465  0  0  0  0  0  0  0  0  0  2738653  0  0  0  0  0  0  0  0  0  21  0  0  0  0  0  527  0  88109  0  0  0  0  0 
1439251475  0  0  0  0  0  0  0  0  0  2809044  0  0  0  0  0  0  0  0  0  21  0  0  0  0  0  545  0  70391  0  0  0  0  0 
1439251485  0  0  0  0  0  0  0  0  0  2906789  0  0  0  0  0  0  0  0  0  21  0  0  0  0  0  568  0  97745  0  0  0  0  0 
1439251495  0  0  0  0  0  0  0  0  0  2998868  0  0  0  0  0  0  0  0  0  21  0  0  0  0  0  591  0  92079  0  0  0  0  0 
1439251505  0  0  0  0  0  0  0  0  0  3079686  0  0  0  0  0  0  0  0  0  21  0  0  0  0  0  609  0  80818  0  0  0  0  0 
1439251515  0  0  0  0  0  0  0  0  0  3157964  0  0  0  0  0  0  0  0  0  21  0  0  0  0  0  628  0  78278  0  0  0  0  0 
1439251525  0  0  0  0  0  0  0  0  0  3285297  0  0  0  0  0  0  0  0  0  21  0  0  0  0  0  659  0  127333  0  0  0  0  0 
1439251535  0  0  0  0  0  0  0  0  0  3349911  0  0  0  0  0  0  0  0  0  21  0  0  0  0  0  675  0  64614  0  0  0  0  0 
1439251545  0  0  0  0  0  0  0  0  0  3460418  0  0  0  0  0  0  0  0  0  21  0  0  0  0  0  708  0  110507  0  0  0  0  0 
1439251555  0  0  0  0  0  0  0  0  0  3530247  0  0  0  0  0  0  0  0  0  21  0  0  0  0  0  724  0  69829  0  0  0  0  0 
1439251565  0  0  0  0  0  0  0  0  0  3636943  0  0  0  0  0  0  0  0  0  21  0  0  0  0  0  751  0  106696  0  0  0  0  0 
1439251575  0  0  0  0  0  0  0  0  0  3720390  0  0  0  0  0  0  0  0  0  21  0  0  0  0  0  774  0  83447  0  0  0  0  0 
1439251585  0  0  0  0  0  0  0  0  0  3812486  0  0  0  0  0  0  0  0  0  21  0  0  0  0  0  798  0  92096  0  0  0  0  0 
1439251595  0  0  0  0  0  0  0  0  0  3908294  0  0  0  0  0  0  0  0  0  21  0  0  0  0  0  822  0  95808  0  0  0  0  0 
1439251605  0  0  0  0  0  0  0  0  0  4063750  0  0  0  0  0  0  0  0  0  21  0  0  0  0  0  854  0  155456  0  0  0  0  0 
1439251615  0  0  0  0  0  0  0  0  0  4154535  0  0  0  0  0  0  0  0  0  21  0  0  0  0  0  874  0  90785  0  0  0  0  0 
1439251625  0  0  0  0  0  0  0  0  0  4218318  0  0  0  0  0  0  0  0  0  21  0  0  0  0  0  892  0  63783  0  0  0  0  0 
1439251635  0  0  0  0  0  0  0  0  0  4297846  0  0  0  0  0  0  0  0  0  21  0  0  0  0  0  912  0  79528  0  0  0  0  0 
1439251645  0  0  0  0  0  0  0  0  0  4388652  0  0  0  0  0  0  0  0  0  21  0  0  0  0  0  934  0  90806  0  0  0  0  0 
1439251655  0  0  0  0  0  0  0  0  0  4470181  0  0  0  0  0  0  0  0  0  21  0  0  0  0  0  957  0  81529  0  0  0  0  0 
1439251665  0  0  0  0  0  0  0  0  0  4560257  0  0  0  0  0  0  0  0  0  21  0  0  0  0  0  980  0  90076  0  0  0  0  0 
1439251675  0  0  0  0  0  0  0  0  0  4623403  0  0  0  0  0  0  0  0  0  21  0  0  0  0  0  995  0  63146  0  0  0  0  0 
1439251685  0  0  0  0  0  0  0  0  0  4733411  0  0  0  0  0  0  0  0  0  21  0  0  0  0  0  1021  0  110008  0  0  0  0  0 
1439251695  0  0  0  0  0  0  0  0  0  4850209  0  0  0  0  0  0  0  0  0  21  0  0  0  0  0  1050  0  116798  0  0  0  0  0 
1439251705  0  0  0  0  0  0  0  0  0  4935007  0  0  0  0  0  0  0  0  0  21  0  0  0  0  0  1073  0  84798  0  0  0  0  0 
1439251715  0  0  0  0  0  0  0  0  0  5018290  0  0  0  0  0  0  0  0  0  21  0  0  0  0  0  1092  0  83283  0  0  0  0  0 
1439251725  0  0  0  0  0  0  0  0  0  5115624  0  0  0  0  0  0  0  0  0  21  0  0  0  0  0  1116  0  97334  0  0  0  0  0 
1439251735  0  0  0  0  0  0  0  0  0  5187797  0  0  0  0  0  0  0  0  0  21  0  0  0  0  0  1135  0  72173  0  0  0  0  0 
1439251745  0  0  0  0  0  0  0  0  0  5323348  0  0  0  0  0  0  0  0  0  21  0  0  0  0  0  1169  0  135551  0  0  0  0  0 
1439251755  0  0  0  0  0  0  0  0  0  5447162  0  0  0  0  0  0  0  0  0  21  0  0  0  0  0  1200  0  123814  0  0  0  0  0 
1439251765  0  0  0  0  0  0  0  0  0  5539545  0  0  0  0  0  0  0  0  0  21  0  0  0  0  0  1225  0  92383  0  0  0  0  0 
1439251775  0  0  0  0  0  0  0  0  0  5637717  0  0  0  0  0  0  0  0  0  21  0  0  0  0  0  1249  0  98172  0  0  0  0  0 
1439251786  0  0  0  0  0  0  0  0  0  5749415  0  0  0  0  0  0  0  0  0  21  0  0  0  0  0  1280  0  111698  0  0  0  0  0 
1439251796  0  0  0  0  0  0  0  0  0  5834672  0  0  0  0  0  0  0  0  0  21  0  0  0  0  0  1304  0  85257  0  0  0  0  0 
1439251806  0  0  0  0  0  0  0  0  0  5948170  0  0  0  0  0  0  0  0  0  21  0  0  0  0  0  1331  0  113498  0  0  0  0  0 
1439251816  0  0  0  0  0  0  0  0  0  6015582  0  0  0  0  0  0  0  0  0  21  0  0  0  0  0  1346  0  67412  0  0  0  0  0 
1439251826  0  0  0  0  0  0  0  0  0  6128122  0  0  0  0  0  0  0  0  0  21  0  0  0  0  0  1373  0  112540  0  0  0  0  0 
1439251836  0  0  0  0  0  0  0  0  0  6214460  0  0  0  0  0  0  0  0  0  21  0  0  0  0  0  1396  0  86338  0  0  0  0  0 
1439251846  0  0  0  0  0  0  0  0  0  6370139  0  0  0  0  0  0  0  0  0  21  0  0  0  0  0  1431  0  155679  0  0  0  0  0 
1439251856  0  0  0  0  0  0  0  0  0  6464500  0  0  0  0  0  0  0  0  0  21  0  0  0  0  0  1458  0  94361  0  0  0  0  0 
1439251866  0  0  0  0  0  0  0  0  0  6542032  0  0  0  0  0  0  0  0  0  21  0  0  0  0  0  1476  0  77532  0  0  0  0  0 
1439251876  0  0  0  0  0  0  0  0  0  6658716  0  0  0  0  0  0  0  0  0  21  0  0  0  0  0  1505  0  116684  0  0  0  0  0 
1439251886  0  0  0  0  0  0  0  0  0  6732138  0  0  0  0  0  0  0  0  0  21  0  0  0  0  0  1523  0  73422  0  0  0  0  0 
1439251896  0  0  0  0  0  0  0  0  0  6824768  0  0  0  0  0  0  0  0  0  21  0  0  0  0  0  1546  0  92630  0  0  0  0  0 
1439251906  0  0  0  0  0  0  0  0  0  6911696  0  0  0  0  0  0  0  0  0  21  0  0  0  0  0  1569  0  86928  0  0  0  0  0 
1439251916  0  0  0  0  0  0  0  0  0  6987681  0  0  0  0  0  0  0  0  0  21  0  0  0  0  0  1587  0  75985  0  0  0  0  0 
1439251926  0  0  0  0  0  0  0  0  0  7061479  0  0  0  0  0  0  0  0  0  21  0  0  0  0  0  1605  0  73798  0  0  0  0  0 
1439251936  0  0  0  0  0  0  0  0  0  7174121  0  0  0  0  0  0  0  0  0  21  0  0  0  0  0  1632  0  112642  0  0  0  0  0 
1439251946  0  0  0  0  0  0  0  0  0  7267430  0  0  0  0  0  0  0  0  0  21  0  0  0  0  0  1655  0  93309  0  0  0  0  0 
1439251956  0  0  0  0  0  0  0  0  0  7508148  0  0  0  0  0  0  0  0  0  21  0  0  0  0  0  1710  0  240718  0  0  0  0  0 
1439251966  0  0  0  0  0  0  0  0  0  7593643  0  0  0  0  0  0  0  0  0  21  0  0  0  0  0  1732  0  85495  0  0  0  0  0 
1439251976  0  0  0  0  0  0  0  0  0  7698613  0  0  0  0  0  0  0  0  0  21  0  0  0  0  0  1759  0  104970  0  0  0  0  0 
1439251986  0  0  0  0  0  0  0  0  0  7796618  0  0  0  0  0  0  0  0  0  21  0  0  0  0  0  1784  0  98005  0  0  0  0  0 
1439251996  0  0  0  0  0  0  0  0  0  7925514  0  0  0  0  0  0  0  0  0  21  0  0  0  0  0  1816  0  128896  0  0  0  0  0 
1439252006  0  0  0  0  0  0  0  0  0  8015568  0  0  0  0  0  0  0  0  0  21  0  0  0  0  0  1841  0  90054  0  0  0  0  0 
1439252016  0  0  0  0  0  0  0  0  0  8092466  0  0  0  0  0  0  0  0  0  21  0  0  0  0  0  1863  0  76898  0  0  0  0  0 
1439252026  0  0  0  0  0  0  0  0  0  8180404  0  0  0  0  0  0  0  0  0  21  0  0  0  0  0  1888  0  87938  0  0  0  0  0 
1439252036  0  0  0  0  0  0  0  0  0  8281633  0  0  0  0  0  0  0  0  0  21  0  0  0  0  0  1912  0  101229  0  0  0  0  0 
1439252046  0  0  0  0  0  0  0  0  0  8366899  0  0  0  0  0  0  0  0  0  21  0  0  0  0  0  1936  0  85266  0  0  0  0  0 
1439252056  0  0  0  0  0  0  0  0  0  8445710  0  0  0  0  0  0  0  0  0  21  0  0  0  0  0  1958  0  78811  0  0  0  0  0 
1439252066  0  0  0  0  0  0  0  0  0  8526051  0  0  0  0  0  0  0  0  0  21  0  0  0  0  0  1980  0  80341  0  0  0  0  0 
1439252076  0  0  0  0  0  0  0  0  0  8619395  0  0  0  0  0  0  0  0  0  21  0  0  0  0  0  2002  0  93344  0  0  0  0  0 
1439252086  0  0  0  0  0  0  0  0  0  8704882  0  0  0  0  0  0  0  0  0  21  0  0  0  0  0  2023  0  85487  0  0  0  0  0 
1439252096  0  0  0  0  0  0  0  0  0  8796011  0  0  0  0  0  0  0  0  0  21  0  0  0  0  0  2049  0  91129  0  0  0  0  0 
1439252106  0  0  0  0  0  0  0  0  0  8856048  0  0  0  0  0  0  0  0  0  21  0  0  0  0  0  2065  0  60037  0  0  0  0  0 
1439252116  0  0  0  0  0  0  0  0  0  8986305  0  0  0  0  0  0  0  0  0  21  0  0  0  0  0  2096  0  130257  0  0  0  0  0 
1439252126  0  0  0  0  0  0  0  0  0  9110330  0  0  0  0  0  0  0  0  0  21  0  0  0  0  0  2129  0  124025  0  0  0  0  0 
1439252136  0  0  0  0  0  0  0  0  0  9205697  0  0  0  0  0  0  0  0  0  21  0  0  0  0  0  2152  0  95367  0  0  0  0  0 
1439252146  0  0  0  0  0  0  0  0  0  9295180  0  0  0  0  0  0  0  0  0  21  0  0  0  0  0  2176  0  89483  0  0  0  0  0 
1439252156  0  0  0  0  0  0  0  0  0  9361937  0  0  0  0  0  0  0  0  0  21  0  0  0  0  0  2191  0  66757  0  0  0  0  0 
1439252166  0  0  0  0  0  0  0  0  0  9470134  0  0  0  0  0  0  0  0  0  21  0  0  0  0  0  2219  0  108197  0  0  0  0  0 
1439252176  0  0  0  0  0  0  0  0  0  9575011  0  0  0  0  0  0  0  0  0  21  0  0  0  0  0  2245  0  104877  0  0  0  0  0 
1439252186  0  0  0  0  0  0  0  0  0  9639113  0  0  0  0  0  0  0  0  0  21  0  0  0  0  0  2260  0  64102  0  0  0  0  0 
1439252196  0  0  0  0  0  0  0  0  0  9716671  0  0  0  0  0  0  0  0  0  21  0  0  0  0  0  2278  0  77558  0  0  0  0  0 
1439252206  0  0  0  0  0  0  0  0  0  9796848  0  0  0  0  0  0  0  0  0  21  0  0  0  0  0  2298  0  80177  0  0  0  0  0 
1439252216  0  0  0  0  0  0  0  0  0  9891401  0  0  0  0  0  0  0  0  0  21  0  0  0  0  0  2320  0  94553  0  0  0  0  0 
1439252226  0  0  0  0  0  0  0  0  0  9980841  0  0  0  0  0  0  0  0  0  21  0  0  0  0  0  2341  0  89440  0  0  0  0  0 
1439252236  0  0  0  0  0  0  0  0  0  10056858  0  0  0  0  0  0  0  0  0  21  0  0  0  0  0  2361  0  76017  0  0  0  0  0 
1439252246  0  0  0  0  0  0  0  0  0  10192351  0  0  0  0  0  0  0  0  0  21  0  0  0  0  0  2397  0  135493  0  0  0  0  0 
1439252256  0  498  322  13  5  6052410  173  2562  2556  247059582  232  0  3399  3404  5  0  3399  351  0  70  181  3399  0  2562  322  2616  132  236867231  322  498  3399  3404  64.6586345382  
1439252266  0  549  373  32  17  6852462  201  2903  2878  343170682  232  0  3791  3808  17  0  3399  351  0  40858  217  3399  0  2903  373  2616  132  96111100  51  51  392  404  67.941712204  
1439252276  0  667  466  37  18  6623395  119  2710  2680  433454827  232  0  4558  4576  18  0  3552  351  0  94798  81  3552  0  2710  466  2880  265  90284145  93  118  767  768  69.8650674663  
1439252286  0  10312  470  37  18  6335849  132  2888  2858  471542102  232  0  4852  4870  18  0  3552  351  0  117198  86  3552  0  2888  470  3127  272  38087275  4  9645  294  294  4.55779674166  
1439252296  0  27914  470  37  19  6399231  270  6221  6191  647726140  270  0  8336  8355  19  0  6221  351  0  156821  179  6221  0  6221  470  3928  290  176184038  0  17602  3484  3485  1.6837429247  
1439252306  0  42572  2653  37  19  6759285  651  18338  18308  1256767634  651  0  24850  24869  19  0  18338  386  1  175151  386  18338  0  18338  2653  4332  334  609041494  2183  14658  16514  16514  6.23179554637  
1439252316  0  58163  6012  37  19  7078890  993  29681  29651  2013468049  993  0  43093  43112  19  0  29681  548  23  194722  547  29681  0  29681  6012  4784  402  756700415  3359  15591  18243  18243  10.3364682014  
1439252326  0  72670  11125  37  19  7237163  1201  36226  36196  2857911794  1205  0  60564  60583  19  0  36410  662  103  213481  657  36410  0  36226  11125  5260  486  844443745  5113  14507  17471  17471  15.308930783  
1439252336  0  85924  16384  37  19  7411202  1318  40645  40615  3644020343  1319  0  77007  77026  19  0  40645  724  171  229923  723  40645  0  40645  16384  5672  590  786108549  5259  13254  16443  16443  19.0680135934  
1439252346  0  98923  21743  37  19  7529971  1461  43999  43969  4424346415  1461  0  91429  91448  19  0  43999  791  247  250626  791  43999  0  43999  21743  6132  689  780326072  5359  12999  14422  14422  21.9797216016  
1439252356  0  113178  29745  37  19  7775140  1505  45609  45579  5421382368  1523  0  106218  106237  19  0  45900  825  339  272528  815  45900  0  45609  29745  6686  782  997035953  8002  14255  14789  14789  26.2816095001  
1439252367  0  122529  34624  37  19  7836452  1551  47045  47015  6048074444  1565  0  115913  115932  19  0  47526  831  392  287152  826  47526  0  47045  34624  7038  849  626692076  4879  9351  9695  9695  28.2578001942  
1439252377  0  135383  41227  37  19  7871892  1581  47177  47147  6945559438  1603  0  129291  129310  19  0  48276  852  459  308069  848  48276  0  47177  41227  7549  953  897484994  6603  12854  13378  13378  30.4521247129  
1439252387  0  147254  47542  37  19  7687310  1556  45504  45474  7751057661  1603  0  139286  139305  19  0  48276  852  501  325750  844  48276  0  45504  47542  7954  1038  805498223  6315  11871  9995  9995  32.2857104052  
1439252397  0  156961  52127  37  19  7814005  1556  46232  46202  8418177961  1603  0  149423  149442  19  0  48276  869  548  341543  847  48276  0  46232  52127  8345  1118  667120300  4585  9707  10137  10137  33.2101604857  
1439252407  0  169553  58485  37  19  7813507  1559  45708  45678  9172203261  1603  0  162241  162260  19  0  48276  870  612  362492  850  48276  0  45708  58485  8848  1223  754025300  6358  12592  12818  12818  34.4936391571  
1439252417  0  179648  63895  37  19  7679842  1565  45363  45333  9894562139  1603  0  172402  172421  19  0  48276  872  673  380015  850  48276  0  45363  63895  9247  1311  722358878  5410  10095  10161  10161  35.5667750267  
1439252427  0  191464  70781  39  19  9681489  1576  47677  47645  10957213564  1603  0  186380  186399  19  0  48276  872  731  401129  860  48276  0  47677  70781  9756  1408  1062651425  6886  11816  13978  13978  36.968307358  
1439252437  0  203014  75480  39  19  9754430  1584  48315  48283  11610070243  1615  0  195741  195760  19  0  49076  872  773  419605  844  49076  0  48315  75480  10161  1486  652856679  4699  11550  9361  9361  37.1797018925  
1439252447  0  215759  82056  39  19  9635502  1607  48789  48757  12385161384  1621  0  208003  208022  19  0  49453  872  825  438312  847  49453  0  48789  82056  10583  1583  775091141  6576  12745  12262  12262  38.0313219843  
1439252457  0  227047  87890  39  19  9769172  1622  49654  49622  13078401482  1631  0  219181  219200  19  0  50011  872  869  451809  856  50011  0  49654  87890  10917  1660  693240098  5834  11288  11178  11178  38.7100468185  
1439252467  0  238812  94024  39  19  9791064  1618  50162  50130  13824304088  1675  0  230522  230541  19  0  51508  879  915  468222  848  51508  0  50162  94024  11319  1743  745902606  6134  11765  11341  11341  39.3715558682  
1439252477  0  251327  100448  39  19  9702065  1626  51189  51157  14662017436  1675  0  243749  243768  19  0  51508  879  955  486196  855  51508  0  51189  100448  11761  1834  837713348  6424  12515  13227  13227  39.9670548727  
1439252487  0  261701  105737  39  19  9844160  1657  52027  51995  15341352383  1675  0  255223  255242  19  0  52460  879  997  501827  876  52460  0  52027  105737  12160  1918  679334947  5289  10374  11474  11474  40.4037432031  
1439252497  0  273184  112041  39  19  9869634  1670  51908  51876  16073047290  1682  0  266397  266416  19  0  52845  890  1055  517674  885  52845  0  51908  112041  12550  1999  731694907  6304  11483  11174  11174  41.0130168678  
1439252507  0  282540  116810  39  19  9752338  1686  52176  52144  16666034701  1702  0  274583  274602  19  0  52845  891  1096  533306  877  52845  0  52176  116810  12919  2057  592987411  4769  9356  8186  8186  41.3428187159  
1439252517  0  294999  123636  39  19  9820371  1678  51349  51317  17487766949  1719  0  286774  286793  19  0  53509  897  1157  549678  884  53509  0  51349  123636  13329  2161  821732248  6826  12459  12191  12191  41.9106505446  
1439252527  0  305977  129156  39  19  9878023  1684  53015  52983  18225573703  1719  0  299026  299045  19  0  53509  897  1203  565615  871  53509  0  53015  129156  13739  2250  737806754  5520  10978  12252  12252  42.2110158607  
1439252537  0  315812  134228  39  19  9796372  1686  53245  53213  18884949501  1719  0  310241  310260  19  0  53574  897  1255  581637  885  53574  0  53245  134228  14153  2334  659375798  5072  9835  11215  11215  42.5025014882  
1439252547  0  325903  140179  39  19  9849617  1646  51209  51177  19537812120  1719  0  318410  318429  19  0  53574  897  1303  598979  874  53574  0  51209  140179  14529  2403  652862619  5951  10091  8169  8169  43.0124914468  
1439252557  0  335598  144737  39  19  9888577  1651  51619  51587  20127547100  1719  0  329097  329116  19  0  53574  897  1356  613855  872  53574  0  51619  144737  14900  2483  589734980  4558  9695  10687  10687  43.1280877717  
1439252567  0  345657  150207  39  19  9771325  1677  51883  51851  20769437919  1719  0  340006  340025  19  0  53574  899  1417  630461  898  53574  0  51883  150207  15291  2561  641890819  5470  10059  10909  10909  43.4555064703  
1439252577  0  355601  155998  39  19  9881366  1678  52046  52014  21486820426  1719  0  349740  349759  19  0  53574  907  1463  647338  893  53574  0  52046  155998  15649  2632  717382507  5791  9944  9734  9734  43.8688305151  
1439252587  0  362552  159858  39  19  9884740  1668  52061  52029  21992937979  1719  0  357299  357318  19  0  53574  908  1487  659009  880  53574  0  52061  159858  15933  2699  506117553  3860  6951  7559  7559  44.0924336371  
1439252597  0  370778  164253  39  19  9823413  1634  50892  50860  22578004786  1719  0  365379  365398  19  0  53574  908  1535  675465  875  53574  0  50892  164253  16301  2779  585066807  4395  8226  8080  8080  44.299553911  
1439252607  0  380749  169068  39  19  9809484  1614  49451  49419  23172453256  1719  0  373432  373451  19  0  53574  908  1584  689952  884  53574  0  49451  169068  16616  2853  594448470  4815  9971  8053  8053  44.4040562155  
1439252617  0  393054  174932  39  19  9857396  1622  50631  50599  23887007000  1719  0  384640  384659  19  0  53574  908  1638  706600  881  53574  0  50631  174932  17000  2939  714553744  5864  12305  11208  11208  44.5058439807  
1439252627  0  402446  179976  39  19  9772368  1643  52254  52222  24571613791  1719  0  395056  395075  19  0  53574  908  1674  720215  870  53574  0  52254  179976  17355  3012  684606791  5044  9392  10416  10416  44.720533935  
1439252637  0  410249  183386  39  19  9917551  1656  53630  53598  25090574811  1719  0  403590  403609  19  0  54251  908  1711  731987  870  54251  0  53630  183386  17680  3074  518961020  3410  7803  8534  8534  44.7011449144  
1439252647  0  420425  189532  39  19  9887610  1631  52446  52414  25822162318  1719  0  413732  413751  19  0  54251  908  1764  748533  863  54251  0  52446  189532  18072  3156  731587507  6146  10176  10142  10142  45.0810489386  
1439252657  0  428089  193250  39  19  9827909  1678  54223  54191  26385721557  1719  0  422730  422749  19  0  54371  908  1815  761667  885  54371  0  54223  193250  18416  3212  563559239  3718  7664  8998  8998  45.142482054  
1439252667  0  437228  198408  39  19  9899455  1658  53148  53116  27052543600  1719  0  431502  431521  19  0  54491  908  1864  776539  875  54491  0  53148  198408  18769  3300  666822043  5158  9139  8772  8772  45.3786125317  
1439252677  0  444816  202647  39  19  9874079  1621  51369  51337  27573691763  1719  0  438447  438466  19  0  54491  908  1911  790748  854  54491  0  51369  202647  19108  3365  521148163  4239  7588  6945  6945  45.5574889392  
1439252687  0  451173  206386  39  19  9758408  1645  51810  51778  28092239894  1719  0  446168  446187  19  0  54491  908  1942  802561  864  54491  0  51810  206386  19430  3425  518548131  3739  6357  7721  7721  45.7443153735  
1439252697  0  461342  211328  39  19  9833055  1631  50699  50667  28636984859  1719  0  454719  454738  19  0  54491  908  1987  817133  857  54491  0  50699  211328  19789  3506  544744965  4942  10169  8551  8551  45.8072319451  
1439252707  0  469990  215837  39  19  9824436  1673  50979  50947  29139925292  1719  0  463040  463059  19  0  54491  908  2027  830386  881  54491  0  50979  215837  20078  3576  502940433  4509  8648  8321  8321  45.9237430584  
1439252717  0  478082  220077  39  19  9897840  1696  52711  52679  29645309816  1719  0  472442  472461  19  0  54491  908  2068  843086  892  54491  0  52711  220077  20393  3635  505384524  4240  8092  9402  9402  46.0333164604  
1439252727  0  487314  225079  39  19  9855733  1656  51584  51552  30270374291  1719  0  480694  480713  19  0  54491  908  2108  859192  858  54491  0  51584  225079  20768  3716  625064475  5002  9232  8252  8252  46.187673656  
1439252737  0  498451  231441  39  19  9804545  1609  49724  49692  31019411292  1719  0  490945  490964  19  0  54491  908  2146  873734  868  54491  0  49724  231441  21124  3799  749037001  6362  11137  10251  10251  46.43204648  
1439252747  0  506097  235437  39  19  9807970  1591  49724  49692  31537937328  1719  0  498953  498972  19  0  54491  908  2180  886294  854  54491  0  49724  235437  21458  3860  518526036  3996  7646  8008  8008  46.5201334922  
1439252757  0  514298  239579  39  19  9843517  1638  50910  50878  32048084444  1719  0  507434  507453  19  0  54491  908  2220  898944  880  54491  0  50910  239579  21738  3907  510147116  4142  8201  8481  8481  46.5836927229  
1439252767  0  522739  244104  39  19  9833044  1662  51010  50978  32610543065  1719  0  515467  515486  19  0  54491  908  2261  912506  887  54491  0  51010  244104  22049  3968  562458621  4525  8441  8033  8033  46.6971088823  
1439252777  0  530057  247525  39  19  9863744  1670  52165  52133  33083912828  1719  0  523547  523566  19  0  54491  908  2296  923721  879  54491  0  52165  247525  22347  4034  473369763  3421  7318  8080  8080  46.6978079716  
1439252787  0  539047  252532  39  19  9879858  1673  52487  52455  33742482828  1719  0  533224  533243  19  0  54491  908  2348  938037  879  54491  0  52487  252532  22698  4108  658570000  5007  8990  9677  9677  46.8478629878  
1439252797  0  548693  257322  39  19  9880693  1698  51989  51957  34344320692  1719  0  541832  541851  19  0  54491  908  2389  952408  905  54491  0  51989  257322  22987  4173  601837864  4790  9646  8608  8608  46.8972631326  
1439252807  0  554514  259582  39  19  9904738  1692  52816  52784  34711278268  1719  0  548713  548732  19  0  54491  908  2422  961948  901  54491  0  52816  259582  23228  4236  366957576  2260  5821  6881  6881  46.8125241202  
1439252817  0  563902  263717  39  19  9917188  1679  53345  53313  35219245912  1719  0  557277  557296  19  0  54491  908  2463  975707  882  54491  0  53345  263717  23541  4310  507967644  4135  9388  8564  8564  46.7664594203  
1439252827  0  571046  267498  39  19  9909527  1692  53699  53667  35720964752  1719  0  565046  565065  19  0  54491  908  2506  987296  882  54491  0  53699  267498  23808  4375  501718840  3781  7144  7769  7769  46.8435117311  
1439252837  0  579687  271843  39  19  9889777  1702  52958  52926  36280260767  1719  0  572470  572489  19  0  54491  908  2547  1000899  876  54491  0  52958  271843  24099  4437  559296015  4345  8641  7424  7424  46.8947897745  
1439252847  0  589012  276595  39  19  9900153  1676  53089  53057  36906440672  1719  0  581705  581724  19  0  54491  908  2581  1014160  858  54491  0  53089  276595  24442  4505  626179905  4752  9325  9235  9235  46.9591451448  
1439252857  0  596749  279771  39  19  9934717  1724  53935  53903  37362188855  1738  0  589139  589158  19  0  54491  908  2616  1025014  880  54491  0  53935  279771  24704  4559  455748183  3176  7737  7434  7434  46.8825251488  
1439252867  0  606007  284518  39  19  9950115  1747  54325  54293  37972478731  1764  0  599268  599287  19  0  55096  910  2662  1037249  903  55096  0  54325  284518  25009  4633  610289876  4747  9258  10129  10129  46.9496226941  
1439252877  0  615065  289675  39  19  9890004  1658  52461  52429  38582766377  1764  0  608546  608565  19  0  55096  910  2705  1051334  876  55096  0  52461  289675  25359  4713  610287646  5157  9058  9278  9278  47.0966483217  
1439252887  0  624370  295263  39  19  9870734  1676  52504  52472  39219149682  1764  0  617450  617469  19  0  55096  910  2745  1063953  877  55096  0  52504  295263  25637  4776  636383305  5588  9305  8904  8904  47.2897480661  
1439252897  0  633518  299516  39  19  9928052  1730  53922  53890  39829602451  1764  0  627035  627054  19  0  55096  910  2787  1076938  903  55096  0  53922  299516  25940  4839  610452769  4253  9148  9585  9585  47.2782146679  
1439252907  0  640105  303623  39  19  9886541  1668  52539  52507  40300295264  1764  0  633325  633344  19  0  55096  910  2813  1086361  888  55096  0  52539  303623  26153  4887  470692813  4107  6587  6290  6290  47.4333117223  
1439252917  0  649206  308717  39  19  9887635  1665  52484  52452  40913868307  1764  0  641946  641965  19  0  55096  910  2853  1100320  878  55096  0  52484  308717  26475  4953  613573043  5094  9101  8621  8621  47.5530109087  
1439252927  0  658599  314461  39  19  9849103  1629  51363  51331  41593040282  1764  0  651401  651420  19  0  55096  910  2899  1113891  859  55096  0  51363  314461  26812  5026  679171975  5744  9393  9455  9455  47.7469598344  
1439252937  0  666129  318634  39  19  9818262  1606  50257  50225  42084201132  1764  0  658640  658659  19  0  55096  910  2942  1125942  850  55096  0  50257  318634  27057  5092  491160850  4173  7530  7239  7239  47.8336778612  
1439252947  0  675970  323620  39  19  9824819  1629  50990  50958  42722282625  1764  0  667874  667893  19  0  55096  910  2984  1138804  857  55096  0  50990  323620  27392  5158  638081493  4986  9841  9234  9234  47.8749056911  
1439252957  0  683086  327672  39  19  9840055  1634  51516  51484  43249538556  1764  0  677017  677036  19  0  55096  910  3016  1149957  864  55096  0  51516  327672  27684  5218  527255931  4052  7116  9143  9143  47.9693625693  
1439252967  0  690068  330907  39  19  9878057  1664  52387  52355  43669290167  1764  0  684754  684773  19  0  55096  910  3052  1160545  870  55096  0  52387  330907  27947  5274  419751611  3235  6982  7737  7737  47.9528104477  
1439252977  0  699588  336410  39  19  9816177  1612  50129  50097  44238051442  1764  0  692019  692038  19  0  55096  910  3096  1174779  848  55096  0  50129  336410  28246  5347  568761275  5503  9520  7265  7265  48.0868739887  
1439252987  0  709332  341797  39  19  9235295  1616  50485  50453  44859514809  1764  0  701454  701473  19  0  55096  910  3126  1188556  861  55096  0  50485  341797  28586  5413  621463367  5387  9744  9435  9435  48.185757868  
1439252998  0  716799  346352  39  19  9184405  1558  49086  49054  45392855326  1764  0  708361  708380  19  0  55096  910  3153  1200488  815  55096  0  49086  346352  28874  5478  533340517  4555  7467  6907  6907  48.3192638383  
1439253008  0  724002  349858  39  19  9720129  1621  50711  50679  45952061115  1764  0  717412  717431  19  0  55096  910  3186  1210457  853  55096  0  50711  349858  29122  5534  559205789  3506  7203  9051  9051  48.3227946884  
1439253018  0  732092  353635  39  19  9757606  1646  51822  51790  46489017060  1764  0  725451  725470  19  0  55096  910  3224  1220794  860  55096  0  51822  353635  29372  5593  536955945  3777  8090  8039  8039  48.3047212645  
1439253028  0  740634  358398  39  19  9832039  1638  50709  50677  47069908074  1764  0  733107  733126  19  0  55096  910  3260  1234414  869  55096  0  50709  358398  29666  5650  580891014  4763  8542  7656  7656  48.3907031003  
1439253038  0  746431  361176  39  19  9871257  1668  51765  51733  47456826298  1764  0  739814  739833  19  0  55096  910  3284  1243704  882  55096  0  51765  361176  29898  5694  386918224  2778  5797  6707  6707  48.3870578794  
1439253048  0  754750  365949  39  19  9858145  1662  51325  51293  48022486764  1764  0  747957  747976  19  0  55096  910  3322  1253977  883  55096  0  51325  365949  30162  5748  565660466  4773  8319  8143  8143  48.4861212322  
1439253058  0  762638  370156  39  19  9837854  1648  50617  50585  48537100649  1764  0  755220  755239  19  0  55096  910  3368  1267476  883  55096  0  50617  370156  30456  5817  514613885  4207  7888  7263  7263  48.5362649121  
1439253068  0  771670  374884  39  19  9853232  1654  51715  51683  49112308479  1764  0  763935  763954  19  0  55096  910  3406  1280504  883  55096  0  51715  374884  30753  5870  575207830  4728  9032  8715  8715  48.580870061  
1439253078  0  778895  378967  39  19  9881800  1660  52461  52429  49602178015  1764  0  771286  771305  19  0  55096  910  3443  1290982  871  55096  0  52461  378967  31019  5922  489869536  4083  7225  7351  7351  48.6544399438  
1439253088  0  784028  380772  39  19  9931874  1697  54106  54074  49901746288  1764  0  777234  777253  19  0  55096  910  3468  1299451  881  55096  0  54106  380772  31210  5964  299568273  1805  5133  5948  5948  48.5661226385  
1439253098  0  792585  386184  39  19  9931694  1700  53729  53697  50509757546  1764  0  785992  786011  19  0  55207  913  3507  1311132  893  55207  0  53729  386184  31493  6026  608011258  5412  8557  8758  8758  48.7246162872  
1439253108  0  801117  391116  39  19  9919442  1694  53277  53245  51130235700  1764  0  794827  794846  19  0  55207  913  3551  1323778  881  55207  0  53277  391116  31818  6088  620478154  4932  8532  8835  8835  48.8213332135  
1439253118  0  809680  395370  39  19  9906237  1693  52912  52880  51653966332  1764  0  802710  802729  19  0  55207  913  3580  1336196  883  55207  0  52912  395370  32076  6154  523730632  4254  8563  7883  7883  48.8304021342  
1439253128  0  816971  399177  39  19  9827085  1648  51021  50989  52144447687  1764  0  809530  809549  19  0  55207  913  3619  1347060  854  55207  0  51021  399177  32335  6223  490481355  3807  7291  6820  6820  48.8606082713  
1439253138  0  822577  401974  39  19  9851505  1653  51658  51626  52517880693  1764  0  815480  815499  19  0  55207  913  3643  1355343  862  55207  0  51658  401974  32519  6267  373433006  2797  5606  5950  5950  48.8676440017  
1439253148  0  830153  406153  39  19  9856761  1650  51486  51454  52983686910  1764  0  822923  822942  19  0  55207  913  3677  1366249  870  55207  0  51486  406153  32774  6318  465806217  4179  7576  7443  7443  48.9250776664  
1439253158  0  837390  409937  39  19  9846631  1642  51155  51123  53433632027  1764  0  829534  829553  19  0  55207  913  3709  1376337  863  55207  0  51155  409937  33017  6366  449945117  3784  7237  6611  6611  48.9541312889  
1439253168  0  845442  414160  39  19  9864639  1643  51559  51527  53977863962  1764  0  837483  837502  19  0  55207  913  3732  1386794  870  55207  0  51559  414160  33274  6420  544231935  4223  8052  7949  7949  48.9873935764  
1439253178  0  852708  418185  39  19  9581931  1683  52921  52889  54523861599  1764  0  846062  846081  19  0  55207  913  3761  1396788  887  55207  0  52921  418185  33542  6478  545997637  4025  7266  8579  8579  49.0419932732  
