#type:G;
#time  Rt  Nm  Tt  Nc  Rx  Gz  Pc  Pf  Ra  Te  Pm  Fp  Fc  Ta  Fm  Om  Lm  Oc  Sm  Sc  Em  Af  Ea  Cf  Ec  Gd  Zt  Et  Ep  dedup_put_diff  total_eph_put_diff  dedup_factor  dedup_curr  compression_saving  tze_saving  
1438455148  0  0  2570  0  0  0  0  0  0  2497  0  0  0  0  0  0  0  0  0  0  0  0  0  0  0  0  0  0  0  0  0  0 0 0 0 
1438455158  0  0  2579  0  0  0  0  0  0  2497  0  0  0  0  0  0  0  0  0  0  0  0  0  0  0  0  0  0  0  0  0  0 0 0 0 
1438455168  0  804  145516  804  0  89872955  32565  0  0  80621  32565  0  20347  0  20347  273  0  273  23179  23179  32565  5  0  0  32565  9386  0  0  32565  9386  32565  28.8223552894  28.8223552894  5.33828290998  100.0  
1438455178  0  2681  337332  2681  0  322937416  128723  0  0  80621  128723  0  76772  0  76772  273  0  273  80428  80428  128723  5  0  0  128723  48295  0  0  128723  38909  96158  37.5185475789  37.5185475789  1.9717727929  100.0  
1438455188  0  3484  964465  3480  0  435164599  163869  0  0  80621  164590  0  103628  6259  110341  334  0  334  113989  108186  164590  5  0  0  163869  237470  0  0  442333  189175  313610  53.6857978039  33.9801914944  1.7974995122  100.0  
1438455198  0  3548  1665708  3493  0  436269494  163822  0  0  80621  164590  0  103574  5936  110341  334  0  334  113989  108628  164590  5  0  0  163822  457522  0  0  794674  220052  352341  57.5735458817  33.6914455934  1.94875452591  100.0  
1438455208  0  3556  2356728  3516  0  441012083  164008  0  0  80621  164590  0  104747  4775  110341  334  0  334  113989  109779  164590  5  0  0  164008  673670  0  0  1141998  216148  347324  58.9904710866  33.0648504951  1.92207473545  100.0  
1438455218  0  3556  3123827  3503  0  447001014  163791  0  0  80621  164590  0  106194  3286  110341  334  0  334  113989  111248  164590  5  0  0  163791  917463  0  0  1527202  243793  385204  60.0747641766  32.0792961762  1.90285943694  100.0  
1438455228  0  3556  3806190  3487  0  436462006  163931  0  0  80621  164590  0  103621  5859  110341  334  0  334  113989  108675  164590  5  0  0  163931  1133572  0  0  1869958  216109  342756  60.6201850523  33.7068644735  1.94791172432  100.0  
1438455238  0  3556  4487910  3509  0  438695580  163915  0  0  80621  164590  0  104171  5312  110341  334  0  334  113989  109219  164590  5  0  0  163915  1346368  0  0  2212388  212796  342430  60.8558715741  33.3685141689  1.93701362772  100.0  
1438455248  0  3556  5168431  3515  0  437125558  163934  0  0  80621  164590  0  103782  5724  110341  334  0  334  113989  108836  164590  5  0  0  163934  1559747  0  0  2554258  213379  341870  61.0645831392  33.6098673857  1.94411138447  100.0  
1438455258  0  3556  5931419  3511  0  441602486  164109  0  0  80621  164590  0  104875  4633  110341  334  0  334  113989  109929  164590  5  0  0  164109  1799469  0  0  2937530  239722  383272  61.2578935364  33.014642707  1.92478151025  100.0  
1438455268  0  3556  6614975  3508  0  445289998  163958  0  0  80621  164590  0  105788  3710  110341  334  0  334  113989  110823  164590  5  0  0  163958  2006980  0  0  3280722  207511  343192  61.1749486851  32.4076897742  1.90359544682  100.0  
1438455278  0  3556  7300360  3514  0  450122166  164032  0  0  80621  164590  0  106955  2544  110341  334  0  334  113989  112009  164590  5  0  0  164032  2219605  0  0  3625100  212625  344378  61.2287936884  31.7151531409  1.88903844013  100.0  
1438455288  0  3556  8063718  3506  0  442393014  163899  0  0  80621  164590  0  105068  4432  110341  334  0  334  113989  110122  164590  5  0  0  163899  2458052  0  0  4008507  238447  383407  61.3208858061  32.8110604702  1.92140813498  100.0  
1438455298  0  3577  8749850  3546  0  436022421  163656  0  0  80621  164590  0  103525  5976  110341  334  0  334  113989  108562  164590  5  0  0  163656  2679350  0  0  4352993  221298  344486  61.5519023348  33.6645158137  1.94470774585  100.0  
1438455308  0  3577  9435884  3514  0  436425142  163866  0  0  80621  164590  0  103613  5892  110341  334  0  334  113989  108667  164590  5  0  0  163866  2900123  0  0  4697657  220773  344664  61.7355204946  33.685450307  1.948975371  100.0  
1438455318  0  3577  10111736  3506  0  448147894  163917  0  0  80621  164590  0  106475  3030  110341  334  0  334  113989  111529  164590  5  0  0  163917  3112919  0  0  5037137  212796  339480  61.7993713492  31.9600773562  1.89896176457  100.0  
1438455328  0  3577  10872059  3494  0  447619949  163916  0  0  80621  164590  0  106349  3143  110341  334  0  334  113989  111400  164590  5  0  0  163916  3355671  0  0  5419063  242752  381926  61.9234542946  32.0383611118  1.90106453202  100.0  
1438455338  0  3577  11553418  3481  0  455963062  163853  0  0  80621  164590  0  108385  1091  110341  334  0  334  113989  113439  164590  5  0  0  163853  3576655  0  0  5761256  220984  342193  62.0811677176  30.7678223774  1.86875154612  100.0  
1438455348  0  3577  12235782  3505  0  446615990  163798  0  0  80621  164590  0  106103  3372  110341  334  0  334  113989  111157  164590  5  0  0  163798  3794382  0  0  6103989  217727  342733  62.1623335167  32.1377550397  1.90711612081  100.0  
1438455358  0  3577  12999305  3505  0  439049626  164032  0  0  80621  164590  0  104271  5206  110341  334  0  334  113989  109303  164590  5  0  0  164032  4031820  0  0  6487512  237438  383523  62.1473994961  33.3648312524  1.93329542862  100.0  
1438455368  0  3577  13681745  3494  0  441815478  163948  0  0  80621  164590  0  104930  4548  110341  334  0  334  113989  109984  164590  5  0  0  163948  4246796  0  0  6830167  214976  342655  62.1770448658  32.915314612  1.92654664897  100.0  
1438455378  0  3577  14364727  3533  0  443642294  163868  0  0  80621  164590  0  105377  4103  110341  334  0  334  113989  110431  164590  5  0  0  163868  4464000  0  0  7173207  217204  343040  62.2315792643  32.6097834843  1.91965396166  100.0  
1438455388  0  3577  15124794  3494  0  448450361  164059  0  0  80621  164590  0  106556  2926  110341  334  0  334  113989  111601  164590  5  0  0  164059  4700980  0  0  7555012  236980  381805  62.2233293607  31.9750821351  1.89608389171  100.0  
1438455398  0  3577  15806781  3496  0  448319926  163891  0  0  80621  164590  0  106518  2966  110341  334  0  334  113989  111572  164590  5  0  0  163891  4914524  0  0  7897440  213544  342428  62.2293300107  31.923046415  1.89912618435  100.0  
1438455408  0  3577  16489492  3493  0  444350902  163868  0  0  80621  164590  0  105549  3936  110341  334  0  334  113989  110603  164590  5  0  0  163868  5130808  0  0  8240304  216284  342864  62.264790231  32.5048209535  1.91576455106  100.0  
1438455418  0  3577  17175558  3506  0  449919580  164046  0  0  80621  164590  0  106919  2568  110341  334  0  334  113989  111956  164590  5  0  0  164046  5348242  0  0  8584937  217434  344633  62.2979760946  31.7532887117  1.88677028392  100.0  
1438455428  0  3577  17937528  3507  0  445151532  163795  0  0  80621  164590  0  105744  3733  110341  334  0  334  113989  110798  164590  5  0  0  163795  5582321  0  0  8967493  234079  382556  62.2506312522  32.3556885131  1.91197201918  100.0  
1438455438  0  3577  18620333  3514  0  445204780  163844  0  0  80621  164590  0  105757  3720  110341  334  0  334  113989  110811  164590  5  0  0  163844  5794553  0  0  9310486  212232  342993  62.2368477865  32.3679841801  1.9117477126  100.0  
1438455448  0  3577  19305786  3509  0  448348389  163954  0  0  80621  164590  0  106535  2948  110341  334  0  334  113989  111574  164590  5  0  0  163954  6007343  0  0  9654759  212790  344273  62.2215738373  31.9479854105  1.89465654346  100.0  
1438455458  0  3577  20063276  3507  0  443205932  163864  0  0  80621  164590  0  105269  4209  110341  334  0  334  113989  110323  164590  5  0  0  163864  6252881  0  0  10035069  245538  380310  62.3102940299  32.6740467705  1.92020408964  100.0  
1438455468  0  3577  20747711  3566  0  450476332  163907  0  0  80621  164590  0  107044  2435  110341  334  0  334  113989  112098  164590  5  0  0  163907  6473203  0  0  10378822  220322  343753  62.3693421084  31.6087781486  1.88979888831  100.0  
1438455478  0  3577  21429215  3527  0  448446521  163789  0  0  80621  164590  0  106549  2931  110341  334  0  334  113989  111599  164590  5  0  0  163789  6684813  0  0  10721045  211610  342223  62.3522520426  31.8641667023  1.89516580255  100.0  
1438455488  0  3577  22110480  3507  0  445962540  163966  0  0  80621  164590  0  105940  3542  110341  334  0  334  113989  110994  164590  5  0  0  163966  6902712  0  0  11063409  217899  342364  62.3922698691  32.30669773  1.90679384274  100.0  
1438455498  0  3577  22868420  3480  0  448969004  163881  0  0  80621  164590  0  106674  2809  110341  334  0  334  113989  111728  164590  5  0  0  163881  7151488  0  0  11444109  248776  380700  62.4905617379  31.8237013443  1.89426711103  100.0  
1438455508  0  3577  23551605  3520  0  444264762  163695  0  0  80621  164590  0  105528  3956  110341  334  0  334  113989  110580  164590  5  0  0  163695  7376311  0  0  11787153  224823  343044  62.5792419934  32.4475396316  1.91438175063  100.0  
1438455518  0  3577  24233954  3510  0  446621996  163875  0  0  80621  164590  0  106102  3383  110341  334  0  334  113989  111156  164590  5  0  0  163875  7597078  0  0  12129991  220767  342838  62.6305328668  32.1702517162  1.90491449657  100.0  
1438455528  0  3577  24990192  3514  0  452434220  163917  0  0  80621  164590  0  107521  1940  110341  334  0  334  113989  112575  164590  5  0  0  163917  7848314  0  0  12509755  251236  379764  62.7375516147  31.3219495232  1.8809031826  100.0  
1438455538  0  3577  25681891  3558  0  448475582  163947  0  0  80621  164590  0  106558  2905  110341  334  0  334  113989  111607  164590  5  0  0  163947  8074972  0  0  12857044  226658  347289  62.8058206848  31.9249513562  1.89584086418  100.0  
1438455548  0  3577  26374770  3556  0  449038636  163805  0  0  80621  164590  0  106692  2772  110341  334  0  334  113989  111746  164590  5  0  0  163805  8304409  0  0  13204739  229437  347695  62.8896110707  31.7810811636  1.89485686988  100.0  
1438455558  0  3577  27138485  3494  0  444651820  163891  0  0  80621  164590  0  105621  3844  110341  334  0  334  113989  110675  164590  5  0  0  163891  8553232  0  0  13588197  248823  383458  62.9460405969  32.4703613987  1.91319336599  100.0  
1438455568  0  3577  27824988  3499  0  451753507  163846  0  0  80621  164590  0  107372  2093  110341  334  0  334  113989  112401  164590  5  0  0  163846  8779942  0  0  13932795  226710  344598  63.0163725225  31.3983862896  1.87686626905  100.0  
1438455578  0  3577  28511918  3511  0  448735532  163859  0  0  80621  164590  0  106618  2849  110341  334  0  334  113989  111672  164590  5  0  0  163859  9001285  0  0  14277677  221343  344882  63.0444644461  31.8487235977  1.8961125061  100.0  
1438455588  0  3577  29202502  3527  0  449550636  164005  0  0  80621  164590  0  106817  2652  110341  334  0  334  113989  111871  164590  5  0  0  164005  9227991  0  0  14624487  226706  346810  63.0995876984  31.7880552422  1.89273963566  100.0  
1438455598  0  3577  29960212  3531  0  448427497  163919  0  0  80621  164590  0  106551  2920  110341  334  0  334  113989  111592  164590  5  0  0  163919  9474585  0  0  15004924  246594  380437  63.1431722013  31.9224739048  1.89317389708  100.0  
1438455608  0  3577  30652316  3540  0  451758380  163905  0  0  80621  164590  0  107354  2104  110341  334  0  334  113989  112408  164590  5  0  0  163905  9695741  0  0  15352351  221156  347427  63.1547637232  31.4188096763  1.88191833127  100.0  
1438455618  0  3577  31340957  3479  0  451803436  163873  0  0  80621  164590  0  107365  2093  110341  334  0  334  113989  112419  164590  5  0  0  163873  9909784  0  0  15697902  214043  345551  63.1280791535  31.3987050948  1.88173418889  100.0  
1438455628  0  3577  32104688  3517  0  446642332  163976  0  0  80621  164590  0  106118  3341  110341  334  0  334  113989  111154  164590  5  0  0  163976  10154796  0  0  16081366  245012  383464  63.1463521196  32.2132507196  1.89868283108  100.0  
1438455638  0  3577  32792790  3490  0  449009964  164010  0  0  80621  164590  0  106684  2777  110341  334  0  334  113989  111738  164590  5  0  0  164010  10376680  0  0  16426862  221884  345496  63.168972869  31.8712273642  1.89409758347  100.0  
1438455648  0  3577  33481571  3505  0  442857772  163908  0  0  80621  164590  0  105182  4280  110341  334  0  334  113989  110236  164590  5  0  0  163908  10597311  0  0  16772647  220631  345785  63.1821023837  32.745198526  1.91990525583  100.0  
1438455658  0  3577  34245576  3522  0  447104675  163887  0  0  80621  164590  0  106234  3229  110341  334  0  334  113989  111266  164590  5  0  0  163887  10838921  0  0  17156207  241610  383560  63.1778399503  32.108098873  1.89598368332  100.0  
1438455668  0  3577  34921678  3521  0  444070188  164013  0  0  80621  164590  0  105478  3989  110341  334  0  334  113989  110532  164590  5  0  0  164013  11049668  0  0  17495546  210747  339339  63.1570343675  32.6077810905  1.91476383112  100.0  
1438455678  0  3577  35609657  3513  0  444459308  163938  0  0  80621  164590  0  105573  3899  110341  334  0  334  113989  110627  164590  5  0  0  163938  11266361  0  0  17840893  216693  345347  63.1490867638  32.5190010858  1.91311954388  100.0  
1438455688  0  3577  36295882  3498  0  447291032  163858  0  0  80621  164590  0  106395  3079  110341  334  0  334  113989  111243  164590  5  0  0  163858  11487478  0  0  18185309  221117  344416  63.1690008677  32.1101197378  1.83480119255  100.0  
1438455698  0  3577  37060214  3473  0  443967788  163746  0  0  80621  164590  0  105454  4021  110341  334  0  334  113989  110508  164590  5  0  0  163746  11735517  0  0  18568892  248039  383583  63.1998775156  32.5125499249  1.91608458918  100.0  
1438455708  0  3577  37746619  3501  0  450906412  163969  0  0  80621  164590  0  107148  2328  110341  334  0  334  113989  112202  164590  5  0  0  163969  11960270  0  0  18913616  224753  344724  63.2362949528  31.5712116315  1.88715598457  100.0  
1438455718  0  3577  38437263  3504  0  449799316  163889  0  0  80621  164590  0  106974  2504  110341  334  0  334  113989  111867  164590  5  0  0  163889  12184726  0  0  19260275  224456  346659  63.2635099966  31.742215768  1.83495925267  100.0  
1438455728  0  3577  39203619  3479  0  447260972  163864  0  0  80621  164590  0  106258  3221  110341  334  0  334  113989  111312  164590  5  0  0  163864  12431847  0  0  19644940  247121  384665  63.2826926425  32.0704974857  1.90224482339  100.0  
1438455738  0  3577  39893063  3513  0  447031596  163937  0  0  80621  164590  0  106202  3263  110341  334  0  334  113989  111256  164590  5  0  0  163937  12650722  0  0  19991079  218875  346139  63.2818368633  32.134905482  1.90320230622  100.0  
1438455748  0  3577  40574560  3499  0  443899306  163972  0  0  80621  164590  0  105500  3966  110341  334  0  334  113989  110457  164590  5  0  0  163972  12857662  0  0  20333333  206940  342254  63.2344043153  32.6366696753  1.88593388929  100.0  
1438455758  0  3577  41340490  3493  0  445987116  163856  0  0  80621  164590  0  105948  3520  110341  334  0  334  113989  111002  164590  5  0  0  163856  13096034  0  0  20717756  238372  384423  63.2116431915  32.2563714481  1.90845818797  100.0  
1438455768  0  3577  42026386  3521  0  446359852  163870  0  0  80621  164590  0  106039  3429  110341  334  0  334  113989  111093  164590  5  0  0  163870  13317577  0  0  21062088  221543  344332  63.2300890586  32.2066272045  1.9068949059  100.0  
1438455778  0  3577  42715375  3504  0  449756995  163790  0  0  80621  164590  0  106939  2529  110341  334  0  334  113989  111872  164590  5  0  0  163790  13541348  0  0  21407983  223771  345895  63.2537310965  31.6979058551  1.8485824358  100.0  
