#type:T;
#time  gt  cn  Pt  Px  gx  cx  gn  gm  Pn  Pm  Ft  cm  pt  Fx  px  ct  pn  Fm  Fn  pm  dn  On  Om  dm  dx  Ox  dt  Ot  Gt  Cn  Cm  Gx  Cx  Gn  Gm  Ct  
1438455148  2298286  0  0  0  28899  0  2497  157  0  2147483647  15897  2147483647  0  2139  0  0  0  287  21  2147483647  0  46  268  2147483647  0  4108  0  37370  0  0  2147483647  0  0  0  2147483647  0  
1438455158  2298286  0  0  0  28899  0  2497  157  0  2147483647  15897  2147483647  0  2139  0  0  0  287  21  2147483647  0  46  268  2147483647  0  4108  0  37370  0  0  2147483647  0  0  0  2147483647  0  
1438455168  225303889  32570  4062882201  530038  531914  511035  112968  154  32565  7165  43258  6460  457992  3286  150579  3830329426  5  242  63  59949  0  46  268  2147483647  0  4108  0  37370  0  29731  275  0  36675  0  2147483647  20919085  
1438455178  673260843  128728  16448536862  1005870  708039  990147  209096  154  128723  7165  43258  6460  457992  3286  150579  15361720277  5  242  63  59949  0  46  268  2147483647  0  4108  0  37370  0  125065  263  0  45053  0  2147483647  83315111  
1438455188  877337489  442281  47964567405  1005870  708039  990147  246730  154  442333  7165  48383  6460  457992  3286  150579  44018460023  5  242  72  59949  0  46  268  2147483647  0  4108  0  37370  2416840781  715258  263  496108  53155  278464  1706  709845115  
1438455198  877337489  794556  82807262818  1005870  708039  990147  246730  154  794674  7165  48383  6460  457992  3286  150579  75721767560  5  242  72  59949  0  46  268  2147483647  0  4108  0  37370  5439542758  1418383  263  695560  527566  630852  1706  1464278135  
1438455208  877337489  1141824  117512120950  1005870  708039  990147  246730  154  1141998  7165  48383  6460  457992  3286  150579  107326421524  5  242  72  59949  0  46  268  2147483647  0  4108  0  37370  8407475285  2111204  263  705333  527566  977990  1706  2208235940  
1438455218  877337489  1526944  156188415140  1005870  708039  990147  246730  154  1527202  7165  48383  6460  457992  3286  150579  142538763462  5  242  72  59949  0  46  268  2147483647  0  4108  0  37370  11694745650  2880577  263  705333  527566  1363411  1706  3034984006  
1438455228  877337489  1869631  190747227449  1005870  708039  990147  246730  154  1869958  7165  48383  6460  457992  3286  150579  174012533923  5  242  72  59949  0  46  268  2147483647  0  4108  0  37370  14521396213  3564831  263  705333  527566  1706027  1660  3773173716  
1438455238  877337489  2212003  225277731374  1005870  708039  990147  246730  154  2212388  7165  48383  6460  457992  3286  150579  205457760282  5  242  72  59949  0  46  268  2147483647  0  4108  0  37370  17430647471  4248075  263  705333  527566  2048473  1660  4510367919  
1438455248  877337489  2553807  259867408570  1005870  708039  990147  246730  154  2554258  7165  48383  6460  457992  3286  150579  236950187054  5  242  72  59949  0  46  268  2147483647  0  4108  0  37370  20408146314  4930237  263  705333  527566  2390324  1660  5246056321  
1438455258  877337489  2937009  298580503819  1005870  708039  990147  246730  154  2937530  7165  48383  6460  457992  3286  150579  272197135735  5  242  72  59949  0  46  268  2147483647  0  4108  0  37370  23609148213  5695384  260  705333  543424  2773421  1660  6070567496  
1438455268  877337489  3280129  333262755499  1005870  708039  990147  246730  154  3280722  7165  48383  6460  457992  3286  150579  303775237159  5  242  72  59949  0  46  268  2147483647  0  4108  0  37370  26512767575  6380300  260  705333  543424  3116764  1660  6809793539  
1438455278  877337489  3624441  368079700992  1005870  708039  990147  246730  154  3625100  7165  48383  6460  457992  3286  150579  335471453242  5  242  72  59949  0  46  268  2147483647  0  4108  0  37370  29458983449  7067887  260  705333  562274  3461069  1651  7551089085  
1438455288  877337489  4007773  406824175577  1005870  708039  990147  246730  154  4008507  7165  48383  6460  457992  3286  150579  370744361836  5  242  72  59949  0  46  268  2147483647  0  4108  0  37370  32719428286  7833624  260  705333  574306  3844609  1651  8376456992  
1438455298  877337489  4352176  441646839205  1005870  708039  990147  246730  154  4352993  7165  48383  6460  457992  3286  150579  402440207390  5  242  72  59949  0  46  268  2147483647  0  4108  0  37370  35615876117  8521241  260  705333  574306  4189338  1651  9119458416  
1438455308  877337489  4696778  476472543179  1005870  708039  990147  246730  154  4697657  7165  48383  6460  457992  3286  150579  434144387549  5  242  72  59949  0  46  268  2147483647  0  4108  0  37370  38485395571  9208775  260  705333  574985  4533792  1651  9864053815  
1438455318  877337489  5036204  510854624223  1005870  708039  990147  246730  154  5037137  7165  48383  6460  457992  3286  150579  465446935806  5  242  72  59949  0  46  268  2147483647  0  4108  0  37370  41336611087  9886673  260  705333  574985  4873221  1651  10597806329  
1438455328  877337489  5418066  549495757708  1005870  708039  990147  246730  154  5419063  7165  48383  6460  457992  3286  150579  500614562581  5  242  72  59949  0  46  268  2147483647  0  4108  0  37370  44554475421  10648774  260  705333  574985  5255148  1651  11419620515  
1438455338  877337489  5760197  584120032561  1005870  708039  990147  246730  154  5761256  7165  48383  6460  457992  3286  150579  532127459114  5  242  72  59949  0  46  268  2147483647  0  4108  0  37370  47393541087  11332141  260  705333  574985  5597404  1651  12157841981  
1438455348  877337489  6102867  618782486214  1005870  708039  990147  246730  154  6103989  7165  48383  6460  457992  3286  150579  563670145489  5  242  72  59949  0  46  268  2147483647  0  4108  0  37370  50298527362  12016624  260  705333  574985  5940192  1651  12900049056  
1438455358  877337489  6486315  657544804559  1005870  708039  990147  246730  154  6487512  7165  48383  6460  457992  3286  150579  598975646261  5  242  72  59949  0  46  268  2147483647  0  4108  0  37370  53433616054  12781693  260  705333  574985  6323481  1651  13727766898  
1438455368  877337489  6828902  692222331744  1005870  708039  990147  246730  154  6830167  7165  48383  6460  457992  3286  150579  630546853088  5  242  72  59949  0  46  268  2147483647  0  4108  0  37370  56276341086  13465471  257  705333  574985  6666220  1651  14467526955  
1438455378  877337489  7171879  726923210560  1005870  708039  990147  246730  154  7173207  7165  48383  6460  457992  3286  150579  662137875036  5  242  72  59949  0  46  268  2147483647  0  4108  0  37370  59181738259  14150559  257  705333  579988  7009340  1651  15208817345  
1438455388  877337489  7553608  765554268804  1005870  708039  990147  246730  154  7555012  7165  48383  6460  457992  3286  150579  697319871656  5  242  72  59949  0  46  268  2147483647  0  4108  0  37370  62321069572  14912185  257  705333  579988  7390954  1651  16035475311  
1438455398  877337489  7895981  800197716278  1005870  708039  990147  246730  154  7897440  7165  48383  6460  457992  3286  150579  728859096807  5  242  72  59949  0  46  268  2147483647  0  4108  0  37370  65213338243  15596098  257  705333  579988  7733550  1651  16771980661  
1438455408  877337489  8238787  834870374930  1005870  708039  990147  246730  154  8240304  7165  48383  6460  457992  3286  150579  760423625758  5  242  72  59949  0  46  268  2147483647  0  4108  0  37370  68071604665  16280730  257  705333  579988  8076437  1651  17514139894  
1438455418  877337489  8583352  869723338055  1005870  708039  990147  246730  154  8584937  7165  48383  6460  457992  3286  150579  792151168729  5  242  72  59949  0  46  268  2147483647  0  4108  0  37370  70906722850  16968166  257  705333  579988  8420892  1651  18257841303  
1438455428  877337489  8965834  908406635849  1005870  708039  990147  246730  154  8967493  7165  48383  6460  457992  3286  150579  827376860830  5  242  72  59949  0  46  268  2147483647  0  4108  0  37370  74085376852  17731799  257  705333  579988  8803699  1651  19080367436  
1438455438  877337489  9308780  943124108616  1005870  708039  990147  246730  154  9310486  7165  48383  6460  457992  3286  150579  858980929085  5  242  72  59949  0  46  268  2147483647  0  4108  0  37370  76980804240  18416680  257  705333  579988  9146643  1651  19819736311  
1438455448  877337489  9652987  977953744663  1005870  708039  990147  246730  154  9654759  7165  48383  6460  457992  3286  150579  890688633451  5  242  72  59949  0  46  268  2147483647  0  4108  0  37370  79819891098  19103451  257  705333  579988  9490806  1651  20560844157  
1438455458  877337489  10033234  1016432137801  1005870  708039  990147  246730  154  10035069  7165  48383  6460  457992  3286  150579  925694271247  5  242  72  59949  0  46  268  2147483647  0  4108  0  37370  82965119172  19862928  257  705333  579988  9871206  1651  21386086983  
1438455468  877337489  10376917  1051196772016  1005870  708039  990147  246730  154  10378822  7165  48383  6460  457992  3286  150579  957329897303  5  242  72  59949  0  46  268  2147483647  0  4108  0  37370  85836254332  20549301  257  705333  579988  10214916  1651  22128706726  
1438455478  877337489  10719065  1085813646104  1005870  708039  990147  246730  154  10721045  7165  48383  6460  457992  3286  150579  988841353448  5  242  72  59949  0  46  268  2147483647  0  4108  0  37370  88728246222  21232200  257  705333  579988  10557257  1651  22866420494  
1438455488  877337489  11061374  1120455971794  1005870  708039  990147  246730  154  11063409  7165  48383  6460  457992  3286  150579  1020370874447  5  242  72  59949  0  46  268  2147483647  0  4108  0  37370  91656433575  21915177  257  705333  579988  10899444  1651  23603196337  
1438455498  877337489  11442019  1158979454036  1005870  708039  990147  246730  154  11444109  7165  48383  6460  457992  3286  150579  1055423169247  5  242  72  59949  0  46  268  2147483647  0  4108  0  37370  94907988701  22675479  257  705333  579988  11280229  1651  24425852236  
1438455508  877337489  11785007  1193664819447  1005870  708039  990147  246730  154  11787153  7165  48383  6460  457992  3286  150579  1086982067115  5  242  72  59949  0  46  268  2147483647  0  4108  0  37370  97778192566  23360132  257  705333  579988  11623459  1651  25168651932  
1438455518  877337489  12127787  1228361319289  1005870  708039  990147  246730  154  12129991  7165  48383  6460  457992  3286  150579  1118557582850  5  242  72  59949  0  46  268  2147483647  0  4108  0  37370  100669078559  24044530  257  705333  579988  11966117  1651  25909330908  
1438455528  877337489  12507493  1266717202771  1005870  708039  990147  246730  154  12509755  7165  48383  6460  457992  3286  150579  1153486420968  5  242  72  59949  0  46  268  2147483647  0  4108  0  37370  103752996310  24802827  257  757710  579988  12345839  1651  26721948302  
1438455538  877337489  12854701  1301656233112  1005870  708039  990147  246730  154  12857044  7165  48383  6460  457992  3286  150579  1185382603716  5  242  72  59949  0  46  268  2147483647  0  4108  0  37370  106543716735  25495747  257  757710  579988  12693098  1651  27441219498  
1438455548  877337489  13202318  1336647067410  1005870  708039  990147  246730  154  13204739  7165  48383  6460  457992  3286  150579  1217329860512  5  242  72  59949  0  46  268  2147483647  0  4108  0  37370  109269838594  26189686  257  757710  579988  13040935  1651  28163179709  
1438455558  877337489  13585687  1375283284720  1005870  708039  990147  246730  154  13588197  7165  48383  6460  457992  3286  150579  1252600675906  5  242  72  59949  0  46  268  2147483647  0  4108  0  37370  112342371097  26955320  257  757710  579988  13424307  1651  28959900342  
1438455568  877337489  13930225  1409996032426  1005870  708039  990147  246730  154  13932795  7165  48383  6460  457992  3286  150579  1284289909616  5  242  72  59949  0  46  268  2147483647  0  4108  0  37370  115092834339  27642961  257  757710  579988  13768950  1651  29677727811  
1438455578  877337489  14275028  1444723018696  1005870  708039  990147  246730  154  14277677  7165  48383  6460  457992  3286  150579  1315994603488  5  242  72  59949  0  46  268  2147483647  0  4108  0  37370  117858183890  28331609  257  757710  579988  14113819  1651  30394072375  
1438455588  877337489  14621765  1479633804766  1005870  708039  990147  246730  154  14624487  7165  48383  6460  457992  3286  150579  1347854751574  5  242  72  59949  0  46  268  2147483647  0  4108  0  37370  120645084270  29023959  257  757710  579988  14460483  1651  31114610348  
1438455598  877337489  15002126  1517958307287  1005870  708039  990147  246730  154  15004924  7165  48383  6460  457992  3286  150579  1382840069107  5  242  72  59949  0  46  268  2147483647  0  4108  0  37370  123757405101  29783196  257  757710  579988  14841006  1651  31903559174  
1438455608  877337489  15349485  1552905072655  1005870  708039  990147  246730  154  15352351  7165  48383  6460  457992  3286  150579  1414748783939  5  242  72  59949  0  46  268  2147483647  0  4108  0  37370  126502624732  30476472  257  757710  579988  15188447  1651  32623761662  
1438455618  877337489  15694978  1587678294161  1005870  708039  990147  246730  154  15697902  7165  48383  6460  457992  3286  150579  1446516245980  5  242  72  59949  0  46  268  2147483647  0  4108  0  37370  129186439071  31166495  257  757710  579988  15534030  1651  33342171003  
1438455628  877337489  16078368  1626267051646  1005870  708039  990147  246730  154  16081366  7165  48383  6460  457992  3286  150579  1481754521151  5  242  72  59949  0  46  268  2147483647  0  4108  0  37370  132240235924  31931555  257  757710  579988  15917391  1651  34138712055  
1438455638  877337489  16423788  1661065814574  1005870  708039  990147  246730  154  16426862  7165  48383  6460  457992  3286  150579  1513521310938  5  242  72  59949  0  46  268  2147483647  0  4108  0  37370  135079462336  32621418  257  757710  591620  16262853  1651  34855744931  
1438455648  877337489  16769502  1695896125152  1005870  708039  990147  246730  154  16772647  7165  48383  6460  457992  3286  150579  1545319681663  5  242  72  59949  0  46  268  2147483647  0  4108  0  37370  137891732407  33311998  257  757710  591620  16608740  1639  35573895078  
1438455658  877337489  17152993  1734501511518  1005870  708039  990147  246730  154  17156207  7165  48383  6460  457992  3286  150579  1580575977626  5  242  72  59949  0  46  268  2147483647  0  4108  0  37370  140984008067  34077394  257  757710  591620  16992321  1639  36371067209  
1438455668  877337489  17492265  1768841038080  1005870  708039  990147  246730  154  17495546  7165  48383  6460  457992  3286  150579  1611947885394  5  242  72  59949  0  46  268  2147483647  0  4108  0  37370  143650370690  34754338  257  757710  591620  17331534  1627  37079519564  
1438455678  877337489  17837547  1803597387448  1005870  708039  990147  246730  154  17840893  7165  48383  6460  457992  3286  150579  1643692929722  5  242  72  59949  0  46  268  2147483647  0  4108  0  37370  146362448025  35444003  257  757710  591620  17676956  1627  37796864810  
1438455688  877337489  18181881  1838303395638  1005870  708039  990147  246730  154  18185309  7165  48383  6460  457992  3286  150579  1675372862525  5  242  72  59949  0  46  268  2147483647  0  4108  0  37370  149146566622  36131464  257  757710  591620  18021452  1627  38512788422  
1438455698  877337489  18565392  1876928019512  1005870  708039  990147  246730  154  18568892  7165  48383  6460  457992  3286  150579  1710640441555  5  242  72  59949  0  46  268  2147483647  0  4108  0  37370  152192249648  36897365  257  757710  591620  18405147  1627  39311020082  
1438455708  877337489  18910057  1911628972118  1005870  708039  990147  246730  154  18913616  7165  48383  6460  457992  3286  150579  1742315183202  5  242  72  59949  0  46  268  2147483647  0  4108  0  37370  154945772313  37585522  257  757710  591620  18749648  1627  40027129018  
1438455718  877337489  19256635  1946592946849  1005870  708039  990147  246730  154  19260275  7165  48383  6460  457992  3286  150579  1774234804247  5  242  72  59949  0  46  268  2147483647  0  4108  0  37370  157687079121  38277443  257  757710  591620  19096387  1627  40747008145  
1438455728  877337489  19641214  1985333150070  1005870  708039  990147  246730  154  19644940  7165  48383  6460  457992  3286  150579  1809602091212  5  242  72  59949  0  46  268  2147483647  0  4108  0  37370  160732236971  39044947  257  757710  591620  19481077  1627  41545856667  
1438455738  877337489  19987293  2020180490431  1005870  708039  990147  246730  154  19991079  7165  48383  6460  457992  3286  150579  1841416551963  5  242  72  59949  0  46  268  2147483647  0  4108  0  37370  163497314409  39736155  257  757710  591620  19827143  1627  42263515353  
1438455748  877337489  20329476  2054705327572  1005870  708039  990147  246730  154  20333333  7165  48383  6460  457992  3286  150579  1872951733477  5  242  72  59949  0  46  268  2147483647  0  4108  0  37370  166369756709  40419122  257  757710  591620  20169362  1627  42973204003  
1438455758  877337489  20713833  2093392932308  1005870  708039  990147  246730  154  20717756  7165  48383  6460  457992  3286  150579  1908288246577  5  242  72  59949  0  46  268  2147483647  0  4108  0  37370  169390201039  41186811  257  757710  591620  20553901  1627  43771669175  
1438455768  877337489  21058113  2128072045181  1005870  708039  990147  246730  154  21062088  7165  48383  6460  457992  3286  150579  1939949168330  5  242  72  59949  0  46  268  2147483647  0  4108  0  37370  172204162436  41874447  257  757710  591620  20898219  1627  44486640361  
1438455778  877337489  21403933  2162908285525  1005870  708039  990147  246730  154  21407983  7165  48383  6460  457992  3286  150579  1971758628277  5  242  72  59949  0  46  268  2147483647  0  4108  0  37370  174944541430  42564802  257  757710  591620  21244194  1627  45204917600  
