#type:T;
#time  gt  cn  Pt  Px  gx  cx  gn  gm  Pn  Pm  Ft  cm  pt  Fx  px  ct  pn  Fm  Fn  pm  dn  On  Om  dm  dx  Ox  dt  Ot  Gt  Cn  Cm  Gx  Cx  Gn  Gm  Ct  
1438445369  2142847  0  0  0  12958  0  2473  157  0  2147483647  28653  2147483647  0  1938  0  0  0  242  23  2147483647  0  50  260  2147483647  0  4728  0  91216  0  0  2147483647  0  0  0  2147483647  0  
1438445379  2142847  0  0  0  12958  0  2473  157  0  2147483647  28653  2147483647  0  1938  0  0  0  242  23  2147483647  0  50  260  2147483647  0  4728  0  91216  0  0  2147483647  0  0  0  2147483647  0  
1438445389  93327586  0  489874474  99448  48872  0  113233  154  32940  3862  89105  2147483647  0  4294  0  0  0  242  66  2147483647  0  50  260  2147483647  0  4728  0  91216  0  32940  1134  0  39447  0  2147483647  103752434  
1438445399  225789970  0  2439924156  99448  74168  0  225233  154  145007  3614  89105  2147483647  0  4294  0  0  0  242  66  2147483647  0  50  260  2147483647  0  4728  0  91216  0  145007  1128  0  41319  0  2147483647  449018502  
1438445409  243603473  0  20108659121  622434  74168  0  246707  154  1643540  3593  95999  2147483647  0  4294  0  0  0  242  76  2147483647  0  50  260  2147483647  0  4728  0  91216  7732242920  3113964  444  614881  610197  1479683  1509  5938848712  
1438445419  243603473  0  40082513109  629113  74168  0  246707  154  3386295  3593  95999  2147483647  0  4294  0  0  0  242  76  2147483647  0  50  260  2147483647  0  4728  0  91216  17218003006  6586548  348  614881  610197  3222203  1509  12414967037  
1438445429  243603473  0  62461852434  629113  74168  0  246707  154  5346307  3593  95999  2147483647  0  4294  0  0  0  242  76  2147483647  0  50  260  2147483647  0  4728  0  91216  27878449165  10490796  348  614881  610197  5182504  1509  19697026061  
1438445439  243603473  0  87981662018  629113  74168  0  246707  154  7595409  3593  95999  2147483647  0  4294  0  0  0  242  76  2147483647  0  50  260  2147483647  0  4728  0  91216  40064951268  14969363  348  614881  610197  7431412  1509  28045124128  
1438445449  243603473  0  111027653466  629113  74168  0  246707  154  9624218  3593  95999  2147483647  0  4294  0  0  0  242  76  2147483647  0  50  260  2147483647  0  4728  0  91216  51050214540  19009701  348  614881  610197  9460285  1509  35596135910  
1438445459  243603473  0  133699507701  629113  74168  0  246707  154  11605856  3593  95999  2147483647  0  4294  0  0  0  242  76  2147483647  0  50  260  2147483647  0  4728  0  91216  61838835226  22956266  348  614881  610197  11441808  1509  42968176942  
1438445469  243603473  0  155650773995  629113  74168  0  246707  154  13523067  3430  95999  2147483647  0  4294  0  0  0  242  76  2147483647  0  50  260  2147483647  0  4728  0  91216  72233888499  26775022  348  614881  610197  13359012  1509  50070599930  
1438445479  243603473  0  178757572032  629113  74168  0  246707  154  15553744  3430  95999  2147483647  0  4294  0  0  0  242  76  2147483647  0  50  260  2147483647  0  4728  0  91216  83229423832  30819631  348  614881  610197  15390069  1509  57615940079  
1438445489  243603473  0  201834226481  629113  74168  0  246707  154  17574830  3430  95999  2147483647  0  4294  0  0  0  242  76  2147483647  0  50  260  2147483647  0  4728  0  91216  94186019851  34843874  348  614881  610197  17410748  1509  65124326265  
1438445499  243603473  0  224047504634  629113  74168  0  246707  154  19512980  3430  95999  2147483647  0  4294  0  0  0  242  76  2147483647  0  50  260  2147483647  0  4728  0  91216  104663368727  38705014  348  614881  610197  19349236  1509  72320895661  
1438445509  243603473  0  246390733876  629113  74168  0  246707  154  21467294  3430  95999  2147483647  0  4294  0  0  0  242  76  2147483647  0  50  260  2147483647  0  4728  0  91216  115150980894  42597471  348  614881  610197  21303375  1509  79560399180  
1438445520  243603473  0  269485396377  629113  74168  0  246707  154  23490440  3430  95999  2147483647  0  4294  0  0  0  242  76  2147483647  0  50  260  2147483647  0  4728  0  91216  126089641816  46626270  348  614881  610197  23326203  1509  87055516090  
1438445530  243603473  0  292002806892  629113  74168  0  246707  154  25466060  3430  95999  2147483647  0  4294  0  0  0  242  76  2147483647  0  50  260  2147483647  0  4728  0  91216  136730939355  50561471  348  614881  610197  25302121  1509  94368043979  
1438445540  243603473  0  317063947849  629113  74168  0  246707  154  27657409  3430  95999  2147483647  0  4294  0  0  0  242  76  2147483647  0  50  260  2147483647  0  4728  0  91216  148492784181  54926783  348  614881  610197  27493372  1509  102460682650  
1438445550  243603473  0  338169165706  629113  74168  0  246707  154  29489646  3430  95999  2147483647  0  4294  0  0  0  242  76  2147483647  0  50  260  2147483647  0  4728  0  91216  158310374895  58577616  348  614881  610197  29325709  1509  109223334065  
1438445560  243603473  0  360674370804  629113  74168  0  246707  154  31449733  3430  95999  2147483647  0  4294  0  0  0  242  76  2147483647  0  50  260  2147483647  0  4728  0  91216  168879774860  62481884  236  614881  610197  31285816  1509  116472800233  
1438445570  243603473  0  382722579244  629113  74168  0  246707  154  33366597  3430  95999  2147483647  0  4294  0  0  0  242  76  2147483647  0  50  260  2147483647  0  4728  0  91216  179224788287  66300493  236  614881  610197  33202490  1509  123572603558  
1438445580  243603473  0  404991959841  629113  74168  0  246707  154  35303197  3430  95999  2147483647  0  4294  0  0  0  242  76  2147483647  0  50  260  2147483647  0  4728  0  91216  189731903548  70158217  236  614881  610197  35139085  1509  130747274081  
1438445590  243603473  0  428240791408  629113  74168  0  246707  154  37345026  3430  95999  2147483647  0  4294  0  0  0  242  76  2147483647  0  50  260  2147483647  0  4728  0  91216  200760997112  74224561  236  614881  610197  37181003  1509  138296873160  
1438445600  243603473  0  450380299261  629113  74168  0  246707  154  39279078  3430  95999  2147483647  0  4294  0  0  0  242  76  2147483647  0  50  260  2147483647  0  4728  0  91216  211140328955  78077688  236  614881  610197  39114968  1509  145427528187  
1438445610  243603473  0  472664194388  629113  74168  0  246707  154  41218055  3430  95999  2147483647  0  4294  0  0  0  242  76  2147483647  0  50  260  2147483647  0  4728  0  91216  221656118090  81940683  236  614881  610197  41053999  1509  152595406845  
1438445620  243603473  0  494953149078  629113  74168  0  246707  154  43152191  3430  95999  2147483647  0  4294  0  0  0  242  76  2147483647  0  50  260  2147483647  0  4728  0  91216  232106859001  85793449  236  614881  610197  42988369  1509  159785295202  
1438445630  243603473  0  519980647500  629113  74168  0  246707  154  45349695  3430  95999  2147483647  0  4294  0  0  0  242  76  2147483647  0  50  260  2147483647  0  4728  0  91216  244006879400  90169939  236  614881  610197  45185650  1509  167918024982  
1438445640  243603473  0  543018611651  629113  74168  0  246707  154  47374127  3430  95999  2147483647  0  4294  0  0  0  242  76  2147483647  0  50  260  2147483647  0  4728  0  91216  254967058149  94201773  236  614881  610197  47210209  1509  175407325270  
1438445650  243603473  0  565887491501  629113  74168  0  246707  154  49378970  3430  95999  2147483647  0  4294  0  0  0  242  76  2147483647  0  50  260  2147483647  0  4728  0  91216  265889516917  98194366  236  614881  610197  49214866  1509  182845318207  
1438445660  243603473  0  588396518462  629113  74168  0  246707  154  51355221  3430  95999  2147483647  0  4294  0  0  0  242  76  2147483647  0  50  260  2147483647  0  4728  0  91216  276591985145  102130422  236  614881  610197  51191152  1509  190153641564  
1438445670  243603473  0  610788171942  629113  74168  0  246707  154  53307532  3430  95999  2147483647  0  4294  0  0  0  242  76  2147483647  0  50  260  2147483647  0  4728  0  91216  287227154435  106019212  236  614881  610197  53143427  1509  197394284933  
1438445680  243603473  0  632877108471  629113  74168  0  246707  154  55230448  3430  95999  2147483647  0  4294  0  0  0  242  76  2147483647  0  50  260  2147483647  0  4728  0  91216  297698550624  109849428  236  614881  610197  55066332  1509  204569111185  
1438445690  243603473  0  655714299647  629113  74168  0  246707  154  57226595  3430  95999  2147483647  0  4294  0  0  0  242  76  2147483647  0  50  260  2147483647  0  4728  0  91216  308556317166  113824966  236  614881  610197  57062284  1509  211957546414  
1438445700  243603473  0  678224388138  629113  74168  0  246707  154  59192188  3430  95999  2147483647  0  4294  0  0  0  242  76  2147483647  0  50  260  2147483647  0  4728  0  91216  319245738038  117740029  236  614881  610197  59028004  1509  219262627546  
1438445710  243603473  0  700271393311  629113  74168  0  246707  154  61104750  3430  95999  2147483647  0  4294  0  0  0  242  76  2147483647  0  50  260  2147483647  0  4728  0  91216  329736423796  121549883  236  614881  610197  60940707  1509  226399444496  
1438445720  243603473  0  722286019197  629113  74168  0  246707  154  63016915  3430  95999  2147483647  0  4294  0  0  0  242  76  2147483647  0  50  260  2147483647  0  4728  0  91216  340153872722  125358638  236  614881  610197  62852831  1509  233502732105  
1438445730  243603473  0  747235008710  629113  74168  0  246707  154  65191810  3351  95999  2147483647  0  4294  0  0  0  242  76  2147483647  0  50  260  2147483647  0  4728  0  91216  352054906188  129690801  236  614881  610197  65027813  1509  241586693321  
1438445740  243603473  0  770553446821  629113  74168  0  246707  154  67242387  3351  95999  2147483647  0  4294  0  0  0  242  76  2147483647  0  50  260  2147483647  0  4728  0  91216  363145550117  133773570  236  614881  610197  67078254  1509  249190692227  
1438445750  243603473  0  793627807093  629113  74168  0  246707  154  69277574  3351  95999  2147483647  0  4294  0  0  0  242  76  2147483647  0  50  260  2147483647  0  4728  0  91216  374072937306  137826580  236  614881  610197  69113499  1509  256683499463  
1438445760  243603473  0  816547781884  629113  74168  0  246707  154  71380355  3351  95999  2147483647  0  4294  0  0  0  242  76  2147483647  0  50  260  2147483647  0  4728  0  91216  384869938710  142014684  236  614881  610197  71216173  1509  264049708492  
1438445770  243603473  0  839092756906  629113  74168  0  246707  154  73446720  3351  95999  2147483647  0  4294  0  0  0  242  76  2147483647  0  50  260  2147483647  0  4728  0  91216  395414612321  146130053  236  614881  610197  73282684  1509  271284057679  
1438445780  243603473  0  861746032197  629113  74168  0  246707  154  75527800  3351  95999  2147483647  0  4294  0  0  0  242  76  2147483647  0  50  260  2147483647  0  4728  0  91216  406085076136  150274922  236  614881  610197  75363842  1509  278561168212  
1438445790  243603473  0  884385372862  629113  74168  0  246707  154  77620756  3351  95999  2147483647  0  4294  0  0  0  242  76  2147483647  0  50  260  2147483647  0  4728  0  91216  416813006933  154442528  236  614881  610197  77456689  1509  285895194214  
1438445800  243603473  0  907462715428  629113  74168  0  246707  154  79751839  3351  95999  2147483647  0  4294  0  0  0  242  76  2147483647  0  50  260  2147483647  0  4728  0  91216  427668086914  158685554  236  614881  610197  79587689  1509  293360432885  
1438445810  243603473  0  930181339100  629113  74168  0  246707  154  81842386  3351  95999  2147483647  0  4294  0  0  0  242  76  2147483647  0  50  260  2147483647  0  4728  0  91216  438394420997  162848964  236  614881  610197  81678552  1509  300688257964  
1438445820  243603473  0  955791919369  629113  74168  0  246707  154  84196147  3351  95999  2147483647  0  4294  0  0  0  242  76  2147483647  0  50  260  2147483647  0  4728  0  91216  450559074692  167536401  236  614881  610197  84031984  1509  308960070147  
1438445830  243603473  0  978505980520  629113  74168  0  246707  154  86286267  3351  95999  2147483647  0  4294  0  0  0  242  76  2147483647  0  50  260  2147483647  0  4728  0  91216  461262431521  171698630  236  614881  610197  86122345  1509  316307255399  
1438445840  243603473  0  1001204878887  629113  74168  0  246707  154  88374163  3351  95999  2147483647  0  4294  0  0  0  242  76  2147483647  0  50  260  2147483647  0  4728  0  91216  471983766975  175857084  236  614881  610197  88210222  1509  323647656123  
1438445850  243603473  0  1024156957013  629113  74168  0  246707  154  90494029  3351  95999  2147483647  0  4294  0  0  0  242  76  2147483647  0  50  260  2147483647  0  4728  0  91216  482858230188  180078251  236  614881  610197  90330061  1509  331090639898  
1438445860  243603473  0  1047154232887  629113  74168  0  246707  154  92609655  3351  95999  2147483647  0  4294  0  0  0  242  76  2147483647  0  50  260  2147483647  0  4728  0  91216  493753919297  184291281  236  614881  610197  92445727  1509  338527983873  
1438445870  243603473  0  1069994357012  629113  74168  0  246707  154  94712779  3351  95999  2147483647  0  4294  0  0  0  242  76  2147483647  0  50  260  2147483647  0  4728  0  91216  504507884717  188479879  236  614881  610197  94548522  1509  345877956142  
1438445880  243603473  0  1092474096332  629113  74168  0  246707  154  96779673  3351  95999  2147483647  0  4294  0  0  0  242  76  2147483647  0  50  260  2147483647  0  4728  0  91216  515097031270  192597085  236  614881  610197  96615693  1509  353091185245  
1438445890  243603473  0  1113931303374  629113  74168  0  246707  154  98731459  3351  95999  2147483647  0  4294  0  0  0  242  76  2147483647  0  50  260  2147483647  0  4728  0  91216  525213320194  196485365  236  614881  610197  98567473  1509  359962244850  
1438445900  243603473  0  1138953414888  629113  74168  0  246707  154  101014762  3351  95999  2147483647  0  4294  0  0  0  242  76  2147483647  0  50  260  2147483647  0  4728  0  91216  536939456877  201033007  236  614881  610197  100850711  1509  367985680409  
1438445910  243603473  0  1161598825698  629113  74168  0  246707  154  103094609  3351  95999  2147483647  0  4294  0  0  0  242  76  2147483647  0  50  260  2147483647  0  4728  0  91216  547562626892  205175225  236  614881  610197  102930535  1509  375274238861  
1438445920  243603473  0  1183632478978  629113  74168  0  246707  154  105099347  3351  95999  2147483647  0  4294  0  0  0  242  76  2147483647  0  50  260  2147483647  0  4728  0  91216  557914774520  209168943  236  614881  610197  104935382  1509  382310086489  
1438445930  243603473  0  1206359211436  629113  74168  0  246707  154  107193333  3351  95999  2147483647  0  4294  0  0  0  242  76  2147483647  0  50  260  2147483647  0  4728  0  91216  568688100894  213339180  236  614881  610197  107029348  1509  389661899122  
1438445940  243603473  0  1229135347612  629113  74168  0  246707  154  109285987  3351  95999  2147483647  0  4294  0  0  0  242  76  2147483647  0  50  260  2147483647  0  4728  0  91216  579437856275  217506559  236  614881  610197  109121944  1509  397016395731  
1438445950  243603473  0  1252481909561  629113  74168  0  246707  154  111445107  3351  95999  2147483647  0  4294  0  0  0  242  76  2147483647  0  50  260  2147483647  0  4728  0  91216  590465842691  221806226  236  614881  610197  111281384  1509  404588192727  
1438445960  243603473  0  1274689610024  629113  74168  0  246707  154  113470502  3351  95999  2147483647  0  4294  0  0  0  242  76  2147483647  0  50  260  2147483647  0  4728  0  91216  600805902190  225840253  236  614881  610197  113306438  1509  411688058799  
1438445970  243603473  0  1297347352331  629113  74168  0  246707  154  115546746  3351  95999  2147483647  0  4294  0  0  0  242  76  2147483647  0  50  260  2147483647  0  4728  0  91216  611456235728  229975306  236  614881  610197  115382322  1509  418970883213  
1438445980  243603473  0  1319357343072  629113  74168  0  246707  154  117544334  3351  95999  2147483647  0  4294  0  0  0  242  76  2147483647  0  50  260  2147483647  0  4728  0  91216  621739774482  233954981  236  614881  610197  117380191  1509  425968718113  
1438445990  243603473  0  1345418479143  629113  74168  0  246707  154  119949323  3351  95999  2147483647  0  4294  0  0  0  242  76  2147483647  0  50  260  2147483647  0  4728  0  91216  634069241421  238744171  236  614881  610197  119785300  1509  434421029055  
1438446000  243603473  0  1366843032110  629113  74168  0  246707  154  121905504  3351  95999  2147483647  0  4294  0  0  0  242  76  2147483647  0  50  260  2147483647  0  4728  0  91216  644209517452  242640652  236  614881  610197  121741720  1509  441310613641  
