#Type:X;CI:7;ww:0;ca:0;co:0;fr:0;Type:X;CI:7;PI:0;PT:EP;U0:0;U1:0;
#time  Pp  gt  gs  cn  cm  cb  Nc  Pc  cp  Tc  Nm  pr  ps  pt  px  pd  Pm  Om  fs  ft  Oc  Em  Gp  Ec  Ge  ot  os  Total_cycles_diff  Successful_get_diff  Total_get_diff  succ_put_diff  total_put_diff  get_hit  
1439441987  0  0  0  0  0  0  0  0  0  773910  0  0  0  0  0  0  0  0  0  0  0  0  0  0  0  0  0  773910  0  0  0  0  
1439441997  0  0  0  0  0  0  0  0  0  3864744  0  0  0  0  0  0  0  0  0  21  0  0  0  0  0  46  0  3090834  0  0  0  0  0 
1439442007  0  0  0  0  0  0  0  0  0  3864744  0  0  0  0  0  0  0  0  0  21  0  0  0  0  0  46  0  0  0  0  0  0  0 
1439442017  0  0  0  0  0  0  0  0  0  3864744  0  0  0  0  0  0  0  0  0  21  0  0  0  0  0  46  0  0  0  0  0  0  0 
1439442027  0  0  0  0  0  0  0  0  0  3866252  0  0  0  0  0  0  0  0  0  21  0  0  0  0  0  46  0  1508  0  0  0  0  0 
1439442037  0  0  0  0  0  0  0  0  0  3945691  0  0  0  0  0  0  0  0  0  21  0  0  0  0  0  46  0  79439  0  0  0  0  0 
1439442047  0  551  342  0  0  0  179  2634  0  42424377  223  0  3318  3318  0  0  3318  341  0  160  189  3318  0  2634  342  4959  113  38478686  342  551  3318  3318  62.0689655172  
1439442057  0  552  343  0  0  0  208  3087  0  47550382  223  0  3772  3772  0  0  3318  341  0  3721  225  3318  0  3087  343  4959  113  5126005  1  1  454  454  62.1376811594  
1439442067  0  552  343  0  0  0  208  3087  0  78421924  223  0  3772  3772  0  0  3318  341  0  39134  225  3318  0  3087  343  4959  113  30871542  0  0  0  0  62.1376811594  
1439442077  0  552  343  0  0  0  149  3212  0  129073733  223  0  4515  4515  0  0  3318  341  0  80839  145  3318  0  3212  343  5120  194  50651809  0  0  743  743  62.1376811594  
1439442087  0  627  362  0  0  0  112  2658  0  169333106  223  0  4562  4562  0  0  3318  341  0  123046  71  3318  0  2658  362  5453  273  40259373  19  75  47  47  57.7352472089  
1439442097  0  636  362  0  0  0  111  2645  0  199591531  223  0  4567  4567  0  0  3318  341  0  157181  66  3318  0  2645  362  6307  278  30258425  0  9  5  5  56.9182389937  
1439442107  0  636  362  0  0  0  117  2657  0  236252394  223  0  4589  4589  0  0  3318  341  0  195702  63  3318  0  2657  362  6846  283  36660863  0  0  22  22  56.9182389937  
1439442117  0  3731  583  0  0  0  111  2487  0  264822610  223  0  4671  4671  0  0  3318  341  0  238096  57  3318  0  2487  583  8113  288  28570216  221  3095  82  82  15.6258375771  
1439442127  0  11365  583  0  0  0  155  3375  0  301659756  223  0  5559  5559  0  0  3375  341  0  256672  93  3375  0  3375  583  8496  288  36837146  0  7634  888  888  5.12978442587  
1439442137  0  19688  583  0  0  0  192  3968  0  334294867  223  0  6152  6152  0  0  3968  341  0  276551  117  3968  0  3968  583  8989  288  32635111  0  8323  593  593  2.96119463633  
1439442147  0  28107  692  0  0  0  238  4822  0  377494635  238  0  7115  7115  0  0  4822  341  0  295782  149  4822  0  4822  692  9607  288  43199768  109  8419  963  963  2.46202013733  
1439442157  0  35955  706  0  0  0  514  13447  0  511538963  514  0  15754  15754  0  0  13447  341  0  305145  309  13447  0  13447  706  10042  288  134044328  14  7848  8639  8639  1.96356556807  
1439442167  0  44358  706  0  0  0  841  24954  0  696482523  841  0  27261  27261  0  0  24954  483  0  314444  483  24954  0  24954  706  10706  288  184943560  0  8403  11507  11507  1.59159565355  
1439442177  0  57014  720  0  0  0  1235  37114  0  935843113  1310  0  41793  41793  0  0  39472  734  0  329425  691  39472  0  37114  720  11493  331  239360590  14  12656  14532  14532  1.26284772161  
1439442187  0  68866  720  0  0  0  1458  44035  0  1078424098  1512  0  54369  54369  0  0  45792  822  0  344247  791  45792  0  44035  720  12116  430  142580985  0  11852  12576  12576  1.04550866901  
1439442197  0  74853  720  0  0  0  1562  48280  0  1187580600  1625  0  60867  60867  0  0  50302  875  0  352077  836  50302  0  48280  720  12417  471  109156502  0  5987  6498  6498  0.961885295179  
1439442207  0  82200  805  0  0  0  123  3000  0  1436952271  1695  0  68088  68088  0  0  52618  908  0  360534  77  52618  0  3000  805  12679  471  249371671  85  7347  7221  7221  0.979318734793  
1439442217  0  82714  805  0  0  0  0  0  0  1563567969  1695  0  68956  77228  8272  0  52618  908  0  369969  0  52618  0  0  805  13036  471  126615698  0  514  868  9140  0.973233068163  
1439442227  0  82714  805  0  0  0  0  0  0  1644774393  1695  0  68956  83559  14603  0  52618  908  0  378346  0  52618  0  0  805  13292  471  81206424  0  0  0  6331  0.973233068163  
1439442237  0  82714  805  0  0  0  0  0  0  1742267917  1695  0  68956  91539  22583  0  52618  908  0  388624  0  52618  0  0  805  13605  471  97493524  0  0  0  7980  0.973233068163  
1439442247  0  82714  805  0  0  0  0  0  0  1842918336  1695  0  68956  99729  30773  0  52618  908  0  396652  0  52618  0  0  805  13869  471  100650419  0  0  0  8190  0.973233068163  
1439442257  0  82714  805  0  0  0  0  0  0  1929555430  1695  0  68956  106226  37270  0  52618  908  0  404562  0  52618  0  0  805  14041  471  86637094  0  0  0  6497  0.973233068163  
1439442267  0  82714  805  0  0  0  0  0  0  2003228384  1695  0  68956  112752  43796  0  52618  908  0  412462  0  52618  0  0  805  14221  471  73672954  0  0  0  6526  0.973233068163  
1439442277  0  82714  805  0  0  0  0  0  0  2106391146  1695  0  68956  120926  51970  0  52618  908  0  422293  0  52618  0  0  805  14440  471  103162762  0  0  0  8174  0.973233068163  
1439442287  0  82714  805  0  0  0  0  0  0  2191160760  1695  0  68956  127959  59003  0  52618  908  0  429791  0  52618  0  0  805  14628  471  84769614  0  0  0  7033  0.973233068163  
1439442297  0  82714  805  0  0  0  0  0  0  2284218663  1695  0  68956  136181  67225  0  52618  908  0  441334  0  52618  0  0  805  14919  471  93057903  0  0  0  8222  0.973233068163  
1439442307  0  82714  805  0  0  0  0  0  0  2413738462  1695  0  68956  146630  77674  0  52618  908  0  452117  0  52618  0  0  805  15227  471  129519799  0  0  0  10449  0.973233068163  
1439442317  0  82714  805  0  0  0  0  0  0  2545157599  1695  0  68956  156860  87904  0  52618  908  0  467385  0  52618  0  0  805  15540  471  131419137  0  0  0  10230  0.973233068163  
1439442327  0  82714  805  0  0  0  0  0  0  2632195935  1695  0  68956  163131  94175  0  52618  908  0  477164  0  52618  0  0  805  15784  471  87038336  0  0  0  6271  0.973233068163  
1439442337  0  82714  805  0  0  0  0  0  0  2723512532  1695  0  68956  170749  101793  0  52618  908  0  484107  0  52618  0  0  805  15951  471  91316597  0  0  0  7618  0.973233068163  
1439442347  0  82714  805  0  0  0  0  0  0  2837236180  1695  0  68956  179555  110599  0  52618  908  0  493623  0  52618  0  0  805  16142  471  113723648  0  0  0  8806  0.973233068163  
1439442357  0  82714  805  0  0  0  0  0  0  2914619508  1695  0  68956  185628  116672  0  52618  908  0  504117  0  52618  0  0  805  16399  471  77383328  0  0  0  6073  0.973233068163  
1439442367  0  82714  805  0  0  0  0  0  0  2987627531  1695  0  68956  192203  123247  0  52618  908  0  511575  0  52618  0  0  805  16602  471  73008023  0  0  0  6575  0.973233068163  
1439442377  0  82714  805  0  0  0  0  0  0  3080686150  1695  0  68956  199382  130426  0  52618  908  0  520028  0  52618  0  0  805  16809  471  93058619  0  0  0  7179  0.973233068163  
1439442387  0  82714  805  0  0  0  0  0  0  3161427307  1695  0  68956  205824  136868  0  52618  908  0  527626  0  52618  0  0  805  17015  471  80741157  0  0  0  6442  0.973233068163  
1439442397  0  82714  805  0  0  0  0  0  0  3222999834  1695  0  68956  211292  142336  0  52618  908  0  532716  0  52618  0  0  805  17202  471  61572527  0  0  0  5468  0.973233068163  
1439442407  0  82714  805  0  0  0  0  0  0  3290660776  1695  0  68956  216598  147642  0  52618  908  0  540507  0  52618  0  0  805  17384  471  67660942  0  0  0  5306  0.973233068163  
1439442417  0  82714  805  0  0  0  0  0  0  3357291805  1695  0  68956  221854  152898  0  52618  908  0  547975  0  52618  0  0  805  17538  471  66631029  0  0  0  5256  0.973233068163  
1439442427  0  82714  805  0  0  0  0  0  0  3459277392  1695  0  68956  229573  160617  0  52618  908  0  558215  0  52618  0  0  805  17785  471  101985587  0  0  0  7719  0.973233068163  
1439442437  0  82714  805  0  0  0  0  0  0  3515095884  1695  0  68956  234001  165045  0  52618  908  0  563984  0  52618  0  0  805  17903  471  55818492  0  0  0  4428  0.973233068163  
1439442448  0  82714  805  0  0  0  0  0  0  3560826472  1695  0  68956  237333  168377  0  52618  908  0  569269  0  52618  0  0  805  18041  471  45730588  0  0  0  3332  0.973233068163  
1439442458  0  82714  805  0  0  0  0  0  0  3639738337  1695  0  68956  243964  175008  0  52618  908  0  577014  0  52618  0  0  805  18269  471  78911865  0  0  0  6631  0.973233068163  
1439442468  0  82714  805  0  0  0  0  0  0  3688055419  1695  0  68956  247846  178890  0  52618  908  0  582779  0  52618  0  0  805  18435  471  48317082  0  0  0  3882  0.973233068163  
1439442478  0  82714  805  0  0  0  0  0  0  3739980020  1695  0  68956  251530  182574  0  52618  908  0  588827  0  52618  0  0  805  18626  471  51924601  0  0  0  3684  0.973233068163  
1439442488  0  82714  805  0  0  0  0  0  0  3825537627  1695  0  68956  257851  188895  0  52618  908  0  598886  0  52618  0  0  805  18890  471  85557607  0  0  0  6321  0.973233068163  
1439442498  0  82714  805  0  0  0  0  0  0  3869965545  1695  0  68956  261668  192712  0  52618  908  0  602826  0  52618  0  0  805  19066  471  44427918  0  0  0  3817  0.973233068163  
1439442508  0  82714  805  0  0  0  0  0  0  3924856819  1695  0  68956  265845  196889  0  52618  908  0  609329  0  52618  0  0  805  19260  471  54891274  0  0  0  4177  0.973233068163  
1439442518  0  82714  805  0  0  0  0  0  0  3995772474  1695  0  68956  271379  202423  0  52618  908  0  615703  0  52618  0  0  805  19419  471  70915655  0  0  0  5534  0.973233068163  
1439442528  0  82714  805  0  0  0  0  0  0  4072315891  1695  0  68956  277076  208120  0  52618  908  0  624062  0  52618  0  0  805  19646  471  76543417  0  0  0  5697  0.973233068163  
1439442538  0  82714  805  0  0  0  0  0  0  4125547562  1695  0  68956  281677  212721  0  52618  908  0  628946  0  52618  0  0  805  19763  471  53231671  0  0  0  4601  0.973233068163  
1439442548  0  82714  805  0  0  0  0  0  0  4209562943  1695  0  68956  288767  219811  0  52618  908  0  637669  0  52618  0  0  805  20024  471  84015381  0  0  0  7090  0.973233068163  
1439442558  0  82714  805  0  0  0  0  0  0  4282911835  1695  0  68956  294661  225705  0  52618  908  0  644708  0  52618  0  0  805  20212  471  73348892  0  0  0  5894  0.973233068163  
1439442568  0  82714  805  0  0  0  0  0  0  4362977172  1695  0  68956  300625  231669  0  52618  908  0  652709  0  52618  0  0  805  20499  471  80065337  0  0  0  5964  0.973233068163  
1439442578  0  82714  805  0  0  0  0  0  0  4404491862  1695  0  68956  303747  234791  0  52618  908  0  657560  0  52618  0  0  805  20563  471  41514690  0  0  0  3122  0.973233068163  
1439442588  0  82714  805  0  0  0  0  0  0  4463526216  1695  0  68956  307969  239013  0  52618  908  0  662951  0  52618  0  0  805  20815  471  59034354  0  0  0  4222  0.973233068163  
1439442598  0  82714  805  0  0  0  0  0  0  4573038307  1695  0  68956  316363  247407  0  52618  908  0  673217  0  52618  0  0  805  21195  471  109512091  0  0  0  8394  0.973233068163  
1439442608  0  82714  805  0  0  0  0  0  0  4650353088  1695  0  68956  322555  253599  0  52618  908  0  679390  0  52618  0  0  805  21467  471  77314781  0  0  0  6192  0.973233068163  
1439442618  0  82714  805  0  0  0  0  0  0  4732553070  1695  0  68956  329201  260244  0  52618  908  0  690472  0  52618  0  0  805  21857  471  82199982  0  0  0  6646  0.973233068163  
1439442628  0  82714  805  0  0  0  0  0  0  4822429420  1695  0  68956  336499  267542  0  52618  908  0  699330  0  52618  0  0  805  22130  471  89876350  0  0  0  7298  0.973233068163  
1439442638  0  82714  805  0  0  0  0  0  0  4882858814  1695  0  68956  341407  272450  0  52618  908  0  704941  0  52618  0  0  805  22269  471  60429394  0  0  0  4908  0.973233068163  
1439442648  0  82714  805  0  0  0  0  0  0  4934709587  1695  0  68956  345632  276675  0  52618  908  0  710486  0  52618  0  0  805  22431  471  51850773  0  0  0  4225  0.973233068163  
1439442658  0  82714  805  0  0  0  0  0  0  5001582202  1695  0  68956  350697  281740  0  52618  908  0  718424  0  52618  0  0  805  22635  471  66872615  0  0  0  5065  0.973233068163  
1439442668  0  82714  805  0  0  0  0  0  0  5046826135  1695  0  68956  354907  285950  0  52618  908  0  722762  0  52618  0  0  805  22753  471  45243933  0  0  0  4210  0.973233068163  
1439442678  0  82714  805  0  0  0  0  0  0  5131972573  1695  0  68956  362061  293104  0  52618  908  0  730234  0  52618  0  0  805  22972  471  85146438  0  0  0  7154  0.973233068163  
1439442688  0  82714  805  0  0  0  0  0  0  5215067359  1695  0  68956  368480  299523  0  52618  908  0  739806  0  52618  0  0  805  23199  471  83094786  0  0  0  6419  0.973233068163  
1439442698  0  82714  805  0  0  0  0  0  0  5289857464  1695  0  68956  374563  305606  0  52618  908  0  744633  0  52618  0  0  805  23346  471  74790105  0  0  0  6083  0.973233068163  
1439442708  0  82714  805  0  0  0  0  0  0  5364264066  1695  0  68956  380387  311430  0  52618  908  0  751530  0  52618  0  0  805  23599  471  74406602  0  0  0  5824  0.973233068163  
1439442718  0  82714  805  0  0  0  0  0  0  5408937333  1695  0  68956  384070  315113  0  52618  908  0  756991  0  52618  0  0  805  23752  471  44673267  0  0  0  3683  0.973233068163  
1439442728  0  82714  805  0  0  0  0  0  0  5502254737  1695  0  68956  391306  322349  0  52618  908  0  767721  0  52618  0  0  805  24230  471  93317404  0  0  0  7236  0.973233068163  
1439442738  0  82714  805  0  0  0  0  0  0  5560569132  1695  0  68956  395657  326700  0  52618  908  0  774789  0  52618  0  0  805  24460  471  58314395  0  0  0  4351  0.973233068163  
1439442748  0  82714  805  0  0  0  0  0  0  5626851818  1695  0  68956  401211  332254  0  52618  908  0  780494  0  52618  0  0  805  24742  471  66282686  0  0  0  5554  0.973233068163  
1439442758  0  82714  805  0  0  0  0  0  0  5706507662  1695  0  68956  407486  338529  0  52618  908  0  789014  0  52618  0  0  805  25011  471  79655844  0  0  0  6275  0.973233068163  
1439442768  0  82714  805  0  0  0  0  0  0  5754807044  1695  0  68956  411678  342721  0  52618  908  0  792823  0  52618  0  0  805  25101  471  48299382  0  0  0  4192  0.973233068163  
1439442779  0  82714  805  0  0  0  0  0  0  5831554850  1695  0  68956  417453  348496  0  52618  908  0  799818  0  52618  0  0  805  25310  471  76747806  0  0  0  5775  0.973233068163  
1439442789  0  82714  805  0  0  0  0  0  0  5866343117  1695  0  68956  420501  351544  0  52618  908  0  804920  0  52618  0  0  805  25509  471  34788267  0  0  0  3048  0.973233068163  
1439442799  0  82714  805  0  0  0  0  0  0  5938121287  1695  0  68956  426418  357461  0  52618  908  0  811310  0  52618  0  0  805  25659  471  71778170  0  0  0  5917  0.973233068163  
1439442809  0  82714  805  0  0  0  0  0  0  6017437810  1695  0  68956  432371  363414  0  52618  908  0  817971  0  52618  0  0  805  25836  471  79316523  0  0  0  5953  0.973233068163  
1439442819  0  82714  805  0  0  0  0  0  0  6085325593  1695  0  68956  437668  368711  0  52618  908  0  824939  0  52618  0  0  805  26013  471  67887783  0  0  0  5297  0.973233068163  
1439442829  0  82714  805  0  0  0  0  0  0  6170345497  1695  0  68956  444591  375634  0  52618  908  0  834140  0  52618  0  0  805  26230  471  85019904  0  0  0  6923  0.973233068163  
1439442839  0  82714  805  0  0  0  0  0  0  6243076298  1695  0  68956  450386  381429  0  52618  908  0  840205  0  52618  0  0  805  26407  471  72730801  0  0  0  5795  0.973233068163  
1439442849  0  82714  805  0  0  0  0  0  0  6323616016  1695  0  68956  456831  387874  0  52618  908  0  846680  0  52618  0  0  805  26557  471  80539718  0  0  0  6445  0.973233068163  
1439442859  0  82714  805  0  0  0  0  0  0  6386048213  1695  0  68956  462044  393087  0  52618  908  0  854822  0  52618  0  0  805  26803  471  62432197  0  0  0  5213  0.973233068163  
1439442869  0  82714  805  0  0  0  0  0  0  6464414337  1695  0  68956  467592  398635  0  52618  908  0  863267  0  52618  0  0  805  26981  471  78366124  0  0  0  5548  0.973233068163  
1439442879  0  82714  805  0  0  0  0  0  0  6528546832  1695  0  68956  472481  403524  0  52618  908  0  869427  0  52618  0  0  805  27326  471  64132495  0  0  0  4889  0.973233068163  
1439442889  0  82714  805  0  0  0  0  0  0  6596685316  1695  0  68956  477836  408879  0  52618  908  0  877518  0  52618  0  0  805  27796  471  68138484  0  0  0  5355  0.973233068163  
1439442899  0  82714  805  0  0  0  0  0  0  6656933442  1695  0  68956  482712  413755  0  52618  908  0  885568  0  52618  0  0  805  28026  471  60248126  0  0  0  4876  0.973233068163  
1439442909  0  82714  805  0  0  0  0  0  0  6713520516  1695  0  68956  487594  418637  0  52618  908  0  890189  0  52618  0  0  805  28160  471  56587074  0  0  0  4882  0.973233068163  
1439442919  0  82714  805  0  0  0  0  0  0  6781827396  1695  0  68956  493006  424049  0  52618  908  0  897419  0  52618  0  0  805  28382  471  68306880  0  0  0  5412  0.973233068163  
1439442929  0  82714  805  0  0  0  0  0  0  6846644101  1695  0  68956  498010  429053  0  52618  908  0  905253  0  52618  0  0  805  28630  471  64816705  0  0  0  5004  0.973233068163  
1439442939  0  82714  805  0  0  0  0  0  0  6912445726  1695  0  68956  503410  434453  0  52618  908  0  911408  0  52618  0  0  805  28848  471  65801625  0  0  0  5400  0.973233068163  
1439442950  0  82714  805  0  0  0  0  0  0  6982165010  1695  0  68956  508530  439573  0  52618  908  0  917912  0  52618  0  0  805  29036  471  69719284  0  0  0  5120  0.973233068163  
1439442960  0  82714  805  0  0  0  0  0  0  7053500801  1695  0  68956  514361  445404  0  52618  908  0  925089  0  52618  0  0  805  29209  471  71335791  0  0  0  5831  0.973233068163  
1439442970  0  82714  805  0  0  0  0  0  0  7115272156  1695  0  68956  519158  450201  0  52618  908  0  932729  0  52618  0  0  805  29384  471  61771355  0  0  0  4797  0.973233068163  
1439442980  0  82714  805  0  0  0  0  0  0  7198561107  1695  0  68956  525314  456357  0  52618  908  0  938377  0  52618  0  0  805  29517  471  83288951  0  0  0  6156  0.973233068163  
1439442990  0  82714  805  0  0  0  0  0  0  7262954833  1695  0  68956  531233  462276  0  52618  908  0  944903  0  52618  0  0  805  29662  471  64393726  0  0  0  5919  0.973233068163  
1439443000  0  82714  805  0  0  0  0  0  0  7350619678  1695  0  68956  538126  469169  0  52618  908  0  953545  0  52618  0  0  805  29840  471  87664845  0  0  0  6893  0.973233068163  
1439443010  0  82714  805  0  0  0  0  0  0  7432384413  1695  0  68956  544313  475356  0  52618  908  0  962742  0  52618  0  0  805  30134  471  81764735  0  0  0  6187  0.973233068163  
1439443020  0  82714  805  0  0  0  0  0  0  7459662851  1695  0  68956  546403  477446  0  52618  908  0  966171  0  52618  0  0  805  30377  471  27278438  0  0  0  2090  0.973233068163  
1439443030  0  82714  805  0  0  0  0  0  0  7460068825  1695  0  68956  546403  477446  0  52618  908  0  966171  0  52618  0  0  805  30377  471  405974  0  0  0  0  0.973233068163  
1439443040  0  82714  805  0  0  0  0  0  0  7460068825  1695  0  68956  546403  477446  0  52618  908  0  966171  0  52618  0  0  805  30377  471  0  0  0  0  0  0.973233068163  
1439443050  0  82714  805  0  0  0  0  0  0  7460068825  1695  0  68956  546403  477446  0  52618  908  0  966171  0  52618  0  0  805  30377  471  0  0  0  0  0  0.973233068163  
1439443060  0  82714  805  0  0  0  0  0  0  7460068825  1695  0  68956  546403  477446  0  52618  908  0  966171  0  52618  0  0  805  30377  471  0  0  0  0  0  0.973233068163  
1439443070  0  82714  805  0  0  0  0  0  0  7460068825  1695  0  68956  546403  477446  0  52618  908  0  966171  0  52618  0  0  805  30377  471  0  0  0  0  0  0.973233068163  
1439443080  0  82714  805  0  0  0  0  0  0  7460068825  1695  0  68956  546403  477446  0  52618  908  0  966171  0  52618  0  0  805  30377  471  0  0  0  0  0  0.973233068163  
1439443090  0  82714  805  0  0  0  0  0  0  7460068825  1695  0  68956  546403  477446  0  52618  908  0  966171  0  52618  0  0  805  30377  471  0  0  0  0  0  0.973233068163  
1439443100  0  82714  805  0  0  0  0  0  0  7460068825  1695  0  68956  546403  477446  0  52618  908  0  966171  0  52618  0  0  805  30377  471  0  0  0  0  0  0.973233068163  
1439443110  0  82714  805  0  0  0  0  0  0  7460068825  1695  0  68956  546403  477446  0  52618  908  0  966171  0  52618  0  0  805  30377  471  0  0  0  0  0  0.973233068163  
1439443120  0  82714  805  0  0  0  0  0  0  7460068825  1695  0  68956  546403  477446  0  52618  908  0  966171  0  52618  0  0  805  30377  471  0  0  0  0  0  0.973233068163  
1439443130  0  82714  805  0  0  0  0  0  0  7460068825  1695  0  68956  546403  477446  0  52618  908  0  966171  0  52618  0  0  805  30377  471  0  0  0  0  0  0.973233068163  
1439443140  0  82714  805  0  0  0  0  0  0  7460068825  1695  0  68956  546403  477446  0  52618  908  0  966171  0  52618  0  0  805  30377  471  0  0  0  0  0  0.973233068163  
1439443150  0  82714  805  0  0  0  0  0  0  7460068825  1695  0  68956  546403  477446  0  52618  908  0  966171  0  52618  0  0  805  30377  471  0  0  0  0  0  0.973233068163  
1439443160  0  82714  805  0  0  0  0  0  0  7460068825  1695  0  68956  546403  477446  0  52618  908  0  966171  0  52618  0  0  805  30377  471  0  0  0  0  0  0.973233068163  
1439443170  0  82714  805  0  0  0  0  0  0  7460068825  1695  0  68956  546403  477446  0  52618  908  0  966171  0  52618  0  0  805  30377  471  0  0  0  0  0  0.973233068163  
1439443180  0  82714  805  0  0  0  0  0  0  7460068825  1695  0  68956  546403  477446  0  52618  908  0  966171  0  52618  0  0  805  30377  471  0  0  0  0  0  0.973233068163  
1439443190  0  82714  805  0  0  0  0  0  0  7460068825  1695  0  68956  546403  477446  0  52618  908  0  966171  0  52618  0  0  805  30377  471  0  0  0  0  0  0.973233068163  
1439443200  0  82714  805  0  0  0  0  0  0  7460068825  1695  0  68956  546403  477446  0  52618  908  0  966171  0  52618  0  0  805  30377  471  0  0  0  0  0  0.973233068163  
1439443211  0  82714  805  0  0  0  0  0  0  7460068825  1695  0  68956  546403  477446  0  52618  908  0  966171  0  52618  0  0  805  30377  471  0  0  0  0  0  0.973233068163  
1439443221  0  82714  805  0  0  0  0  0  0  7460068825  1695  0  68956  546403  477446  0  52618  908  0  966171  0  52618  0  0  805  30377  471  0  0  0  0  0  0.973233068163  
1439443231  0  82714  805  0  0  0  0  0  0  7460068825  1695  0  68956  546403  477446  0  52618  908  0  966171  0  52618  0  0  805  30377  471  0  0  0  0  0  0.973233068163  
1439443241  0  82714  805  0  0  0  0  0  0  7460068825  1695  0  68956  546403  477446  0  52618  908  0  966171  0  52618  0  0  805  30377  471  0  0  0  0  0  0.973233068163  
1439443251  0  82714  805  0  0  0  0  0  0  7460068825  1695  0  68956  546403  477446  0  52618  908  0  966171  0  52618  0  0  805  30377  471  0  0  0  0  0  0.973233068163  
1439443261  0  82714  805  0  0  0  0  0  0  7460068825  1695  0  68956  546403  477446  0  52618  908  0  966171  0  52618  0  0  805  30377  471  0  0  0  0  0  0.973233068163  
1439443271  0  82714  805  0  0  0  0  0  0  7460068825  1695  0  68956  546403  477446  0  52618  908  0  966171  0  52618  0  0  805  30377  471  0  0  0  0  0  0.973233068163  
1439443281  0  82714  805  0  0  0  0  0  0  7460068825  1695  0  68956  546403  477446  0  52618  908  0  966171  0  52618  0  0  805  30377  471  0  0  0  0  0  0.973233068163  
1439443291  0  82714  805  0  0  0  0  0  0  7460068825  1695  0  68956  546403  477446  0  52618  908  0  966171  0  52618  0  0  805  30377  471  0  0  0  0  0  0.973233068163  
1439443301  0  82714  805  0  0  0  0  0  0  7460068825  1695  0  68956  546403  477446  0  52618  908  0  966171  0  52618  0  0  805  30377  471  0  0  0  0  0  0.973233068163  
1439443311  0  82714  805  0  0  0  0  0  0  7460068825  1695  0  68956  546403  477446  0  52618  908  0  966171  0  52618  0  0  805  30377  471  0  0  0  0  0  0.973233068163  
1439443321  0  82714  805  0  0  0  0  0  0  7460068825  1695  0  68956  546403  477446  0  52618  908  0  966171  0  52618  0  0  805  30377  471  0  0  0  0  0  0.973233068163  
1439443331  0  82714  805  0  0  0  0  0  0  7460068825  1695  0  68956  546403  477446  0  52618  908  0  966171  0  52618  0  0  805  30377  471  0  0  0  0  0  0.973233068163  
1439443341  0  82714  805  0  0  0  0  0  0  7460068825  1695  0  68956  546403  477446  0  52618  908  0  966171  0  52618  0  0  805  30377  471  0  0  0  0  0  0.973233068163  
1439443351  0  82714  805  0  0  0  0  0  0  7460068825  1695  0  68956  546403  477446  0  52618  908  0  966171  0  52618  0  0  805  30377  471  0  0  0  0  0  0.973233068163  
1439443361  0  82714  805  0  0  0  0  0  0  7460068825  1695  0  68956  546403  477446  0  52618  908  0  966171  0  52618  0  0  805  30377  471  0  0  0  0  0  0.973233068163  
1439443371  0  82714  805  0  0  0  0  0  0  7460068825  1695  0  68956  546403  477446  0  52618  908  0  966171  0  52618  0  0  805  30377  471  0  0  0  0  0  0.973233068163  
1439443381  0  82714  805  0  0  0  0  0  0  7460068825  1695  0  68956  546403  477446  0  52618  908  0  966171  0  52618  0  0  805  30377  471  0  0  0  0  0  0.973233068163  
1439443391  0  82714  805  0  0  0  0  0  0  7460068825  1695  0  68956  546403  477446  0  52618  908  0  966171  0  52618  0  0  805  30377  471  0  0  0  0  0  0.973233068163  
1439443401  0  82714  805  0  0  0  0  0  0  7460068825  1695  0  68956  546403  477446  0  52618  908  0  966171  0  52618  0  0  805  30377  471  0  0  0  0  0  0.973233068163  
1439443411  0  82714  805  0  0  0  0  0  0  7460068825  1695  0  68956  546403  477446  0  52618  908  0  966171  0  52618  0  0  805  30377  471  0  0  0  0  0  0.973233068163  
1439443421  0  82714  805  0  0  0  0  0  0  7460068825  1695  0  68956  546403  477446  0  52618  908  0  966171  0  52618  0  0  805  30377  471  0  0  0  0  0  0.973233068163  
1439443431  0  82714  805  0  0  0  0  0  0  7460068825  1695  0  68956  546403  477446  0  52618  908  0  966171  0  52618  0  0  805  30377  471  0  0  0  0  0  0.973233068163  
1439443441  0  82714  805  0  0  0  0  0  0  7460068825  1695  0  68956  546403  477446  0  52618  908  0  966171  0  52618  0  0  805  30377  471  0  0  0  0  0  0.973233068163  
1439443451  0  82714  805  0  0  0  0  0  0  7460068825  1695  0  68956  546403  477446  0  52618  908  0  966171  0  52618  0  0  805  30377  471  0  0  0  0  0  0.973233068163  
1439443461  0  82714  805  0  0  0  0  0  0  7460068825  1695  0  68956  546403  477446  0  52618  908  0  966171  0  52618  0  0  805  30377  471  0  0  0  0  0  0.973233068163  
1439443471  0  82714  805  0  0  0  0  0  0  7460068825  1695  0  68956  546403  477446  0  52618  908  0  966171  0  52618  0  0  805  30377  471  0  0  0  0  0  0.973233068163  
1439443481  0  82714  805  0  0  0  0  0  0  7460068825  1695  0  68956  546403  477446  0  52618  908  0  966171  0  52618  0  0  805  30377  471  0  0  0  0  0  0.973233068163  
1439443491  0  82714  805  0  0  0  0  0  0  7460129814  1695  0  68956  546403  477446  0  52618  908  0  966171  0  52618  0  0  805  30377  471  60989  0  0  0  0  0.973233068163  
1439443501  0  82714  805  0  0  0  0  0  0  7460129814  1695  0  68956  546403  477446  0  52618  908  0  966171  0  52618  0  0  805  30377  471  0  0  0  0  0  0.973233068163  
1439443511  0  82714  805  0  0  0  0  0  0  7460129814  1695  0  68956  546403  477446  0  52618  908  0  966171  0  52618  0  0  805  30377  471  0  0  0  0  0  0.973233068163  
1439443521  0  82714  805  0  0  0  0  0  0  7460129814  1695  0  68956  546403  477446  0  52618  908  0  966171  0  52618  0  0  805  30377  471  0  0  0  0  0  0.973233068163  
1439443531  0  82714  805  0  0  0  0  0  0  7460129814  1695  0  68956  546403  477446  0  52618  908  0  966171  0  52618  0  0  805  30377  471  0  0  0  0  0  0.973233068163  
1439443541  0  82714  805  0  0  0  0  0  0  7460129814  1695  0  68956  546403  477446  0  52618  908  0  966171  0  52618  0  0  805  30377  471  0  0  0  0  0  0.973233068163  
1439443551  0  82714  805  0  0  0  0  0  0  7460129814  1695  0  68956  546403  477446  0  52618  908  0  966171  0  52618  0  0  805  30377  471  0  0  0  0  0  0.973233068163  
1439443561  0  82714  805  0  0  0  0  0  0  7460129814  1695  0  68956  546403  477446  0  52618  908  0  966171  0  52618  0  0  805  30377  471  0  0  0  0  0  0.973233068163  
1439443571  0  82714  805  0  0  0  0  0  0  7460129814  1695  0  68956  546403  477446  0  52618  908  0  966171  0  52618  0  0  805  30377  471  0  0  0  0  0  0.973233068163  
1439443581  0  82714  805  0  0  0  0  0  0  7460129814  1695  0  68956  546403  477446  0  52618  908  0  966171  0  52618  0  0  805  30377  471  0  0  0  0  0  0.973233068163  
1439443591  0  82714  805  0  0  0  0  0  0  7460129814  1695  0  68956  546403  477446  0  52618  908  0  966171  0  52618  0  0  805  30377  471  0  0  0  0  0  0.973233068163  
1439443601  0  82714  805  0  0  0  0  0  0  7460129814  1695  0  68956  546403  477446  0  52618  908  0  966171  0  52618  0  0  805  30377  471  0  0  0  0  0  0.973233068163  
1439443611  0  82714  805  0  0  0  0  0  0  7460129814  1695  0  68956  546403  477446  0  52618  908  0  966171  0  52618  0  0  805  30377  471  0  0  0  0  0  0.973233068163  
1439443621  0  82714  805  0  0  0  0  0  0  7460129814  1695  0  68956  546403  477446  0  52618  908  0  966171  0  52618  0  0  805  30377  471  0  0  0  0  0  0.973233068163  
1439443631  0  82714  805  0  0  0  0  0  0  7460129814  1695  0  68956  546403  477446  0  52618  908  0  966171  0  52618  0  0  805  30377  471  0  0  0  0  0  0.973233068163  
1439443641  0  82714  805  0  0  0  0  0  0  7460129814  1695  0  68956  546403  477446  0  52618  908  0  966171  0  52618  0  0  805  30377  471  0  0  0  0  0  0.973233068163  
1439443651  0  82714  805  0  0  0  0  0  0  7460129814  1695  0  68956  546403  477446  0  52618  908  0  966171  0  52618  0  0  805  30377  471  0  0  0  0  0  0.973233068163  
1439443661  0  82714  805  0  0  0  0  0  0  7460129814  1695  0  68956  546403  477446  0  52618  908  0  966171  0  52618  0  0  805  30377  471  0  0  0  0  0  0.973233068163  
1439443671  0  82714  805  0  0  0  0  0  0  7460129814  1695  0  68956  546403  477446  0  52618  908  0  966171  0  52618  0  0  805  30377  471  0  0  0  0  0  0.973233068163  
1439443681  0  82714  805  0  0  0  0  0  0  7460129814  1695  0  68956  546403  477446  0  52618  908  0  966171  0  52618  0  0  805  30377  471  0  0  0  0  0  0.973233068163  
1439443691  0  82714  805  0  0  0  0  0  0  7460129814  1695  0  68956  546403  477446  0  52618  908  0  966171  0  52618  0  0  805  30377  471  0  0  0  0  0  0.973233068163  
1439443701  0  82714  805  0  0  0  0  0  0  7460129814  1695  0  68956  546403  477446  0  52618  908  0  966171  0  52618  0  0  805  30377  471  0  0  0  0  0  0.973233068163  
1439443711  0  82714  805  0  0  0  0  0  0  7460129814  1695  0  68956  546403  477446  0  52618  908  0  966171  0  52618  0  0  805  30377  471  0  0  0  0  0  0.973233068163  
1439443721  0  82714  805  0  0  0  0  0  0  7460129814  1695  0  68956  546403  477446  0  52618  908  0  966171  0  52618  0  0  805  30377  471  0  0  0  0  0  0.973233068163  
1439443731  0  82714  805  0  0  0  0  0  0  7460129814  1695  0  68956  546403  477446  0  52618  908  0  966171  0  52618  0  0  805  30377  471  0  0  0  0  0  0.973233068163  
1439443741  0  82714  805  0  0  0  0  0  0  7460129814  1695  0  68956  546403  477446  0  52618  908  0  966171  0  52618  0  0  805  30377  471  0  0  0  0  0  0.973233068163  
1439443751  0  82714  805  0  0  0  0  0  0  7460129814  1695  0  68956  546403  477446  0  52618  908  0  966171  0  52618  0  0  805  30377  471  0  0  0  0  0  0.973233068163  
1439443761  0  82714  805  0  0  0  0  0  0  7460129814  1695  0  68956  546403  477446  0  52618  908  0  966171  0  52618  0  0  805  30377  471  0  0  0  0  0  0.973233068163  
1439443771  0  82714  805  0  0  0  0  0  0  7460129814  1695  0  68956  546403  477446  0  52618  908  0  966171  0  52618  0  0  805  30377  471  0  0  0  0  0  0.973233068163  
1439443781  0  82714  805  0  0  0  0  0  0  7460129814  1695  0  68956  546403  477446  0  52618  908  0  966171  0  52618  0  0  805  30377  471  0  0  0  0  0  0.973233068163  
1439443791  0  82714  805  0  0  0  0  0  0  7460129814  1695  0  68956  546403  477446  0  52618  908  0  966171  0  52618  0  0  805  30377  471  0  0  0  0  0  0.973233068163  
1439443801  0  82714  805  0  0  0  0  0  0  7460129814  1695  0  68956  546403  477446  0  52618  908  0  966171  0  52618  0  0  805  30377  471  0  0  0  0  0  0.973233068163  
1439443811  0  82714  805  0  0  0  0  0  0  7460129814  1695  0  68956  546403  477446  0  52618  908  0  966171  0  52618  0  0  805  30377  471  0  0  0  0  0  0.973233068163  
1439443821  0  82714  805  0  0  0  0  0  0  7460129814  1695  0  68956  546403  477446  0  52618  908  0  966171  0  52618  0  0  805  30377  471  0  0  0  0  0  0.973233068163  
1439443831  0  82714  805  0  0  0  0  0  0  7460129814  1695  0  68956  546403  477446  0  52618  908  0  966171  0  52618  0  0  805  30377  471  0  0  0  0  0  0.973233068163  
1439443841  0  82714  805  0  0  0  0  0  0  7460129814  1695  0  68956  546403  477446  0  52618  908  0  966171  0  52618  0  0  805  30377  471  0  0  0  0  0  0.973233068163  
1439443852  0  82714  805  0  0  0  0  0  0  7460129814  1695  0  68956  546403  477446  0  52618  908  0  966171  0  52618  0  0  805  30377  471  0  0  0  0  0  0.973233068163  
1439443862  0  82714  805  0  0  0  0  0  0  7460129814  1695  0  68956  546403  477446  0  52618  908  0  966171  0  52618  0  0  805  30377  471  0  0  0  0  0  0.973233068163  
1439443872  0  82714  805  0  0  0  0  0  0  7460129814  1695  0  68956  546403  477446  0  52618  908  0  966171  0  52618  0  0  805  30377  471  0  0  0  0  0  0.973233068163  
1439443882  0  82714  805  0  0  0  0  0  0  7460129814  1695  0  68956  546403  477446  0  52618  908  0  966171  0  52618  0  0  805  30377  471  0  0  0  0  0  0.973233068163  
1439443892  0  82714  805  0  0  0  0  0  0  7460129814  1695  0  68956  546403  477446  0  52618  908  0  966171  0  52618  0  0  805  30377  471  0  0  0  0  0  0.973233068163  
1439443902  0  82714  805  0  0  0  0  0  0  7460129814  1695  0  68956  546403  477446  0  52618  908  0  966171  0  52618  0  0  805  30377  471  0  0  0  0  0  0.973233068163  
1439443912  0  82714  805  0  0  0  0  0  0  7460129814  1695  0  68956  546403  477446  0  52618  908  0  966171  0  52618  0  0  805  30377  471  0  0  0  0  0  0.973233068163  
1439443922  0  82714  805  0  0  0  0  0  0  7460129814  1695  0  68956  546403  477446  0  52618  908  0  966171  0  52618  0  0  805  30377  471  0  0  0  0  0  0.973233068163  
1439443932  0  82714  805  0  0  0  0  0  0  7460129814  1695  0  68956  546403  477446  0  52618  908  0  966171  0  52618  0  0  805  30377  471  0  0  0  0  0  0.973233068163  
1439443942  0  82714  805  0  0  0  0  0  0  7460129814  1695  0  68956  546403  477446  0  52618  908  0  966171  0  52618  0  0  805  30377  471  0  0  0  0  0  0.973233068163  
1439443952  0  82714  805  0  0  0  0  0  0  7460129814  1695  0  68956  546403  477446  0  52618  908  0  966171  0  52618  0  0  805  30377  471  0  0  0  0  0  0.973233068163  
1439443962  0  82714  805  0  0  0  0  0  0  7460129814  1695  0  68956  546403  477446  0  52618  908  0  966171  0  52618  0  0  805  30377  471  0  0  0  0  0  0.973233068163  
1439443972  0  82714  805  0  0  0  0  0  0  7460129814  1695  0  68956  546403  477446  0  52618  908  0  966171  0  52618  0  0  805  30377  471  0  0  0  0  0  0.973233068163  
1439443982  0  82714  805  0  0  0  0  0  0  7460129814  1695  0  68956  546403  477446  0  52618  908  0  966171  0  52618  0  0  805  30377  471  0  0  0  0  0  0.973233068163  
1439443992  0  82714  805  0  0  0  0  0  0  7460129814  1695  0  68956  546403  477446  0  52618  908  0  966171  0  52618  0  0  805  30377  471  0  0  0  0  0  0.973233068163  
1439444002  0  82714  805  0  0  0  0  0  0  7460129814  1695  0  68956  546403  477446  0  52618  908  0  966171  0  52618  0  0  805  30377  471  0  0  0  0  0  0.973233068163  
1439444012  0  82714  805  0  0  0  0  0  0  7460129814  1695  0  68956  546403  477446  0  52618  908  0  966171  0  52618  0  0  805  30377  471  0  0  0  0  0  0.973233068163  
1439444022  0  82714  805  0  0  0  0  0  0  7460129814  1695  0  68956  546403  477446  0  52618  908  0  966171  0  52618  0  0  805  30377  471  0  0  0  0  0  0.973233068163  
1439444032  0  82714  805  0  0  0  0  0  0  7460129814  1695  0  68956  546403  477446  0  52618  908  0  966171  0  52618  0  0  805  30377  471  0  0  0  0  0  0.973233068163  
1439444042  0  82714  805  0  0  0  0  0  0  7460129814  1695  0  68956  546403  477446  0  52618  908  0  966171  0  52618  0  0  805  30377  471  0  0  0  0  0  0.973233068163  
1439444052  0  82714  805  0  0  0  0  0  0  7460129814  1695  0  68956  546403  477446  0  52618  908  0  966171  0  52618  0  0  805  30377  471  0  0  0  0  0  0.973233068163  
