#type:G;
#time  Rt  Nm  Tt  Nc  Rx  Gz  Pc  Pf  Ra  Te  Pm  Fp  Fc  Ta  Fm  Om  Lm  Oc  Sm  Sc  Em  Af  Ea  Cf  Ec  Gd  Zt  Et  Ep  dedup_put_diff  total_eph_put_diff  dedup_factor  dedup_curr  compression_saving  tze_saving  
1438878499  0  0  7533  0  0  0  0  0  0  7387  0  0  0  0  0  0  0  0  0  0  0  0  0  0  0  0  0  0  0  0  0  0 0 0 0 
1438878509  0  0  7542  0  0  0  0  0  0  7387  0  0  0  0  0  0  0  0  0  0  0  0  0  0  0  0  0  0  0  0  0  0 0 0 0 
1438878519  0  692  167383  692  0  0  30438  0  0  105551  30438  0  29026  0  29026  272  0  272  29026  29026  30438  0  0  0  30438  1412  0  0  30438  1412  30438  4.63893816939  4.63893816939  100.0  100.0  
1438878529  0  1868  1195796  1856  0  0  81950  0  0  163087  82100  0  67185  1334  68588  607  0  607  68588  67185  82100  0  0  0  81950  143930  0  0  514510  142518  484072  27.9741890342  18.0170835876  100.0  100.0  
1438878539  0  3331  3044252  3302  0  0  157150  0  0  163087  157312  0  85040  52  85334  607  0  607  85334  85040  157312  0  9415  0  157150  551284  0  9415  1439136  407354  924626  38.3065950682  45.8860960865  100.0  100.0  
1438878549  0  3471  5046500  2495  0  0  100645  0  0  163087  159142  0  85502  3  85505  607  0  253  85505  85502  159142  0  84926  0  100645  1152157  0  84937  2440126  600873  1000990  47.2171109197  15.0459535993  100.0  100.0  
1438878559  0  3471  7250258  2401  0  0  101112  0  0  163087  159142  0  85112  396  85507  607  0  212  85507  85112  159142  0  89641  0  101112  1864626  0  89652  3543553  712469  1103427  52.6202373719  15.8240367118  100.0  100.0  
1438878569  0  3471  9391688  2385  0  0  102094  0  0  163087  159142  0  83505  2006  85509  607  0  212  85509  83505  159142  0  92698  0  102094  2556829  0  92709  4616082  692203  1072529  55.3895922993  18.2077301311  100.0  100.0  
1438878579  0  3471  11505215  2386  0  0  104753  0  0  163087  159142  0  85222  294  85515  607  0  212  85515  85222  159142  0  95208  0  104753  3231617  0  95219  5675088  674788  1059006  56.9439099447  18.6448120818  100.0  100.0  
1438878589  0  3471  13603829  2356  0  0  104770  0  0  163087  159142  0  84037  1485  85522  607  0  213  85522  84037  159142  0  98131  0  104770  3893442  0  98143  6725917  661825  1050829  57.8871550154  19.7890617543  100.0  100.0  
1438878599  0  3471  15677723  2396  0  0  105941  0  0  163087  159142  0  84407  1118  85525  607  0  212  85524  84407  159142  0  100248  0  105941  4536141  0  100260  7764682  642699  1038765  58.4201774136  20.3264080951  100.0  100.0  
1438878609  0  3471  17740081  2426  0  0  106271  0  0  163087  159142  0  84764  765  85529  607  0  213  85529  84764  159142  0  103097  0  106271  5165016  0  103109  8797351  628875  1032669  58.7110369928  20.237882395  100.0  100.0  
1438878619  0  3471  19904320  2442  0  0  107560  0  0  163087  159142  0  83949  1585  85534  607  0  213  85534  83949  159142  0  106695  0  107560  5800244  0  106710  9881516  635228  1084165  58.6979163926  21.9514689476  100.0  100.0  
1438878629  0  3471  21999403  2434  0  0  108760  0  0  163087  159142  0  83241  2297  85538  607  0  213  85537  83241  159142  0  109646  0  108760  6419347  0  109661  10930892  619103  1049376  58.726652866  23.463589555  100.0  100.0  
1438878639  0  3471  24137369  2466  0  0  110153  0  0  163087  159142  0  84472  1066  85538  607  0  213  85538  84472  159142  0  113495  0  110153  7041107  0  113510  12001850  621760  1070958  58.6668471944  23.3139360707  100.0  100.0  
1438878649  0  3471  26236009  2514  0  0  110416  0  0  163087  159142  0  83499  2045  85542  607  0  213  85542  83499  159142  0  117097  0  110416  7655904  0  117112  13052797  614797  1050947  58.6533598891  24.3778075641  100.0  100.0  
1438878659  0  3471  28401537  2540  0  0  113103  0  0  163087  159142  0  84199  1355  85553  607  0  213  85553  84199  159142  0  118883  0  113103  8279245  0  118900  14137718  623341  1084921  58.5613958349  25.5554671406  100.0  100.0  
1438878669  0  3471  30550483  2583  0  0  113711  0  0  163087  159142  0  85091  469  85559  607  0  212  85559  85091  159142  0  121842  0  113711  8892473  0  121859  15214007  613228  1076289  58.4492500891  25.1690689555  100.0  100.0  
1438878679  0  3471  32632626  2660  0  0  115442  0  0  163087  159142  0  83900  1663  85563  607  0  212  85562  83900  159142  0  124816  0  115442  9488081  0  124834  16256911  595608  1042904  58.3633692772  27.3228114551  100.0  100.0  
1438878689  0  3471  34776874  2584  0  0  116866  0  0  163087  159142  0  85290  276  85566  607  0  31  85565  85290  159142  0  129288  0  116866  10114525  0  129307  17331052  626444  1074141  58.3607100134  27.0189790016  100.0  100.0  
1438878699  0  3471  36867151  2612  0  0  117525  0  0  163087  159142  0  84770  801  85571  607  0  28  85571  84770  159142  0  133270  0  117525  10714354  0  133289  18378179  599829  1047127  58.2993233443  27.8706658158  100.0  100.0  
1438878709  0  3471  39008107  2712  0  0  117885  0  0  163087  159142  0  84772  805  85577  607  0  31  85576  84772  159142  0  138614  0  117885  11322952  0  138635  19450765  608598  1072586  58.2134018893  28.0892395131  100.0  100.0  
1438878719  0  3471  41167523  2715  0  0  117972  0  0  163087  159142  0  84682  899  85579  607  0  31  85579  84682  159142  0  142445  0  117972  11943402  0  142467  20532359  620450  1081594  58.1686790105  28.2185603364  100.0  100.0  
1438878729  0  3471  43287837  2746  0  0  119425  0  0  163087  159142  0  84609  974  85583  607  0  31  85583  84609  159142  0  144001  0  119425  12561382  0  144023  21594708  617980  1062349  58.1687976517  29.153024911  100.0  100.0  
1438878739  0  3471  45360713  2804  0  0  119924  0  0  163087  159142  0  85000  584  85584  607  0  31  85584  85000  159142  0  146742  0  119924  13178616  0  146765  22632926  617234  1038218  58.2276281909  29.1217771255  100.0  100.0  
1438878749  0  3471  47471072  2801  0  0  119525  0  0  163087  159142  0  84090  1496  85586  607  0  31  85586  84090  159142  0  149109  0  119525  13797325  0  149132  23689691  618709  1056765  58.2418951771  29.646517465  100.0  100.0  
1438878759  0  3471  49554939  2817  0  0  121134  0  0  163087  159142  0  84741  845  85586  607  0  31  85586  84741  159142  0  151239  0  121134  14407577  0  151262  24733745  610252  1044054  58.2506894932  30.0435880925  100.0  100.0  
1438878769  0  3471  51650241  2804  0  0  120768  0  0  163087  159142  0  84256  1331  85587  607  0  31  85586  84256  159142  0  153787  0  120768  15029136  0  153810  25782925  621559  1049180  58.291043394  30.2331743508  100.0  100.0  
1438878779  0  3471  53810417  2819  0  0  120207  0  0  163087  159142  0  85366  225  85591  607  0  31  85591  85366  159142  0  158106  0  120207  15667648  0  158130  26865235  638512  1082310  58.3194154081  28.9841689752  100.0  100.0  
1438878790  0  3471  55929272  2752  0  0  116220  0  0  163087  159142  0  83851  1748  85597  607  0  30  85596  83851  159142  0  163932  0  116220  16301051  0  163956  27926350  633403  1061115  58.3715773812  27.8514885562  100.0  100.0  
1438878800  0  3471  58036448  2760  0  0  116025  0  0  163087  159142  0  85371  230  85601  607  0  29  85601  85371  159142  0  166932  0  116025  16924967  0  166956  28981946  623916  1055596  58.3983111417  26.4201680672  100.0  100.0  
1438878810  0  3471  60129645  2794  0  0  116911  0  0  163087  159142  0  84302  1303  85604  607  0  29  85604  84302  159142  0  169165  0  116911  17558185  0  169189  30030456  633218  1048510  58.4679266942  27.892157282  100.0  100.0  
1438878820  0  3471  62244809  2786  0  0  117333  0  0  163087  159142  0  84006  1603  85609  607  0  19  85609  84006  159142  0  172044  0  117333  18190567  0  172069  31089812  632382  1059356  58.5097362441  28.4037738744  100.0  100.0  
1438878830  0  3471  64356302  2820  0  0  118498  0  0  163087  159142  0  84626  986  85612  607  0  19  85612  84626  159142  0  173973  0  118498  18829632  0  173998  32147571  639065  1057759  58.5724874828  28.5844486827  100.0  100.0  
1438878840  0  3471  66460491  2801  0  0  117881  0  0  163087  159142  0  84868  746  85614  607  0  18  85614  84868  159142  0  177520  0  117881  19464497  0  177545  33201470  634865  1053899  58.6254072485  28.005361339  100.0  100.0  
1438878850  0  3471  68589945  2763  0  0  116706  0  0  163087  159142  0  84379  1245  85624  607  0  18  85624  84379  159142  0  182361  0  116706  20101492  0  182387  34268172  636995  1066702  58.6593647306  27.6995184481  100.0  100.0  
1438878860  0  3471  70732291  2786  0  0  117147  0  0  163087  159142  0  83617  2009  85625  607  0  14  85625  83617  159142  0  184958  0  117147  20743881  0  184985  35341262  642389  1073090  58.6959260255  28.6221584846  100.0  100.0  
1438878870  0  3471  72869868  2744  0  0  116616  0  0  163087  159142  0  85260  367  85627  607  0  12  85627  85260  159142  0  188661  0  116616  21380025  0  188689  36412048  636144  1070786  58.7168977697  26.8882486108  100.0  100.0  
1438878880  0  3471  74963529  2793  0  0  116506  0  0  163087  159142  0  84449  1179  85628  607  0  12  85628  84449  159142  0  191775  0  116506  22003117  0  191805  37460758  623092  1048710  58.7364436139  27.5153210993  100.0  100.0  
1438878890  0  3471  77062159  2759  0  0  116756  0  0  163087  159142  0  84580  1052  85632  607  0  12  85632  84580  159142  0  193820  0  116756  22629746  0  193850  38511662  626629  1050904  58.76076187  27.5583267669  100.0  100.0  
1438878900  0  3471  79139346  2722  0  0  115791  0  0  163087  159142  0  84436  1201  85637  607  0  12  85637  84436  159142  0  198396  0  115791  23247433  0  198426  39551794  617687  1040132  58.7771897275  27.0789612319  100.0  100.0  
1438878910  0  3471  81227286  2725  0  0  117570  0  0  163087  159142  0  84184  1453  85637  607  0  12  85637  84184  159142  0  200221  0  117570  23868242  0  200251  40597598  620809  1045804  58.7922516992  28.3966998384  100.0  100.0  
1438878920  0  3471  83290854  2747  0  0  116741  0  0  163087  159142  0  84486  1154  85640  607  0  12  85640  84486  159142  0  204511  0  116741  24483902  0  204543  41631296  615660  1033698  58.8112894684  27.6295388938  100.0  100.0  
1438878930  0  3471  85334046  2700  0  0  113484  0  0  163087  159142  0  83374  2278  85652  607  0  12  85652  83374  159142  0  210121  0  113484  25087990  0  210153  42654576  604088  1023280  58.8166437289  26.5323746079  100.0  100.0  
1438878940  0  3471  87471110  2709  0  0  114909  0  0  163087  159142  0  84732  920  85652  607  0  12  85652  84732  159142  0  212736  0  114909  25716918  0  212768  43724998  628928  1070422  58.8151381962  26.2616505235  100.0  100.0  
1438878951  0  3471  89656069  2717  0  0  115057  0  0  163087  159142  0  85212  442  85654  607  0  12  85654  85212  159142  0  216307  0  115057  26360480  0  216341  44819814  643562  1094816  58.8143449234  25.9393170342  100.0  100.0  
1438878961  0  3471  91763940  2723  0  0  115184  0  0  163087  159142  0  85000  659  85659  607  0  12  85659  85000  159142  0  219402  0  115184  26984818  0  219436  45875446  624338  1055632  58.8219196823  26.2050284762  100.0  100.0  
1438878971  0  3471  93904596  2738  0  0  115208  0  0  163087  159142  0  84685  977  85662  607  0  12  85661  84685  159142  0  221937  0  115208  27618475  0  221971  46947620  633657  1072174  58.8282750009  26.4938198736  100.0  100.0  
1438878981  0  3471  96042400  2705  0  0  115254  0  0  163087  159142  0  84170  1497  85667  607  0  12  85667  84170  159142  0  225148  0  115254  28245305  0  225183  48018498  626830  1070878  58.8217169975  26.9699967029  100.0  100.0  
1438878991  0  3471  98183712  2733  0  0  115806  0  0  163087  159142  0  85022  649  85671  607  0  12  85671  85022  159142  0  227457  0  115806  28877062  0  227492  49091219  631757  1072721  58.8232734657  26.5823877865  100.0  100.0  
1438879001  0  3471  100346720  2748  0  0  115476  0  0  163087  159142  0  83820  1854  85673  607  0  12  85673  83820  159142  0  232588  0  115476  29520337  0  232623  50174799  643275  1083580  58.8349880584  27.4134885171  100.0  100.0  
1438879011  0  3471  102544148  2749  0  0  115909  0  0  163087  159142  0  83938  1741  85678  607  0  12  85678  83938  159142  0  234985  0  115909  30173617  0  235020  51275802  653280  1101003  58.8457241488  27.582845163  100.0  100.0  
1438879021  0  3471  104724987  2757  0  0  116739  0  0  163087  159142  0  85066  615  85681  607  0  12  85681  85066  159142  0  237379  0  116739  30823773  0  237415  52368181  650156  1092379  58.8597358384  27.1314642065  100.0  100.0  
1438879031  0  3471  106880503  2753  0  0  115621  0  0  163087  159142  0  84138  1549  85687  607  0  12  85686  84138  159142  0  241836  0  115621  31452933  0  241873  53448091  629160  1079910  58.8476265691  27.2294825334  100.0  100.0  
1438879041  0  3471  109059509  2725  0  0  115127  0  0  163087  159142  0  84194  1498  85691  607  0  12  85691  84194  159142  0  245346  0  115127  32095446  0  245383  54539608  642513  1091517  58.8479587165  26.8685886022  100.0  100.0  
1438879051  0  3471  111220083  2735  0  0  115188  0  0  163087  159142  0  84734  964  85698  607  0  12  85697  84734  159142  0  248398  0  115188  32732679  0  248436  55621865  637233  1082257  58.8485822976  26.4385179012  100.0  100.0  
1438879061  0  3471  113177031  2741  0  0  114872  0  0  163087  159142  0  85207  499  85706  607  0  12  85706  85207  159142  0  252145  0  114872  33316470  0  252183  56602035  583791  980170  58.8609049127  25.8243958493  100.0  100.0  
1438879071  0  3471  115360774  2761  0  0  116072  0  0  163087  159142  0  83286  2423  85709  607  0  12  85709  83286  159142  0  255101  0  116072  33966919  0  255139  57696351  650449  1094316  58.8718669574  28.2462609415  100.0  100.0  
1438879081  0  3471  117533893  2757  0  0  115180  0  0  163087  159142  0  84989  723  85712  607  0  12  85712  84989  159142  0  257925  0  115180  34606236  0  257963  58784754  639317  1088403  58.8694068533  26.212015975  100.0  100.0  
1438879091  0  3471  119690721  2777  0  0  115148  0  0  163087  159142  0  85061  655  85716  607  0  12  85715  85061  159142  0  260584  0  115148  35247084  0  260622  59865405  640848  1080651  58.8772163155  26.1289818321  100.0  100.0  
1438879101  0  3471  121874119  2767  0  0  116515  0  0  163087  159142  0  85047  674  85720  607  0  12  85720  85047  159142  0  262738  0  116515  35892156  0  262776  60959041  645072  1093636  58.879134926  27.0076814144  100.0  100.0  
1438879111  0  3471  124032667  2745  0  0  115007  0  0  163087  159142  0  84492  1236  85728  607  0  12  85728  84492  159142  0  267017  0  115007  36535689  0  267055  62040211  643533  1081170  58.8903364626  26.5331675463  100.0  100.0  
1438879121  0  3471  126298164  2732  0  0  115299  0  0  163087  159142  0  84649  1079  85728  607  0  12  85728  84649  159142  0  268998  0  115299  37217080  0  269036  63174902  681391  1134691  58.9111796327  26.5830579623  100.0  100.0  
1438879131  0  3471  127689514  3042  0  0  124019  0  0  163087  159142  0  85735  2  85737  607  0  20  85736  85735  159142  0  283240  0  124019  37616782  0  283278  63871407  399702  696505  58.8945566832  30.8694635499  100.0  100.0  
1438879141  0  3471  128433325  3147  0  0  126424  0  0  163087  159142  0  85779  2  85780  607  0  27  85780  85779  159142  0  310368  0  126424  37799439  0  310408  64243425  182657  372018  58.837832821  32.1497500475  100.0  100.0  
1438879151  0  3508  128612342  3345  0  0  121603  0  0  163087  159142  0  85813  2  85814  607  0  25  85814  85813  159142  0  367187  0  121603  37839553  0  367227  64332904  40114  89479  58.8183505598  29.431839675  100.0  100.0  
1438879161  0  3508  129365480  3243  0  0  117969  0  0  163087  159142  0  85041  793  85833  607  0  19  85833  85041  159142  0  396430  0  117969  38054734  0  396471  64709260  215181  376356  58.8087918174  27.912417669  100.0  100.0  
1438879171  0  3508  131103383  3248  0  0  118204  0  0  163087  159142  0  84929  905  85833  607  0  19  85833  84929  159142  0  396560  0  118204  38568312  0  396601  65578387  513578  869127  58.8125352946  28.1504856012  100.0  100.0  
1438879181  0  3508  132964575  3242  0  0  117753  0  0  163087  159142  0  85057  778  85834  607  0  19  85834  85057  159142  0  396859  0  117753  39118006  0  396900  66508902  549694  930515  58.8161957628  27.7665961801  100.0  100.0  
1438879191  0  3508  134659440  3239  0  0  117506  0  0  163087  159142  0  84921  914  85834  607  0  19  85834  84921  159142  0  396859  0  117506  39610937  0  396900  67356207  492931  847305  58.8081466642  27.7304988681  100.0  100.0  
1438879201  0  3508  136333769  3247  0  0  117492  0  0  163087  159142  0  84221  1614  85834  607  0  19  85834  84221  159142  0  396859  0  117492  40102852  0  396900  68193360  491915  837153  58.8075613227  28.3176726926  100.0  100.0  
1438879211  0  3508  138029295  3219  0  0  117821  0  0  163087  159142  0  84886  950  85834  607  0  19  85834  84886  159142  0  396905  0  117821  40603279  0  396946  69041266  500427  847906  58.8101599991  27.9534208672  100.0  100.0  
1438879221  0  3508  139720668  3228  0  0  117462  0  0  163087  159142  0  84506  1330  85835  607  0  19  85835  84506  159142  0  397219  0  117462  41095932  0  397260  69886926  492653  845660  58.8034620381  28.0567332414  100.0  100.0  
1438879231  0  3508  141403186  3263  0  0  117641  0  0  163087  159142  0  84911  925  85835  607  0  19  85835  84911  159142  0  397219  0  117641  41588493  0  397260  70728270  492561  841344  58.800382082  27.8219328295  100.0  100.0  
1438879241  0  3508  143280118  3236  0  0  117432  0  0  163087  159142  0  84277  1559  85835  607  0  19  85835  84277  159142  0  397219  0  117432  42140309  0  397260  71666626  551816  938356  58.8004645286  28.2333605831  100.0  100.0  
1438879251  0  3508  144969263  3213  0  0  117458  0  0  163087  159142  0  84802  1034  85835  607  0  19  85835  84802  159142  0  397219  0  117458  42637187  0  397260  72511207  496878  844581  58.8008237127  27.8022782612  100.0  100.0  
1438879261  0  3508  146671006  3264  0  0  117637  0  0  163087  159142  0  84524  1312  85835  607  0  19  85835  84524  159142  0  397219  0  117637  43135895  0  397260  73362164  498708  850957  58.7985586139  28.148456693  100.0  100.0  
1438879271  0  3508  148356528  3278  0  0  117837  0  0  163087  159142  0  85547  289  85835  607  0  19  85835  85547  159142  0  397219  0  117837  43627556  0  397260  74205020  491661  842856  58.7932676253  27.4022590528  100.0  100.0  
1438879281  0  3508  150029746  3273  0  0  117739  0  0  163087  159142  0  84804  1032  85835  607  0  19  85835  84804  159142  0  397219  0  117739  44116480  0  397260  75041576  488924  836556  58.7893836345  27.9728891871  100.0  100.0  
1438879291  0  3508  151903341  3262  0  0  117911  0  0  163087  159142  0  84856  980  85835  607  0  19  85835  84856  159142  0  397219  0  117911  44662552  0  397260  75978454  546072  936878  58.7831808212  28.033856044  100.0  100.0  
1438879301  0  3508  153587591  3265  0  0  117943  0  0  163087  159142  0  85165  671  85835  607  0  17  85835  85165  159142  0  397219  0  117943  45155539  0  397260  76820591  492987  842137  58.7805149794  27.7913907566  100.0  100.0  
