#type:T;
#time  gt  cn  Pt  Px  gx  cx  gn  gm  Pn  Pm  Ft  cm  pt  Fx  px  ct  pn  Fm  Fn  pm  dn  On  Om  dm  dx  Ox  dt  Ot  Gt  Cn  Cm  Gx  Cx  Gn  Gm  Ct  
1438621891  2339994  0  0  0  30460  0  2518  157  0  2147483647  34256  2147483647  0  2403  0  0  0  976  21  2147483647  0  46  1054  2147483647  0  3906  0  99498  0  0  2147483647  0  0  0  2147483647  0  
1438621901  2339994  0  0  0  30460  0  2518  157  0  2147483647  34256  2147483647  0  2403  0  0  0  976  21  2147483647  0  46  1054  2147483647  0  3906  0  99498  0  0  2147483647  0  0  0  2147483647  0  
1438621911  2493362  0  19318446  41081  30460  0  2632  157  3427  2537  71912  2147483647  0  2806  0  0  0  214  74  2147483647  0  3013  257  2147483647  0  21498  0  10662182  1637586  3611  553  23576  14105  184  1721  9156384  
1438621921  2493362  0  19318446  41081  30460  0  2632  157  3427  2537  71912  2147483647  0  2806  0  0  0  214  74  2147483647  0  6125  257  2147483647  0  21498  0  21937177  1637586  3611  553  23576  14105  184  1721  9156384  
1438621931  2740518  0  19318446  41081  30460  0  2838  157  3427  2537  71912  2147483647  0  2806  0  0  0  214  74  2147483647  0  7552  257  2147483647  0  21498  0  27343089  2713067  3758  553  32221  31020  331  1721  9602601  
1438621941  2740518  0  20159821  41081  30460  0  2838  157  3589  2537  71912  2147483647  0  2806  0  0  0  214  74  2147483647  0  7552  257  2147483647  0  21498  0  27343089  2713067  3919  553  32221  32871  331  1721  10027862  
1438621951  2740518  0  22340629  42134  30460  0  2838  157  3859  2537  20445943  2147483647  0  30863  0  0  0  205  25789  2147483647  0  7665  257  2147483647  0  73919  0  28176694  2713067  4189  553  32221  34268  331  1721  10964986  
1438621961  2740518  0  22633482  42134  30460  0  2838  157  3887  2537  48376815  2147483647  0  36675  0  0  0  205  58086  2147483647  0  7951  214  2147483647  0  73919  0  29252257  2713067  4217  553  32221  34268  331  1721  11071718  
1438621971  2740518  0  29152495  42134  30460  0  2838  157  4647  2537  77745650  2147483647  0  36675  0  0  0  205  92601  2147483647  0  9576  214  2147483647  0  73919  0  31134177  2713067  4977  553  32221  34268  331  1721  13822378  
1438621981  2828158  0  29505156  42134  30460  0  3023  157  4707  2537  106046425  2147483647  0  36675  0  0  0  202  139635  2147483647  0  11530  205  2147483647  0  73919  0  31979094  4333175  5269  553  32221  34268  563  1721  14620543  
1438621991  38883018  0  69979824  47917  32389  0  34973  157  8947  2537  133164205  2147483647  0  36675  0  0  0  202  167588  2147483647  0  12940  205  2147483647  0  73919  0  33201146  4387053  9513  553  32221  41836  567  1721  29553923  
1438622001  88206372  0  299351090  47917  32389  0  75279  157  33042  2537  150087684  2147483647  0  36675  0  0  0  202  184368  2147483647  0  14064  205  2147483647  0  73919  0  34838774  4387053  33608  553  32221  41836  567  1721  115245263  
1438622011  142261524  0  682381735  66824  32389  0  117444  157  74311  2537  151238360  2147483647  0  36675  0  0  0  202  185171  2147483647  0  15019  205  2147483647  0  73919  0  36726724  4612872  74898  553  32221  64542  588  1721  259694526  
1438622021  196742593  0  1040853692  66824  72261  0  156091  157  113303  2347  151382651  2147483647  0  36675  0  0  0  202  185225  2147483647  0  16193  205  2147483647  0  166268  0  61662895  4721791  113901  553  32221  64542  599  1721  396864874  
1438622031  237952657  0  1321973824  90164  72261  0  187851  157  145660  2347  151389316  2147483647  0  36675  0  0  0  202  185226  2147483647  0  17527  205  2147483647  0  194199  0  84669597  4979292  146282  553  32221  64542  623  1721  505838245  
1438622041  288932937  0  1662292738  766199  72261  0  223516  157  180967  2329  152378833  2147483647  0  36675  0  0  0  202  185852  2147483647  0  18665  205  2147483647  0  194199  0  98003050  5337404  181625  553  32221  64542  659  1721  632248770  
1438622051  354786225  0  2121635038  766199  72261  0  270531  157  228252  2329  152690637  2147483647  0  36675  0  0  0  202  185968  2147483647  0  20775  205  2147483647  0  194199  0  111377724  5337404  228910  553  32221  64542  659  1721  800404293  
1438622061  416100117  0  2542232759  766199  98502  0  314523  157  272806  2329  152690637  2147483647  0  36675  0  0  0  202  185968  2147483647  0  22389  205  2147483647  0  194199  0  132835179  5477026  273478  553  32221  71223  673  1721  958325188  
1438622071  463647290  0  2865700612  766199  98502  0  348090  157  305911  2329  153449949  2147483647  0  36675  0  0  0  202  186620  2147483647  0  23749  205  2147483647  0  194199  0  139848011  6195378  306681  553  45910  71223  771  1721  1075626642  
1438622081  502139496  0  3140117935  766199  98502  0  376575  157  334446  2329  153787560  2147483647  0  36675  0  0  0  202  186772  2147483647  0  24746  205  2147483647  0  194199  0  142119404  6637614  335265  553  45910  103648  820  1721  1173609476  
1438622091  552057110  0  3488472046  766199  98502  0  411644  157  369898  2329  153993724  2147483647  0  36675  0  0  0  202  186869  2147483647  0  26363  205  2147483647  0  194199  0  146733016  6637614  370717  553  45910  103648  820  1721  1298540308  
1438622101  615701064  0  3957187099  766199  98502  0  458571  157  417274  2329  154001070  2147483647  0  36675  0  0  0  202  186871  2147483647  0  28374  205  2147483647  0  194199  0  153255102  6855001  418114  553  45910  103648  841  1721  1467849612  
1438622111  679495016  0  4400452616  766199  98502  0  504592  157  462806  2329  154913982  2147483647  0  36675  0  0  0  202  187542  2147483647  0  30099  205  2147483647  0  194199  0  159029977  7140867  463674  553  45910  103648  869  1721  1628729253  
1438622121  718097970  0  4685379150  766199  98502  0  533012  157  491740  2329  155025605  2147483647  0  36675  0  0  0  202  187602  2147483647  0  31334  205  2147483647  0  194199  0  162070874  7394865  492623  553  45910  103648  885  1721  1729417976  
1438622131  759477617  0  4983958540  766199  98502  0  563319  157  522245  2329  155101477  2147483647  0  36675  0  0  0  202  187645  2147483647  0  32681  205  2147483647  0  194199  0  165130999  7642117  523167  553  45910  103648  924  1721  1836062456  
1438622141  818494168  0  5391954630  766199  98502  0  604492  157  563124  2329  155906888  2147483647  0  36675  0  0  0  202  188165  2147483647  0  34384  205  2147483647  0  194199  0  169983455  7642117  564046  553  45910  103648  924  1721  1982169297  
1438622151  878894621  0  5831764534  766199  98502  0  649081  157  607888  2329  156302894  2147483647  0  36675  0  0  0  202  188318  2147483647  0  36116  205  2147483647  0  194199  0  174513403  7642117  608810  553  45910  103648  924  1721  2140008256  
1438622161  932362142  0  6215072438  766199  98502  0  687822  157  646966  2329  156302894  2147483647  0  36675  0  0  0  202  188318  2147483647  0  37838  205  2147483647  0  194199  0  178185665  8127884  647938  553  45910  103648  974  1721  2277856067  
1438622171  974665647  0  6530234654  766199  98502  0  719641  157  679130  2329  156377280  2147483647  0  36675  0  0  0  202  188366  2147483647  0  39073  205  2147483647  0  194199  0  180763133  8333321  680122  553  45910  103648  994  1721  2389386777  
1438622181  1023795097  0  6861837453  766199  98502  0  753175  157  712401  2329  157362358  2147483647  0  36675  0  0  0  202  189045  2147483647  0  40462  205  2147483647  0  194199  0  184214726  8333321  713393  553  45910  103648  994  1721  2507729983  
1438622191  1083988594  0  7298526566  766199  98502  0  796652  157  756123  2329  157581576  2147483647  0  36675  0  0  0  202  189134  2147483647  0  42489  205  2147483647  0  194199  0  188761110  8333321  757115  553  45910  103648  994  1721  2663960245  
1438622201  1144773085  0  7748516332  766199  98502  0  841131  157  801045  2329  157581576  2147483647  0  36675  0  0  0  202  189134  2147483647  0  44210  205  2147483647  0  194199  0  193553515  8474603  802051  553  45910  103648  1008  1721  2825586454  
1438622211  1189110000  0  8063631306  766199  98502  0  873403  157  832787  2329  158162463  2147483647  0  36675  0  0  0  202  189723  2147483647  0  45485  205  2147483647  0  194199  0  196119782  8654544  833809  553  45910  103648  1024  1721  2937903094  
1438622221  1227161824  0  8344759637  766199  98502  0  901503  157  860981  2329  158501410  2147483647  0  36675  0  0  0  202  189860  2147483647  0  46847  205  2147483647  0  194199  0  199146130  8902050  862027  553  45910  103648  1048  1721  3037679734  
1438622231  1284807927  0  8745372825  766199  98502  0  941231  157  901198  2329  158699618  2147483647  0  36675  0  0  0  202  189959  2147483647  0  48558  205  2147483647  0  194199  0  202428880  9069372  902259  553  45910  103648  1063  1721  3180868291  
1438622241  1348933095  0  9226761146  766199  98502  0  989094  157  949286  2329  158699618  2147483647  0  36675  0  0  0  202  189959  2147483647  0  50570  205  2147483647  0  194199  0  205582527  9069372  950347  553  45910  103648  1063  1721  3353485511  
1438622251  1407382988  0  9642559330  766199  98502  0  1031627  157  991483  2329  159705990  2147483647  0  36675  0  0  0  202  190601  2147483647  0  52285  205  2147483647  0  194199  0  209016201  9266206  992572  553  45910  103648  1091  1721  3502577307  
1438622261  1444786486  0  9925077316  766199  98502  0  1060058  157  1020251  2329  159811730  2147483647  0  36675  0  0  0  202  190641  2147483647  0  53216  205  2147483647  0  194199  0  211262286  9383293  1021348  553  45910  103648  1099  1721  3602439954  
1438622271  1485549717  0  10220286443  766199  98502  0  1090061  157  1050275  2329  159835929  2147483647  0  36675  0  0  0  202  190658  2147483647  0  54607  205  2147483647  0  194199  0  214660769  9626781  1051396  553  45910  103648  1123  1721  3707085417  
1438622281  1547842763  0  10649301851  766199  98502  0  1133836  157  1094096  2329  160679117  2147483647  0  36675  0  0  0  202  191248  2147483647  0  56336  205  2147483647  0  194199  0  218382021  9626781  1095217  553  45910  103648  1123  1721  3858903790  
1438622291  1608528413  0  11081171363  766199  98502  0  1178170  157  1138379  2329  160933327  2147483647  0  36675  0  0  0  202  191348  2147483647  0  58355  205  2147483647  0  194199  0  222218128  9753323  1139514  553  45910  103648  1137  1721  4011713853  
1438622301  1660755335  0  11445498168  766199  98502  0  1214344  157  1175071  2329  160937961  2147483647  0  36675  0  0  0  202  191349  2147483647  0  59627  205  2147483647  0  194199  0  225294111  9896496  1176220  553  45910  103648  1151  1721  4140396720  
1438622311  1698156192  0  11720807783  766199  98502  0  1242583  157  1203092  2329  161402278  2147483647  0  36675  0  0  0  202  191826  2147483647  0  61015  205  2147483647  0  194199  0  228484590  10158559  1204264  553  45910  105369  1174  1721  4235906334  
1438622322  1747872272  0  12065858037  766199  98502  0  1276906  157  1237627  2329  161852880  2147483647  0  36675  0  0  0  202  192035  2147483647  0  62440  205  2147483647  0  194199  0  231565177  10467436  1238835  553  45910  105369  1210  1721  4356854043  
1438622332  1805178642  0  12473210276  766199  98502  0  1319218  157  1280337  2329  161924069  2147483647  0  36675  0  0  0  202  192086  2147483647  0  64171  205  2147483647  0  194199  0  234607001  10467436  1281545  553  45910  105369  1210  1721  4501028125  
1438622342  1869558166  0  12938133840  766199  98502  0  1367696  157  1328684  2329  162197394  2147483647  0  36675  0  0  0  202  192313  2147483647  0  66202  205  2147483647  0  194199  0  239110723  10608796  1329906  553  45910  105369  1224  1721  4666523847  
1438622352  1912784374  0  13247740315  766199  98502  0  1400121  157  1360989  2329  162836872  2147483647  0  36675  0  0  0  202  192767  2147483647  0  67437  205  2147483647  0  194199  0  241877652  10750699  1362225  553  45910  105369  1238  1721  4775369995  
1438622362  1949015548  0  13517323630  766199  98502  0  1427985  157  1389118  2329  163034395  2147483647  0  36675  0  0  0  202  192855  2147483647  0  68809  205  2147483647  0  194199  0  244897953  11108177  1390390  553  45910  105369  1274  1721  4869817273  
1438622372  1998813942  0  13857147632  766199  98502  0  1462057  157  1423374  2329  163107974  2147483647  0  36675  0  0  0  202  192912  2147483647  0  70298  205  2147483647  0  194199  0  248498994  11135228  1424650  553  45910  105369  1278  1721  4989533485  
1438622382  2057529691  0  14280088575  766199  98502  0  1506016  157  1467139  2329  163550850  2147483647  0  36675  0  0  0  202  193441  2147483647  0  72297  205  2147483647  0  194199  0  252143968  11135228  1468415  553  45910  105369  1278  1721  5139498381  
1438622392  2118338722  0  14711324205  766199  98502  0  1550163  157  1511478  2329  163910693  2147483647  0  36675  0  0  0  202  193599  2147483647  0  73867  205  2147483647  0  194199  0  255816206  11272155  1512768  553  45910  105369  1292  1721  5292220667  
1438622402  2163188765  0  15033858273  766199  98502  0  1583174  157  1544770  2329  163935385  2147483647  0  36675  0  0  0  202  193611  2147483647  0  75266  205  2147483647  0  194199  0  258949580  11489774  1546080  553  45910  105369  1312  1721  5405136234  
1438622412  2203863545  0  15325438283  766199  98502  0  1613206  157  1575059  2329  163961068  2147483647  0  36675  0  0  0  202  193627  2147483647  0  76717  205  2147483647  0  194199  0  262535124  11635205  1576391  553  45910  105369  1334  1721  5506965405  
1438622422  2256499073  0  15684455081  766199  98502  0  1650311  157  1612062  2329  164824820  2147483647  0  36675  0  0  0  202  194324  2147483647  0  78420  205  2147483647  0  194199  0  266614087  11689238  1613398  553  45910  105369  1338  1721  5634010971  
1438622432  2316825026  0  16118801761  766199  98502  0  1694884  157  1656722  2329  164965848  2147483647  0  36675  0  0  0  202  194387  2147483647  0  80004  205  2147483647  0  194199  0  269925740  11689238  1658058  553  45910  105369  1338  1721  5787360366  
1438622442  2374816488  0  16520086883  766199  98502  0  1734888  157  1696827  2329  164965848  2147483647  0  36675  0  0  0  202  194387  2147483647  0  81709  205  2147483647  0  194199  0  275779023  11938837  1698188  553  45910  105369  1363  1721  5929320672  
1438622452  2410999821  0  16781523631  766199  98502  0  1761861  157  1723664  2329  165740973  2147483647  0  36675  0  0  0  202  194941  2147483647  0  83134  205  2147483647  0  194199  0  279273084  12045151  1725034  553  45910  105369  1372  1721  6021003944  
1438622462  2456482151  0  17097035038  766199  98502  0  1793828  157  1755822  2329  166051636  2147483647  0  36675  0  0  0  202  195073  2147483647  0  84487  205  2147483647  0  194199  0  282092783  12291929  1757215  553  45910  105369  1395  1721  6130985076  
1438622472  2513098352  0  17482564282  766199  98502  0  1833383  157  1795727  2329  166228307  2147483647  0  36675  0  0  0  202  195166  2147483647  0  86087  205  2147483647  0  194199  0  285324996  12291929  1797120  553  45910  105369  1395  1721  6267254635  
1438622482  2575673247  0  17932483316  766199  98502  0  1879789  157  1842331  2329  166228307  2147483647  0  36675  0  0  0  202  195166  2147483647  0  88110  205  2147483647  0  194199  0  289154266  12372005  1843739  553  45910  105369  1410  1721  6426485883  
1438622492  2625312794  0  18267573532  766199  98502  0  1915947  157  1878100  2329  167110026  2147483647  0  36675  0  0  0  202  195799  2147483647  0  89508  205  2147483647  0  194199  0  295688077  12504653  1879522  553  45910  105369  1424  1721  6546766446  
1438622502  2664040504  0  18541172758  766199  98502  0  1944023  157  1906481  2329  167272585  2147483647  0  36675  0  0  0  202  195864  2147483647  0  90866  205  2147483647  0  194199  0  299667296  12652894  1907916  553  45910  105369  1437  1721  6642396565  
1438622512  2714367442  0  18896995452  766199  98502  0  1980330  157  1943219  2329  167330259  2147483647  0  36675  0  0  0  202  195897  2147483647  0  92555  205  2147483647  0  194199  0  302941339  12821363  1944674  553  45910  105369  1457  1721  6767506180  
1438622522  2774083384  0  19314698354  766199  98502  0  2022219  157  1984767  2329  168117169  2147483647  0  36675  0  0  0  202  196460  2147483647  0  94195  205  2147483647  0  194199  0  308321306  12821363  1986222  553  45910  105369  1457  1721  6915284394  
1438622532  2836105582  0  19749911674  766199  98502  0  2066828  157  2029449  2329  168295835  2147483647  0  36675  0  0  0  202  196548  2147483647  0  95888  205  2147483647  0  194199  0  320234536  12956678  2030918  553  45910  105369  1471  1721  7071465169  
1438622542  2882232969  0  20071463599  766199  98502  0  2099814  157  2062554  2329  168295835  2147483647  0  36675  0  0  0  202  196548  2147483647  0  97554  205  2147483647  0  196246  0  326761651  13092846  2064037  553  45910  105369  1485  1721  7184961261  
1438622552  2919832130  0  20348111923  766199  98502  0  2128149  157  2091173  2329  168321755  2147483647  0  36675  0  0  0  202  196564  2147483647  0  98586  205  2147483647  0  196246  0  328248408  13275095  2092671  553  45910  105369  1500  1721  7281066252  
1438622562  2968712494  0  20673951461  766199  98502  0  2161969  157  2124612  2329  169445678  2147483647  0  36675  0  0  0  202  197277  2147483647  0  100235  205  2147483647  0  196246  0  337722397  13378170  2126120  553  45910  105369  1510  1721  7397370602  
1438622572  3033532709  0  21127895468  766199  136229  0  2208792  157  2171965  2329  169650280  2147483647  0  36675  0  0  0  202  197363  2147483647  0  102249  205  2147483647  0  196246  0  354988325  13378170  2173473  553  45910  105369  1510  1721  7560413434  
1438622582  3094377767  0  21540765132  766199  136229  0  2252779  157  2216153  2329  169650280  2147483647  0  36675  0  0  0  202  197363  2147483647  0  103895  205  2147483647  0  196246  0  373123935  13813734  2217712  553  45910  105369  1561  1721  7711092936  
1438622592  3135093777  0  21817426611  766199  136229  0  2282430  157  2245551  2329  170518575  2147483647  0  36675  0  0  0  202  198003  2147483647  0  105241  205  2147483647  0  196246  0  385007561  13889758  2247127  553  45910  105369  1578  1721  7809629219  
1438622602  3173681572  0  22088001887  766199  136229  0  2311096  157  2274057  2329  170790047  2147483647  0  36675  0  0  0  202  198135  2147483647  0  106272  205  2147483647  0  196246  0  393459582  14042851  2275646  553  45910  105369  1591  1721  7905640583  
1438622612  3225802426  0  22435366004  766199  136229  0  2346579  157  2310078  2329  170907860  2147483647  0  36675  0  0  0  202  198209  2147483647  0  107893  205  2147483647  0  196246  0  408800003  14042851  2311667  553  45910  105369  1591  1721  8031454056  
1438622622  3294898585  0  22932678136  766199  136229  0  2397274  157  2360526  2329  171528737  2147483647  0  36675  0  0  0  202  198701  2147483647  0  109855  205  2147483647  0  196246  0  420957510  14042851  2362115  553  45910  105369  1591  1721  8208411288  
1438622632  3353638867  0  23345139354  766199  136229  0  2438001  157  2401592  2329  171929926  2147483647  0  36675  0  0  0  202  198876  2147483647  0  111881  205  2147483647  0  196246  0  427638160  14145539  2403191  553  45910  105369  1601  1721  8353390797  
1438622642  3389447113  0  23617889044  766199  136229  0  2465530  157  2429174  2329  171984657  2147483647  0  36675  0  0  0  202  198900  2147483647  0  112880  205  2147483647  0  196246  0  429903954  14403866  2430796  553  45910  105369  1624  1721  8447595072  
1438622652  3430827301  0  23909491624  766199  136229  0  2495248  157  2459106  2329  171990190  2147483647  0  36675  0  0  0  202  198901  2147483647  0  114197  205  2147483647  0  196246  0  435882281  14626493  2460743  553  45910  105369  1641  1721  8549915547  
1438622662  3486530733  0  24281326112  766199  136229  0  2533059  157  2496942  2329  172826120  2147483647  0  36675  0  0  0  202  199471  2147483647  0  115851  205  2147483647  0  196246  0  444378092  14626493  2498579  553  45910  105369  1641  1721  8681074596  
1438622672  3554794899  0  24765452011  766199  136229  0  2582536  157  2546414  2329  173171268  2147483647  0  36675  0  0  0  202  199617  2147483647  0  117832  205  2147483647  0  196246  0  457518379  14730329  2548060  553  45910  105369  1650  1721  8853624941  
1438622682  3606653785  0  25129058019  766199  136229  0  2618904  157  2583240  2329  173212482  2147483647  0  36675  0  0  0  202  199647  2147483647  0  119162  205  2147483647  0  196246  0  460598957  14918313  2584912  553  45910  105943  1676  1721  8981133171  
1438622692  3644216624  0  25399782557  766199  136229  0  2646984  157  2610992  2329  173586766  2147483647  0  36675  0  0  0  202  199936  2147483647  0  120501  205  2147483647  0  196246  0  466220236  15166329  2612686  553  45910  105943  1698  1721  9075347676  
1438622702  3692707570  0  25737299483  766199  136229  0  2682217  157  2646267  2329  174035237  2147483647  0  36675  0  0  0  202  200335  2147483647  0  121842  205  2147483647  0  196246  0  473535079  15360188  2647978  553  45910  105943  1715  1721  9194527317  
1438622712  3753530472  0  26163558033  766199  136229  0  2725305  157  2689592  2329  174281607  2147483647  0  36675  0  0  0  202  200454  2147483647  0  123824  205  2147483647  0  196246  0  484680011  15360188  2691303  553  45910  105943  1715  1721  9346781470  
1438622722  3816781775  0  26597266626  766199  136229  0  2769109  157  2733835  2329  174335314  2147483647  0  36675  0  0  0  202  200483  2147483647  0  125464  205  2147483647  0  196246  0  496499308  15763901  2735583  553  45910  105943  1752  1721  9501128344  
1438622732  3867596974  0  26949490780  766199  136229  0  2805555  157  2769830  2329  175086032  2147483647  0  36675  0  0  0  202  201183  2147483647  0  127155  205  2147483647  0  196246  0  506304316  15866512  2771587  553  45910  105943  1761  1721  9625752711  
1438622742  3904425652  0  27214655153  766199  136229  0  2832985  157  2797292  2329  175364426  2147483647  0  36675  0  0  0  202  201309  2147483647  0  128174  205  2147483647  0  196246  0  513711574  16239492  2799076  553  45910  105943  1789  1721  9719234137  
1438622752  3957152319  0  27570404798  766199  136229  0  2868543  157  2833374  2329  175439882  2147483647  0  36675  0  0  0  202  201345  2147483647  0  129805  205  2147483647  0  196246  0  521265323  16271145  2835164  553  45910  105943  1795  1721  9844551085  
1438622762  4022670104  0  28051287299  766199  136229  0  2915692  157  2880866  2329  175509537  2147483647  0  36675  0  0  0  202  201392  2147483647  0  131780  205  2147483647  0  196246  0  527279568  16271145  2882656  553  45910  105943  1795  1721  10013313758  
1438622772  4084603891  0  28488880690  766199  136229  0  2959605  157  2924531  2329  176632044  2147483647  0  36675  0  0  0  202  202113  2147483647  0  133431  205  2147483647  0  196246  0  531532455  16366022  2926331  553  45910  105943  1805  1721  10167019835  
1438622782  4124984673  0  28785401659  766199  136229  0  2989207  157  2954192  2329  176702135  2147483647  0  36675  0  0  0  202  202135  2147483647  0  134773  205  2147483647  0  196246  0  534393621  16599811  2956016  553  45910  105943  1829  1721  10269937832  
1438622792  4167195809  0  29088566454  766199  136229  0  3019228  157  2984454  2329  176702135  2147483647  0  36675  0  0  0  202  202135  2147483647  0  136085  205  2147483647  0  196246  0  537640609  16769228  2986293  553  45910  105943  1844  1721  10374308409  
1438622802  4221362179  0  29460658828  766199  136229  0  3056311  157  3021385  2329  177607328  2147483647  0  36675  0  0  0  202  202724  2147483647  0  137419  205  2147483647  0  196246  0  540367017  16808582  3023226  553  45910  105943  1846  1721  10504532600  
1438622812  4282861318  0  29913072686  766199  136229  0  3101835  157  3067202  2329  177803639  2147483647  0  36675  0  0  0  202  202809  2147483647  0  139426  205  2147483647  0  196246  0  544434730  16909491  3069058  553  45910  105943  1861  1721  10663385695  
1438622822  4338438074  0  30302168512  766199  136229  0  3140972  157  3106700  2329  177849969  2147483647  0  36675  0  0  0  202  202841  2147483647  0  141083  205  2147483647  0  196246  0  548361048  16922412  3108559  553  45910  105943  1864  1721  10800339886  
1438622832  4376415598  0  30580906460  766199  136229  0  3169046  157  3134871  2329  177849969  2147483647  0  36675  0  0  0  202  202841  2147483647  0  142458  205  2147483647  0  196246  0  551594360  17124502  3136751  553  45910  105943  1885  1721  10896724737  
1438622842  4427867233  0  30939273107  766199  136229  0  3206786  157  3172053  2329  178923121  2147483647  0  36675  0  0  0  202  203571  2147483647  0  143768  205  2147483647  0  196246  0  554351845  17152201  3173935  553  45910  105943  1887  1721  11021918733  
1438622852  4486374870  0  31352628183  766199  136229  0  3248446  157  3213944  2329  179101850  2147483647  0  36675  0  0  0  202  203671  2147483647  0  145427  205  2147483647  0  196246  0  556701771  17152201  3215826  553  45910  105943  1887  1721  11166795650  
1438622862  4546546321  0  31786070233  766199  136229  0  3291040  157  3257057  2329  179101850  2147483647  0  36675  0  0  0  202  203671  2147483647  0  147435  205  2147483647  0  196246  0  561021200  17193384  3258942  553  45910  105943  1890  1721  11318677688  
1438622872  4595115363  0  32121767930  766199  136229  0  3325682  157  3291380  2329  180015536  2147483647  0  36675  0  0  0  202  204296  2147483647  0  148782  205  2147483647  0  196246  0  564144390  17286458  3293272  553  45910  105943  1897  1721  11436193723  
1438622882  4632972779  0  32398080507  766199  136229  0  3353512  157  3319217  2329  180277526  2147483647  0  36675  0  0  0  202  204409  2147483647  0  150111  205  2147483647  0  196246  0  567312342  17513656  3321139  553  45910  105943  1927  1721  11531985696  
1438622892  4683104533  0  32748572478  766199  136229  0  3388565  157  3354414  2329  180377408  2147483647  0  36675  0  0  0  202  204464  2147483647  0  151452  205  2147483647  0  196246  0  570536589  17655665  3356350  553  45910  105943  1941  1721  11654401348  
1438622902  4750053588  0  33233499110  766199  136229  0  3436235  157  3402209  2329  181002614  2147483647  0  36675  0  0  0  202  204969  2147483647  0  153425  205  2147483647  0  196246  0  574359828  17655665  3404145  553  45910  105943  1941  1721  11824125329  
1438622912  4807631494  0  33639249457  766199  136229  0  3476811  157  3442994  2329  181396599  2147483647  0  36675  0  0  0  202  205139  2147483647  0  155105  205  2147483647  0  196246  0  577878760  17691160  3444933  553  45910  105943  1944  1721  11966677777  
1438622922  4853641246  0  33970054941  766199  136229  0  3509621  157  3475800  2329  181444649  2147483647  0  36675  0  0  0  202  205171  2147483647  0  156470  205  2147483647  0  196246  0  580626915  17761979  3477745  553  45910  105943  1950  1721  12081621040  
1438622932  4892553039  0  34252050112  766199  136229  0  3537896  157  3504216  2329  181464457  2147483647  0  36675  0  0  0  202  205180  2147483647  0  157736  205  2147483647  0  196246  0  583719452  18062739  3506189  553  45910  105943  1978  1721  12179498139  
1438622942  4943250217  0  34595151190  766199  136229  0  3572574  157  3538935  2329  182293736  2147483647  0  36675  0  0  0  202  205763  2147483647  0  159137  205  2147483647  0  196246  0  586081630  18062739  3540908  553  45910  105943  1978  1721  12300106390  
1438622952  5010580855  0  35085237115  766199  136229  0  3622069  157  3588686  2329  182631307  2147483647  0  36675  0  0  0  202  205909  2147483647  0  161139  205  2147483647  0  196246  0  590249501  18062739  3590659  553  45910  105943  1978  1721  12473611602  
1438622962  5068463986  0  35501084831  766199  136229  0  3663421  157  3630223  2329  182633597  2147483647  0  36675  0  0  0  202  205910  2147483647  0  162810  205  2147483647  0  196246  0  594296371  18062739  3632196  553  45910  105943  1978  1721  12621614006  
1438622972  5104017675  0  35761217656  766199  136229  0  3689929  157  3656386  2329  183194561  2147483647  0  36675  0  0  0  202  206382  2147483647  0  164105  205  2147483647  0  196246  0  597413279  18137557  3658366  553  45910  105943  1985  1721  12713471529  
1438622982  5144234391  0  36057082283  766199  136229  0  3719552  157  3686029  2329  183496540  2147483647  0  36675  0  0  0  202  206517  2147483647  0  165165  205  2147483647  0  196246  0  599106938  18270810  3688021  553  45910  105943  1997  1721  12817463931  
1438622992  5194551331  0  36423227507  766199  136229  0  3755784  157  3722845  2329  183731448  2147483647  0  36675  0  0  0  202  206638  2147483647  0  166836  205  2147483647  0  196246  0  602880092  18270810  3724837  553  45910  105943  1997  1721  12947190992  
1438623002  5261282044  0  36915523901  766199  136229  0  3804264  157  3771376  2329  183769109  2147483647  0  36675  0  0  0  202  206666  2147483647  0  168849  205  2147483647  0  196246  0  606302785  18270810  3773368  553  45910  105943  1997  1721  13122048507  
1438623012  5317774035  0  37317576165  766199  136229  0  3843506  157  3810486  2329  184604712  2147483647  0  36675  0  0  0  202  207281  2147483647  0  170544  205  2147483647  0  196246  0  609925367  18270810  3812478  553  45910  105943  1997  1721  13264886550  
1438623022  5355917450  0  37601471354  766199  136229  0  3871574  157  3838386  2329  184918425  2147483647  0  36675  0  0  0  202  207391  2147483647  0  171506  205  2147483647  0  196246  0  612343634  18404359  3840388  553  45910  105943  2007  1721  13364639417  
1438623033  5397496014  0  37911092362  766199  136229  0  3902463  157  3869521  2329  184990390  2147483647  0  36675  0  0  0  202  207436  2147483647  0  172876  205  2147483647  0  196246  0  615785249  18404359  3871523  553  45910  105943  2007  1721  13474049344  
1438623043  5465806904  0  38400457445  766199  136229  0  3950817  157  3917807  2329  185725490  2147483647  0  36675  0  0  0  202  207952  2147483647  0  174870  205  2147483647  0  196246  0  619542919  18404359  3919809  553  45910  105943  2007  1721  13647783361  
1438623053  5526401137  0  38838805198  766199  136229  0  3993817  157  3960929  2329  186078574  2147483647  0  36675  0  0  0  202  208111  2147483647  0  176890  205  2147483647  0  196246  0  624283798  18404359  3962931  553  45910  105943  2007  1721  13803388287  
1438623063  5575054734  0  39187350061  766199  136229  0  4027423  157  3994937  2329  186138982  2147483647  0  36675  0  0  0  202  208142  2147483647  0  178172  205  2147483647  0  196246  0  626415562  18478977  3996946  553  45910  105943  2014  1721  13926571194  
1438623073  5613326275  0  39476937129  766199  136229  0  4055635  157  4023447  2329  186158669  2147483647  0  36675  0  0  0  202  208155  2147483647  0  179249  205  2147483647  0  196246  0  628654946  18655832  4025474  553  45910  105943  2032  1721  14028302221  
1438623083  5663405365  0  39822191860  766199  136229  0  4089543  157  4056916  2329  187122792  2147483647  0  36675  0  0  0  202  208792  2147483647  0  180934  205  2147483647  0  196246  0  632372222  18655832  4058943  553  45910  105943  2032  1721  14150562520  
1438623093  5722035320  0  40255739250  766199  136229  0  4131467  157  4099303  2329  187352502  2147483647  0  36675  0  0  0  202  208885  2147483647  0  182613  205  2147483647  0  196246  0  635328103  18655832  4101330  553  45910  105943  2032  1721  14304121060  
1438623103  5786721064  0  40716835303  766199  136229  0  4178199  157  4146246  2329  187399171  2147483647  0  36675  0  0  0  202  208915  2147483647  0  184605  205  2147483647  0  196246  0  638130149  18655832  4148273  553  45910  105943  2032  1721  14468891210  
1438623113  5831508166  0  41035823459  766199  136229  0  4209544  157  4177293  2329  188134220  2147483647  0  36675  0  0  0  202  209493  2147483647  0  185916  205  2147483647  0  196246  0  640755271  18722917  4179324  553  45910  105943  2036  1721  14581373276  
1438623123  5870112802  0  41322956037  766199  136229  0  4237591  157  4205118  2329  188474429  2147483647  0  36675  0  0  0  202  209648  2147483647  0  186972  205  2147483647  0  196246  0  643386951  18992812  4207179  553  45910  105943  2066  1721  14681341884  
1438623133  5922236652  0  41690692486  766199  136229  0  4272719  157  4240770  2329  188663131  2147483647  0  36675  0  0  0  202  209730  2147483647  0  188662  205  2147483647  0  196246  0  647392214  18992812  4242831  553  45910  105943  2066  1721  14811487496  
1438623143  5982407823  0  42139012017  766199  136229  0  4316754  157  4285114  2329  188684970  2147483647  0  36675  0  0  0  202  209744  2147483647  0  190229  205  2147483647  0  196246  0  650794257  18992812  4287175  553  45910  105943  2066  1721  14970975735  
1438623154  6042435488  0  42569985343  766199  136229  0  4359550  157  4327637  2329  189573279  2147483647  0  36675  0  0  0  202  210364  2147483647  0  192263  205  2147483647  0  196246  0  654481810  19107342  4329706  553  45910  105943  2074  1721  15124373664  
1438623164  6088093981  0  42903871258  766199  136229  0  4392595  157  4360633  2329  189848343  2147483647  0  36675  0  0  0  202  210482  2147483647  0  193645  205  2147483647  0  196246  0  657945459  19107342  4362702  553  45910  105943  2074  1721  15242105030  
1438623174  6126965661  0  43190571669  766199  136229  0  4421410  157  4389701  2329  189911999  2147483647  0  36675  0  0  0  202  210528  2147483647  0  194705  205  2147483647  0  196246  0  660024035  19219531  4391780  553  45910  105943  2084  1721  15343011494  
