#Type:X;CI:7;ww:0;ca:0;co:1;fr:0;Type:X;CI:7;PI:0;PT:EP;U0:0;U1:0;Type:X;CI:7;PI:1;PT:EP;U0:0;U1:0;
#time  Pp  gt  gs  cn  cm  cb  Nc  Pc  cp  Tc  Nm  pr  ps  pt  px  pd  Pm  Om  fs  ft  Oc  Em  Gp  Ec  Ge  ot  os  Total_cycles_diff  Successful_get_diff  Total_get_diff  succ_put_diff  total_put_diff  get_hit  
1439910752  0  0  0  0  0  0  0  0  0  4203422  0  0  0  0  0  0  0  0  0  19  0  0  0  0  0  46  0  4203422  0  0  0  0  
1439910762  0  0  0  0  0  0  0  0  0  4203422  0  0  0  0  0  0  0  0  0  19  0  0  0  0  0  46  0  0  0  0  0  0  0 
1439910772  0  0  0  0  0  0  0  0  0  4203422  0  0  0  0  0  0  0  0  0  19  0  0  0  0  0  46  0  0  0  0  0  0  0 
1439910782  0  0  0  0  0  0  0  0  0  4203422  0  0  0  0  0  0  0  0  0  19  0  0  0  0  0  46  0  0  0  0  0  0  0 
1439910792  0  0  0  0  0  0  0  0  0  4205639  0  0  0  0  0  0  0  0  0  19  0  0  0  0  0  46  0  2217  0  0  0  0  0 
1439910802  0  505  327  13  5  6285813  181  2671  2665  253932744  224  0  3332  3337  5  0  3332  342  0  126  193  3332  0  2671  327  2587  111  249727105  327  505  3332  3337  64.7524752475  
1439910812  0  506  328  13  5  6285137  181  2670  2664  254045072  224  0  3332  3337  5  0  3332  342  0  126  192  3332  0  2670  328  2587  111  112328  1  1  0  0  64.8221343874  
1439910822  0  506  328  13  5  6285137  181  2670  2664  254045072  224  0  3332  3337  5  0  3332  342  0  126  192  3332  0  2670  328  2587  111  0  0  0  0  0  64.8221343874  
1439910832  0  506  328  33  17  7263431  210  3074  3048  344686396  224  0  3736  3753  17  0  3332  342  0  16107  228  3332  0  3074  328  2587  111  90641324  0  0  404  416  64.8221343874  
1439910842  0  506  328  33  17  7264107  210  3075  3049  374284848  224  0  3737  3754  17  0  3332  342  0  54105  229  3332  0  3075  328  2587  111  29598452  0  0  1  1  64.8221343874  
1439910852  0  3293  421  37  18  6997939  123  2855  2825  457247168  224  0  4476  4494  18  0  3685  342  0  99234  90  3685  0  2855  421  2909  246  82962320  93  2787  739  740  12.7846948072  
1439910862  0  8857  423  37  18  6610970  137  3301  3271  492925993  224  0  5082  5100  18  0  3685  342  0  111786  100  3685  0  3301  423  3068  256  35678825  2  5564  606  606  4.77588348199  
1439910872  0  14198  423  37  18  6638661  179  4176  4146  537515185  224  0  5957  5975  18  0  4176  342  0  126009  131  4176  0  4176  423  3223  256  44589192  0  5341  875  875  2.97929285815  
1439910882  0  19509  423  37  18  6164377  189  4412  4382  563854413  224  0  6394  6412  18  0  4571  342  0  135970  131  4571  0  4412  423  3391  273  26339228  0  5311  437  437  2.16823004767  
1439910892  0  25878  423  37  18  6202763  238  5320  5290  602196989  238  0  7303  7321  18  0  5320  342  0  150533  163  5320  0  5320  423  3802  274  38342576  0  6369  909  909  1.63459309066  
1439910902  0  30806  423  37  19  6461037  318  7398  7368  679293113  318  0  9381  9400  19  0  7398  342  0  159455  210  7398  0  7398  423  3923  274  77096124  0  4928  2078  2079  1.37310913458  
1439910912  0  36988  1336  37  19  6618382  467  11875  11845  855489370  467  0  15564  15583  19  0  11875  342  1  166033  291  11875  0  11875  1336  4073  289  176196257  913  6182  6183  6183  3.61198226452  
1439910922  0  43395  2810  37  19  6757752  574  16223  16193  1170523791  574  0  23284  23303  19  0  16223  342  4  174830  341  16223  0  16223  2810  4267  322  315034421  1474  6407  7720  7720  6.47540039175  
1439910932  0  47459  3531  37  19  6846760  663  19056  19026  1370093804  664  0  28019  28038  19  0  19208  374  8  180222  374  19208  0  19056  3531  4393  345  199570013  721  4064  4735  4735  7.44010619693  
1439910942  0  56552  7350  37  19  6919625  776  22428  22398  1893345354  784  0  37247  37266  19  0  22660  453  14  190760  449  22660  0  22428  7350  4650  382  523251550  3819  9093  9228  9228  12.9968878201  
1439910953  0  62453  8421  37  19  7045285  907  27052  27022  2156126714  913  0  44495  44514  19  0  27074  510  36  199363  503  27074  0  27052  8421  4850  413  262781360  1071  5901  7248  7248  13.4837397723  
1439910963  0  69187  10386  37  19  7105356  1020  30358  30328  2517584069  1024  0  52853  52872  19  0  30455  581  71  207254  579  30455  0  30358  10386  5041  458  361457355  1965  6734  8358  8358  15.0114905979  
1439910973  0  72970  11525  37  19  7175699  1067  32693  32663  2711873677  1067  0  57331  57350  19  0  32693  589  85  212062  589  32693  0  32693  11525  5167  478  194289608  1139  3783  4478  4478  15.7941619844  
1439910983  0  77365  13253  37  19  7285904  1170  36192  36162  2976743520  1171  0  64025  64044  19  0  36331  637  105  218031  636  36331  0  36192  13253  5320  507  264869843  1728  4395  6694  6694  17.1304853616  
1439910993  0  83497  15871  37  19  7299704  1194  36364  36334  3283329093  1200  0  68785  68804  19  0  36612  655  129  226054  655  36612  0  36364  15871  5499  537  306585573  2618  6132  4760  4760  19.0078685462  
1439911003  0  88768  18121  37  19  7392300  1263  39305  39275  3640418313  1263  0  75858  75877  19  0  39305  698  164  232578  698  39305  0  39305  18121  5693  569  357089220  2250  5271  7073  7073  20.4138878875  
1439911013  0  93054  19668  37  19  7432689  1306  40529  40499  3893621295  1318  0  80810  80829  19  0  40944  730  199  238944  725  40944  0  40529  19668  5842  602  253202982  1547  4286  4952  4952  21.1361145142  
1439911023  0  97435  21519  37  19  7485863  1357  42234  42204  4172627731  1358  0  85930  85949  19  0  42256  750  227  245359  749  42256  0  42234  21519  5995  629  279006436  1851  4381  5120  5120  22.0854928927  
1439911033  0  102641  24066  37  19  7510962  1376  43021  42991  4478612664  1385  0  91241  91260  19  0  43525  751  254  253229  744  43525  0  43021  24066  6207  668  305984933  2547  5206  5311  5311  23.4467707836  
1439911043  0  107748  25986  37  19  7532048  1408  43686  43656  4647044055  1410  0  96122  96141  19  0  43789  762  276  261523  762  43789  0  43686  25986  6371  700  168431391  1920  5107  4881  4881  24.1173850095  
1439911053  0  112894  27706  37  19  7546238  1422  44211  44181  4904130125  1425  0  101565  101584  19  0  44261  777  308  269254  777  44261  0  44211  27706  6569  744  257086070  1720  5146  5443  5443  24.5416053998  
1439911063  0  118060  30430  37  19  7539627  1437  43958  43928  5185912487  1447  0  107462  107481  19  0  44302  788  345  277194  784  44302  0  43958  30430  6774  795  281782362  2724  5166  5897  5897  25.7750296459  
1439911073  0  121350  31996  37  19  7513986  1414  43139  43109  5313701579  1447  0  110343  110362  19  0  44302  788  357  281691  775  44302  0  43139  31996  6883  825  127789092  1566  3290  2881  2881  26.3667078698  
1439911083  0  125035  33779  37  19  7515989  1416  43246  43216  5516766820  1447  0  114573  114592  19  0  44302  789  376  287481  781  44302  0  43246  33779  7019  862  203065241  1783  3685  4230  4230  27.015635622  
1439911093  0  129457  36305  37  19  7549875  1458  44160  44130  5790740122  1474  0  120311  120330  19  0  44700  823  411  295363  815  44700  0  44160  36305  7209  899  273973302  2526  4422  5738  5738  28.0440609623  
1439911103  0  136530  40228  37  19  7603805  1505  45793  45763  6219209237  1505  0  129053  129072  19  0  45940  830  451  305186  827  45940  0  45793  40228  7451  960  428469115  3923  7073  8742  8742  29.4645865378  
1439911113  0  141234  43363  37  19  7560297  1465  44445  44415  6481978803  1508  0  132254  132273  19  0  45940  830  472  312605  802  45940  0  44445  43363  7623  989  262769566  3135  4704  3201  3201  30.7029468825  
1439911123  0  145742  45221  37  19  7622512  1497  45422  45392  6746293740  1515  0  137172  137191  19  0  45940  830  502  319830  816  45940  0  45422  45221  7812  1018  264314937  1858  4508  4918  4918  31.0281181814  
1439911133  0  149287  46843  37  19  7931220  1538  46830  46800  6948903440  1542  0  141623  141642  19  0  46926  840  522  324876  835  46926  0  46830  46843  7937  1044  202609700  1622  3545  4451  4451  31.3778158848  
1439911143  0  153585  49007  37  19  7928553  1534  46773  46743  7184452709  1542  0  145720  145739  19  0  46931  840  540  330992  837  46931  0  46773  49007  8089  1071  235549269  2164  4298  4097  4097  31.9087150438  
1439911153  0  157983  51320  37  19  7912176  1504  46161  46131  7447684915  1542  0  149234  149253  19  0  46931  842  568  338909  832  46931  0  46161  51320  8275  1103  263232206  2313  4398  3514  3514  32.4845078268  
1439911163  0  163108  54488  37  19  7899473  1510  45663  45633  7781900530  1542  0  154613  154632  19  0  46931  842  593  346506  841  46931  0  45663  54488  8468  1141  334215615  3168  5125  5379  5379  33.4060867646  
1439911173  0  167728  56596  37  19  7930396  1539  46567  46537  8045782107  1542  0  159576  159595  19  0  46931  858  617  353301  857  46931  0  46567  56596  8631  1172  263881577  2108  4620  4963  4963  33.7427263188  
1439911183  0  172908  58933  37  19  7943567  1555  47035  47005  8297635785  1558  0  164088  164107  19  0  47143  868  646  359973  865  47143  0  47035  58933  8785  1200  251853678  2337  5180  4512  4512  34.0834432184  
1439911194  0  177505  61224  37  19  7950920  1567  47290  47260  8511368594  1570  0  168560  168579  19  0  47447  875  663  367131  874  47447  0  47290  61224  8940  1235  213732809  2291  4597  4472  4472  34.4914227768  
1439911204  0  182388  63951  37  19  7939465  1575  46982  46952  8785915871  1585  0  173406  173425  19  0  47487  884  689  374935  871  47487  0  46982  63951  9131  1278  274547277  2727  4883  4846  4846  35.0631620501  
1439911214  0  187112  66354  37  19  7953780  1572  47678  47648  9086848163  1585  0  178857  178876  19  0  47678  884  703  382483  853  47678  0  47678  66354  9338  1316  300932292  2403  4724  5451  5451  35.4621830775  
1439911224  0  191127  68314  37  19  7958532  1581  47782  47752  9306666788  1593  0  182733  182752  19  0  48282  884  720  389495  856  48282  0  47782  68314  9496  1349  219818625  1960  4015  3876  3876  35.7427260408  
1439911234  0  194446  70159  37  19  7965079  1579  47879  47849  9517556520  1594  0  186470  186489  19  0  48282  884  737  394569  860  48282  0  47879  70159  9614  1378  210889732  1845  3319  3737  3737  36.0814827767  
1439911244  0  198492  71821  37  19  7965531  1578  47851  47821  9743336861  1594  0  190168  190187  19  0  48282  884  755  399858  866  48282  0  47851  71821  9741  1413  225780341  1662  4046  3698  3698  36.1833222498  
1439911254  0  203908  75060  37  19  7920247  1559  46324  46294  10035399053  1594  0  194770  194789  19  0  48282  884  782  408969  858  48282  0  46324  75060  9922  1461  292062192  3239  5416  4602  4602  36.8107185594  
1439911264  0  208820  77595  37  19  7947282  1619  47254  47224  10369558310  1626  0  200288  200307  19  0  48282  897  803  416552  888  48282  0  47254  77595  10136  1503  334159257  2535  4912  5518  5518  37.1587970501  
1439911274  0  214609  80332  37  19  7968786  1608  48075  48045  10695119727  1629  0  206649  206668  19  0  48282  897  837  424981  872  48282  0  48075  80332  10346  1546  325561417  2737  5789  6361  6361  37.4317945659  
1439911284  0  219264  82585  37  19  7955611  1594  47621  47591  10962062680  1629  0  211432  211451  19  0  48282  897  867  432567  860  48282  0  47621  82585  10523  1588  266942953  2253  4655  4783  4783  37.6646417104  
1439911294  0  223384  85156  37  19  7945655  1582  47167  47137  11228280304  1629  0  214966  214985  19  0  48282  897  899  440487  863  48282  0  47167  85156  10698  1615  266217624  2571  4120  3534  3534  38.1209039143  
1439911304  0  228465  87211  37  19  7991975  1623  48663  48633  11481599394  1634  0  220536  220555  19  0  48928  897  921  448739  886  48928  0  48663  87211  10878  1652  253319090  2055  5081  5570  5570  38.1725866106  
1439911314  0  231423  89121  37  19  8003656  1628  49071  49041  11700923339  1639  0  224430  224449  19  0  49301  897  940  453965  888  49301  0  49071  89121  11024  1685  219323945  1910  2958  3894  3894  38.5100011667  
1439911324  0  236373  91732  37  19  8017363  1635  49572  49542  11993497579  1645  0  230045  230064  19  0  49781  897  967  462239  884  49781  0  49572  91732  11244  1730  292574240  2611  4950  5615  5615  38.8081549077  
1439911334  0  240674  93891  37  19  8025642  1648  49911  49881  12233526945  1656  0  234105  234124  19  0  50342  897  987  468636  888  50342  0  49911  93891  11390  1761  240029366  2159  4301  4060  4060  39.0116921645  
1439911344  0  243797  95617  37  19  7969617  1603  48201  48171  12419320301  1656  0  236228  236247  19  0  50342  897  1010  475232  857  50342  0  48201  95617  11536  1791  185793356  1726  3123  2123  2123  39.2199247735  
1439911354  0  248036  97147  39  19  9627610  1644  50259  50227  12778234165  1656  0  241037  241056  19  0  50342  897  1035  481077  866  50342  0  50259  97147  11672  1822  358913864  1530  4239  4809  4809  39.1664919608  
1439911364  0  252369  99662  39  19  9798124  1646  50488  50456  13053478572  1659  0  245999  246018  19  0  51117  897  1059  487669  874  51117  0  50488  99662  11832  1861  275244407  2515  4333  4962  4962  39.4905871957  
1439911374  0  255446  101083  39  19  9788088  1619  49427  49395  13206043013  1659  0  247760  247779  19  0  51117  897  1068  492482  857  51117  0  49427  101083  11943  1882  152564441  1421  3077  1761  1761  39.5711813847  
1439911384  0  258516  102934  39  19  9133177  1601  48517  48485  13389866118  1659  0  250291  250310  19  0  51117  897  1082  498230  852  51117  0  48517  102934  12065  1904  183823105  1851  3070  2531  2531  39.8172646954  
1439911394  0  263572  105317  39  19  9241941  1571  48405  48373  13639589151  1659  0  255088  255107  19  0  51117  897  1100  504817  830  51117  0  48405  105317  12271  1950  249723033  2383  5056  4797  4797  39.9575827478  
1439911404  0  267445  106824  39  19  9320727  1625  50499  50467  13876134504  1659  0  259698  259717  19  0  51117  897  1122  510910  852  51117  0  50499  106824  12422  1973  236545353  1507  3873  4610  4610  39.9424180673  
1439911414  0  271634  108892  39  19  9721784  1600  50228  50196  14121971805  1659  0  263378  263397  19  0  51117  897  1133  516590  838  51117  0  50228  108892  12557  2006  245837301  2068  4189  3680  3680  40.0877651546  
1439911424  0  276797  111485  39  19  9716169  1622  49982  49950  14383041586  1659  0  268447  268466  19  0  51117  897  1162  523809  859  51117  0  49982  111485  12740  2048  261069781  2593  5163  5069  5069  40.2768093585  
1439911434  0  281271  113323  39  19  9769707  1661  51745  51713  14651442262  1666  0  274321  274340  19  0  51822  897  1184  531608  867  51822  0  51745  113323  12936  2081  268400676  1838  4474  5874  5874  40.289613931  
1439911444  0  287059  116731  39  19  9812953  1639  50322  50290  14978601182  1677  0  279052  279071  19  0  51901  897  1212  540392  855  51901  0  50322  116731  13142  2118  327158920  3408  5788  4731  4731  40.6644627063  
1439911454  0  291493  118568  39  19  9831917  1646  50968  50936  15206649578  1677  0  283799  283818  19  0  51901  897  1229  546955  852  51901  0  50968  118568  13320  2159  228048396  1837  4434  4747  4747  40.6761054296  
1439911464  0  294290  119712  39  19  9830626  1645  50818  50786  15364030336  1677  0  286231  286250  19  0  51901  897  1247  552149  861  51901  0  50818  119712  13424  2181  157380758  1144  2797  2432  2432  40.6782425499  
1439911474  0  299919  122830  39  19  9798286  1620  49864  49832  15727040802  1677  0  291847  291866  19  0  51901  897  1268  560897  841  51901  0  49864  122830  13633  2239  363010466  3118  5629  5616  5616  40.9543910189  
1439911484  0  304326  124786  39  19  9788342  1600  49547  49515  15972111438  1677  0  296307  296326  19  0  51901  897  1284  568437  833  51901  0  49547  124786  13822  2278  245070636  1956  4407  4460  4460  41.0040548622  
1439911494  0  308470  126787  39  19  9783168  1632  49496  49464  16227581575  1677  0  300826  300845  19  0  51901  897  1313  575421  851  51901  0  49496  126787  14000  2315  255470137  2001  4144  4519  4519  41.1018899731  
1439911504  0  312940  129071  39  19  9805896  1651  50161  50129  16487576106  1677  0  306470  306489  19  0  51901  897  1343  583059  860  51901  0  50161  129071  14184  2360  259994531  2284  4470  5644  5644  41.2446475363  
1439911514  0  318026  131368  39  19  9784202  1604  49404  49372  16725778885  1677  0  310418  310437  19  0  51901  897  1366  591091  843  51901  0  49404  131368  14370  2391  238202779  2297  5086  3948  3948  41.3073144963  
1439911525  0  322308  134086  39  19  9798849  1614  49309  49277  16961013549  1677  0  315400  315419  19  0  51901  897  1382  598149  864  51901  0  49309  134086  14538  2433  235234664  2718  4282  4982  4982  41.6018218598  
1439911535  0  325756  136122  39  19  9762713  1577  48563  48531  17175109742  1677  0  318562  318581  19  0  51901  897  1401  604971  852  51901  0  48563  136122  14692  2468  214096193  2036  3448  3162  3162  41.7864905021  
1439911545  0  331105  139277  39  19  9796033  1624  49623  49591  17492638527  1677  0  324768  324787  19  0  51901  897  1433  612021  875  51901  0  49623  139277  14880  2505  317528785  3155  5349  6206  6206  42.0642998445  
1439911555  0  335002  141196  39  19  9799819  1628  49790  49758  17709888168  1677  0  328625  328644  19  0  51901  897  1451  618975  874  51901  0  49790  141196  15024  2540  217249641  1919  3897  3857  3857  42.1478080728  
1439911565  0  341006  144219  39  19  9780442  1604  49044  49012  18034346722  1677  0  333717  333736  19  0  51901  897  1486  629770  863  51901  0  49044  144219  15261  2588  324458554  3023  6004  5092  5092  42.2922177322  
1439911575  0  345372  146950  39  19  9765880  1584  48616  48584  18319180988  1677  0  337918  337937  19  0  51901  897  1501  635781  850  51901  0  48616  146950  15409  2620  284834266  2731  4366  4201  4201  42.548324705  
1439911585  0  350602  149974  39  19  9742555  1543  47627  47595  18695471470  1677  0  343047  343066  19  0  51901  897  1530  644659  830  51901  0  47627  149974  15621  2673  376290482  3024  5230  5129  5129  42.7761393261  
1439911595  0  354544  151879  39  19  9732990  1541  47756  47724  18939146694  1677  0  347156  347175  19  0  51901  897  1551  650468  829  51901  0  47756  151879  15766  2707  243675224  1905  3942  4109  4109  42.8378424117  
1439911605  0  358051  153534  39  19  9737473  1548  47916  47884  19133046027  1677  0  350899  350918  19  0  51901  897  1568  655774  827  51901  0  47916  153534  15923  2737  193899333  1655  3507  3743  3743  42.8804835065  
1439911615  0  362269  155624  39  19  9742934  1555  47938  47906  19422037818  1677  0  355811  355830  19  0  51901  897  1588  663571  844  51901  0  47938  155624  16105  2780  288991791  2090  4218  4912  4912  42.9581333208  
1439911625  0  365966  157929  39  19  9747907  1553  47981  47949  19676021543  1677  0  360171  360190  19  0  51901  897  1601  670089  853  51901  0  47981  157929  16273  2810  253983725  2305  3697  4360  4360  43.1540088424  
1439911635  0  371899  160581  39  19  9760123  1566  48304  48272  19998459264  1677  0  365247  365266  19  0  51901  897  1626  678568  870  51901  0  48304  160581  16443  2843  322437721  2652  5933  5076  5076  43.1786587219  
1439911645  0  375325  162255  39  19  9737680  1540  47563  47531  20185957417  1677  0  368053  368072  19  0  51901  897  1642  684041  862  51901  0  47563  162255  16589  2869  187498153  1674  3426  2806  2806  43.2305335376  
1439911655  0  378459  163855  39  19  9751055  1545  47733  47701  20366348624  1677  0  370868  370887  19  0  51901  897  1659  689640  857  51901  0  47733  163855  16715  2890  180391207  1600  3134  2815  2815  43.2953107206  
1439911665  0  381338  165244  39  19  9720864  1523  47186  47154  20531295538  1677  0  372989  373008  19  0  51901  897  1673  694917  844  51901  0  47186  165244  16818  2915  164946914  1389  2879  2121  2121  43.3326864881  
1439911675  0  384364  167156  39  19  9706697  1511  46708  46676  20733538456  1677  0  376320  376339  19  0  51901  897  1687  699831  837  51901  0  46708  167156  16942  2939  202242918  1912  3026  3331  3331  43.4889844002  
1439911685  0  386985  168016  39  19  9727476  1524  47392  47360  20867600773  1677  0  378957  378976  19  0  51901  897  1696  703844  834  51901  0  47392  168016  17040  2961  134062317  860  2621  2637  2637  43.4166698968  
1439911695  0  391633  170580  39  19  9754605  1569  48254  48222  21139319030  1677  0  384222  384241  19  0  51901  897  1721  711095  853  51901  0  48254  170580  17218  2996  271718257  2564  4648  5265  5265  43.5560843953  
1439911705  0  395800  172926  39  19  9766637  1588  48607  48575  21413573867  1677  0  388418  388437  19  0  51901  897  1742  718252  863  51901  0  48607  172926  17363  3026  274254837  2346  4167  4196  4196  43.6902475998  
1439911715  0  398542  174631  39  19  9777885  1597  48972  48940  21636734115  1677  0  391343  391362  19  0  51901  897  1762  722668  865  51901  0  48972  174631  17460  3045  223160248  1705  2742  2925  2925  43.8174646587  
1439911725  0  403215  177006  39  19  9792510  1617  49502  49470  21881994111  1677  0  395888  395907  19  0  51901  897  1781  728485  870  51901  0  49502  177006  17604  3073  245259996  2375  4673  4545  4545  43.8986644842  
1439911735  0  407919  178821  39  19  9834614  1647  50463  50431  22110177673  1677  0  399800  399819  19  0  51901  897  1797  735363  888  51901  0  50463  178821  17749  3095  228183562  1815  4704  3912  3912  43.8373794797  
1439911745  0  412321  181184  39  19  9822851  1653  50171  50139  22378965859  1677  0  404600  404619  19  0  51901  897  1822  742893  894  51901  0  50171  181184  17937  3132  268788186  2363  4402  4800  4800  43.9424623049  
1439911755  0  414771  182658  39  19  6781863  1623  49165  49138  22537041526  1677  0  406073  406092  19  0  51901  897  1827  745963  869  51901  0  49165  182658  18007  3148  158075667  1474  2450  1473  1473  44.038276543  
1439911765  0  415445  183306  39  19  5238319  1610  48517  48492  22552711965  1677  0  406073  406092  19  0  51901  897  1827  745963  865  51901  0  48517  183306  18007  3148  15670439  648  674  0  0  44.1228080733  
1439911775  0  415445  183306  39  19  5238319  1610  48517  48492  22552711965  1677  0  406073  406092  19  0  51901  897  1827  745963  865  51901  0  48517  183306  18007  3148  0  0  0  0  0  44.1228080733  
1439911785  0  415445  183306  39  19  5238319  1610  48517  48492  22552711965  1677  0  406073  406092  19  0  51901  897  1827  745963  865  51901  0  48517  183306  18007  3148  0  0  0  0  0  44.1228080733  
1439911795  0  415445  183306  39  19  5238319  1610  48517  48492  22552711965  1677  0  406073  406092  19  0  51901  897  1827  745963  865  51901  0  48517  183306  18007  3148  0  0  0  0  0  44.1228080733  
1439911805  0  415445  183306  39  19  5238319  1610  48517  48492  22552711965  1677  0  406073  406092  19  0  51901  897  1827  745963  865  51901  0  48517  183306  18007  3148  0  0  0  0  0  44.1228080733  
1439911815  0  415445  183306  39  19  5238319  1610  48517  48492  22552711965  1677  0  406073  406092  19  0  51901  897  1827  745963  865  51901  0  48517  183306  18007  3148  0  0  0  0  0  44.1228080733  
1439911825  0  415445  183306  39  19  5238319  1610  48517  48492  22552711965  1677  0  406073  406092  19  0  51901  897  1827  745963  865  51901  0  48517  183306  18007  3148  0  0  0  0  0  44.1228080733  
1439911836  0  415445  183306  39  19  5238319  1610  48517  48492  22552711965  1677  0  406073  406092  19  0  51901  897  1827  745963  865  51901  0  48517  183306  18007  3148  0  0  0  0  0  44.1228080733  
1439911846  0  415445  183306  39  19  5238319  1610  48517  48492  22552711965  1677  0  406073  406092  19  0  51901  897  1827  745963  865  51901  0  48517  183306  18007  3148  0  0  0  0  0  44.1228080733  
1439911856  0  415445  183306  39  19  5238319  1610  48517  48492  22552711965  1677  0  406073  406092  19  0  51901  897  1827  745963  865  51901  0  48517  183306  18007  3148  0  0  0  0  0  44.1228080733  
1439911866  0  415445  183306  39  19  5238319  1610  48517  48492  22552711965  1677  0  406073  406092  19  0  51901  897  1827  745963  865  51901  0  48517  183306  18007  3148  0  0  0  0  0  44.1228080733  
1439911876  0  415445  183306  39  19  5238319  1610  48517  48492  22552711965  1677  0  406073  406092  19  0  51901  897  1827  745963  865  51901  0  48517  183306  18007  3148  0  0  0  0  0  44.1228080733  
1439911886  0  415445  183306  39  19  5238319  1610  48517  48492  22552711965  1677  0  406073  406092  19  0  51901  897  1827  745963  865  51901  0  48517  183306  18007  3148  0  0  0  0  0  44.1228080733  
1439911896  0  415445  183306  39  19  5238319  1610  48517  48492  22552711965  1677  0  406073  406092  19  0  51901  897  1827  745963  865  51901  0  48517  183306  18007  3148  0  0  0  0  0  44.1228080733  
1439911906  0  415445  183306  39  19  5238319  1610  48517  48492  22552711965  1677  0  406073  406092  19  0  51901  897  1827  745963  865  51901  0  48517  183306  18007  3148  0  0  0  0  0  44.1228080733  
1439911916  0  415445  183306  39  19  5238319  1610  48517  48492  22552711965  1677  0  406073  406092  19  0  51901  897  1827  745963  865  51901  0  48517  183306  18007  3148  0  0  0  0  0  44.1228080733  
1439911926  0  415445  183306  39  19  5238319  1610  48517  48492  22552711965  1677  0  406073  406092  19  0  51901  897  1827  745963  865  51901  0  48517  183306  18007  3148  0  0  0  0  0  44.1228080733  
1439911936  0  415445  183306  39  19  5238319  1610  48517  48492  22552711965  1677  0  406073  406092  19  0  51901  897  1827  745963  865  51901  0  48517  183306  18007  3148  0  0  0  0  0  44.1228080733  
1439911946  0  415445  183306  39  19  5238319  1610  48517  48492  22552711965  1677  0  406073  406092  19  0  51901  897  1827  745963  865  51901  0  48517  183306  18007  3148  0  0  0  0  0  44.1228080733  
