#type:T;
#time  gt  cn  Pt  Px  gx  cx  gn  gm  Pn  Pm  Ft  cm  pt  Fx  px  ct  pn  Fm  Fn  pm  dn  On  Om  dm  dx  Ox  dt  Ot  Gt  Cn  Cm  Gx  Cx  Gn  Gm  Ct  
1439421911  10592903  0  0  0  29189  0  17079  154  0  2147483647  62547  2147483647  0  3147  0  0  0  205  84  2147483647  0  184  245  2147483647  0  7595  0  196754  0  0  2147483647  0  0  0  2147483647  0  
1439421921  10603765  0  0  0  29189  0  17083  154  0  2147483647  62547  2147483647  0  3147  0  0  0  205  84  2147483647  0  184  245  2147483647  0  7595  0  196754  0  0  2147483647  0  0  0  2147483647  0  
1439421931  11782272  0  44159966  101132  29189  0  18009  154  10136  2416  195650  2147483647  0  3147  0  0  0  205  449  2147483647  0  12480  239  2147483647  0  33150  0  18049899  7733146  11049  562  29342  96051  914  1621  25499000  
1439421941  11967153  0  47344047  101132  29189  0  18149  154  10590  2416  3510377  2147483647  0  7735  0  0  0  205  4096  2147483647  0  12534  239  2147483647  0  33150  0  18307617  8737838  11616  562  29342  96051  1027  1621  27217974  
1439421951  11967153  0  50319201  101132  29189  0  18149  154  11044  2416  34439298  2147483647  0  10555  0  0  0  205  39979  2147483647  0  12564  239  2147483647  0  33150  0  18456399  8796009  12072  562  29342  96051  1029  1621  28475880  
1439421961  11967153  0  53870623  101132  29189  0  18149  154  11501  2416  101562301  2147483647  0  30454  0  0  0  205  108663  2147483647  0  12602  239  2147483647  0  33150  0  18651627  8796009  12529  562  29342  96051  1029  1621  29788570  
1439421971  11987250  0  56872124  101132  29189  0  18166  154  12277  2416  186820818  2147483647  0  42966  0  0  0  205  210535  2147483647  0  12831  239  2147483647  0  74090  0  20297125  8796009  13305  562  29342  96051  1029  1621  31300143  
1439421981  12021055  0  60669111  101132  29189  0  18192  154  13071  2416  276823904  2147483647  0  42966  0  0  0  205  314194  2147483647  0  13815  208  2147483647  0  76012  0  22857948  9175727  14137  562  29342  96051  1067  1621  33290808  
1439421991  12113463  0  67630970  101132  29189  0  18303  154  13856  2416  351506325  2147483647  0  42966  0  0  0  205  407319  2147483647  0  14823  208  2147483647  0  88195  0  26682066  10240799  15217  562  29342  96051  1362  1621  36746779  
1439422001  23820182  0  74899844  101132  29189  0  29851  154  14820  2416  428350915  2147483647  0  42966  0  0  0  205  535757  2147483647  0  18145  205  2147483647  0  88195  0  29257570  10802101  16309  562  36593  96051  1490  1621  39899343  
1439422011  40302287  0  85647386  101132  30513  0  56970  154  16768  1791  470028738  2147483647  0  44106  0  0  0  205  621041  2147483647  0  20801  205  2147483647  0  88195  0  31792006  12766559  18546  535  36593  96051  1779  1621  44998692  
1439422021  64673446  0  112970539  101132  30513  0  81607  154  19763  1791  518247685  2147483647  0  44106  0  0  0  205  673702  2147483647  0  22379  205  2147483647  0  88195  0  35116638  13029450  21571  535  36593  96051  1809  1621  55147025  
1439422031  86151813  0  268268339  101132  30513  0  102608  154  37577  1791  551030337  2147483647  0  44106  0  0  0  205  708372  2147483647  0  23635  205  2147483647  0  88195  0  38174577  13253487  39407  535  36593  96051  1831  1621  115579198  
1439422041  109521549  0  494448897  101132  30513  0  124865  154  62921  1791  577446416  2147483647  0  44106  0  0  0  205  735487  2147483647  0  24682  205  2147483647  0  228951  0  43344770  13785881  64806  535  36593  96051  1886  1621  204050358  
1439422051  134439590  0  657352227  101132  30513  0  148444  154  82281  1791  611730117  2147483647  0  44106  0  0  0  205  769541  2147483647  0  26357  205  2147483647  0  356872  0  59317963  13819995  84168  535  36593  96051  1888  1621  269597507  
1439422061  156509068  0  817072465  114793  33063  0  169341  154  100702  1791  644217596  2147483647  0  44106  0  0  0  205  802877  2147483647  0  27726  205  2147483647  0  356872  0  76958501  24852027  103887  535  36593  96051  3186  1621  337836540  
1439422071  176075313  0  1002670249  114793  33063  0  187509  154  122895  1791  671464180  2147483647  0  44106  0  0  0  205  830279  2147483647  0  28324  205  2147483647  0  363211  0  83647249  54316567  129559  535  36593  96051  6665  1621  425409048  
1439422081  194645702  0  1192858756  114793  33063  0  204982  154  145764  1791  695796442  2147483647  0  44106  0  0  0  205  854375  2147483647  0  29531  205  2147483647  0  363211  0  94544835  73876284  154892  535  36593  96051  9129  1621  510092416  
1439422091  212747434  0  1410876231  114793  33063  0  221412  154  171340  1791  718397374  2147483647  0  44106  0  0  0  205  875984  2147483647  0  30350  205  2147483647  0  391964  0  104295342  101093566  183925  535  36593  96051  12586  1621  608469390  
1439422101  227892699  0  1570766717  114793  33063  0  235942  154  190364  1791  741990692  2147483647  0  44106  0  0  0  205  899567  2147483647  0  31145  205  2147483647  0  391964  0  117184867  120912632  205518  535  36593  96051  15157  1621  681043352  
1439422111  247583158  0  1784611703  114793  36988  0  254620  154  215559  1791  771859109  2147483647  0  44106  0  0  0  205  928183  2147483647  0  32171  205  2147483647  0  391964  0  130744453  162001333  235729  535  42761  96051  20174  1621  783846900  
1439422121  264801091  0  1951592564  114793  36988  0  270606  154  235250  1791  800970084  2147483647  0  49321  0  0  0  205  957490  2147483647  0  33276  205  2147483647  0  391964  0  143730750  201480263  260201  535  42761  96051  24955  1621  868246843  
1439422131  279300787  0  2102628474  114793  36988  0  284168  154  253120  1791  824607188  2147483647  0  49321  0  0  0  205  980950  2147483647  0  33993  205  2147483647  0  391964  0  150992536  224311368  280854  535  42761  96051  27739  1621  938478056  
1439422141  297546791  0  2300935961  114793  36988  0  301044  154  275804  1791  853385580  2147483647  0  49321  0  0  0  205  1009573  2147483647  0  35007  205  2147483647  0  407185  0  165487546  262121780  308328  535  42761  96051  32529  1621  1033651365  
1439422151  316423917  0  2488479151  114793  36988  0  318813  154  297829  1791  881073938  2147483647  0  49321  0  0  0  205  1038515  2147483647  0  36134  205  2147483647  0  407185  0  178329083  295967606  334794  535  42761  96051  36970  1621  1123092781  
1439422161  332591130  0  2646442132  114793  36988  0  333868  154  316611  1791  905615612  2147483647  0  49321  0  0  0  205  1063057  2147483647  0  36773  205  2147483647  0  407185  0  186395614  328563015  357446  535  42761  96051  40840  1621  1200785612  
1439422171  349867395  0  2849940350  114793  36988  0  349578  154  339218  1791  932717926  2147483647  0  49321  0  0  0  205  1089738  2147483647  0  37479  205  2147483647  0  407185  0  195388923  362198232  384166  535  42761  96051  44954  1621  1293275330  
1439422181  365983195  0  3007052189  114793  36988  0  364461  154  357943  1791  957787673  2147483647  0  49321  0  0  0  205  1115380  2147483647  0  38536  205  2147483647  0  407185  0  210453647  396751288  407146  535  42761  96051  49209  1621  1371639356  
1439422191  383218198  0  3175022576  114793  36988  0  380309  154  378143  1769  981894514  2147483647  0  49321  0  0  0  205  1139705  2147483647  0  39476  205  2147483647  0  412548  0  227074003  422053589  430540  523  42761  96051  52403  1521  1450605864  
1439422201  398669230  0  3325483283  114793  55580  0  394723  154  396325  1769  1004531928  2147483647  0  49321  0  0  0  205  1163948  2147483647  0  40361  205  2147483647  0  412548  0  236293477  451095228  452345  523  42761  96051  56026  1521  1523019113  
1439422211  413187530  0  3477113913  114793  55580  0  408687  154  414856  1769  1024420524  2147483647  0  49321  0  0  0  205  1184374  2147483647  0  41268  205  2147483647  0  412548  0  251640088  468954255  473221  523  42761  96051  58371  1521  1591421089  
1439422221  429207298  0  3629523181  114793  55580  0  423442  154  433279  1769  1047999951  2147483647  0  49321  0  0  0  205  1208879  2147483647  0  42185  205  2147483647  0  463512  0  266165340  482351016  493138  523  42761  96051  59865  1521  1658269140  
1439422231  446693950  0  3773650703  114793  55580  0  439151  154  450160  1769  1075869240  2147483647  0  49321  0  0  0  205  1234975  2147483647  0  43182  205  2147483647  0  511485  0  281827808  503877353  512488  523  42761  96051  62334  1521  1725305702  
1439422241  460395051  0  3921915003  114793  55580  0  451876  154  467476  1769  1096711895  2147483647  0  49321  0  0  0  205  1255080  2147483647  0  43984  205  2147483647  0  511485  0  294126530  523589734  532290  523  42761  96051  64820  1521  1792450330  
1439422251  476448847  0  4073695426  114793  55580  0  466469  154  485306  1769  1123148409  2147483647  0  49321  0  0  0  205  1280906  2147483647  0  44942  205  2147483647  0  611196  0  311408340  547861995  553064  523  42761  96051  67764  1521  1863671444  
1439422261  490510964  0  4205105091  114793  55580  0  479469  154  500685  1769  1146109302  2147483647  0  49321  0  0  0  205  1303400  2147483647  0  45695  205  2147483647  0  611196  0  322711237  565613935  570653  523  42761  96051  69974  1521  1922985738  
1439422271  505750814  0  4333158274  114793  55580  0  493683  154  517719  1769  1174628815  2147483647  0  49321  0  0  0  205  1332814  2147483647  0  46760  205  2147483647  0  611196  0  336859508  599259325  591726  523  42761  96051  74013  1521  1990806194  
1439422281  519968883  0  4471772588  114793  55580  0  507083  154  534519  1769  1194993895  2147483647  0  49321  0  0  0  205  1353589  2147483647  0  47561  205  2147483647  0  611196  0  351183439  621247759  611049  523  42761  96051  76536  1521  2055297974  
1439422291  535012825  0  4611423505  114793  55580  0  521555  154  551422  1736  1217581344  2147483647  0  49321  0  0  0  205  1377530  2147483647  0  48605  205  2147483647  0  675614  0  369412161  638417153  629907  523  42761  96051  78491  1518  2119066951  
1439422301  552421103  0  4770335111  114793  55580  0  537863  154  570029  1736  1239803359  2147483647  0  49321  0  0  0  205  1399317  2147483647  0  49544  205  2147483647  0  722238  0  388149027  662099464  651352  523  42761  96051  81329  1518  2192365238  
1439422311  566084208  0  4885466851  114793  55580  0  550987  154  584755  1736  1261058901  2147483647  0  49321  0  0  0  205  1420427  2147483647  0  50312  205  2147483647  0  722238  0  399134673  677938927  668022  523  42761  96051  83273  1518  2246981502  
1439422321  581313015  0  5020928912  114793  55580  0  565199  154  601486  1609  1280123863  2147483647  0  49321  0  0  0  205  1440262  2147483647  0  51177  205  2147483647  0  722238  0  411122250  693676971  686609  523  42761  96051  85139  1518  2307827036  
1439422331  596087969  0  5143134915  114793  55580  0  578988  154  615912  1609  1304132650  2147483647  0  49321  0  0  0  205  1463211  2147483647  0  52232  205  2147483647  0  722238  0  425596923  710690009  702980  523  42761  96051  87084  1518  2364813960  
1439422341  611524785  0  5270893281  114793  55580  0  593074  154  631352  1609  1327601007  2147483647  0  49321  0  0  0  205  1485856  2147483647  0  53006  205  2147483647  0  722238  0  438227516  730469553  720787  523  42761  96051  89451  1518  2425596368  
1439422351  625758779  0  5403378883  114793  55580  0  606537  154  646710  1609  1347475975  2147483647  0  49321  0  0  0  205  1505634  2147483647  0  53795  205  2147483647  0  722238  0  450410457  744161584  737961  523  42761  96051  91267  1518  2483156539  
1439422361  642082840  0  5546069533  114793  55580  0  621303  154  663158  1609  1371445493  2147483647  0  49321  0  0  0  205  1529700  2147483647  0  54685  205  2147483647  0  722238  0  465804608  763259162  756661  523  42761  96051  93519  1518  2548284480  
1439422371  659651652  0  5687348433  114793  55580  0  637583  154  680151  1609  1397801583  2147483647  0  49321  0  0  0  205  1556158  2147483647  0  55695  205  2147483647  0  722238  0  486030689  787295221  776633  523  45663  96051  96498  1518  2616636788  
1439422381  671658521  0  5797237232  114793  55580  0  648509  154  692758  1609  1415227243  2147483647  0  49321  0  0  0  205  1574199  2147483647  0  56371  205  2147483647  0  722238  0  495575948  807711110  791741  523  45663  96051  98999  1518  2668427787  
1439422391  684837392  0  5934159270  114793  55580  0  662236  154  710189  1609  1433412298  2147483647  0  49321  0  0  0  205  1593022  2147483647  0  57075  205  2147483647  0  722238  0  507524586  819307407  810626  523  45663  96051  100453  1518  2727544995  
1439422401  698993893  0  6074372876  114793  55580  0  675271  154  726305  1609  1454484228  2147483647  0  49321  0  0  0  205  1613374  2147483647  0  57849  205  2147483647  0  722238  0  520949462  831188509  828259  523  45663  96051  101970  1518  2788079098  
1439422411  712630824  0  6198334785  114793  55580  0  687701  154  740259  1609  1471473477  2147483647  0  49321  0  0  0  205  1630331  2147483647  0  58481  205  2147483647  0  722238  0  531859205  844735933  843904  523  45663  96051  103661  1518  2842375909  
1439422421  725457476  0  6315974046  530895  55580  0  699621  154  753763  1609  1489939615  2147483647  0  49321  0  0  0  205  1649290  2147483647  0  59188  205  2147483647  0  722238  0  541158717  857485867  859017  523  45663  96051  105270  1518  2892698789  
1439422431  739488425  0  6435309895  530895  55580  0  712273  154  767566  1609  1509845621  2147483647  0  49321  0  0  0  205  1668596  2147483647  0  59921  205  2147483647  0  722238  0  552098969  862476960  873418  523  45663  96051  105868  1518  2941100362  
1439422441  750513907  0  6532228808  530895  55580  0  722684  154  779564  1609  1525294429  2147483647  0  49321  0  0  0  205  1684251  2147483647  0  60563  205  2147483647  0  722238  0  562179963  870912142  886376  523  45663  96051  106828  1518  2982692924  
1439422451  764353711  0  6647941295  530895  55580  0  736103  154  794469  1609  1546087339  2147483647  0  49321  0  0  0  205  1705699  2147483647  0  61390  205  2147483647  0  722238  0  575646925  889532576  903505  523  57489  96051  109052  1518  3036710404  
1439422461  780704868  0  6795728746  530895  55580  0  751202  154  812166  1609  1571179628  2147483647  0  49321  0  0  0  205  1730019  2147483647  0  62351  205  2147483647  0  722238  0  595450996  908230249  923378  523  57489  96051  111228  1518  3102484785  
1439422471  792427401  0  6898572696  530895  55580  0  762141  154  825160  1609  1586802650  2147483647  0  49321  0  0  0  205  1746269  2147483647  0  63064  205  2147483647  0  722238  0  602530153  923384411  938120  523  57489  96051  112976  1518  3150333234  
1439422481  805691608  0  7028518124  530895  55580  0  774876  154  841240  1609  1607504759  2147483647  0  49321  0  0  0  205  1768947  2147483647  0  63818  205  2147483647  0  722238  0  610511125  945503852  957143  523  57489  96051  115919  1518  3210352764  
1439422492  816509678  0  7134915207  530895  55580  0  785269  154  853870  1609  1622592146  2147483647  0  49321  0  0  0  205  1785165  2147483647  0  64452  205  2147483647  0  722238  0  619452520  962074432  971725  523  57489  96051  117871  1518  3258231564  
1439422502  833797603  0  7300909894  530895  55580  0  801654  154  874892  1609  1647285262  2147483647  0  49321  0  0  0  205  1810146  2147483647  0  65319  205  2147483647  0  722238  0  633366528  989878923  996359  523  57489  96051  121486  1518  3334508449  
1439422512  848221640  0  7440656338  530895  55580  0  815379  154  890703  1609  1667897184  2147483647  0  49321  0  0  0  205  1830191  2147483647  0  65885  205  2147483647  0  722238  0  639351354  1005891639  1014217  523  57489  96051  123534  1518  3393664146  
1439422522  858967542  0  7536654599  530895  55580  0  825628  154  902323  1609  1683585073  2147483647  0  49321  0  0  0  205  1846438  2147483647  0  66504  205  2147483647  0  722238  0  649898567  1017887238  1027378  523  57489  96051  125075  1518  3436636565  
1439422532  872602794  0  7667045868  530895  55580  0  838946  154  917902  1609  1708859839  2147483647  0  49321  0  0  0  205  1872675  2147483647  0  67272  205  2147483647  0  722238  0  659897788  1041361638  1045969  523  61364  96051  128087  1518  3496904025  
1439422542  883387831  0  7762486580  530895  55580  0  849014  154  929596  1609  1726806039  2147483647  0  49321  0  0  0  205  1890385  2147483647  0  67985  205  2147483647  0  722238  0  672991938  1056168999  1059554  523  61364  96051  129979  1518  3541087151  
1439422552  896425617  0  7886938307  530895  55580  0  860992  154  944638  1609  1746954190  2147483647  0  49321  0  0  0  205  1910321  2147483647  0  68744  205  2147483647  0  722238  0  685677002  1073472201  1076774  523  61364  96051  132157  1518  3596656959  
1439422562  910806396  0  8037702809  530895  55580  0  874459  154  962735  1609  1771328275  2147483647  0  49321  0  0  0  205  1934392  2147483647  0  69649  205  2147483647  0  722238  0  697609254  1102281630  1098388  523  61364  96051  135674  1518  3666743483  
1439422572  922789851  0  8139610049  530895  55580  0  885842  154  974663  1609  1789296592  2147483647  0  50220  0  0  0  205  1954070  2147483647  0  70396  205  2147483647  0  722238  0  707636982  1122247303  1112656  523  61364  96051  138020  1518  3712867156  
1439422582  937964504  0  8271198843  530895  55580  0  899774  154  989929  1609  1812836021  2147483647  0  50220  0  0  0  205  1975979  2147483647  0  70872  205  2147483647  0  722238  0  713486791  1145760917  1130574  523  61364  96051  140673  1518  3773443553  
1439422592  951444050  0  8383948123  530895  55580  0  912264  154  1004600  1609  1832706753  2147483647  0  50220  0  0  0  205  1996158  2147483647  0  71664  205  2147483647  0  722238  0  724304996  1167610290  1148166  523  61364  96051  143594  1518  3828810576  
1439422602  964381163  0  8498920187  530895  55580  0  924765  154  1018885  1609  1855945517  2147483647  0  50220  0  0  0  205  2019160  2147483647  0  72426  205  2147483647  0  722238  0  739323748  1183341793  1164398  523  61364  96051  145541  1518  3881709107  
1439422612  974174615  0  8624739963  530895  55580  0  933805  154  1033016  1609  1871285495  2147483647  0  50220  0  0  0  205  2034160  2147483647  0  72884  205  2147483647  0  722238  0  745681543  1197689011  1180355  523  61364  96051  147373  1518  3935333050  
1439422622  986801643  0  8751583993  530895  55580  0  946277  154  1048987  1609  1890997330  2147483647  0  50220  0  0  0  205  2054966  2147483647  0  73677  205  2147483647  0  722238  0  757414545  1216412694  1198572  523  61364  96051  149619  1518  3992186456  
1439422632  999929932  0  8863427909  530895  55580  0  958967  154  1063174  1609  1914966958  2147483647  0  50220  0  0  0  205  2079534  2147483647  0  74532  205  2147483647  0  722238  0  768724247  1232101204  1215200  523  61364  96051  152060  1518  4043137577  
1439422642  1011327638  0  8961963123  530895  55580  0  969621  154  1074949  1609  1930777245  2147483647  0  50220  0  0  0  205  2096467  2147483647  0  75237  205  2147483647  0  722238  0  779957172  1245107416  1228752  523  61364  96051  153837  1518  4087692992  
1439422652  1028042502  0  9094122643  530895  55580  0  985215  154  1090858  1609  1952042455  2147483647  0  50220  0  0  0  205  2117577  2147483647  0  76129  205  2147483647  0  722238  0  798137405  1260914447  1246717  523  61364  96051  155893  1518  4147268241  
1439422662  1042299716  0  9210006022  530895  55580  0  999000  154  1104937  1609  1970915092  2147483647  0  50220  0  0  0  205  2136842  2147483647  0  76928  205  2147483647  0  722238  0  811535899  1270441870  1261940  523  61364  96051  157037  1518  4196908542  
1439422672  1055312870  0  9325242507  530895  55580  0  1011253  154  1118660  1609  1989379405  2147483647  0  50220  0  0  0  205  2155543  2147483647  0  77753  205  2147483647  0  722238  0  824848651  1281103694  1276939  523  61364  96051  158316  1518  4246343785  
1439422682  1069438094  0  9443862552  530895  55580  0  1024454  154  1133599  1609  2008176464  2147483647  0  50220  0  0  0  205  2174798  2147483647  0  78580  205  2147483647  0  722238  0  838996978  1306212866  1294801  523  61364  96051  161239  1518  4304948971  
1439422692  1082879221  0  9566891729  530895  55580  0  1037445  154  1148019  1609  2028788100  2147483647  0  50220  0  0  0  205  2195454  2147483647  0  79414  205  2147483647  0  722238  0  845666201  1314413044  1310310  523  61364  96051  162328  1518  4356806835  
1439422702  1095577139  0  9686809938  530895  55580  0  1049370  154  1164300  1609  2046625024  2147483647  0  50220  0  0  0  205  2215509  2147483647  0  80350  205  2147483647  0  722238  0  861279859  1328255209  1328251  523  61364  96051  163988  1518  4411334376  
1439422712  1107755837  0  9776391820  530895  55580  0  1060529  154  1175638  1609  2064671156  2147483647  0  50220  0  0  0  205  2232913  2147483647  0  81100  205  2147483647  0  722238  0  873643936  1338341936  1340806  523  61364  96051  165205  1518  4452421080  
1439422722  1121270043  0  9899420074  530895  55580  0  1073148  154  1190256  1609  2085673546  2147483647  0  50220  0  0  0  205  2252867  2147483647  0  82137  205  2147483647  0  722238  0  895651076  1348793844  1356686  523  61364  96051  166470  1518  4505259132  
1439422732  1135734259  0  10004544006  530895  55580  0  1086540  154  1202554  1609  2106106726  2147483647  0  50220  0  0  0  205  2274556  2147483647  0  82828  205  2147483647  0  722238  0  907614951  1361972411  1370731  523  61364  96051  168218  1518  4551651148  
1439422742  1148384239  0  10102754908  530895  55580  0  1098329  154  1214995  1609  2125032411  2147483647  0  50220  0  0  0  205  2292662  2147483647  0  83442  205  2147483647  0  722238  0  917201536  1371807843  1384378  523  61364  96051  169424  1518  4596166221  
1439422752  1161857602  0  10229957098  530895  55580  0  1110626  154  1229499  1609  2146206407  2147483647  0  50220  0  0  0  205  2312638  2147483647  0  84219  205  2147483647  0  722238  0  931526137  1400875552  1402245  523  61364  96051  172787  1518  4657740807  
1439422762  1173763641  0  10354134242  530895  55580  0  1121702  154  1244603  1609  2166676512  2147483647  0  50220  0  0  0  205  2332021  2147483647  0  85101  205  2147483647  0  722238  0  947969647  1417882620  1419261  523  61364  96051  174704  1518  4713969309  
1439422772  1185830244  0  10495727934  530895  55580  0  1133281  154  1261560  1609  2185754172  2147483647  0  50220  0  0  0  205  2350772  2147483647  0  85952  205  2147483647  0  722238  0  965037154  1441927970  1439189  523  61364  96051  177675  1518  4779638582  
1439422782  1199710994  0  10633448915  530895  55580  0  1146732  154  1278197  1609  2207287275  2147483647  0  50220  0  0  0  205  2371400  2147483647  0  86870  205  2147483647  0  722238  0  987234214  1457148702  1457687  523  61364  96051  179536  1518  4841264803  
1439422792  1211598572  0  10731384208  530895  55580  0  1158140  154  1290214  1609  2225702626  2147483647  0  50220  0  0  0  205  2388839  2147483647  0  87367  205  2147483647  0  722238  0  992861775  1470606575  1471281  523  61364  96051  181113  1518  4886082920  
1439422802  1226582714  0  10856767873  530895  55580  0  1172455  154  1305700  1609  2246533435  2147483647  0  50220  0  0  0  205  2412092  2147483647  0  88323  205  2147483647  0  722238  0  1008340468  1489356497  1489079  523  61364  96051  183425  1518  4943206171  
1439422812  1240414792  0  10981945899  530895  55580  0  1185341  154  1320826  1609  2265758567  2147483647  0  50220  0  0  0  205  2431256  2147483647  0  89239  205  2147483647  0  722238  0  1021879984  1501253611  1505604  523  61364  96051  184824  1518  4999217108  
1439422822  1255805873  0  11100215961  530895  55580  0  1198930  154  1335041  1609  2288575261  2147483647  0  50220  0  0  0  205  2452345  2147483647  0  90141  205  2147483647  0  722238  0  1036013029  1512921184  1521176  523  61364  96051  186181  1518  5052498389  
1439422832  1269834860  0  11223041799  530895  55580  0  1212083  154  1349820  1609  2310732403  2147483647  0  50220  0  0  0  205  2473744  2147483647  0  91007  205  2147483647  0  722238  0  1053870009  1531095090  1538139  523  61364  96051  188365  1518  5108735799  
1439422842  1284084419  0  11353500586  530895  55580  0  1225343  154  1365164  1609  2330949383  2147483647  0  50220  0  0  0  205  2494037  2147483647  0  91858  205  2147483647  0  722238  0  1070562748  1548390320  1555640  523  61364  96051  190522  1518  5167852159  
1439422852  1295408160  0  11468621612  530895  55580  0  1235899  154  1379013  1609  2347122025  2147483647  0  50220  0  0  0  205  2510823  2147483647  0  92348  205  2147483647  0  722238  0  1077007187  1567957000  1572044  523  61364  96051  193077  1518  5221529029  
1439422862  1311547291  0  11617117032  530895  55580  0  1251083  154  1396645  1609  2373670869  2147483647  0  88490  0  0  0  205  2539279  2147483647  0  93420  205  2147483647  0  722238  0  1091584834  1587638513  1592076  523  61364  96051  195477  1518  5288978547  
1439422872  1321159021  0  11721382955  559454  55580  0  1260511  154  1410353  1609  2388022737  2147483647  0  88490  0  0  0  205  2555196  2147483647  0  93891  205  2147483647  0  722238  0  1096408718  1611616822  1608835  523  61364  557947  198528  1518  5340165890  
1439422882  1335227944  0  11860149608  559454  55580  0  1273406  154  1426406  1609  2408796415  2147483647  0  88490  0  0  0  205  2576420  2147483647  0  94766  205  2147483647  0  722238  0  1109130953  1633251112  1627650  523  61364  557947  201290  1518  5403620257  
1439422892  1346691669  0  11973576161  559454  55580  0  1284374  154  1440197  1609  2427557777  2147483647  0  88490  0  0  0  205  2595686  2147483647  0  95394  205  2147483647  0  722238  0  1117406510  1655725783  1644216  523  61364  557947  204065  1518  5456890544  
1439422902  1355791053  0  12042884279  559454  55580  0  1292761  154  1448259  1609  2439100419  2147483647  0  88490  0  0  0  205  2607659  2147483647  0  95883  205  2147483647  0  722238  0  1123911312  1665293000  1653368  523  61364  557947  205155  1518  5488067428  
1439422912  1367018050  0  12098163041  559454  55580  0  1302360  154  1454645  1609  2449543003  2147483647  0  88490  0  0  0  205  2618059  2147483647  0  96767  205  2147483647  0  722238  0  1136994087  1665715267  1659794  523  61364  557947  205195  1518  5509966444  
1439422922  1367029747  0  12098163041  559454  55580  0  1302373  154  1454645  1609  2449543003  2147483647  0  88490  0  0  0  205  2618059  2147483647  0  98107  205  2147483647  0  722238  0  1142669054  1665715267  1659794  523  61364  557947  205195  1518  5509966444  
1439422932  1367282119  0  12108928256  559454  55580  0  1302582  154  1458048  1609  2449558235  2147483647  0  88490  0  0  0  205  2618112  2147483647  0  98236  205  2147483647  0  722238  0  1142905042  1668958705  1663551  523  61364  557947  205549  1518  5516727974  
1439422942  1367282119  0  12108928256  559454  55580  0  1302582  154  1458048  1609  2449558235  2147483647  0  88490  0  0  0  205  2618112  2147483647  0  98236  205  2147483647  0  722238  0  1142905042  1668958705  1663551  523  61364  557947  205549  1518  5516727974  
1439422952  1367282119  0  12110624120  559454  55580  0  1302582  154  1458513  1609  2481827958  2147483647  0  88490  0  0  0  205  2658818  2147483647  0  98236  205  2147483647  0  722238  0  1142905042  1668958705  1664016  523  61364  557947  205549  1518  5517586044  
1439422962  1367282119  0  12115332645  559454  55580  0  1302582  154  1459294  1609  2522127372  2147483647  0  88490  0  0  0  205  2707759  2147483647  0  98444  205  2147483647  0  722238  0  1143640630  1668958705  1664797  523  61364  557947  205549  1518  5519716954  
1439422972  1367322114  0  12115831163  559454  55580  0  1302623  154  1459333  1609  2561854034  2147483647  0  88490  0  0  0  205  2758743  2147483647  0  99192  205  2147483647  0  722238  0  1145504209  1669072351  1664853  523  61364  557947  205566  1518  5519903771  
1439422982  1371316376  0  12117946777  559454  55580  0  1306606  154  1459609  1609  2599821940  2147483647  0  88490  0  0  0  205  2824438  2147483647  0  100698  205  2147483647  0  722238  0  1146521041  1670511660  1665371  523  61364  557947  205808  1518  5521339113  
1439422992  1391338762  0  12141140554  559454  55580  0  1325759  154  1462088  1609  2637721132  2147483647  0  88490  0  0  0  205  2865573  2147483647  0  101885  205  2147483647  0  722238  0  1148978924  1670757913  1667876  523  61364  557947  205834  1518  5529695182  
1439423002  1406477000  0  12272917556  559454  55580  0  1339664  154  1476099  1609  2655920885  2147483647  0  88490  0  0  0  205  2883881  2147483647  0  102751  205  2147483647  0  722238  0  1150904249  1670933575  1681903  523  61364  557947  205850  1518  5577303362  
1439423012  1423136899  0  12441495201  559454  55580  0  1354212  154  1493602  1609  2672350852  2147483647  0  88490  0  0  0  205  2899388  2147483647  0  103588  205  2147483647  0  722238  0  1153170357  1671438860  1699456  523  61364  557947  205900  1518  5638053698  
1439423022  1437837623  0  12564567734  559454  55580  0  1367269  154  1506817  1609  2688517024  2147483647  0  88490  0  0  0  205  2914378  2147483647  0  104152  205  2147483647  0  722238  0  1163104509  1671622689  1712690  523  61364  557947  205919  1518  5683393956  
1439423032  1453327414  0  12699846658  559454  55580  0  1381783  154  1523702  1609  2706596931  2147483647  0  88490  0  0  0  205  2932107  2147483647  0  104801  205  2147483647  0  722238  0  1174630881  1685447664  1731227  523  61364  557947  207571  1518  5742611003  
1439423043  1465548935  0  12851167338  559454  55580  0  1392793  154  1541226  1609  2723237117  2147483647  0  88490  0  0  0  205  2947907  2147483647  0  105268  205  2147483647  0  722238  0  1184560428  1707581926  1751522  523  61364  557947  210342  1518  5809826419  
1439423053  1479525113  0  13013216397  559454  55580  0  1404804  154  1559662  1609  2744227461  2147483647  0  88490  0  0  0  205  2967737  2147483647  0  105705  205  2147483647  0  722238  0  1192251881  1737436476  1773699  523  61364  557947  214083  1518  5883315307  
1439423063  1491535835  0  13114582640  559454  55580  0  1414534  154  1571326  1609  2761137565  2147483647  0  88490  0  0  0  205  2983583  2147483647  0  106097  205  2147483647  0  722238  0  1199716397  1765458226  1788693  523  61364  557947  217413  1518  5933750253  
1439423073  1501849885  0  13221140746  559454  55580  0  1422980  154  1583153  1609  2777028916  2147483647  0  88490  0  0  0  205  2997386  2147483647  0  106508  205  2147483647  0  722238  0  1206443887  1795345976  1803969  523  61364  557947  220862  1518  5986006869  
1439423083  1509420594  0  13308304409  559454  55580  0  1429393  154  1593432  1609  2789426203  2147483647  0  88490  0  0  0  205  3008416  2147483647  0  106772  205  2147483647  0  722238  0  1212553588  1827394319  1818019  523  61364  557947  224633  1518  6033119004  
1439423093  1521613348  0  13451692298  559454  55580  0  1439791  154  1611012  1609  2815321164  2147483647  0  88490  0  0  0  205  3031999  2147483647  0  107351  205  2147483647  0  722238  0  1225790678  1878342655  1841892  523  61364  557947  230926  1518  6110660052  
1439423103  1529882341  0  13548177478  559454  55580  0  1446803  154  1623030  1609  2831545178  2147483647  0  88490  0  0  0  205  3046923  2147483647  0  107736  205  2147483647  0  722238  0  1235177815  1919451142  1858703  523  61364  557947  235719  1518  6166324624  
1439423113  1537464471  0  13631615999  559454  55580  0  1452891  154  1633088  1609  2848411497  2147483647  0  88490  0  0  0  205  3061771  2147483647  0  108212  205  2147483647  0  722238  0  1248137551  1959190781  1873386  523  61364  557947  240344  1518  6216283131  
1439423123  1547348095  0  13747121910  559454  55580  0  1461437  154  1647599  1609  2868995997  2147483647  0  88490  0  0  0  205  3081258  2147483647  0  108656  205  2147483647  0  722238  0  1258708512  2001372847  1892861  523  61364  557947  245308  1518  6280284007  
1439423133  1554939632  0  13840375287  559454  55580  0  1467708  154  1658978  1609  2887154012  2147483647  0  88490  0  0  0  205  3098036  2147483647  0  109043  205  2147483647  0  722238  0  1267983904  2042841607  1909133  523  61364  557947  250201  1518  6334314432  
1439423143  1561482695  0  13915567388  559454  55580  0  1473021  154  1668589  1609  2902339377  2147483647  0  88490  0  0  0  205  3112469  2147483647  0  109416  205  2147483647  0  722238  0  1277049286  2083357287  1923498  523  61364  557947  254955  1518  6381555518  
1439423153  1569731334  0  14005580827  559454  55580  0  1479715  154  1679455  1609  2920028494  2147483647  0  88490  0  0  0  205  3128068  2147483647  0  109744  205  2147483647  0  722238  0  1286465882  2123131669  1939081  523  61364  557947  259672  1518  6434176282  
1439423163  1578201191  0  14116459280  559454  55580  0  1486710  154  1692744  1609  2939295305  2147483647  0  88490  0  0  0  205  3145240  2147483647  0  110183  205  2147483647  0  722238  0  1295198858  2165964429  1957429  523  61364  557947  264731  1518  6495170945  
1439423173  1586986533  0  14218059451  559454  55580  0  1494025  154  1705215  1609  2956633226  2147483647  0  88490  0  0  0  205  3161083  2147483647  0  110519  205  2147483647  0  722238  0  1304653391  2214907394  1975648  523  61364  557947  270479  1518  6555844690  
1439423183  1594602485  0  14318798208  559454  55580  0  1500367  154  1717450  1609  2974524460  2147483647  0  88490  0  0  0  205  3176929  2147483647  0  110910  205  2147483647  0  722238  0  1314353436  2256667104  1992639  523  61364  557947  275235  1518  6613036719  
1439423193  1603419936  0  14434352674  559454  55580  0  1507736  154  1731284  1609  2996352292  2147483647  0  88490  0  0  0  205  3195751  2147483647  0  111352  205  2147483647  0  722238  0  1327150370  2317824824  2013336  523  61364  557947  282098  1518  6684611250  
1439423203  1611494413  0  14501850117  559454  55580  0  1514388  154  1739830  1609  3011385727  2147483647  0  88490  0  0  0  205  3209447  2147483647  0  111656  205  2147483647  0  722238  0  1336382258  2348792066  2025355  523  61364  557947  285571  1518  6724616538  
1439423213  1622612570  0  14647695126  559454  55580  0  1523266  154  1756918  1609  3034356696  2147483647  0  88490  0  0  0  205  3229446  2147483647  0  112137  205  2147483647  0  722238  0  1347936640  2411093586  2049563  523  61364  557947  292691  1518  6807650458  
1439423223  1630010839  0  14727162576  559454  55580  0  1529187  154  1766872  1609  3051511435  2147483647  0  88490  0  0  0  205  3244305  2147483647  0  112471  205  2147483647  0  722238  0  1356531373  2450272825  2064175  523  61364  557947  297349  1518  6855853504  
1439423233  1636134489  0  14801055379  559454  55580  0  1533791  154  1775632  1609  3063576183  2147483647  0  88490  0  0  0  205  3255397  2147483647  0  112742  205  2147483647  0  722238  0  1364341445  2478175644  2076325  523  61364  557947  300739  1518  6896857870  
1439423243  1642314518  0  14880569509  559454  55580  0  1538801  154  1786059  1609  3078912144  2147483647  0  88490  0  0  0  205  3270136  2147483647  0  113058  205  2147483647  0  722238  0  1372688724  2520189303  2091883  523  61364  557947  305870  1518  6946217904  
1439423253  1651559645  0  14983686576  559454  55580  0  1546225  154  1798419  1609  3099781500  2147483647  0  88490  0  0  0  205  3288105  2147483647  0  113475  205  2147483647  0  722238  0  1383132668  2566840606  2109555  523  61364  557947  311182  1518  7006583813  
1439423263  1660344936  0  15081397065  559454  55580  0  1553136  154  1810545  1609  3118307503  2147483647  0  88490  0  0  0  205  3304965  2147483647  0  113833  205  2147483647  0  722238  0  1392773243  2609718385  2126591  523  61364  557947  316092  1518  7063694088  
1439423273  1667230512  0  15160526407  559454  55580  0  1558593  154  1819926  1609  3134675987  2147483647  0  88490  0  0  0  205  3318893  2147483647  0  114178  205  2147483647  0  722238  0  1402447679  2654010772  2140933  523  61364  557947  321053  1518  7113754119  
1439423283  1672965729  0  15236756824  559454  55580  0  1563092  154  1829478  1609  3148740282  2147483647  0  88490  0  0  0  205  3331479  2147483647  0  114496  205  2147483647  0  722238  0  1410235525  2696048266  2155292  523  61364  557947  325860  1518  7161716217  
1439423293  1679593561  0  15320216710  559454  55580  0  1568516  154  1839465  1609  3163269146  2147483647  0  88490  0  0  0  205  3344811  2147483647  0  114826  205  2147483647  0  722238  0  1416890275  2742925230  2170701  523  61364  557947  331282  1518  7214043554  
1439423303  1688725519  0  15434392358  559454  55580  0  1575811  154  1853719  1609  3182473547  2147483647  0  88490  0  0  0  205  3362121  2147483647  0  115170  205  2147483647  0  722238  0  1428189272  2798020887  2191213  523  61364  557947  337540  1518  7283225971  
1439423313  1695448109  0  15513677040  559454  55580  0  1581242  154  1863285  1609  3196215486  2147483647  0  88490  0  0  0  205  3374256  2147483647  0  115445  205  2147483647  0  722238  0  1436400087  2833733673  2204863  523  61364  557947  341624  1518  7329323324  
1439423323  1703800733  0  15630070130  559454  59706  0  1588143  154  1877878  1609  3215359519  2147483647  0  88490  0  0  0  205  3391548  2147483647  0  115868  205  2147483647  0  722238  0  1447635033  2884267095  2225698  523  61364  557947  347866  1518  7396158098  
1439423333  1709972853  0  15700925034  559454  59706  0  1593066  154  1886670  1609  3230790257  2147483647  0  88490  0  0  0  205  3405115  2147483647  0  116205  205  2147483647  0  722238  0  1459027225  2925850566  2239244  523  61364  557947  352620  1518  7441765924  
1439423343  1715568339  0  15774344358  559454  59706  0  1597471  154  1895430  1609  3244793851  2147483647  0  88490  0  0  0  205  3417160  2147483647  0  116476  205  2147483647  0  722238  0  1467410550  2964528492  2252324  523  111926  557947  356940  1518  7486964283  
1439423353  1721935688  0  15862984100  559454  59706  0  1602613  154  1906175  1609  3262060304  2147483647  0  88490  0  0  0  205  3432873  2147483647  0  116778  205  2147483647  0  722238  0  1476388060  3014329118  2268819  523  111926  557947  362690  1518  7542950537  
1439423363  1732750010  0  15965421275  559454  59706  0  1611407  154  1918848  1609  3281236965  2147483647  0  88490  0  0  0  205  3451183  2147483647  0  117130  205  2147483647  0  722238  0  1487883646  3068532344  2288049  523  111926  557947  369247  1518  7606579803  
1439423373  1737895946  0  16045229952  559454  59706  0  1615475  154  1928985  1609  3293525722  2147483647  0  88490  0  0  0  205  3462713  2147483647  0  117421  205  2147483647  0  722238  0  1495576410  3104614448  2302666  523  111926  557947  373727  1518  7654116120  
1439423383  1745212086  0  16142101056  559454  59706  0  1621159  154  1940970  1609  3311721062  2147483647  0  88490  0  0  0  205  3478642  2147483647  0  117795  205  2147483647  0  726764  0  1505840333  3149077658  2319672  523  111926  557947  378748  1518  7711686429  
1439423393  1752551924  0  16223159494  559454  59706  0  1626993  154  1950683  1609  3328942698  2147483647  0  88490  0  0  0  205  3493975  2147483647  0  118125  205  2147483647  0  726764  0  1516123976  3194288793  2334566  523  111926  557947  383929  1518  7762758459  
1439423403  1759867055  0  16318244380  559454  59706  0  1633150  154  1962335  1609  3344815299  2147483647  0  88490  0  0  0  205  3508629  2147483647  0  118482  205  2147483647  0  726764  0  1526511678  3240274651  2351595  523  111926  557947  389306  1518  7820139705  
1439423413  1766136301  0  16416182502  559454  59706  0  1638633  154  1975388  1609  3361340521  2147483647  0  88490  0  0  0  205  3524128  2147483647  0  118838  205  2147483647  0  726764  0  1536505537  3299069427  2371436  523  111926  557947  396094  1518  7884554672  
1439423423  1773367965  0  16490115218  559454  59706  0  1644383  154  1984455  1609  3373890969  2147483647  0  88490  0  0  0  205  3534798  2147483647  0  119044  205  2147483647  0  726764  0  1545663622  3335109353  2384681  523  111926  557947  400272  1518  7929198252  
1439423433  1781987077  0  16612980415  559454  59706  0  1651542  154  1999549  1609  3396179515  2147483647  0  88490  0  0  0  205  3554491  2147483647  0  119565  205  2147483647  0  726764  0  1560157684  3394159963  2406475  523  111926  557947  406972  1518  8003586959  
1439423443  1787815934  0  16680188555  559454  59706  0  1656138  154  2008007  1609  3408766801  2147483647  0  88490  0  0  0  205  3566005  2147483647  0  119861  205  2147483647  0  726764  0  1567945013  3429631344  2419058  523  111926  557947  411097  1518  8045556099  
1439423453  1793406924  0  16750949425  559454  59706  0  1660681  154  2016771  1609  3424685508  2147483647  0  88490  0  0  0  205  3580076  2147483647  0  120176  205  2147483647  0  726764  0  1577209277  3470170398  2432734  523  111926  557947  416009  1518  8091119092  
1439423463  1799634754  0  16829014508  559454  59706  0  1665652  154  2026197  1609  3439692558  2147483647  0  88490  0  0  0  205  3592950  2147483647  0  120453  205  2147483647  0  740652  0  1585603581  3510617201  2446966  523  111926  557947  420815  1518  8139163842  
1439423473  1807800554  0  16946328907  559454  59706  0  1672345  154  2040642  1609  3458244362  2147483647  0  88490  0  0  0  205  3608970  2147483647  0  120870  205  2147483647  0  740652  0  1599235760  3572978596  2468597  523  111926  557947  428001  1518  8212391438  
1439423483  1813794746  0  17037498873  559454  59706  0  1677434  154  2051891  1609  3473233622  2147483647  0  88490  0  0  0  205  3622094  2147483647  0  121191  205  2147483647  0  740652  0  1609828554  3613289358  2484394  523  111926  557947  432549  1518  8265963983  
1439423493  1821609154  0  17111017048  559454  59706  0  1683673  154  2060865  1609  3489840995  2147483647  0  88490  0  0  0  205  3636438  2147483647  0  121528  205  2147483647  0  740652  0  1620220544  3648697828  2497485  523  111926  557947  436666  1518  8310125293  
1439423503  1827567879  0  17177904302  559454  59706  0  1688417  154  2069129  1609  3503033851  2147483647  0  88490  0  0  0  205  3648024  2147483647  0  121831  205  2147483647  0  740652  0  1628779812  3678392809  2509042  523  111926  557947  439959  1518  8349452183  
1439423513  1834140278  0  17250266722  559454  59706  0  1693578  154  2077888  1609  3517443899  2147483647  0  88490  0  0  0  205  3660441  2147483647  0  122153  205  2147483647  0  740652  0  1637803215  3710756679  2521520  523  111926  557947  443678  1518  8392077945  
1439423523  1841280652  0  17327127961  559454  59706  0  1699432  154  2087400  1609  3530804477  2147483647  0  88490  0  0  0  205  3672545  2147483647  0  122418  205  2147483647  0  740652  0  1645573156  3742183051  2534865  523  111926  557947  447511  1518  8436124075  
1439423533  1847598795  0  17417423044  559454  59706  0  1704520  154  2099046  1609  3547577396  2147483647  0  88490  0  0  0  205  3687565  2147483647  0  122779  205  2147483647  0  740652  0  1656189413  3789977971  2552182  523  111926  557947  453182  1518  8492500968  
1439423543  1853164176  0  17494927401  559454  59706  0  1709213  154  2108473  1609  3561315824  2147483647  0  88490  0  0  0  205  3700020  2147483647  0  123091  205  2147483647  0  740652  0  1664929560  3824172023  2565620  523  111926  557947  457193  1518  8538035510  
1439423553  1859271162  0  17559948776  559454  59706  0  1714087  154  2116583  1609  3576094429  2147483647  0  88490  0  0  0  205  3713191  2147483647  0  123373  205  2147483647  0  756710  0  1672049105  3863527443  2578192  523  111926  557947  461655  1518  8580395006  
1439423563  1865158430  0  17650562705  559454  59706  0  1718702  154  2127304  1609  3589881560  2147483647  0  88490  0  0  0  205  3725913  2147483647  0  123688  205  2147483647  0  756710  0  1681868157  3908632311  2594080  523  111926  557947  466822  1518  8635682499  
1439423573  1870885085  0  17727704038  559454  59706  0  1723357  154  2136942  1609  3606721426  2147483647  0  88490  0  0  0  205  3741350  2147483647  0  124025  205  2147483647  0  756710  0  1691659479  3949987474  2608500  523  111926  557947  471604  1518  8683865036  
1439423583  1878280309  0  17800985537  559454  59706  0  1729393  154  2146017  1609  3621118483  2147483647  0  88490  0  0  0  205  3753821  2147483647  0  124265  205  2147483647  0  756710  0  1697611604  3982249381  2621268  523  111926  557947  475297  1518  8726694036  
1439423593  1884160509  0  17870498403  559454  59706  0  1734110  154  2154675  1609  3638505447  2147483647  0  88490  0  0  0  205  3769310  2147483647  0  124605  205  2147483647  0  756710  0  1706532742  4038282072  2636513  523  111926  557947  481884  1518  8777871457  
1439423603  1890736470  0  17949214724  559454  59706  0  1739289  154  2164444  1609  3650292754  2147483647  0  88490  0  0  0  205  3779801  2147483647  0  124872  205  2147483647  0  756710  0  1714551069  4073927381  2650234  523  111926  557947  485836  1518  8824322251  
1439423613  1898393789  0  18022932741  559454  59706  0  1745481  154  2173636  1609  3665954800  2147483647  0  88490  0  0  0  205  3793378  2147483647  0  125173  205  2147483647  0  756710  0  1724544570  4111599156  2663682  523  111926  557947  490092  1518  8869575698  
1439423623  1906161907  0  18098933192  559454  59706  0  1751867  154  2183155  1609  3676426440  2147483647  0  88490  0  0  0  205  3803108  2147483647  0  125398  205  2147483647  0  756710  0  1732127566  4136383212  2676334  523  111926  557947  493225  1518  8910735311  
1439423634  1911846835  0  18174978164  559454  59706  0  1756220  154  2192156  1609  3688285736  2147483647  0  88490  0  0  0  205  3813393  2147483647  0  125754  205  2147483647  0  756710  0  1741759783  4162714419  2688277  523  111926  557947  496167  1518  8952367800  
1439423644  1918658973  0  18265730345  559454  59706  0  1761736  154  2203511  1609  3703691201  2147483647  0  88490  0  0  0  205  3827774  2147483647  0  126101  205  2147483647  0  756710  0  1751474246  4204549822  2704702  523  111926  557947  501237  1518  9006465686  
1439423654  1925802005  0  18346181194  559454  59706  0  1767664  154  2213438  1609  3717948018  2147483647  0  88490  0  0  0  205  3840772  2147483647  0  126425  205  2147483647  0  756710  0  1760744077  4248830648  2719885  523  111926  557947  506493  1518  9057282201  
1439423664  1931076538  0  18457266238  559454  59706  0  1772039  154  2227296  1609  3733098296  2147483647  0  88490  0  0  0  205  3854872  2147483647  0  126832  205  2147483647  0  756710  0  1775101544  4304981660  2740484  523  111926  557947  513234  1518  9125698724  
1439423674  1937178464  0  18517457619  559454  59706  0  1776813  154  2235008  1609  3747203590  2147483647  0  88490  0  0  0  205  3867392  2147483647  0  127121  205  2147483647  0  756710  0  1783473312  4342028322  2752524  523  111926  557947  517562  1518  9165406924  
1439423684  1944061306  0  18593231312  559454  59706  0  1782433  154  2244013  1609  3760662751  2147483647  0  88490  0  0  0  205  3879016  2147483647  0  127385  205  2147483647  0  756710  0  1790897514  4379274126  2765762  523  111926  557947  521795  1518  9211324024  
1439423694  1951518485  0  18656133749  559454  59706  0  1788439  154  2251460  1609  3775022748  2147483647  0  88490  0  0  0  205  3891399  2147483647  0  127716  205  2147483647  0  756710  0  1799551896  4404060986  2776090  523  111926  557947  524676  1518  9247150807  
1439423704  1959000263  0  18745080338  559454  59706  0  1794647  154  2262415  1609  3787366824  2147483647  0  88490  0  0  0  205  3902697  2147483647  0  127979  205  2147483647  0  756710  0  1808467565  4434977324  2790709  523  111926  557947  528340  1518  9295751230  
1439423714  1966622254  0  18834733931  559454  59706  0  1800840  154  2273753  1609  3802846825  2147483647  0  88490  0  0  0  205  3916901  2147483647  0  128294  205  2147483647  0  756710  0  1817761747  4479546235  2807345  523  111926  557947  533638  1518  9350672938  
1439423724  1974649113  0  18932087002  559454  59706  0  1807468  154  2285986  1609  3816920187  2147483647  0  88490  0  0  0  205  3929410  2147483647  0  128601  205  2147483647  0  756710  0  1828076187  4515556851  2823729  523  111926  557947  537789  1518  9405201052  
1439423734  1981370506  0  19013454567  559454  59706  0  1813063  154  2296242  1609  3833086402  2147483647  0  88490  0  0  0  205  3944106  2147483647  0  128983  205  2147483647  0  756710  0  1838374366  4562192766  2839650  523  111926  557947  543454  1518  9457633833  
1439423744  1987188631  0  19090637935  559454  59706  0  1817976  154  2306180  1609  3846535879  2147483647  0  88490  0  0  0  205  3956134  2147483647  0  129321  205  2147483647  0  756710  0  1848387032  4596010536  2853617  523  111926  557947  547483  1518  9503148204  
1439423754  1993067739  0  19161006829  559454  59706  0  1822674  154  2314764  1609  3859400328  2147483647  0  88490  0  0  0  205  3967390  2147483647  0  129636  205  2147483647  0  756710  0  1858039941  4626489172  2865709  523  111926  557947  550991  1518  9544291346  
1439423764  1999716271  0  19243857709  559454  59706  0  1828241  154  2325223  1609  3876623125  2147483647  0  88490  0  0  0  205  3982679  2147483647  0  129982  205  2147483647  0  756710  0  1868901066  4672418087  2881570  523  111926  557947  556393  1518  9596939806  
1439423774  2004769271  0  19310063526  559454  59706  0  1832319  154  2334133  1609  3889372720  2147483647  0  88490  0  0  0  205  3994381  2147483647  0  130257  205  2147483647  0  756710  0  1876517577  4710273272  2895435  523  111926  557947  561348  1518  9640092755  
1439423784  2008656930  0  19351106612  559454  59706  0  1835681  154  2339609  1609  3897576808  2147483647  0  88490  0  0  0  205  4001722  2147483647  0  130413  205  2147483647  0  756710  0  1881740902  4735126010  2903861  523  111926  557947  564298  1518  9667118527  
1439423794  2016514719  0  19423600303  559454  59706  0  1842149  154  2348711  1609  3912532994  2147483647  0  88490  0  0  0  205  4015276  2147483647  0  130816  205  2147483647  0  756710  0  1893926659  4761503243  2915968  523  111926  557947  567303  1518  9707522985  
1439423804  2021820456  0  19484713109  559454  59706  0  1846619  154  2356172  1609  3925091709  2147483647  0  88490  0  0  0  205  4026471  2147483647  0  131094  205  2147483647  0  756710  0  1901452798  4792610334  2927042  523  111926  557947  570916  1518  9745142730  
1439423814  2028291427  0  19573497050  559454  59706  0  1851772  154  2367039  1609  3939733781  2147483647  0  88490  0  0  0  205  4039248  2147483647  0  131423  205  2147483647  0  756710  0  1913378790  4830299358  2942299  523  111926  557947  575306  1518  9796791176  
1439423824  2033544726  0  19642690041  559454  59706  0  1855932  154  2375348  1609  3951854986  2147483647  0  88490  0  0  0  205  4049965  2147483647  0  131718  205  2147483647  0  756710  0  1919575796  4866425316  2954781  523  111926  557947  579479  1518  9839975159  
1439423834  2039906287  0  19724737339  559454  59706  0  1861124  154  2385323  1609  3964501884  2147483647  0  88490  0  0  0  205  4061093  2147483647  0  132027  205  2147483647  0  756710  0  1930404331  4901441998  2968661  523  111926  557947  583384  1518  9887622819  
1439423844  2046906401  0  19796616766  559454  59706  0  1866676  154  2394241  1609  3982410702  2147483647  0  88490  0  0  0  205  4076759  2147483647  0  132394  205  2147483647  0  756710  0  1942973116  4944945564  2982739  523  111926  557947  588544  1518  9934552739  
1439423854  2053851291  0  19888942521  559454  59706  0  1872142  154  2405331  1609  3996957479  2147483647  0  88490  0  0  0  205  4089452  2147483647  0  132766  205  2147483647  0  756710  0  1954256124  4983687711  2998288  523  111926  557947  593003  1518  9987918067  
1439423864  2060272783  0  19963620016  559454  59706  0  1877384  154  2414540  1609  4011104382  2147483647  0  88490  0  0  0  205  4102311  2147483647  0  133061  205  2147483647  0  756710  0  1961465339  5019808841  3011785  523  111926  557947  597291  1518  10033293775  
1439423874  2067238497  0  20042633940  559454  59706  0  1882860  154  2424589  1609  4025008725  2147483647  0  88490  0  0  0  205  4114332  2147483647  0  133375  205  2147483647  0  756710  0  1969332553  5058602311  3026211  523  111926  557947  601668  1518  10081426203  
