#Type:X;CI:1;ww:0;ca:0;co:1;fr:0;Type:X;CI:1;PI:0;PT:EP;U0:0;U1:0;
#time  Pp  gt  gs  cn  cm  cb  Nc  Pc  cp  Tc  Nm  pr  ps  pt  px  pd  Pm  Om  fs  ft  Oc  Em  Gp  Ec  Ge  ot  os  Total_cycles_diff  Successful_get_diff  Total_get_diff  succ_put_diff  total_put_diff  get_hit  
1436843291  0  0  0  0  0  0  0  0  0  2357730  0  0  0  0  0  0  0  0  0  21  0  0  0  0  0  47  0  2357730  0  0  0  0  
1436843301  0  1673  1330  43  15  7669245  112  3326  3289  507727565  228  0  6684  6699  15  0  4159  286  0  52643  49  4159  0  3326  1330  11096  301  505369835  1330  1673  6684  6699  79.4979079498  
1436843311  0  4154  3737  43  15  7441283  115  3235  3198  652206435  228  0  9000  9015  15  0  4159  286  0  55640  49  4159  0  3235  3737  11096  301  144478870  2407  2481  2316  2316  89.961482908  
1436843321  0  11796  11263  46  15  7697582  118  3379  3344  1456959747  228  0  16670  16685  15  0  4159  286  0  60726  49  4159  0  3379  11263  11096  301  804753312  7526  7642  7670  7670  95.481519159  
1436843331  0  27007  26227  46  15  7894246  132  3847  3814  2929128957  228  0  32102  32117  15  0  4159  286  0  65242  49  4159  0  3847  26227  11096  301  1472169210  14964  15211  15432  15432  97.1118598882  
1436843342  0  39338  38273  46  15  7353074  142  3761  3730  3807067358  228  0  44062  44077  15  0  4159  286  0  69008  48  4159  0  3761  38273  11096  301  877938401  12046  12331  11960  11960  97.2926940871  
1436843352  0  48234  42085  47  15  8306479  378  6686  6657  4403502500  384  0  50799  50814  15  0  6720  296  0  69079  294  6720  0  6686  42085  11096  301  596435142  3812  8896  6737  6737  87.251731144  
1436843362  0  56561  45864  47  15  8981434  821  11178  11149  4786393835  824  0  59070  59085  15  0  11259  737  0  69079  737  11259  0  11178  45864  11096  301  382891335  3779  8327  8271  8271  81.0876752533  
1436843372  0  70868  55465  47  15  9438834  1368  16143  16115  5509102180  1368  0  73636  73651  15  0  16183  1303  0  69151  1303  16183  0  16143  55465  11096  301  722708345  9601  14307  14566  14566  78.2652254896  
1436843382  0  85662  64012  47  15  9472075  1997  21509  21481  6355919537  1997  0  87549  87564  15  0  21509  1976  0  69219  1976  21509  0  21509  64012  11096  301  846817357  8547  14794  13913  13913  74.726249679  
1436843392  0  98121  70361  48  15  10258139  2714  27603  27574  6902644736  2714  0  99992  100007  15  0  27663  2744  0  69289  2744  27663  0  27603  70361  11096  301  546725199  6349  12459  12443  12443  71.708400852  
1436843402  0  108623  74445  48  15  10696798  3443  34204  34175  7414094019  3445  0  110677  110692  15  0  34321  3526  0  69295  3524  34321  0  34204  74445  11096  301  511449283  4084  10502  10685  10685  68.5352089337  
1436843412  0  129890  86863  48  15  11386756  3059  34407  34378  9195756999  3907  0  134642  134657  15  0  39292  4015  0  69760  3109  39292  0  34407  86863  12627  1799  1781662980  12418  21267  23965  23965  66.8742782354  
1436843422  0  197770  131255  48  15  11168106  2633  29001  28987  13740849232  3907  0  202641  202656  15  0  39292  4015  0  70880  2639  39292  0  29001  131255  16185  5136  4545092233  44392  67880  67999  67999  66.3674975982  
1436843432  0  297106  192014  48  15  11243263  2772  30473  30471  19246046492  3907  0  302122  302137  15  0  39292  4015  0  73235  2794  39292  0  30473  192014  20878  9584  5505197260  60759  99336  99481  99481  64.6281125255  
1436843442  0  450503  285046  48  15  11214319  2723  30421  30446  25786252809  3907  0  455246  455261  15  0  39292  4015  0  76381  2761  39292  0  30421  285046  28464  16785  6540206317  93032  153397  153124  153124  63.2728305916  
1436843452  0  600739  363848  48  15  11570194  3488  36454  36502  31866033376  3907  0  605557  605572  15  0  39292  4015  0  78438  3551  39292  0  36454  363848  36687  24583  6079780567  78802  150236  150311  150311  60.5667353044  
1436843462  0  739073  431767  48  15  11870751  3899  40917  40981  36750158231  3907  0  744107  744122  15  0  40917  4015  0  80708  3999  40917  0  40917  431767  45075  32540  4884124855  67919  138334  138550  138550  58.4200748776  
1436843472  0  910882  505221  48  15  11601909  3888  40325  40385  41631843560  4132  0  915785  915800  15  0  42827  4240  0  82772  3984  42827  0  40325  505221  57494  44321  4881685329  73454  171809  171678  171678  55.4650327924  
1436843482  0  1074399  568122  48  15  11930409  4189  43495  43561  46128888194  4460  0  1079162  1079177  15  0  45663  4598  0  84761  4315  45663  0  43495  568122  69763  55952  4497044634  62901  163517  163377  163377  52.8781206982  
1436843492  0  1257982  643619  48  15  12027680  4326  44316  44395  51037197158  4506  0  1262766  1262781  15  0  46080  4646  0  87544  4443  46079  0  44316  643619  83264  68775  4908308964  75497  183583  183604  183604  51.1628147303  
1436843502  0  1354112  682903  48  15  11605309  3899  40587  40668  53885578745  4763  0  1358080  1358095  15  0  48348  4920  0  88985  4007  48348  0  40587  682903  90783  75927  2848381587  39284  96130  95314  95314  50.4317958928  
1436843512  0  1412946  704974  48  15  11343652  4755  46470  46548  55616813120  4865  0  1415019  1415032  15  0  48348  5026  0  89161  4912  48348  0  46470  704974  94411  79383  1731234375  22071  58834  56939  56937  49.8939096045  
1436843522  0  1532647  816347  48  15  11922257  4508  45745  45822  60383321141  4889  0  1536922  1536935  15  0  49559  5049  0  90311  4644  49559  0  45745  816347  95809  80733  4766508021  111373  119701  121903  121903  53.2638631074  
1436843532  0  1655609  875623  48  15  12077130  4731  47637  47716  63783531852  4889  0  1660054  1660067  15  0  49559  5049  0  91221  4888  49559  0  47637  875623  103588  88148  3400210711  59276  122962  123132  123132  52.8882725329  
1436843542  0  1784383  929859  48  15  12392087  4876  49425  49506  67346390066  4889  0  1789466  1789479  15  0  49559  5049  0  92947  5038  49559  0  49425  929859  112828  96940  3562858214  54236  128774  129412  129412  52.1109537582  
1436843552  0  1878101  987419  48  15  11335963  3893  39254  39342  70400493999  4889  0  1881245  1881258  15  0  49559  5049  0  94094  3994  49559  0  39254  987419  118424  102275  3054103933  57560  93718  91779  91779  52.5753939751  
1436843562  0  2003448  1043283  48  15  11645907  3821  39172  39261  75818922471  4889  0  2007810  2007822  15  0  49559  5049  0  95416  3912  49559  0  39172  1043283  127267  110686  5418428472  55864  125347  126565  126564  52.0743737796  
1436843572  0  2075492  1066319  48  15  9544102  855  12501  12589  77524788953  4889  0  2072420  2072432  15  0  49559  5049  0  95750  775  49559  0  12501  1066319  135928  118924  1705866482  23036  72044  64610  64610  51.3766856244  
1436843582  0  2168842  1124570  48  15  11710268  4637  45930  46012  80229614536  4889  0  2170419  2170427  15  0  49559  5049  0  95870  4781  49559  0  45930  1124570  136696  119654  2704825583  58251  93350  97999  97995  51.8511721923  
1436843592  0  2339726  1234354  48  15  11671518  3676  38332  38424  85597239874  4889  0  2344720  2344728  15  0  49559  5049  0  97828  3755  49559  0  38332  1234354  145816  128326  5367625338  109784  170884  174301  174301  52.7563483929  
1436843602  0  2387000  1254235  48  15  11815678  3816  39965  40058  87216079106  4889  0  2391952  2391960  15  0  49559  5049  0  98410  3914  49559  0  39965  1254235  149067  131413  1618839232  19881  47274  47232  47232  52.5444072057  
1436843612  0  2405143  1261364  48  15  11720779  3849  39923  40017  87741836467  4889  0  2410027  2410035  15  0  49559  5049  0  98535  3938  49559  0  39923  1261364  150446  132725  525757361  7129  18143  18075  18075  52.444449249  
1436843622  0  2567254  1322066  48  15  11983791  4271  44078  44175  91509447361  4889  0  2572068  2572076  15  0  49559  5049  0  100110  4398  49559  0  44078  1322066  162669  144337  3767610894  60702  162111  162041  162041  51.4972807521  
1436843632  0  2752671  1397644  48  15  11854246  4097  42216  42318  96491292465  4889  0  2757705  2757713  15  0  49559  5049  0  102588  4196  49559  0  42216  1397644  176767  157732  4981845104  75578  185417  185637  185637  50.7741026806  
1436843642  0  2912982  1453423  48  15  11940334  4244  43706  43824  100550878922  4889  0  2917778  2917786  15  0  49559  5049  0  104237  4370  49559  0  43706  1453423  189714  170034  4059586457  55779  160311  160073  160073  49.8946783743  
1436843652  0  3019014  1495806  48  15  11954977  4120  42287  42406  103302308788  4889  0  3023741  3023749  15  0  49559  5049  0  105978  4220  49559  0  42287  1495806  197886  177796  2751429866  42383  106032  105963  105963  49.5461763344  
1436843662  0  3023198  1497758  48  15  11959245  4219  43170  43289  103530646361  4889  0  3028294  3028302  15  0  49559  5049  0  106002  4335  49559  0  43170  1497758  198104  177998  228337573  1952  4184  4553  4553  49.5421735526  
1436843672  0  3169578  1551215  48  15  11928772  4102  42461  42587  107352067121  4889  0  3174445  3174453  15  0  49559  5049  0  107339  4219  49559  0  42461  1551215  209854  189143  3821420760  53457  146380  146151  146151  48.9407422692  
1436843682  0  3331871  1617679  48  15  11918245  3972  41365  41494  111544873378  4889  0  3336978  3336986  15  0  49559  5049  0  109068  4080  49559  0  41365  1617679  222107  200776  4192806257  66464  162293  162533  162533  48.5516696175  
1436843692  0  3482435  1674453  48  15  12010314  4174  43386  43517  115743019041  4889  0  3487338  3487346  15  0  49559  5049  0  110858  4294  49559  0  43386  1674453  233657  211744  4198145663  56774  150564  150360  150360  48.0828213592  
1436843702  0  3558907  1701730  48  15  12037473  4336  44383  44516  117715641742  4889  0  3564013  3564021  15  0  49559  5049  0  111840  4455  49559  0  44383  1701730  239738  217517  1972622701  27277  76472  76675  76675  47.816085107  
1436843712  0  3590390  1713611  48  15  12015443  4197  43564  43697  118635188186  4889  0  3595282  3595289  15  0  49559  5049  0  112241  4330  49559  0  43564  1713611  242277  219915  919546444  11881  31483  31269  31268  47.7277120313  
1436843722  0  3730159  1774669  48  15  11747041  3653  38919  39053  122944205697  4889  0  3735255  3735261  15  0  49559  5049  0  114085  3750  49559  0  38919  1774669  252811  229907  4309017511  61058  139769  139973  139972  47.5762293243  
1436843732  0  3881092  1839218  48  15  11972077  4070  42628  42766  127619210577  4889  0  3886180  3886186  15  0  49559  5049  0  116247  4185  49559  0  42628  1839218  263231  239794  4675004880  64549  150933  150925  150925  47.3891884037  
1436843742  0  4025815  1896806  48  15  11925759  4105  42484  42625  131648200433  4889  0  4030856  4030862  15  0  49559  5049  0  118148  4225  49559  0  42484  1896806  274183  250186  4028989856  57588  144723  144676  144676  47.1160746333  
1436843756  0  4071876  1916086  48  15  11895873  4012  41394  41540  133060499834  4889  0  4076993  4076999  15  0  49559  5049  0  118508  4124  49559  0  41394  1916086  277689  253513  1412299401  19280  46061  46137  46137  47.0565901319  
1436843767  0  4184527  1960279  48  15  11791782  4103  42636  42781  136437969016  4889  0  4189553  4189559  15  0  49559  5049  0  119848  4218  49559  0  42636  1960279  286175  261567  3377469182  44193  112651  112560  112560  46.8458920208  
1436843777  0  4238370  1984417  48  15  10946118  3275  34105  34249  138479974423  4889  0  4241702  4241708  15  0  49559  5049  0  120594  3350  49559  0  34105  1984417  290767  265919  2042005407  24138  53843  52149  52149  46.8202870443  
1436843787  0  4323936  2022490  48  15  11990902  4200  43377  43523  141213413671  4889  0  4328995  4329001  15  0  49559  5049  0  121086  4316  49559  0  43377  2022490  295837  270758  2733439248  38073  85566  87293  87293  46.7742815805  
1436843800  0  4386397  2046840  48  15  12016292  4193  43523  43674  143021985958  4889  0  4391590  4391596  15  0  49559  5049  0  121936  4318  49559  0  43523  2046840  300623  275299  1808572287  24350  62461  62595  62595  46.6633549129  
1436843810  0  4478027  2084187  48  15  12000482  4291  43743  43895  145856713216  4889  0  4482888  4482894  15  0  49559  5049  0  123137  4419  49559  0  43743  2084187  307346  281680  2834727258  37347  91630  91298  91298  46.5425286627  
1436843820  0  4590057  2131767  48  15  11887879  4260  43474  43631  149196889405  4889  0  4594741  4594747  15  0  49559  5049  0  124602  4386  49559  0  43474  2131767  315497  289406  3340176189  47580  112030  111853  111853  46.4431487452  
1436843830  0  4666968  2159862  48  15  11569084  3990  40885  41045  151591637430  4889  0  4670945  4670951  15  0  49559  5049  0  125243  4100  49559  0  40885  2159862  321901  295494  2394748025  28095  76911  76204  76204  46.2797687921  
1436843843  0  4744354  2189817  48  15  11922833  3969  41080  41240  153939122108  4889  0  4749682  4749688  15  0  49559  5049  0  125955  4061  49559  0  41080  2189817  327988  301273  2347484678  29955  77386  78737  78737  46.1562733304  
1436843853  0  4824328  2226732  48  15  11338542  3520  36146  36316  156851926202  4889  0  4828010  4828016  15  0  49559  5049  0  127056  3591  49559  0  36146  2226732  333814  306786  2912804094  36915  79974  78328  78328  46.1563144131  
1436843863  0  4910012  2259849  48  15  12139762  4430  45567  45739  159575734498  4889  0  4914968  4914974  15  0  49559  5049  0  128006  4569  49559  0  45567  2259849  339446  312154  2723808296  33117  85684  86958  86958  46.0253253964  
1436843873  0  5010980  2302011  48  15  11993372  4078  42435  42615  162773941983  4889  0  5016127  5016133  15  0  49559  5049  0  129091  4193  49559  0  42435  2302011  347271  319596  3198207485  42162  100968  101159  101159  45.9393372155  
1436843884  0  5047207  2318504  48  15  11402257  3398  36184  36366  164090646745  4889  0  5051549  5051555  15  0  49559  5049  0  129642  3472  49559  0  36184  2318504  350454  322607  1316704762  16493  36227  35422  35422  45.9363762968  
1436843894  0  5107950  2339809  48  15  11922883  3990  41492  41676  166131016406  4889  0  5113119  5113124  15  0  49559  5049  0  130312  4100  49559  0  41492  2339809  354824  326755  2040369661  21305  60743  61570  61569  45.8072024981  
1436843904  0  5237236  2396405  48  15  11620264  3519  36830  37017  170170282457  4889  0  5242138  5242143  15  0  49559  5049  0  131965  3588  49559  0  36830  2396405  364524  335960  4039266051  56596  129286  129019  129019  45.757055821  
1436843914  0  5363230  2446254  48  15  11794539  3732  39451  39645  173938279903  4889  0  5368321  5368326  15  0  49559  5049  0  133121  3818  49559  0  39451  2446254  373861  344821  3767997446  49849  125994  126183  126183  45.6115810808  
1436843929  0  5451641  2482790  48  15  11932267  4062  41700  41896  176661979163  4889  0  5456884  5456889  15  0  49559  5049  0  134094  4169  49559  0  41700  2482790  380081  350715  2723699260  36536  88411  88563  88563  45.5420670583  
1436843939  0  5576763  2535706  48  15  11823602  3722  39313  39515  181056037764  4889  0  5581989  5581994  15  0  49559  5049  0  135816  3813  49559  0  39313  2535706  389491  359654  4394058601  52916  125122  125105  125105  45.4691368452  
1436843949  0  5696568  2588988  48  15  11932107  3929  41124  41335  185286579893  4889  0  5701913  5701918  15  0  49559  5049  0  137598  4038  49559  0  41124  2588988  397640  367369  4230542129  53282  119805  119924  119924  45.4482067097  
1436843959  0  5836435  2651368  48  15  11962583  4022  41566  41785  189738401995  4889  0  5841743  5841748  15  0  49559  5049  0  139598  4135  49559  0  41566  2651368  407320  376554  4451822102  62380  139867  139830  139830  45.4278682106  
1436843973  0  5914722  2685827  48  15  11761867  3784  39553  39776  192202593318  4889  0  5919783  5919788  15  0  49559  5049  0  140353  3878  49559  0  39553  2685827  413069  382011  2464191323  34459  78287  78040  78040  45.4091840665  
1436843983  0  6033622  2734515  48  15  12062794  4159  43082  43312  196058535075  4889  0  6038940  6038945  15  0  49559  5049  0  141740  4264  49559  0  43082  2734515  421542  390062  3855941757  48688  118900  119157  119157  45.321284628  
1436843993  0  6166057  2789453  48  15  11855518  3836  40328  40557  201044820551  4889  0  6171369  6171373  15  0  49559  5049  0  143064  3934  49559  0  40328  2789453  431640  399643  4986285476  54938  132435  132429  132428  45.2388455053  
1436844003  0  6318984  2857074  48  15  11611945  3693  38752  38980  205627236888  4889  0  6324233  6324236  15  0  49559  5049  0  146273  3783  49559  0  38752  2857074  442542  409986  4582416337  67621  152927  152864  152863  45.2141356902  
1436844014  0  6490601  2994888  48  15  8685147  1643  16911  17142  210487580166  4889  0  6491957  6491960  15  0  49559  5049  0  147093  1665  49559  0  16911  2994888  449050  416148  4860343278  137814  171617  167724  167724  46.1419212181  
