#Type:X;CI:2;ww:0;ca:0;co:1;fr:0;Type:X;CI:2;PI:0;PT:EP;U0:0;U1:0;
#time  Pp  gt  gs  cn  cm  cb  Nc  Pc  cp  Tc  Nm  pr  ps  pt  px  pd  Pm  Om  fs  ft  Oc  Em  Gp  Ec  Ge  ot  os  Total_cycles_diff  Successful_get_diff  Total_get_diff  succ_put_diff  total_put_diff  get_hit  
1439053419  0  0  0  0  0  0  0  0  0  3286309  0  0  0  0  0  0  0  0  0  0  0  0  0  0  0  0  0  3286309  0  0  0  0  
1439053429  0  0  0  0  0  0  0  0  0  3286309  0  0  0  0  0  0  0  0  0  0  0  0  0  0  0  0  0  0  0  0  0  0  0 
1439053439  0  0  0  0  0  0  0  0  0  3286309  0  0  0  0  0  0  0  0  0  0  0  0  0  0  0  0  0  0  0  0  0  0  0 
1439053449  0  0  0  0  0  0  0  0  0  3286309  0  0  0  0  0  0  0  0  0  0  0  0  0  0  0  0  0  0  0  0  0  0  0 
1439053459  0  0  0  0  0  0  0  0  0  3286309  0  0  0  0  0  0  0  0  0  0  0  0  0  0  0  0  0  0  0  0  0  0  0 
1439053469  0  0  0  0  0  0  0  0  0  3286309  0  0  0  0  0  0  0  0  0  0  0  0  0  0  0  0  0  0  0  0  0  0  0 
1439053479  0  0  0  0  0  0  0  0  0  3286309  0  0  0  0  0  0  0  0  0  0  0  0  0  0  0  0  0  0  0  0  0  0  0 
1439053489  0  0  0  0  0  0  0  0  0  3286309  0  0  0  0  0  0  0  0  0  0  0  0  0  0  0  0  0  0  0  0  0  0  0 
1439053499  0  0  0  0  0  0  0  0  0  3286309  0  0  0  0  0  0  0  0  0  0  0  0  0  0  0  0  0  0  0  0  0  0  0 
1439053509  0  0  0  0  0  0  0  0  0  3286309  0  0  0  0  0  0  0  0  0  0  0  0  0  0  0  0  0  0  0  0  0  0  0 
1439053519  0  0  0  0  0  0  0  0  0  3286309  0  0  0  0  0  0  0  0  0  0  0  0  0  0  0  0  0  0  0  0  0  0  0 
1439053529  0  0  0  0  0  0  0  0  0  4027003  0  0  0  0  0  0  0  0  0  0  0  0  0  0  0  0  0  740694  0  0  0  0  0 
1439053539  0  0  0  0  0  0  0  0  0  4182058  0  0  0  0  0  0  0  0  0  0  0  0  0  0  0  0  0  155055  0  0  0  0  0 
1439053549  0  0  0  0  0  0  0  0  0  4182058  0  0  0  0  0  0  0  0  0  0  0  0  0  0  0  0  0  0  0  0  0  0  0 
1439053559  0  0  0  0  0  0  0  0  0  4182058  0  0  0  0  0  0  0  0  0  0  0  0  0  0  0  0  0  0  0  0  0  0  0 
1439053570  0  0  0  0  0  0  0  0  0  4182058  0  0  0  0  0  0  0  0  0  0  0  0  0  0  0  0  0  0  0  0  0  0  0 
1439053580  0  0  0  0  0  0  0  0  0  4182058  0  0  0  0  0  0  0  0  0  0  0  0  0  0  0  0  0  0  0  0  0  0  0 
1439053590  0  0  0  0  0  0  0  0  0  4182058  0  0  0  0  0  0  0  0  0  0  0  0  0  0  0  0  0  0  0  0  0  0  0 
1439053600  0  0  0  0  0  0  0  0  0  4182058  0  0  0  0  0  0  0  0  0  0  0  0  0  0  0  0  0  0  0  0  0  0  0 
1439053610  0  0  0  0  0  0  0  0  0  4182058  0  0  0  0  0  0  0  0  0  0  0  0  0  0  0  0  0  0  0  0  0  0  0 
1439053620  0  0  0  0  0  0  0  0  0  4182058  0  0  0  0  0  0  0  0  0  0  0  0  0  0  0  0  0  0  0  0  0  0  0 
1439053630  0  0  0  0  0  0  0  0  0  4182058  0  0  0  0  0  0  0  0  0  0  0  0  0  0  0  0  0  0  0  0  0  0  0 
1439053640  0  0  0  0  0  0  0  0  0  4182058  0  0  0  0  0  0  0  0  0  0  0  0  0  0  0  0  0  0  0  0  0  0  0 
1439053650  0  0  0  0  0  0  0  0  0  4182058  0  0  0  0  0  0  0  0  0  0  0  0  0  0  0  0  0  0  0  0  0  0  0 
1439053660  0  0  0  0  0  0  0  0  0  4182058  0  0  0  0  0  0  0  0  0  0  0  0  0  0  0  0  0  0  0  0  0  0  0 
1439053670  0  0  0  0  0  0  0  0  0  4182058  0  0  0  0  0  0  0  0  0  0  0  0  0  0  0  0  0  0  0  0  0  0  0 
1439053680  0  0  0  0  0  0  0  0  0  4182058  0  0  0  0  0  0  0  0  0  0  0  0  0  0  0  0  0  0  0  0  0  0  0 
1439053690  0  0  0  0  0  0  0  0  0  4182058  0  0  0  0  0  0  0  0  0  0  0  0  0  0  0  0  0  0  0  0  0  0  0 
1439053700  0  0  0  0  0  0  0  0  0  4182058  0  0  0  0  0  0  0  0  0  0  0  0  0  0  0  0  0  0  0  0  0  0  0 
1439053710  0  0  0  0  0  0  0  0  0  4182058  0  0  0  0  0  0  0  0  0  0  0  0  0  0  0  0  0  0  0  0  0  0  0 
