#type:T;
#time  gt  cn  Pt  Px  gx  cx  gn  gm  Pn  Pm  Ft  cm  pt  Fx  px  ct  pn  Fm  Fn  pm  dn  On  Om  dm  dx  Ox  dt  Ot  Gt  Cn  Cm  Gx  Cx  Gn  Gm  Ct  
1439927478  10333933  0  0  0  30856  0  19570  154  0  2147483647  62371  2147483647  0  2186  0  0  0  233  84  2147483647  0  184  245  2147483647  0  31136  0  217449  0  0  2147483647  0  0  0  2147483647  0  
1439927488  10342380  0  0  0  30856  0  19574  154  0  2147483647  62371  2147483647  0  2186  0  0  0  233  84  2147483647  0  184  245  2147483647  0  31136  0  217449  0  0  2147483647  0  0  0  2147483647  0  
1439927498  11576425  0  73783484  77711  30856  0  20546  154  13645  2961  168845  2147483647  0  2186  0  0  0  211  470  2147483647  0  18533  242  2147483647  0  53925  0  27924800  11078683  14670  547  35774  33821  1215  1854  24366896  
1439927508  11798371  0  73783484  77711  30856  0  20752  154  13645  2961  168845  2147483647  0  2186  0  0  0  211  470  2147483647  0  18533  242  2147483647  0  53925  0  27924800  12418032  14782  547  35774  33821  1331  1854  24767680  
1439927518  11798371  0  78494952  77711  30856  0  20752  154  14059  2961  6972679  2147483647  0  9936  0  0  0  205  8001  2147483647  0  18533  242  2147483647  0  53925  0  27924800  12466134  15196  547  35774  33821  1333  1854  25973011  
1439927528  11798371  0  91521700  77711  30856  0  20752  154  15139  2961  31045290  2147483647  0  29905  0  0  0  205  35623  2147483647  0  18632  242  2147483647  0  67472  0  28906538  12466134  16276  547  35774  33821  1333  1854  28236950  
1439927538  11798371  0  92689300  77711  30856  0  20752  154  15312  2961  113913006  2147483647  0  29905  0  0  0  205  123009  2147483647  0  18725  242  2147483647  0  67472  0  29796310  12466134  16449  547  35774  33821  1333  1854  28508749  
1439927548  14100081  0  100326091  77711  30856  0  23095  154  16305  2961  189577032  2147483647  0  31409  0  0  0  205  235779  2147483647  0  19237  208  2147483647  0  69859  0  31866896  12975469  17528  547  35774  33821  1427  1854  30708001  
1439927558  22472172  0  127278574  77711  30856  0  31432  154  18013  2961  261679429  2147483647  0  31409  0  0  0  205  316315  2147483647  0  19927  208  2147483647  0  69859  0  33289595  12975469  19236  547  35774  33821  1427  1854  36112050  
1439927568  36170055  0  156598939  77711  30856  0  45765  154  20946  2961  322707198  2147483647  0  44684  0  0  0  202  420742  2147483647  0  22095  205  2147483647  0  69859  0  37938179  13924048  22341  547  35774  33821  1615  1854  43414880  
1439927578  53169224  0  195015684  77711  30856  0  62577  154  23507  2961  374030039  2147483647  0  44684  0  0  0  202  474785  2147483647  0  23054  205  2147483647  0  104331  0  41161323  13924048  24902  547  35774  33821  1615  1854  52326252  
1439927588  69952118  0  228817056  77711  30856  0  78253  154  25718  2961  424374112  2147483647  0  44684  0  0  0  202  526684  2147483647  0  24276  205  2147483647  0  104331  0  43889524  14057748  27122  547  35774  33821  1627  1854  60075979  
1439927598  87976523  0  343336103  77711  30856  0  95552  154  34223  2961  473374277  2147483647  0  44684  0  0  0  202  578026  2147483647  0  25705  205  2147483647  0  250775  0  48544703  16706040  35627  547  35774  33821  2002  1612  88164433  
1439927608  104749336  0  480387704  79143  30856  0  112006  154  44271  2961  518854653  2147483647  0  44684  0  0  0  202  626850  2147483647  0  26931  205  2147483647  0  439797  0  56888017  31000301  45675  547  35774  40216  3921  1612  121913603  
1439927618  115614545  0  579313935  79143  30856  0  124903  154  53317  2961  565798758  2147483647  0  44684  0  0  0  202  680320  2147483647  0  28505  205  2147483647  0  439797  0  60636294  37975948  54879  547  35774  40216  5445  1451  148272627  
1439927628  124318736  0  758180826  79143  58739  0  142358  154  76051  2961  584573056  2147483647  0  44684  0  0  0  202  729492  2147483647  0  30431  205  2147483647  0  439797  0  65647368  50984707  77655  547  35774  40216  8510  1394  199716411  
1439927638  140826833  0  934336632  79143  58739  0  158256  154  88690  2961  606171589  2147483647  0  44684  0  0  0  202  752890  2147483647  0  31221  205  2147483647  0  608638  0  77259119  67615242  90295  547  35774  40216  10927  1394  242645776  
1439927649  164092932  0  1161809943  98100  58739  0  179414  154  105187  2961  634976002  2147483647  0  44684  0  0  0  202  782050  2147483647  0  32036  205  2147483647  0  608638  0  89478696  92451007  106794  547  35774  86877  14177  1394  297621897  
1439927659  190464174  0  1448301555  98100  58739  0  204292  154  124829  2961  665639638  2147483647  0  44684  0  0  0  202  813817  2147483647  0  32906  205  2147483647  0  608638  0  104655074  123016927  126436  547  37138  86877  18403  1394  364443097  
1439927669  210533220  0  1880852460  2112340  58739  0  224031  154  144519  2961  693320922  2147483647  0  44684  0  0  0  202  843073  2147483647  0  33843  205  2147483647  0  608638  0  117702182  155040158  146126  547  37138  86877  23263  1394  428062126  
1439927679  228600360  0  1941814257  2112340  58739  0  247052  154  147592  2961  716440036  2147483647  182363594  44684  54761  0  17597  202  868867  2056  0  34363  205  2147483647  0  608638  0  119267408  155040158  149199  547  37138  86877  23263  1394  437958062  
1439927689  245198901  0  1941814257  2112340  58739  0  269553  154  147592  2961  738311126  2147483647  363808648  44684  94658  0  35249  202  893668  2056  0  35202  205  2147483647  0  608638  0  121019148  155040158  149199  547  37138  86877  23263  1394  437958062  
1439927699  259889713  0  1941814257  2112340  58739  0  290252  154  147592  2961  762065754  2147483647  563830055  68758  94658  0  54825  202  920013  2056  0  35707  205  2147483647  0  608638  0  122478962  155040158  149199  547  37138  86877  23263  1394  437958062  
1439927709  276092938  0  1941814257  2112340  58739  0  312664  154  147592  2961  785686646  2147483647  763187425  68758  94658  0  74345  202  946003  2056  0  36611  205  2147483647  0  608638  0  124379808  155040158  149199  547  37138  86877  23263  1394  437958062  
1439927719  289281167  0  1941814257  2112340  58739  0  331372  154  147592  2961  802413560  2147483647  989123323  68758  94658  0  96580  202  965160  2056  0  37096  205  2147483647  0  608638  0  125720558  155040158  149199  547  37138  86877  23263  1394  437958062  
1439927729  305317044  0  1941814257  2112340  58739  0  353056  154  147592  2961  818657660  2147483647  1242538452  68758  94658  0  121241  202  983855  2056  0  37936  205  2147483647  0  608638  0  127469896  155040158  149199  547  37138  86877  23263  1394  437958062  
1439927740  320374213  0  1941814257  2112340  58739  0  373546  154  147592  2961  836421609  2147483647  1442287811  68758  94658  0  141340  202  1003668  2056  0  38391  205  2147483647  0  608638  0  128757736  155040158  149199  547  37138  86877  23263  1394  437958062  
1439927750  337249443  0  1941814257  2112340  58739  0  396655  154  147592  2961  855359166  2147483647  1692340843  68758  94658  0  165592  202  1024280  2056  0  39207  205  2147483647  0  608638  0  130251704  155040158  149199  547  37138  86877  23263  1394  437958062  
1439927760  351063735  0  1941814257  2112340  58739  0  416405  154  147592  2961  873738480  2147483647  1903000020  68758  94658  0  187815  202  1044990  2056  0  40006  205  2147483647  0  608638  0  132017257  155040158  149199  547  37138  86877  23263  1394  437958062  
1439927770  365813525  0  1941814257  2112340  58739  0  438070  154  147592  2961  891178367  2147483647  2125391763  68758  94658  0  210112  202  1065192  2056  0  40486  205  2147483647  0  608638  0  133240679  155040158  149199  547  37138  86877  23263  1394  437958062  
1439927780  379691948  0  1941814257  2112340  58739  0  457528  154  147592  2961  907087726  2147483647  2351383968  68758  94658  0  232574  202  1083164  2056  0  41239  205  2147483647  0  608638  0  134765882  155040158  149199  547  37138  86877  23263  1394  437958062  
1439927790  393893584  0  1941814257  2112340  58739  0  476736  154  147592  2961  924898362  2147483647  2564740241  68758  94658  0  253060  202  1102048  2056  0  41884  205  2147483647  0  608638  0  136315087  155040158  149199  547  37138  86877  23263  1394  437958062  
1439927800  408866445  0  1941814257  2112340  58739  0  498110  154  147592  2961  942532059  2147483647  2781850704  68758  94658  0  275097  202  1122783  2056  0  42374  205  2147483647  0  608638  0  137650832  155040158  149199  547  37138  86877  23263  1394  437958062  
1439927810  423970960  0  1941814257  2112340  58739  0  519724  154  147592  2961  957855280  2147483647  2993543113  68758  94658  0  296794  202  1139517  2056  0  43316  205  2147483647  0  608638  0  139378055  155040158  149199  547  37138  86877  23263  1394  437958062  
1439927820  437165183  0  1941814257  2112340  58739  0  538311  154  147592  2961  976201803  2147483647  3194702690  68758  94658  0  316060  202  1159843  2056  0  43783  205  2147483647  0  608638  0  140693547  155040158  149199  547  37138  86877  23263  1394  437958062  
1439927830  452222690  0  1941814257  2112340  61961  0  559362  154  147592  2961  996440771  2147483647  3424778508  68758  94658  0  338773  202  1182320  2056  0  44587  205  2147483647  0  608638  0  142426443  155040158  149199  547  37138  86877  23263  1394  437958062  
1439927840  465780811  0  1941814257  2112340  61961  0  577370  154  147592  2961  1013401149  2147483647  3608408322  68758  94658  0  356081  202  1200645  2056  0  45253  205  2147483647  0  608638  0  144001859  155040158  149199  547  37138  86877  23263  1394  437958062  
1439927850  479037615  0  1941814257  2112340  61961  0  595482  154  147592  2961  1033036747  2147483647  3839703218  68758  94658  0  377172  202  1221650  2056  0  45748  205  2147483647  0  608638  0  145417262  155040158  149199  547  37138  86877  23263  1394  437958062  
1439927860  492079721  0  1941814257  2112340  61961  0  613790  154  147592  2961  1052353541  2147483647  4031296425  68758  94658  0  395988  202  1243647  2056  0  46469  205  2147483647  0  608638  0  147095010  155040158  149199  547  37138  86877  23263  1394  437958062  
1439927870  505011352  0  1941814257  2112340  61961  0  632612  154  147592  2961  1068867235  2147483647  4212855364  68758  94658  0  414959  202  1262110  2056  0  47516  205  2147483647  0  608638  0  148987316  155040158  149199  547  37138  86877  23263  1394  437958062  
1439927880  518736598  0  1941814257  2112340  61961  0  651158  154  147592  2961  1086490233  2147483647  4410197611  68758  94658  0  434387  202  1282019  2056  0  47966  205  2147483647  0  608638  0  150253228  155040158  149199  547  37138  86877  23263  1394  437958062  
1439927890  532204838  0  1941814257  2112340  61961  0  669667  154  147592  2961  1103911749  2147483647  4599521385  68758  94658  0  453787  202  1302117  2056  0  48667  205  2147483647  0  608638  0  151870569  155040158  149199  547  37138  86877  23263  1394  437958062  
1439927900  546215271  0  1941814257  2112340  61961  0  690387  154  147592  2961  1123429528  2147483647  4788245863  68758  94658  0  473726  202  1324166  2056  0  49493  205  2147483647  0  608638  0  153726774  155040158  149199  547  37138  86877  23263  1394  437958062  
1439927910  558186227  0  1941814257  2112340  92179  0  707369  154  147592  2961  1140569983  2147483647  4976600248  68758  94658  0  491890  202  1342698  2056  0  50300  205  2147483647  0  608638  0  155337072  155040158  149199  547  37138  86877  23263  1394  437958062  
1439927920  574390874  0  1941814257  2112340  92179  0  729955  154  147592  2961  1158971726  2147483647  5200546176  68758  94658  0  514498  202  1363516  2050  0  51169  205  2147483647  0  608638  0  157007022  155040158  149199  547  37138  86877  23263  1394  437958062  
1439927930  588764681  0  1941814257  2112340  92179  0  750250  154  147592  2961  1178521100  2147483647  5381394314  68758  94658  0  532858  202  1386772  2050  0  51701  205  2147483647  0  608638  0  158403960  155040158  149199  547  37138  86877  23263  1394  437958062  
1439927940  603973703  0  1941814257  2112340  92179  0  771834  154  147592  2961  1197227091  2147483647  5584326867  68758  94658  0  553887  202  1408650  2050  0  52453  205  2147483647  0  608638  0  159808956  155040158  149199  547  37138  86877  23263  1394  437958062  
1439927950  617400819  0  1941814257  2112340  92179  0  791135  154  147592  2961  1212267064  2147483647  5775818480  68758  94658  0  573696  202  1426239  2050  0  53139  205  2147483647  0  608638  0  161244027  155040158  149199  547  37138  86877  23263  1394  437958062  
1439927960  630357128  0  1941814257  2112340  92179  0  809571  154  147592  2961  1225240519  2147483647  5963680779  68758  94658  0  592681  202  1440801  2050  0  53999  205  2147483647  0  608638  0  162742003  155040158  149199  547  37138  86877  23263  1394  437958062  
1439927970  646720399  0  1941814257  2112340  92179  0  832337  154  147592  2961  1242718660  2147483647  6190425742  68758  94658  0  614697  202  1460064  2050  0  54692  205  2147483647  0  608638  0  164097166  155040158  149199  547  37138  86877  23263  1394  437958062  
1439927980  661989021  0  1941814257  2112340  92179  0  852927  154  147592  2961  1260539249  2147483647  6387668558  68758  94658  0  634134  202  1479651  2050  0  55649  205  2147483647  0  608638  0  165873126  155040158  149199  547  37138  86877  23263  1394  437958062  
1439927990  674114511  0  1941814257  2112340  92179  0  870082  154  147592  2961  1274525546  2147483647  6538020995  68758  94658  0  650193  202  1495002  2050  0  56009  205  2147483647  0  608638  0  166872700  155040158  149199  547  37138  86877  23263  1394  437958062  
1439928000  690716346  0  1941814257  2112340  92179  0  892478  154  147592  2961  1289885621  2147483647  6777477645  68758  108872  0  673321  202  1512198  2050  0  57003  205  2147483647  0  608638  0  168331900  155040158  149199  547  37138  86877  23263  1394  437958062  
1439928010  704054426  0  1941814257  2112340  92179  0  910320  154  147592  2961  1304754249  2147483647  6961090616  68758  108872  0  690759  202  1527825  2050  0  57413  205  2147483647  0  608638  0  169441084  155040158  149199  547  37138  86877  23263  1394  437958062  
1439928020  718060804  0  1941814257  2112340  92179  0  930247  154  147592  2961  1321583589  2147483647  7164982300  68758  108872  0  711094  202  1545960  2050  0  58307  205  2147483647  0  608638  0  171150852  155040158  149199  547  37138  86877  23263  1394  437958062  
1439928030  730535406  0  1941814257  2112340  92179  0  947960  154  147592  2961  1337209103  2147483647  7341660386  68758  108872  0  729508  202  1564063  2050  0  59025  205  2147483647  0  608638  0  172592437  155040158  149199  547  37138  86877  23263  1394  437958062  
1439928040  745007488  0  1941814257  2112340  92179  0  967487  154  147592  2961  1357510600  2147483647  7567318136  68758  108872  0  750896  202  1586430  2050  0  59849  205  2147483647  0  608638  0  174386255  155040158  149199  547  37138  86877  23263  1394  437958062  
1439928050  759246779  0  1941814257  2112340  92179  0  988043  154  147592  2961  1374042855  2147483647  7773109947  68758  108872  0  771703  202  1605055  2050  0  60593  205  2147483647  0  608638  0  175874747  155040158  149199  547  37138  86877  23263  1394  437958062  
1439928060  773455329  0  1941814257  2112340  92179  0  1008051  154  147592  2961  1391922147  2147483647  7983325804  68758  108872  0  791928  202  1624913  2050  0  61055  205  2147483647  0  608638  0  177115610  155040158  149199  547  37138  86877  23263  1394  437958062  
1439928070  786892830  0  1941814257  2112340  92179  0  1026990  154  147592  2961  1411667575  2147483647  8166283388  68758  108872  0  809403  202  1645950  2050  0  61927  205  2147483647  0  608638  0  178829705  155040158  149199  547  37138  86877  23263  1394  437958062  
1439928080  798146930  0  1941814257  2112340  92179  0  1042864  154  147592  2961  1425191630  2147483647  8335530023  68758  108872  0  826681  202  1661257  2050  0  62703  205  2147483647  0  608638  0  180263594  155040158  149199  547  37138  86877  23263  1394  437958062  
1439928090  814114485  0  1941814257  2112340  92179  0  1064864  154  147592  2961  1445956062  2147483647  8575124607  68758  108872  0  849260  202  1684223  2050  0  63635  205  2147483647  0  608638  0  182152176  155040158  149199  547  37138  86877  23263  1394  437958062  
1439928100  829528882  0  1941814257  2112340  92179  0  1085762  154  147592  2961  1464238867  2147483647  8796212385  68758  108872  0  870695  202  1705360  2050  0  64371  205  2147483647  0  608638  0  183786554  155040158  149199  547  37138  86877  23263  1394  437958062  
1439928110  844291009  0  1941814257  2112340  92179  0  1106347  154  147592  2961  1483335958  2147483647  9014188038  68758  108872  0  890656  202  1726795  2050  0  65276  205  2147483647  0  608638  0  185515798  155040158  149199  547  37138  86877  23263  1394  437958062  
1439928120  858920862  0  1941814257  2112340  92179  0  1126434  154  147592  2961  1498296901  2147483647  9238904777  68758  108872  0  912841  202  1743144  2050  0  66115  205  2147483647  0  608638  0  187121184  155040158  149199  547  37138  86877  23263  1394  437958062  
1439928130  871367183  0  1941814257  2112340  92179  0  1144019  154  147592  2961  1516849529  2147483647  9402261840  68758  108872  0  929380  202  1764959  2050  0  66586  205  2147483647  0  608638  0  188404072  155040158  149199  547  37138  86877  23263  1394  437958062  
1439928140  885624684  0  1941814257  2112340  92179  0  1164236  154  147592  2961  1534558516  2147483647  9581964784  68758  108872  0  947683  202  1784756  2050  0  67437  205  2147483647  0  608638  0  190018406  155040158  149199  547  37138  86877  23263  1394  437958062  
1439928150  898701730  0  1941814257  2112340  92179  0  1183090  154  147592  2961  1553778069  2147483647  9774842829  68758  108872  0  967049  202  1805994  2050  0  68285  205  2147483647  0  608638  0  191768328  155040158  149199  547  37138  86877  23263  1394  437958062  
1439928160  910021242  0  1941814257  2112340  92179  0  1198477  154  147592  2961  1567859051  2147483647  9942750885  68758  108872  0  984385  202  1821995  2050  0  68963  205  2147483647  0  608638  0  192940468  155040158  149199  547  37138  86877  23263  1394  437958062  
1439928170  921915965  0  1941814257  2112340  92179  0  1214966  154  147592  2961  1583869034  2147483647  10104167450  68758  108872  0  1001449  202  1840249  2050  0  69414  205  2147483647  0  608638  0  194177446  155040158  149199  547  37138  86877  23263  1394  437958062  
1439928180  936192198  0  1941814257  2112340  92179  0  1234432  154  147592  2961  1602285602  2147483647  10295753583  68758  108872  0  1019734  202  1860805  2050  0  70191  205  2147483647  0  608638  0  195767294  155040158  149199  547  37138  86877  23263  1394  437958062  
1439928190  948123648  0  1941814257  2112340  92179  0  1250439  154  147592  2961  1618514912  2147483647  10459603553  68758  108872  0  1035663  202  1878949  2050  0  71050  205  2147483647  0  608638  0  197357826  155040158  149199  547  37138  86877  23263  1394  437958062  
1439928200  961662368  0  1941814257  2112340  92179  0  1269226  154  147592  2961  1637146857  2147483647  10645321090  68758  108872  0  1053519  202  1898662  2050  0  71801  205  2147483647  0  608638  0  198704362  155040158  149199  547  37138  86877  23263  1394  437958062  
1439928210  972132372  0  1941814257  2112340  92179  0  1283911  154  147592  2961  1650070929  2147483647  10811568288  68758  108872  0  1070972  202  1913450  2050  0  72487  205  2147483647  0  608638  0  200015412  155040158  149199  547  37138  86877  23263  1394  437958062  
1439928220  984901187  0  1941814257  2112340  92179  0  1302429  154  147592  2961  1667630223  2147483647  10999644723  68758  108872  0  1090008  202  1932327  2050  0  72926  205  2147483647  0  608638  0  201158746  155040158  149199  547  37138  86877  23263  1394  437958062  
1439928230  998153275  0  1941814257  2112340  92179  0  1320420  154  147592  2961  1684743530  2147483647  11196138144  68758  108872  0  1108114  202  1951284  2050  0  73683  205  2147483647  0  608638  0  202695538  155040158  149199  547  37138  86877  23263  1394  437958062  
1439928240  1011370105  0  1941814257  2112340  92179  0  1339783  154  147592  2961  1702795934  2147483647  11394657879  68758  108872  0  1127896  202  1972288  2050  0  74477  205  2147483647  0  608638  0  204263095  155040158  149199  547  37138  86877  23263  1394  437958062  
1439928251  1025934518  0  1941814257  2112340  92179  0  1359345  154  147592  2961  1720612579  2147483647  11610224112  68758  108872  0  1148668  202  1991897  2050  0  75231  205  2147483647  0  608638  0  205754189  155040158  149199  547  37138  86877  23263  1394  437958062  
1439928261  1039661661  0  1941814257  2112340  92179  0  1378575  154  147592  2961  1739339373  2147483647  11798251329  68758  108872  0  1167894  202  2013093  2050  0  76216  205  2147483647  0  608638  0  207484764  155040158  149199  547  37138  86877  23263  1394  437958062  
1439928271  1052021324  0  1941814257  2112340  92179  0  1396463  154  147592  2961  1756490396  2147483647  11974617570  68758  155698  0  1184917  202  2031826  2050  0  76864  205  2147483647  0  608638  0  208851537  155040158  149199  547  37138  86877  23263  1394  437958062  
1439928281  1064480395  0  1941814257  2112340  515716  0  1413766  154  147592  2961  1772791397  2147483647  12126360537  68758  155698  0  1199881  202  2050886  2050  0  77656  205  2147483647  0  608638  0  210126530  155040158  149199  547  37138  86877  23263  1394  437958062  
1439928291  1076976046  0  1941814257  2112340  515716  0  1431484  154  147592  2961  1788898728  2147483647  12287054957  68758  155698  0  1216684  202  2069838  2050  0  78457  205  2147483647  0  608638  0  211648584  155040158  149199  547  37138  86877  23263  1394  437958062  
1439928301  1090710651  0  1941814257  2112340  515716  0  1449926  154  147592  2961  1800768089  2147483647  12486543724  68758  155698  0  1235204  202  2083758  2050  0  79138  205  2147483647  0  608638  0  212868778  155040158  149199  547  37138  86877  23263  1394  437958062  
1439928311  1103787507  0  1941814257  2112340  515716  0  1468137  154  147592  2961  1815408287  2147483647  12680841072  68758  155698  0  1255319  202  2100793  2050  0  79839  205  2147483647  0  608638  0  214161022  155040158  149199  547  37138  86877  23263  1394  437958062  
1439928321  1116090115  0  1941814257  2112340  515716  0  1485222  154  147592  2961  1827026858  2147483647  12845273083  68758  155698  0  1272321  202  2113766  2050  0  80499  205  2147483647  0  608638  0  215130102  155040158  149199  547  37138  86877  23263  1394  437958062  
1439928331  1128467029  0  1941814257  2112340  515716  0  1501474  154  147592  2961  1840265287  2147483647  13010291746  68758  155698  0  1288793  202  2128663  2050  0  81165  205  2147483647  0  608638  0  216399358  155040158  149199  547  37138  86877  23263  1394  437958062  
1439928341  1141622224  0  1941814257  2112340  515716  0  1519366  154  147592  2961  1855467772  2147483647  13188561359  68758  155698  0  1306059  202  2145916  2050  0  81996  205  2147483647  0  608638  0  217830706  155040158  149199  547  37138  86877  23263  1394  437958062  
1439928351  1153702904  0  1941814257  2112340  515716  0  1536565  154  147592  2961  1868458106  2147483647  13355883887  68758  155698  0  1323602  202  2161669  2050  0  82665  205  2147483647  0  608638  0  219005598  155040158  149199  547  37138  86877  23263  1394  437958062  
1439928361  1168721891  0  1941814257  2112340  515716  0  1556351  154  147592  2961  1884258878  2147483647  13547500329  68758  155698  0  1341811  202  2178751  2050  0  83389  205  2147483647  0  608638  0  220485255  155040158  149199  547  37138  86877  23263  1394  437958062  
1439928371  1181601244  0  1941814257  2112340  515716  0  1574758  154  147592  2961  1899867539  2147483647  13734291616  68758  155698  0  1360458  202  2196046  2050  0  84100  205  2147483647  0  608638  0  221885601  155040158  149199  547  37138  86877  23263  1394  437958062  
1439928381  1192491370  0  1941814257  2112340  515716  0  1590141  154  147592  2961  1914067885  2147483647  13898541084  68758  155698  0  1376757  202  2212201  2050  0  84788  205  2147483647  0  608638  0  223200363  155040158  149199  547  37138  86877  23263  1394  437958062  
1439928391  1203796302  0  1941814257  2112340  515716  0  1606213  154  147592  2961  1930659537  2147483647  14068133421  68758  155698  0  1393337  202  2230514  2050  0  85579  205  2147483647  0  608638  0  224485806  155040158  149199  547  37138  86877  23263  1394  437958062  
1439928401  1214931437  0  1941814257  2112340  515716  0  1621624  154  147592  2961  1946118200  2147483647  14245922452  68758  155698  0  1410529  202  2247836  2050  0  86017  205  2147483647  0  608638  0  225711200  155040158  149199  547  37138  86877  23263  1394  437958062  
1439928411  1227375101  0  1941814257  2112340  515716  0  1638609  154  147592  2961  1964324576  2147483647  14413185771  68758  155698  0  1426989  202  2267400  2050  0  86974  205  2147483647  0  608638  0  227369075  155040158  149199  547  37138  86877  23263  1394  437958062  
1439928421  1237628213  0  1941814257  2112340  515716  0  1653317  154  147592  2961  1978057676  2147483647  14555690086  68758  155698  0  1441819  202  2283430  2047  0  87558  205  2147483647  0  608638  0  228594990  155040158  149199  547  37138  86877  23263  1394  437958062  
1439928431  1251826394  0  1941814257  2112340  515716  0  1672757  154  147592  2961  1997751955  2147483647  14755741164  68758  155698  0  1459974  202  2305014  2047  0  88390  205  2147483647  0  608638  0  230248877  155040158  149199  547  37138  86877  23263  1394  437958062  
1439928441  1263990018  0  1941814257  2112340  515716  0  1689375  154  147592  2961  2011620817  2147483647  14909985894  68758  155698  0  1475403  202  2320652  2047  0  89032  205  2147483647  0  608638  0  231434909  155040158  149199  547  37138  86877  23263  1394  437958062  
1439928451  1277744899  0  1941814257  2112340  515716  0  1708615  154  147592  2961  2031324304  2147483647  15102678136  68758  155698  0  1494738  202  2343130  2047  0  89516  205  2147483647  0  608638  0  232741504  155040158  149199  547  37138  86877  23263  1394  437958062  
1439928461  1298659617  0  1941814257  2112340  515716  0  1737367  154  147592  2961  2044859180  2147483647  15367355676  68758  155698  0  1522251  202  2357638  2047  0  90815  205  2147483647  0  608638  0  234436355  155040158  149199  547  37138  86877  23263  1394  437958062  
1439928471  1315662747  0  1941814257  2112340  515716  0  1760059  154  147592  2961  2051493108  2147483647  15588152911  68758  155698  0  1544242  202  2364613  2047  0  91711  205  2147483647  0  608638  0  235596651  155040158  149199  547  37138  86877  23263  1394  437958062  
1439928481  1340788242  0  1941814257  2112340  515716  0  1793114  154  147592  2961  2051933788  2147483647  15896691118  68758  155698  0  1574788  202  2365023  2047  0  92995  205  2147483647  0  608638  0  236880144  155040158  149199  547  37138  86877  23263  1394  437958062  
1439928491  1389805236  0  1941814257  2112340  515716  0  1857992  154  147592  2961  2051998979  2147483647  16553795010  68758  155698  0  1639394  202  2365074  2047  0  95680  205  2147483647  0  608638  0  239542016  155040158  149199  547  37138  86877  23263  1394  437958062  
1439928502  1417544776  0  1941814257  2112340  515716  0  1892991  154  147592  2961  2052531712  2147483647  16911552522  68758  155698  0  1674054  202  2365572  2047  0  97088  205  2147483647  0  608638  0  240924088  155040158  149199  547  37138  86877  23263  1394  437958062  
1439928512  1452260566  0  1941814257  2112340  515716  0  1937026  154  147592  2961  2052794805  2147483647  17375953307  68758  155698  0  1718587  202  2365781  2047  0  98772  205  2147483647  0  608638  0  242581697  155040158  149199  547  37138  86877  23263  1394  437958062  
1439928522  1483781709  0  1941814257  2112340  515716  0  1978891  154  147592  2961  2052816504  2147483647  17792469732  68758  155698  0  1760479  202  2365801  2047  0  100737  205  2147483647  0  608638  0  244025384  155040158  149199  547  37138  86877  23263  1394  437958062  
