#Type:X;CI:2;ww:0;ca:0;co:1;fr:0;Type:X;CI:2;PI:0;PT:EP;U0:0;U1:0;Type:X;CI:2;PI:1;PT:EP;U0:0;U1:0;
#time  Pp  gt  gs  cn  cm  cb  Nc  Pc  cp  Tc  Nm  pr  ps  pt  px  pd  Pm  Om  fs  ft  Oc  Em  Gp  Ec  Ge  ot  os  Total_cycles_diff  Successful_get_diff  Total_get_diff  succ_put_diff  total_put_diff  get_hit  
1438948664  0  0  0  0  0  0  0  0  0  4394996  0  0  0  0  0  0  0  0  0  21  0  0  0  0  0  46  0  4394996  0  0  0  0  
1438948674  0  0  0  0  0  0  0  0  0  4397194  0  0  0  0  0  0  0  0  0  21  0  0  0  0  0  46  0  2198  0  0  0  0  0 
1438948684  0  29920  0  26338  5  6526529  709  29169  2831  3469437679  709  0  29169  29174  5  0  29169  272  0  90  272  29169  0  29169  0  46  0  3465040485  0  29920  29169  29174  0.0  
1438948694  0  98848  0  95321  5  6526529  2022  98152  2831  12075017919  2022  0  98152  98157  5  0  98152  272  0  90  272  98152  0  98152  0  46  0  8605580240  0  68928  68983  68983  0.0  
1438948704  0  204698  1142  200289  5  8332378  2375  84694  3566  25646897758  3028  0  203958  203963  5  0  117012  272  0  90  3  117012  0  84694  1142  46  0  13571879839  1142  105850  105806  105806  0.557895045384  
1438948714  0  251154  10058  244785  5  8332378  1847  55024  3566  32320133615  3028  0  248454  248459  5  0  117012  272  0  90  2  117012  0  55024  10058  46  0  6673235857  8916  46456  44496  44496  4.00471423907  
1438948724  0  285107  17514  278339  5  8593176  1420  39526  3706  37540418157  3028  0  282148  282153  5  0  117012  272  0  90  3  117012  0  39526  17514  46  0  5220284542  7456  33953  33694  33694  6.14295685479  
1438948734  0  339855  30693  332874  5  8677063  1724  51790  3738  45377277854  3028  0  336715  336720  5  0  117012  272  0  90  5  117012  0  51790  30693  46  0  7836859697  13179  54748  54567  54567  9.03120448427  
1438948744  0  401420  44930  394754  5  8702582  2088  69917  3750  54402460664  3028  0  398607  398612  5  0  117012  272  0  90  4  117012  0  69917  44930  46  0  9025182810  14237  61565  61892  61892  11.1927656818  
1438948754  0  448078  58635  440224  5  10499593  2129  70616  4497  61521363996  3028  0  444824  444829  5  0  117012  272  0  108  178  117012  0  70616  58635  46  0  7118903332  13705  46658  46217  46217  13.0858912957  
1438948764  0  495937  75329  488082  5  10505882  1981  68320  4499  68355107490  3028  0  492684  492689  5  0  117012  272  0  108  3  117012  0  68320  75329  46  0  6833743494  16694  47859  47860  47860  15.189227664  
1438948774  0  546300  92651  538237  5  10505882  1968  66563  4499  75790672053  3028  0  542839  542844  5  0  117012  272  0  108  2  117012  0  66563  92651  46  0  7435564563  17322  50363  50155  50155  16.9597290866  
1438948784  0  587772  104906  579965  5  10505882  1791  56115  4499  81861501946  3028  0  584567  584572  5  0  117012  272  0  108  2  117012  0  56115  104906  46  0  6070829893  12255  41472  41728  41728  17.8480771456  
1438948794  0  632256  116037  624234  5  10505882  1798  59767  4499  88676219677  3028  0  628836  628841  5  0  117012  272  0  108  2  117012  0  59767  116037  46  0  6814717731  11131  44484  44269  44269  18.352850744  
1438948804  0  684307  134426  676332  5  10505882  2092  71580  4499  96415954887  3028  0  680934  680939  5  0  117012  272  0  108  2  117012  0  71580  134426  46  0  7739735210  18389  52051  52098  52098  19.644107104  
1438948814  0  733292  149958  724870  5  12077956  2189  71042  5085  103884396019  3028  0  730058  730063  5  0  117012  272  0  108  41  117012  0  71042  149958  46  0  7468441132  15532  48985  49124  49124  20.4499708165  
1438948824  0  789811  171314  781044  5  12094796  2097  69205  5092  112079901543  3028  0  786239  786244  5  0  117012  272  0  108  3  117012  0  69205  171314  46  0  8195505524  21356  56519  56181  56181  21.6905057033  
1438948834  0  839161  189973  830437  5  12094796  1997  67409  5092  119284700535  3028  0  835632  835637  5  0  117012  272  0  108  3  117012  0  67409  189973  46  0  7204798992  18659  49350  49393  49393  22.6384448276  
1438948844  0  900448  211290  892002  5  12094796  2273  79754  5092  128534105294  3028  0  897197  897202  5  0  117012  272  0  108  3  117012  0  79754  211290  46  0  9249404759  21317  61287  61565  61565  23.4649863179  
1438948854  0  946900  227886  938469  5  12094796  2070  67036  5092  135458757339  3028  0  943664  943669  5  0  117012  272  0  108  2  117012  0  67036  227886  46  0  6924652045  16596  46452  46467  46467  24.0665328968  
1438948864  0  999866  245175  991254  5  12094796  2119  70984  5092  143558058271  3028  0  996449  996454  5  0  117012  272  0  108  2  117012  0  70984  245175  46  0  8099300932  17289  52966  52785  52785  24.5207857853  
1438948874  0  1064283  265490  1055947  5  12106458  2298  78250  5098  153135935116  3028  0  1061148  1061153  5  0  117012  272  0  108  3  117012  0  78250  265490  46  0  9577876845  20315  64417  64699  64699  24.9454327467  
1438948884  0  1114102  282519  1105400  5  12112747  2240  74144  5100  160409261010  3028  0  1110603  1110608  5  0  117012  272  0  108  3  117012  0  74144  282519  46  0  7273325894  17029  49819  49455  49455  25.358450124  
1438948894  0  1163659  298806  1154908  5  12112747  1940  63182  5100  167880267522  3028  0  1160111  1160116  5  0  117012  272  0  108  3  117012  0  63182  298806  46  0  7471006512  16287  49557  49508  49508  25.6781411049  
1438948904  0  1213248  313583  1204698  5  12112747  2013  69674  5100  175260504580  3028  0  1209901  1209906  5  0  117012  272  0  108  2  117012  0  69674  313583  46  0  7380237058  14777  49589  49790  49790  25.846570528  
1438948914  0  1263958  330373  1255199  5  12115863  2091  70075  5102  182841831139  3028  0  1260404  1260409  5  0  117012  272  0  108  2  117012  0  70075  330373  46  0  7581326559  16790  50710  50503  50503  26.137972939  
1438948924  0  1313243  345818  1304736  5  12115863  1986  63849  5102  190362160190  3028  0  1309941  1309946  5  0  117012  272  0  108  2  117012  0  63849  345818  46  0  7520329051  15445  49285  49537  49537  26.3331310352  
1438948934  0  1360709  358332  1352184  5  12115863  1886  62578  5102  197455088944  3028  0  1357389  1357394  5  0  117012  272  0  108  2  117012  0  62578  358332  46  0  7092928754  12514  47466  47448  47448  26.3342125318  
1438948944  0  1408904  372252  1400389  5  12127525  1954  63643  5108  204705980621  3028  0  1405600  1405605  5  0  117012  272  0  108  3  117012  0  63643  372252  46  0  7250891677  13920  48195  48211  48211  26.4213885403  
1438948954  0  1450192  383061  1441828  5  12133814  1905  60588  5110  211069182389  3028  0  1447041  1447046  5  0  117012  272  0  108  3  117012  0  60588  383061  46  0  6363201768  10809  41288  41441  41441  26.4145023556  
1438948964  0  1509949  400032  1501096  5  12133814  1904  63453  5110  219714904153  3028  0  1506309  1506314  5  0  117012  272  0  108  2  117012  0  63453  400032  46  0  8645721764  16971  59757  59268  59268  26.4930802299  
1438948974  0  1571810  420121  1563096  5  12133814  2108  73531  5110  228926295277  3028  0  1568309  1568314  5  0  117012  272  0  108  2  117012  0  73531  420121  46  0  9211391124  20089  61861  62000  62000  26.728484995  
1438948984  0  1619984  435696  1611419  5  12133814  2181  70374  5110  236211477834  3028  0  1616632  1616637  5  0  117012  272  0  108  2  117012  0  70374  435696  46  0  7285182557  15575  48174  48323  48323  26.8950804452  
1438948995  0  1677407  455966  1668660  5  12145476  2025  67416  5116  244772559997  3028  0  1673879  1673884  5  0  117012  272  0  108  3  117012  0  67416  455966  46  0  8561082163  20270  57423  57247  57247  27.1827886732  
1438949005  0  1725243  470206  1716831  5  12151765  1854  61638  5118  252133249918  3028  0  1722052  1722057  5  0  117012  272  0  108  3  117012  0  61638  470206  46  0  7360689921  14240  47836  48173  48173  27.2544795139  
1438949015  0  1769885  484513  1761093  5  12151765  1727  56798  5118  258714541917  3028  0  1766314  1766319  5  0  117012  272  0  108  3  117012  0  56798  484513  46  0  6581291999  14307  44642  44262  44262  27.3753944465  
1438949025  0  1820632  500653  1812165  5  12151765  1796  61219  5118  266492940749  3028  0  1817386  1817391  5  0  117012  272  0  108  3  117012  0  61219  500653  46  0  7778398832  16140  50747  51072  51072  27.4988575396  
1438949035  0  1876058  518314  1867386  5  12151765  1963  65525  5118  274669418276  3028  0  1872607  1872612  5  0  117012  272  0  108  2  117012  0  65525  518314  46  0  8176477527  17661  55426  55221  55221  27.6278238732  
1438949045  0  1922968  533599  1914525  5  12151765  1906  63469  5118  281846645095  3028  0  1919746  1919751  5  0  117012  272  0  108  2  117012  0  63469  533599  46  0  7177226819  15285  46910  47139  47139  27.7487196875  
1438949055  0  1964175  545174  1955739  5  12151765  1866  59865  5118  287887540371  3028  0  1960960  1960965  5  0  117012  272  0  108  2  117012  0  59865  545174  46  0  6040895276  11575  41207  41214  41214  27.7558771494  
1438949065  0  2015530  562588  2006915  5  12410059  1868  61769  5222  295862140760  3028  0  2012260  2012265  5  0  117012  272  0  108  5  117012  0  61769  562588  46  0  7974600389  17414  51355  51300  51300  27.912658209  
1438949075  0  2059491  574336  2050542  5  12568121  1833  59675  5290  302780598140  3028  0  2056018  2056023  5  0  117012  272  0  108  5  117012  0  59675  574336  46  0  6918457380  11748  43961  43758  43758  27.8872789442  
1438949085  0  2106547  587749  2097652  5  12728509  1788  59240  5353  309696426305  3028  0  2103191  2103196  5  0  117012  272  0  108  5  117012  0  59240  587749  46  0  6915828165  13413  47056  47173  47173  27.9010627344  
1438949095  0  2150774  599240  2141729  5  12741758  1726  56156  5358  316145710780  3028  0  2147273  2147278  5  0  117012  272  0  108  4  117012  0  56156  599240  46  0  6449284475  11491  44227  44082  44082  27.8615977318  
1438949105  0  2195052  610039  2186235  5  12741758  1740  57642  5358  322473664229  3028  0  2191779  2191784  5  0  117012  272  0  108  2  117012  0  57642  610039  46  0  6327953449  10799  44278  44506  44506  27.7915511797  
1438949115  0  2250288  625934  2241235  5  12753420  1776  59441  5364  330421847137  3028  0  2246785  2246790  5  0  117012  272  0  108  3  117012  0  59441  625934  46  0  7948182908  15895  55236  55006  55006  27.8157284756  
1438949125  0  2299693  641452  2290697  5  12759709  1886  65079  5366  337829200890  3028  0  2296249  2296254  5  0  117012  272  0  108  3  117012  0  65079  641452  46  0  7407353753  15518  49405  49464  49464  27.8929404925  
1438949135  0  2344271  656935  2335513  5  12922367  1837  60553  5432  344518649654  3028  0  2341131  2341136  5  0  117012  272  0  108  5  117012  0  60553  656935  46  0  6689448764  15483  44578  44882  44882  28.0229973412  
1438949145  0  2408759  679076  2399712  5  13132556  1948  66960  5516  354333146775  3028  0  2405414  2405419  5  0  117012  272  0  108  4  117012  0  66960  679076  46  0  9814497121  22141  64488  64283  64283  28.1919444826  
1438949155  0  2453378  693670  2443997  5  13145117  1854  60099  5521  360972832410  3028  0  2449704  2449709  5  0  117012  272  0  108  4  117012  0  60099  693670  46  0  6639685635  14594  44619  44290  44290  28.2740776187  
1438949165  0  2502717  708984  2493806  5  13145117  1851  60147  5521  368306324013  3028  0  2499513  2499518  5  0  117012  272  0  108  4  117012  0  60147  708984  46  0  7333491603  15314  49339  49809  49809  28.3285725074  
1438949175  0  2554861  725300  2546009  5  13145117  1904  65197  5521  376176983253  3028  0  2551716  2551721  5  0  117012  272  0  108  4  117012  0  65197  725300  46  0  7870659240  16316  52144  52203  52203  28.3890199897  
1438949185  0  2606973  741005  2597689  5  13156779  1875  63289  5527  383897557229  3028  0  2603402  2603407  5  0  117012  272  0  108  3  117012  0  63289  741005  46  0  7720573976  15705  52112  51686  51686  28.4239614296  
1438949195  0  2647472  751800  2638578  5  13163068  1774  57206  5529  389887696096  3028  0  2644293  2644298  5  0  117012  272  0  108  3  117012  0  57206  751800  46  0  5990138867  10795  40499  40891  40891  28.3969008926  
1438949205  0  2705055  769912  2695974  5  13169472  1865  64083  5531  398487007291  3028  0  2701691  2701696  5  0  117012  272  0  108  4  117012  0  64083  769912  46  0  8599311195  18112  57583  57398  57398  28.4619721226  
1438949215  0  2760159  787276  2751235  5  13223873  1967  64810  5551  406563860711  3028  0  2756972  2756977  5  0  117012  272  0  108  4  117012  0  64810  787276  46  0  8076853420  17364  55104  55281  55281  28.5228495895  
1438949225  0  2804079  801216  2794890  5  13223873  1795  56906  5551  413246384490  3028  0  2800627  2800632  5  0  117012  272  0  108  4  117012  0  56906  801216  46  0  6682523779  13940  43920  43655  43655  28.5732320666  
1438949235  0  2858471  815771  2849565  5  13235535  1890  63855  5557  421753047900  3028  0  2855308  2855313  5  0  117012  272  0  108  3  117012  0  63855  815771  46  0  8506663410  14555  54392  54681  54681  28.5387187766  
1438949245  0  2898419  827980  2889478  5  13241824  1783  56827  5559  427750835559  3028  0  2895223  2895228  5  0  117012  272  0  108  3  117012  0  56827  827980  46  0  5997787659  12209  39948  39915  39915  28.5666082095  
1438949255  0  2955687  843548  2946687  5  13241824  1831  60777  5559  436399270494  3028  0  2952432  2952437  5  0  117012  272  0  108  2  117012  0  60777  843548  46  0  8648434935  15568  57268  57209  57209  28.539828473  
1438949265  0  3008578  860524  2999686  5  13262406  1989  68742  5567  444787776859  3028  0  3005439  3005444  5  0  117012  272  0  108  3  117012  0  68742  860524  46  0  8388506365  16976  52891  53007  53007  28.6023496815  
1438949275  0  3062826  880253  3053740  5  13263964  2027  67836  5568  452728964943  3028  0  3059494  3059499  5  0  117012  272  0  108  2  117012  0  67836  880253  46  0  7941188084  19729  54248  54055  54055  28.7398957695  
1438949285  0  3106432  894632  3097500  5  13263964  1805  58779  5568  459416134102  3028  0  3103254  3103259  5  0  117012  272  0  108  2  117012  0  58779  894632  46  0  6687169159  14379  43606  43760  43760  28.799342783  
1438949295  0  3158139  910637  3148911  5  13263964  1786  59284  5568  467037417714  3028  0  3154665  3154670  5  0  117012  272  0  108  2  117012  0  59284  910637  46  0  7621283612  16005  51707  51411  51411  28.8346079764  
1438949305  0  3212579  927644  3203162  5  13275626  1948  66496  5574  475356830779  3028  0  3208922  3208927  5  0  117012  272  0  108  3  117012  0  66496  927644  46  0  8319413065  17007  54440  54257  54257  28.8753677341  
1438949315  0  3215797  928548  3206392  5  13275626  1395  36418  5574  475851809059  3028  0  3212152  3212157  5  0  117012  272  0  108  3  117012  0  36418  928548  46  0  494978280  904  3218  3230  3230  28.8745838123  
1438949325  0  3216258  928548  3207096  5  13275626  582  12055  5574  475937367255  3028  0  3212856  3212861  5  0  117012  272  0  108  2  117012  0  12055  928548  46  0  85558196  0  461  704  704  28.8704450949  
1438949335  0  3216258  928548  3207096  5  13275626  35  588  5574  475937367255  3028  0  3212856  3212861  5  0  117012  272  0  108  2  117012  0  588  928548  46  0  0  0  0  0  0  28.8704450949  
1438949345  0  3216258  928548  3207096  5  13275626  0  0  5574  475937367255  3028  0  3212856  3212861  5  0  117012  272  0  108  0  117012  0  0  928548  46  0  0  0  0  0  0  28.8704450949  
