#type:T;
#time  gt  cn  Pt  Px  gx  cx  gn  gm  Pn  Pm  Ft  cm  pt  Fx  px  ct  pn  Fm  Fn  pm  dn  On  Om  dm  dx  Ox  dt  Ot  Gt  Cn  Cm  Gx  Cx  Gn  Gm  Ct  
1438948664  6441129  0  0  0  7440  0  7364  157  0  2147483647  45285  2147483647  0  2232  0  0  0  372  42  2147483647  0  92  245  2147483647  0  6401  0  132233  0  0  2147483647  0  0  0  2147483647  0  
1438948674  6445205  0  0  0  7440  0  7366  157  0  2147483647  45285  2147483647  0  2232  0  0  0  372  42  2147483647  0  92  245  2147483647  0  6401  0  132233  0  0  2147483647  0  0  0  2147483647  0  
1438948684  91886791  29174  3393344456  937205  30195  926811  135930  154  29169  7155  78620  6516  396441  2232  105485  3198960948  5  217  111  61601  0  92  245  2147483647  0  6401  0  132233  0  26338  290  0  39869  0  2147483647  19018722  
1438948694  164636982  98157  11958111606  937205  30195  926811  255290  154  98152  7155  78620  6516  396441  2232  105485  11147003670  5  217  111  61601  0  92  245  2147483647  0  6401  0  132233  0  95321  275  0  44023  0  2147483647  65974723  
1438948704  237691600  232634  28931456325  2131482  33868  926811  395178  154  232625  7155  94672  6516  1095275  2232  259610  26785186512  10  205  152  59916  0  92  245  2147483647  0  6401  0  132233  8520145  227149  272  147405  44023  1142  2383  150604625  
1438948714  290934400  326389  41871763460  2131482  41752  926811  482146  154  326383  7155  94672  6516  1095275  2232  259610  38707960291  10  205  152  59916  0  92  245  2147483647  0  6401  0  132233  66626345  329817  269  147405  44023  10058  2353  234616360  
1438948724  344051450  418657  55076667458  4047679  41752  926811  566819  154  418662  7155  94672  6516  1095275  2232  259610  50822366825  10  205  152  59916  0  92  245  2147483647  0  6401  0  132233  112856712  428568  269  147405  44023  17514  1935  314173808  
1438948734  395124714  520413  69369409989  4047679  41752  926811  655537  154  520421  7155  94672  6516  1095275  2232  259610  64024430104  10  205  152  59916  0  92  245  2147483647  0  6401  0  132233  197621095  543466  263  147405  86623  30779  1935  408407298  
1438948744  447390398  632014  85158763622  4047679  41752  926811  747337  154  632026  7155  94672  6516  1095275  2232  259610  78616115284  10  205  152  59916  0  92  245  2147483647  0  6401  0  132233  318043928  674986  263  147405  86623  50729  1645  523624174  
1438948754  486714532  718754  98380892548  4047679  42858  926811  810184  154  718770  7155  114657  6516  1095275  3302  259610  90881430580  10  205  170  59916  0  92  245  2147483647  0  6401  0  132233  474836483  786866  260  147405  86623  76627  1645  638839523  
1438948764  523523955  814692  111920254415  5400315  42858  926811  874810  154  814711  7155  114657  6516  1095275  3302  259610  103420998450  10  205  170  59916  0  92  245  2147483647  0  6401  0  132233  655407552  913990  260  147405  86623  107978  1645  763697580  
1438948774  562718441  907905  125593561459  5400315  42858  926811  937804  154  907928  7155  114657  6516  1095275  3302  259610  116099573031  10  205  170  59916  0  92  245  2147483647  0  6401  0  132233  841409833  1037679  260  147405  86623  138473  1645  891868898  
1438948784  608220616  1015148  141273414805  5400315  44544  926811  1012890  154  1015173  7155  114657  6516  1095275  3302  259610  130628504907  10  205  170  59916  0  92  245  2147483647  0  6401  0  132233  1037907853  1176732  260  147405  86623  170738  1645  1031634965  
1438948794  648581164  1106206  154685272618  5400315  44544  926811  1078192  154  1106233  7155  128299  6516  1095275  3317  259610  143076153117  10  205  183  59916  0  92  245  2147483647  0  6401  0  132233  1195186559  1293395  260  147405  86623  196661  1645  1147745863  
1438948804  684752136  1193379  167442572398  5400315  44544  926811  1135618  154  1193406  7155  128299  6516  1095275  3317  259610  154930711906  10  205  183  59916  0  92  245  2147483647  0  6401  0  132233  1376780091  1410111  260  162905  86623  226216  1645  1268745770  
1438948814  725967509  1294748  182427917401  5400315  44544  926811  1203890  154  1294777  7155  128299  6516  1095275  3317  259610  168860917324  10  205  183  59916  0  92  245  2147483647  0  6401  0  132233  1571151898  1544138  260  162905  86623  259469  1603  1404518453  
1438948824  763058553  1392779  196362722750  5400315  44544  926811  1266925  154  1392809  7155  128299  6516  1095275  3317  259610  181794570759  10  205  183  59916  0  92  245  2147483647  0  6401  0  132233  1775194442  1677287  260  162905  86623  294615  1603  1539681827  
1438948834  799110399  1488564  210155330473  5400315  44544  926811  1327796  154  1488597  7155  128299  6516  1095275  3317  259610  194592190725  10  205  183  59916  0  92  245  2147483647  0  6401  0  132233  1999965932  1807924  260  598021  86623  329488  1603  1682224286  
1438948844  837550373  1578943  223467079128  5400315  44544  926811  1389268  154  1578977  7155  128299  6516  1095275  3317  259610  206961085914  10  205  183  59916  0  92  245  2147483647  0  6401  0  132233  2177476293  1927018  260  598021  86623  358213  1603  1803827204  
1438948854  877323188  1680884  238437569336  5400315  44544  926811  1457238  154  1680919  7155  128299  6516  1095275  3317  259610  220868374870  10  205  183  59916  0  92  245  2147483647  0  6401  0  132233  2384061442  2062181  260  598021  86623  392035  1603  1943560349  
1438948864  914500901  1766895  251232224701  5400315  84878  926811  1515470  154  1766930  7155  128299  6516  1095275  3317  259610  232758006341  10  205  183  59916  0  92  245  2147483647  0  6401  0  132233  2572345726  2176328  260  598021  86623  420181  1603  2066546496  
1438948874  953675242  1864301  265206853471  5400315  84878  926811  1583202  154  1864338  7155  128299  6516  1095275  3317  259610  245718773756  10  205  183  59916  0  92  245  2147483647  0  6401  0  132233  2743481419  2303033  260  598021  86623  449496  1603  2189591308  
1438948884  991629655  1955575  278588886313  5400315  84878  926811  1646334  154  1955614  7155  128299  6516  1095275  3317  259610  258145297403  10  205  183  59916  0  92  245  2147483647  0  6401  0  132233  2915819662  2422647  260  598021  86623  477852  1603  2309534384  
1438948894  1036817122  2060790  294353070202  5400315  84878  926811  1719010  154  2060834  7155  128299  6516  1095275  3317  259610  272787798253  10  205  183  59916  0  92  245  2147483647  0  6401  0  132233  3119621572  2560495  260  598021  86623  510503  1603  2451027075  
1438948904  1076592058  2150428  307853577024  5400315  84878  926811  1782852  154  2150474  7155  128299  6516  1095275  3317  259610  285342262107  10  205  183  59916  0  92  245  2147483647  0  6401  0  132233  3286658241  2675874  260  598021  86623  536257  1603  2568652850  
1438948914  1114710445  2241980  321175656437  5400315  84878  926811  1845772  154  2242029  7155  128299  6516  1095275  3317  259610  297704217297  10  205  183  59916  0  92  245  2147483647  0  6401  0  132233  3459476037  2796080  260  598021  86623  564925  1603  2688907032  
1438948924  1158470617  2339424  335663054538  5400315  84878  926811  1915197  154  2339474  7155  128299  6516  1095275  3317  259610  311166702218  10  205  183  59916  0  92  245  2147483647  0  6401  0  132233  3636360196  2921283  260  598021  86623  592696  1603  2814918424  
1438948934  1201144024  2430755  348948458673  5400315  84878  926811  1982336  154  2430807  7155  128299  6516  1095275  3317  259610  323498874957  10  205  183  59916  0  92  245  2147483647  0  6401  0  132233  3781748282  3036848  260  598021  528179  616947  1603  2926417849  
1438948944  1243569114  2523070  362959191421  5400315  84878  926811  2049692  154  2523126  7155  128299  6516  1095275  3317  259610  336500863619  10  205  183  59916  0  92  245  2147483647  0  6401  0  132233  3934386919  3154128  260  598021  528179  641933  1603  3042332975  
1438948954  1281541927  2607267  375794628096  5400315  84878  926811  2111135  154  2607323  7155  128299  6516  1095275  3317  259610  348436878024  10  205  183  59916  0  92  245  2147483647  0  6401  0  132233  4070492003  3260815  260  598021  528179  664429  1603  3146943566  
1438948964  1326269790  2712704  391357964781  5400315  84878  1185223  2187540  154  2712765  7155  128299  6516  1095275  3317  259610  362896311322  10  205  183  59916  0  92  245  2147483647  0  6401  0  132233  4246158645  3395766  260  1240124  528179  693959  1603  3277283323  
1438948974  1366301315  2809747  405779041564  5400315  84878  1185223  2255352  154  2809809  7155  128299  6516  1095275  3317  259610  376305430370  10  205  183  59916  0  92  245  2147483647  0  6401  0  132233  4425080025  3522161  260  1240124  528179  723315  1603  3403848153  
1438948984  1404962195  2894825  418583293274  5400315  84878  1185223  2316322  154  2894890  7155  128299  6516  1095275  3317  259610  388189351943  10  205  183  59916  0  92  245  2147483647  0  6401  0  132233  4575137993  3630955  260  1240124  528179  747040  1603  3513406811  
1438948995  1447510930  2992595  433258720689  5400315  84878  1185223  2384611  154  2992664  7155  128299  6516  1095275  3317  259610  401831672252  10  205  183  59916  0  92  245  2147483647  0  6401  0  132233  4758216038  3758409  260  1240124  528179  776740  1603  3644080212  
1438949005  1489643274  3085904  447431653891  5400315  84878  1185223  2453271  154  3085974  7155  128299  6516  1095275  3317  259610  414999727457  10  205  183  59916  0  92  245  2147483647  0  6401  0  132233  4914417935  3876082  260  1240124  528179  801129  1603  3762000412  
1438949015  1529593598  3178477  461690567618  5400315  84878  1185223  2518074  154  3178554  7155  128299  6516  1095275  3317  259610  428251215370  10  205  183  59916  0  92  245  2147483647  0  6401  0  132233  5098902192  3996722  260  1240124  528179  829216  1603  3889779806  
1438949025  1568395054  3270863  475265112158  5400315  84878  1185223  2582212  154  3270943  7155  128299  6516  1095275  3317  259610  440864763045  10  205  183  59916  0  92  245  2147483647  0  6401  0  132233  5265966200  4116963  260  1240124  528179  857085  1603  4009252461  
1438949035  1612372399  3367831  490138090603  5400315  565551  1185223  2650835  154  3367913  7155  128299  6516  1095275  3317  259610  454696970013  10  205  183  59916  0  92  245  2147483647  0  6401  0  132233  5450217707  4242670  260  1240124  528179  885843  1603  4139831108  
1438949045  1652458751  3458766  504075461763  5400315  565551  1185223  2715249  154  3458852  7155  128299  6516  1095275  3317  259610  467632534100  10  205  183  59916  0  92  245  2147483647  0  6401  0  132233  5622493799  4359944  260  1240124  528179  912194  1603  4262075174  
1438949055  1691668605  3545186  517127071228  5400315  565551  1185223  2779112  154  3545275  7155  128299  6516  1095275  3317  259610  479758555928  10  205  183  59916  0  92  245  2147483647  0  6401  0  132233  5766844025  4468631  260  1240124  528179  934461  1603  4370363457  
1438949065  1730477789  3638614  531047346943  5400315  565551  1185223  2842587  154  3638704  7155  128299  6516  1095275  3317  259610  492707420321  10  205  183  59916  0  92  245  2147483647  0  6401  0  132233  5951085476  4591871  260  1240124  528179  964528  1603  4496555832  
1438949075  1775801884  3728920  545348959474  5400315  565551  1185223  2909282  154  3729011  7155  128299  6516  1095275  3317  259610  506006091442  10  205  183  59916  0  92  245  2147483647  0  6401  0  132233  6111921158  4706047  260  1240124  528179  988727  1603  4613750264  
1438949085  1814246194  3824054  559187531079  5400315  565551  1185223  2975077  154  3824146  7155  128299  6516  1095275  3317  259610  518859635092  10  205  183  59916  0  92  245  2147483647  0  6401  0  132233  6286920599  4830214  260  1240124  528179  1017849  1603  4737265749  
1438949095  1854152367  3919420  573150889550  5400315  565551  1185223  3045281  154  3919516  7155  128299  6516  1095275  3317  259610  531816437029  10  205  183  59916  0  92  245  2147483647  0  6401  0  132233  6439063650  4950743  260  1240124  528179  1043037  1603  4853065094  
1438949105  1893563799  4013382  587077974681  5400315  565551  1185223  3113514  154  4013479  7155  128299  6516  1095275  3317  259610  544761192894  10  205  183  59916  0  92  245  2147483647  0  6401  0  132233  6589174870  5070278  260  1240124  528179  1068617  1603  4967309455  
1438949115  1936666963  4117716  602246729514  5400315  565551  1185223  3186514  154  4117817  7155  128299  6516  1095275  3317  259610  558830943239  10  205  183  59916  0  92  245  2147483647  0  6401  0  132233  6775215085  5205869  260  1240124  528179  1099907  1603  5100536793  
1438949125  1973177693  4200900  614735747418  5400315  565551  1185223  3245489  154  4201005  7155  128299  6516  1095275  3317  259610  570441935230  10  205  183  59916  0  92  245  2147483647  0  6401  0  132233  6923941354  5313308  257  1240124  528179  1124186  1603  5207764256  
1438949135  2009387513  4291618  628082060978  5400315  565551  1185223  3306045  154  4291725  7155  128299  6516  1095275  3317  259610  582843516019  10  205  183  59916  0  92  245  2147483647  0  6401  0  132233  7105174601  5433771  257  1240124  528179  1154096  1603  5330960601  
1438949145  2052663495  4394289  643355315996  5400315  565551  1185223  3376814  154  4394399  7155  128299  6516  1095275  3317  259610  597045414759  10  205  183  59916  0  92  245  2147483647  0  6401  0  132233  7301247628  5568302  257  1240124  528179  1186132  1603  5467842803  
1438949155  2092751165  4483678  656931839944  5400315  565551  1185223  3441480  154  4483790  7155  128299  6516  1095275  3317  259610  609670904213  10  205  183  59916  0  92  245  2147483647  0  6401  0  132233  7453601416  5682584  257  1240124  528179  1211050  1603  5581673782  
1438949165  2131139056  4575479  670685136632  5400315  565551  1185223  3505569  154  4575593  7155  128299  6516  1095275  3317  259610  622463721637  10  205  183  59916  0  92  245  2147483647  0  6401  0  132233  7619074992  5801669  257  1240124  528179  1238345  1603  5701363696  
1438949175  2169784183  4664217  684291153295  5400315  565551  1185223  3569010  154  4664335  7155  128299  6516  1095275  3317  259610  635121788127  10  205  183  59916  0  92  245  2147483647  0  6401  0  132233  7777458933  5915894  257  1240124  528179  1263859  1603  5817017015  
1438949185  2215040890  4763369  699143940603  5400315  565551  1185223  3640135  154  4763490  7155  128299  6516  1095275  3317  259610  648933374749  10  205  183  59916  0  92  245  2147483647  0  6401  0  132233  7953292181  6043375  257  1240124  528179  1292219  1603  5943978606  
1438949195  2253469460  4850317  712017934473  5400315  565551  1185223  3702261  154  4850443  7155  128299  6516  1095275  3317  259610  660917175132  10  205  183  59916  0  92  245  2147483647  0  6401  0  132233  8097828495  6154608  257  1240124  560642  1316517  1603  6051699647  
1438949205  2293792591  4946410  726241562896  5400315  565551  1185223  3771478  154  4946542  7155  128299  6516  1095275  3317  259610  674163389324  10  205  183  59916  0  92  245  2147483647  0  6401  0  132233  8255275318  6277898  257  1240124  560642  1343733  1603  6169674209  
1438949215  2333180410  5044014  740212648310  5400315  565551  1185223  3840435  154  5044147  7155  128299  6516  1095275  3317  259610  687185735737  10  205  183  59916  0  92  245  2147483647  0  6401  0  132233  8417701308  6403804  257  1240124  560642  1372088  1603  6287739990  
1438949225  2374647504  5138993  754530874316  5400315  565551  1185223  3907482  154  5139126  7155  128299  6516  1095275  3317  259610  700537180369  10  205  183  59916  0  92  245  2147483647  0  6401  0  132233  8580604028  6526955  257  1240124  560642  1400271  1603  6408025040  
1438949235  2417147086  5232486  768641451172  5400315  565551  1185223  3976400  154  5232625  7155  128299  6516  1095275  3317  259610  713685685817  10  205  183  59916  0  92  245  2147483647  0  6401  0  132233  8719497003  6644894  257  1240124  560642  1424735  1603  6518840298  
1438949245  2458120047  5323524  782313490052  5400315  565551  1185223  4039467  154  5323665  7155  128299  6516  1095275  3317  259610  726412535961  10  205  183  59916  0  92  245  2147483647  0  6401  0  132233  8885018953  6763706  257  1240124  560642  1452528  1603  6636934431  
1438949255  2505473617  5430767  798270963043  5400315  565551  1185223  4116932  154  5430914  7155  128299  6516  1095275  3317  259610  741278055047  10  205  183  59916  0  92  245  2147483647  0  6401  0  132233  9064655385  6900800  257  1240124  560642  1482396  1603  6769942724  
1438949265  2542233568  5513146  811169834927  5400315  565551  1185223  4174685  154  5513293  7155  128299  6516  1095275  3317  259610  753297085559  10  205  183  59916  0  92  245  2147483647  0  6401  0  132233  9220546212  7007897  257  1240124  560642  1507140  1603  6880672202  
1438949275  2581323058  5607809  825134263469  5400315  565551  1185223  4238521  154  5607960  7155  128299  6516  1095275  3317  259610  766306612045  10  205  183  59916  0  92  245  2147483647  0  6401  0  132233  9393217780  7133583  257  1240124  560642  1538175  1603  7003466098  
1438949285  2621200029  5699359  838925299049  5400315  565551  1185223  4301471  154  5699512  7155  128299  6516  1095275  3317  259610  779160610382  10  205  183  59916  0  92  245  2147483647  0  6401  0  132233  9557795529  7253404  257  1240124  560642  1566454  1603  7122411992  
1438949295  2664830152  5795398  853308358715  5400315  565551  1185223  4369977  154  5795553  7155  128299  6516  1095275  3317  259610  792570616773  10  205  183  59916  0  92  245  2147483647  0  6401  0  132233  9719843022  7377044  257  1240124  560642  1594063  1603  7242448984  
1438949305  2703595052  5880056  866414629369  5400315  565551  1185223  4429427  154  5880217  7155  128299  6516  1095275  3317  259610  804787677629  10  205  183  59916  0  92  245  2147483647  0  6401  0  132233  9877154786  7487183  257  1240124  560642  1619565  1603  7354490647  
1438949315  2742167019  5956133  878658574346  5400315  565551  1185223  4483578  154  5956294  7155  128299  6516  1095275  3317  259610  816231860649  10  205  183  59916  0  92  245  2147483647  0  6401  0  132233  10015524573  7585256  257  1240124  560642  1641565  1603  7456242476  
1438949325  2779038007  6048387  892564509310  5400315  565551  1185223  4537473  154  6048550  7155  128299  6516  1095275  3317  259610  829235429350  10  205  183  59916  0  92  245  2147483647  0  6401  0  132233  10257325022  7715504  257  1240124  560642  1679821  1603  7599536137  
1438949335  2811087643  6143712  906695005142  5400315  565551  1185223  4588249  154  6143875  7155  128299  6516  1095275  3317  259610  842463369913  10  205  183  59916  0  92  245  2147483647  0  6401  0  132233  10528221263  7855436  257  1240124  560642  1724576  1603  7753805391  
1438949345  2837352147  6252166  921739770029  5400315  565551  1185223  4633370  154  6252326  7155  128299  6516  1586186  3317  259610  856539032196  13  205  183  59916  0  92  245  2147483647  0  6401  0  132233  10901391669  8026034  257  1240124  560642  1787841  1603  7941658769  
