#Type:X;CI:12;ww:0;ca:0;co:0;fr:0;Type:X;CI:12;PI:0;PT:EP;U0:0;U1:0;
#time  Pp  gt  gs  cn  cm  cb  Nc  Pc  cp  Tc  Nm  pr  ps  pt  px  pd  Pm  Om  fs  ft  Oc  Em  Gp  Ec  Ge  ot  os  Total_cycles_diff  Successful_get_diff  Total_get_diff  succ_put_diff  total_put_diff  get_hit  
1439920009  0  0  0  0  0  0  0  0  0  1282255  0  0  0  0  0  0  0  0  0  0  0  0  0  0  0  0  0  1282255  0  0  0  0  
1439920019  0  0  0  0  0  0  0  0  0  4111652  0  0  0  0  0  0  0  0  0  19  0  0  0  0  0  46  0  2829397  0  0  0  0  0 
1439920029  0  0  0  0  0  0  0  0  0  4111652  0  0  0  0  0  0  0  0  0  19  0  0  0  0  0  46  0  0  0  0  0  0  0 
1439920039  0  0  0  0  0  0  0  0  0  4111652  0  0  0  0  0  0  0  0  0  19  0  0  0  0  0  46  0  0  0  0  0  0  0 
1439920049  0  0  0  0  0  0  0  0  0  4113364  0  0  0  0  0  0  0  0  0  19  0  0  0  0  0  46  0  1712  0  0  0  0  0 
1439920059  0  206  205  0  0  0  196  2870  0  17683545  233  0  3425  3425  0  0  3425  351  0  50  203  3425  0  2870  205  177  114  13570181  205  206  3425  3425  99.5145631068  
1439920069  0  249  248  0  0  0  192  2827  0  18131198  233  0  3425  3425  0  0  3425  351  0  50  198  3425  0  2827  248  177  114  447653  43  43  0  0  99.5983935743  
1439920079  0  250  249  0  0  0  192  2826  0  18158044  233  0  3425  3425  0  0  3425  351  0  50  197  3425  0  2826  249  177  114  26846  1  1  0  0  99.6  
1439920089  0  250  249  0  0  0  192  2826  0  18158044  233  0  3425  3425  0  0  3425  351  0  50  197  3425  0  2826  249  177  114  0  0  0  0  0  99.6  
1439920099  0  250  249  0  0  0  192  2826  0  18158044  233  0  3425  3425  0  0  3425  351  0  50  197  3425  0  2826  249  177  114  0  0  0  0  0  99.6  
1439920109  0  250  249  0  0  0  192  2826  0  18158044  233  0  3425  3425  0  0  3425  351  0  50  197  3425  0  2826  249  177  114  0  0  0  0  0  99.6  
1439920119  0  250  249  0  0  0  192  2826  0  18158044  233  0  3425  3425  0  0  3425  351  0  50  197  3425  0  2826  249  177  114  0  0  0  0  0  99.6  
1439920129  0  250  249  0  0  0  192  2826  0  18158044  233  0  3425  3425  0  0  3425  351  0  50  197  3425  0  2826  249  177  114  0  0  0  0  0  99.6  
1439920139  0  250  249  0  0  0  192  2826  0  18158044  233  0  3425  3425  0  0  3425  351  0  50  197  3425  0  2826  249  177  114  0  0  0  0  0  99.6  
1439920149  0  250  249  0  0  0  192  2826  0  18158044  233  0  3425  3425  0  0  3425  351  0  50  197  3425  0  2826  249  177  114  0  0  0  0  0  99.6  
1439920159  0  250  249  0  0  0  192  2826  0  18158044  233  0  3425  3425  0  0  3425  351  0  50  197  3425  0  2826  249  177  114  0  0  0  0  0  99.6  
1439920169  0  250  249  0  0  0  192  2826  0  18158044  233  0  3425  3425  0  0  3425  351  0  50  197  3425  0  2826  249  177  114  0  0  0  0  0  99.6  
1439920179  0  250  249  0  0  0  192  2826  0  18158044  233  0  3425  3425  0  0  3425  351  0  50  197  3425  0  2826  249  177  114  0  0  0  0  0  99.6  
1439920189  0  250  249  0  0  0  192  2826  0  18158044  233  0  3425  3425  0  0  3425  351  0  50  197  3425  0  2826  249  177  114  0  0  0  0  0  99.6  
1439920199  0  250  249  0  0  0  192  2826  0  18158044  233  0  3425  3425  0  0  3425  351  0  50  197  3425  0  2826  249  177  114  0  0  0  0  0  99.6  
1439920209  0  250  249  0  0  0  192  2826  0  18158044  233  0  3425  3425  0  0  3425  351  0  50  197  3425  0  2826  249  177  114  0  0  0  0  0  99.6  
1439920219  0  250  249  0  0  0  192  2826  0  18158044  233  0  3425  3425  0  0  3425  351  0  50  197  3425  0  2826  249  177  114  0  0  0  0  0  99.6  
1439920229  0  250  249  0  0  0  192  2826  0  18158044  233  0  3425  3425  0  0  3425  351  0  50  197  3425  0  2826  249  177  114  0  0  0  0  0  99.6  
1439920239  0  250  249  0  0  0  192  2826  0  18158044  233  0  3425  3425  0  0  3425  351  0  50  197  3425  0  2826  249  177  114  0  0  0  0  0  99.6  
1439920249  0  250  249  0  0  0  192  2826  0  18158044  233  0  3425  3425  0  0  3425  351  0  50  197  3425  0  2826  249  177  114  0  0  0  0  0  99.6  
1439920259  0  250  249  0  0  0  192  2826  0  18158044  233  0  3425  3425  0  0  3425  351  0  50  197  3425  0  2826  249  177  114  0  0  0  0  0  99.6  
1439920269  0  250  249  0  0  0  192  2826  0  18158044  233  0  3425  3425  0  0  3425  351  0  50  197  3425  0  2826  249  177  114  0  0  0  0  0  99.6  
1439920279  0  250  249  0  0  0  192  2826  0  18158044  233  0  3425  3425  0  0  3425  351  0  50  197  3425  0  2826  249  177  114  0  0  0  0  0  99.6  
1439920289  0  341  340  0  0  0  192  2735  0  18928425  233  0  3425  3425  0  0  3425  351  0  50  197  3425  0  2735  340  177  114  770381  91  91  0  0  99.706744868  
1439920299  0  341  340  0  0  0  192  2735  0  18928425  233  0  3425  3425  0  0  3425  351  0  50  197  3425  0  2735  340  177  114  0  0  0  0  0  99.706744868  
1439920309  0  341  340  0  0  0  192  2735  0  18928425  233  0  3425  3425  0  0  3425  351  0  50  197  3425  0  2735  340  177  114  0  0  0  0  0  99.706744868  
1439920319  0  341  340  0  0  0  192  2735  0  18928425  233  0  3425  3425  0  0  3425  351  0  50  197  3425  0  2735  340  177  114  0  0  0  0  0  99.706744868  
1439920329  0  341  340  0  0  0  192  2735  0  18928425  233  0  3425  3425  0  0  3425  351  0  50  197  3425  0  2735  340  177  114  0  0  0  0  0  99.706744868  
1439920339  0  341  340  0  0  0  192  2735  0  18928425  233  0  3425  3425  0  0  3425  351  0  50  197  3425  0  2735  340  177  114  0  0  0  0  0  99.706744868  
1439920349  0  341  340  0  0  0  192  2735  0  18928425  233  0  3425  3425  0  0  3425  351  0  50  197  3425  0  2735  340  177  114  0  0  0  0  0  99.706744868  
1439920359  0  341  340  0  0  0  192  2735  0  18928425  233  0  3425  3425  0  0  3425  351  0  50  197  3425  0  2735  340  177  114  0  0  0  0  0  99.706744868  
1439920369  0  341  340  0  0  0  192  2735  0  18928425  233  0  3425  3425  0  0  3425  351  0  50  197  3425  0  2735  340  177  114  0  0  0  0  0  99.706744868  
1439920379  0  341  340  0  0  0  192  2735  0  18928425  233  0  3425  3425  0  0  3425  351  0  50  197  3425  0  2735  340  177  114  0  0  0  0  0  99.706744868  
1439920389  0  341  340  0  0  0  192  2735  0  18928425  233  0  3425  3425  0  0  3425  351  0  50  197  3425  0  2735  340  177  114  0  0  0  0  0  99.706744868  
1439920399  0  341  340  0  0  0  192  2735  0  18928425  233  0  3425  3425  0  0  3425  351  0  50  197  3425  0  2735  340  177  114  0  0  0  0  0  99.706744868  
1439920409  0  341  340  0  0  0  192  2735  0  18928425  233  0  3425  3425  0  0  3425  351  0  50  197  3425  0  2735  340  177  114  0  0  0  0  0  99.706744868  
1439920419  0  341  340  0  0  0  192  2735  0  18928425  233  0  3425  3425  0  0  3425  351  0  50  197  3425  0  2735  340  177  114  0  0  0  0  0  99.706744868  
1439920429  0  341  340  0  0  0  192  2735  0  18928425  233  0  3425  3425  0  0  3425  351  0  50  197  3425  0  2735  340  177  114  0  0  0  0  0  99.706744868  
1439920439  0  341  340  0  0  0  192  2735  0  18928425  233  0  3425  3425  0  0  3425  351  0  50  197  3425  0  2735  340  177  114  0  0  0  0  0  99.706744868  
1439920449  0  341  340  0  0  0  192  2735  0  18928425  233  0  3425  3425  0  0  3425  351  0  50  197  3425  0  2735  340  177  114  0  0  0  0  0  99.706744868  
1439920459  0  341  340  0  0  0  192  2735  0  18928425  233  0  3425  3425  0  0  3425  351  0  50  197  3425  0  2735  340  177  114  0  0  0  0  0  99.706744868  
1439920469  0  341  340  0  0  0  192  2735  0  18928425  233  0  3425  3425  0  0  3425  351  0  50  197  3425  0  2735  340  177  114  0  0  0  0  0  99.706744868  
1439920479  0  341  340  0  0  0  192  2735  0  18928425  233  0  3425  3425  0  0  3425  351  0  50  197  3425  0  2735  340  177  114  0  0  0  0  0  99.706744868  
1439920489  0  341  340  0  0  0  192  2735  0  18928425  233  0  3425  3425  0  0  3425  351  0  50  197  3425  0  2735  340  177  114  0  0  0  0  0  99.706744868  
1439920500  0  341  340  0  0  0  192  2735  0  18928425  233  0  3425  3425  0  0  3425  351  0  50  197  3425  0  2735  340  177  114  0  0  0  0  0  99.706744868  
1439920510  0  341  340  0  0  0  192  2735  0  18928425  233  0  3425  3425  0  0  3425  351  0  50  197  3425  0  2735  340  177  114  0  0  0  0  0  99.706744868  
1439920520  0  341  340  0  0  0  192  2735  0  18928425  233  0  3425  3425  0  0  3425  351  0  50  197  3425  0  2735  340  177  114  0  0  0  0  0  99.706744868  
1439920530  0  341  340  0  0  0  192  2735  0  18928425  233  0  3425  3425  0  0  3425  351  0  50  197  3425  0  2735  340  177  114  0  0  0  0  0  99.706744868  
1439920540  0  341  340  0  0  0  192  2735  0  18928425  233  0  3425  3425  0  0  3425  351  0  50  197  3425  0  2735  340  177  114  0  0  0  0  0  99.706744868  
1439920550  0  341  340  0  0  0  192  2735  0  18928425  233  0  3425  3425  0  0  3425  351  0  50  197  3425  0  2735  340  177  114  0  0  0  0  0  99.706744868  
1439920560  0  341  340  0  0  0  192  2735  0  18928425  233  0  3425  3425  0  0  3425  351  0  50  197  3425  0  2735  340  177  114  0  0  0  0  0  99.706744868  
1439920570  0  341  340  0  0  0  192  2735  0  18928425  233  0  3425  3425  0  0  3425  351  0  50  197  3425  0  2735  340  177  114  0  0  0  0  0  99.706744868  
1439920580  0  341  340  0  0  0  192  2735  0  18928425  233  0  3425  3425  0  0  3425  351  0  50  197  3425  0  2735  340  177  114  0  0  0  0  0  99.706744868  
1439920590  0  341  340  0  0  0  192  2735  0  18928425  233  0  3425  3425  0  0  3425  351  0  50  197  3425  0  2735  340  177  114  0  0  0  0  0  99.706744868  
1439920600  0  341  340  0  0  0  192  2735  0  18928425  233  0  3425  3425  0  0  3425  351  0  50  197  3425  0  2735  340  177  114  0  0  0  0  0  99.706744868  
1439920610  0  341  340  0  0  0  192  2735  0  18928425  233  0  3425  3425  0  0  3425  351  0  50  197  3425  0  2735  340  177  114  0  0  0  0  0  99.706744868  
1439920620  0  341  340  0  0  0  192  2735  0  18928425  233  0  3425  3425  0  0  3425  351  0  50  197  3425  0  2735  340  177  114  0  0  0  0  0  99.706744868  
1439920630  0  341  340  0  0  0  192  2735  0  18928425  233  0  3425  3425  0  0  3425  351  0  50  197  3425  0  2735  340  177  114  0  0  0  0  0  99.706744868  
1439920640  0  341  340  0  0  0  192  2735  0  18928425  233  0  3425  3425  0  0  3425  351  0  50  197  3425  0  2735  340  177  114  0  0  0  0  0  99.706744868  
1439920650  0  341  340  0  0  0  192  2735  0  18928425  233  0  3425  3425  0  0  3425  351  0  50  197  3425  0  2735  340  177  114  0  0  0  0  0  99.706744868  
1439920660  0  341  340  0  0  0  192  2735  0  18928425  233  0  3425  3425  0  0  3425  351  0  50  197  3425  0  2735  340  177  114  0  0  0  0  0  99.706744868  
1439920670  0  341  340  0  0  0  192  2735  0  18928425  233  0  3425  3425  0  0  3425  351  0  50  197  3425  0  2735  340  177  114  0  0  0  0  0  99.706744868  
1439920680  0  341  340  0  0  0  192  2735  0  18928425  233  0  3425  3425  0  0  3425  351  0  50  197  3425  0  2735  340  177  114  0  0  0  0  0  99.706744868  
1439920690  0  341  340  0  0  0  192  2735  0  18928425  233  0  3425  3425  0  0  3425  351  0  50  197  3425  0  2735  340  177  114  0  0  0  0  0  99.706744868  
1439920700  0  341  340  0  0  0  192  2735  0  18928425  233  0  3425  3425  0  0  3425  351  0  50  197  3425  0  2735  340  177  114  0  0  0  0  0  99.706744868  
1439920710  0  341  340  0  0  0  192  2735  0  18928425  233  0  3425  3425  0  0  3425  351  0  50  197  3425  0  2735  340  177  114  0  0  0  0  0  99.706744868  
1439920720  0  341  340  0  0  0  192  2735  0  18928425  233  0  3425  3425  0  0  3425  351  0  50  197  3425  0  2735  340  177  114  0  0  0  0  0  99.706744868  
1439920730  0  341  340  0  0  0  192  2735  0  18928425  233  0  3425  3425  0  0  3425  351  0  50  197  3425  0  2735  340  177  114  0  0  0  0  0  99.706744868  
1439920740  0  341  340  0  0  0  192  2735  0  18928425  233  0  3425  3425  0  0  3425  351  0  50  197  3425  0  2735  340  177  114  0  0  0  0  0  99.706744868  
1439920750  0  341  340  0  0  0  192  2735  0  18928425  233  0  3425  3425  0  0  3425  351  0  50  197  3425  0  2735  340  177  114  0  0  0  0  0  99.706744868  
1439920760  0  341  340  0  0  0  192  2735  0  18928425  233  0  3425  3425  0  0  3425  351  0  50  197  3425  0  2735  340  177  114  0  0  0  0  0  99.706744868  
1439920770  0  341  340  0  0  0  192  2735  0  18928425  233  0  3425  3425  0  0  3425  351  0  50  197  3425  0  2735  340  177  114  0  0  0  0  0  99.706744868  
1439920780  0  341  340  0  0  0  192  2735  0  18928425  233  0  3425  3425  0  0  3425  351  0  50  197  3425  0  2735  340  177  114  0  0  0  0  0  99.706744868  
1439920790  0  341  340  0  0  0  192  2735  0  18928425  233  0  3425  3425  0  0  3425  351  0  50  197  3425  0  2735  340  177  114  0  0  0  0  0  99.706744868  
1439920800  0  341  340  0  0  0  192  2735  0  18928425  233  0  3425  3425  0  0  3425  351  0  50  197  3425  0  2735  340  177  114  0  0  0  0  0  99.706744868  
1439920810  0  341  340  0  0  0  192  2735  0  18928425  233  0  3425  3425  0  0  3425  351  0  50  197  3425  0  2735  340  177  114  0  0  0  0  0  99.706744868  
1439920820  0  341  340  0  0  0  192  2735  0  18928425  233  0  3425  3425  0  0  3425  351  0  50  197  3425  0  2735  340  177  114  0  0  0  0  0  99.706744868  
1439920830  0  341  340  0  0  0  192  2735  0  18928425  233  0  3425  3425  0  0  3425  351  0  50  197  3425  0  2735  340  177  114  0  0  0  0  0  99.706744868  
1439920840  0  341  340  0  0  0  192  2735  0  18928425  233  0  3425  3425  0  0  3425  351  0  50  197  3425  0  2735  340  177  114  0  0  0  0  0  99.706744868  
1439920850  0  341  340  0  0  0  192  2735  0  18928425  233  0  3425  3425  0  0  3425  351  0  50  197  3425  0  2735  340  177  114  0  0  0  0  0  99.706744868  
1439920860  0  341  340  0  0  0  192  2735  0  18928425  233  0  3425  3425  0  0  3425  351  0  50  197  3425  0  2735  340  177  114  0  0  0  0  0  99.706744868  
1439920870  0  341  340  0  0  0  192  2735  0  18928425  233  0  3425  3425  0  0  3425  351  0  50  197  3425  0  2735  340  177  114  0  0  0  0  0  99.706744868  
1439920880  0  341  340  0  0  0  192  2735  0  18928425  233  0  3425  3425  0  0  3425  351  0  50  197  3425  0  2735  340  177  114  0  0  0  0  0  99.706744868  
1439920890  0  341  340  0  0  0  192  2735  0  18928425  233  0  3425  3425  0  0  3425  351  0  50  197  3425  0  2735  340  177  114  0  0  0  0  0  99.706744868  
1439920900  0  341  340  0  0  0  192  2735  0  18928425  233  0  3425  3425  0  0  3425  351  0  50  197  3425  0  2735  340  177  114  0  0  0  0  0  99.706744868  
1439920910  0  341  340  0  0  0  192  2735  0  18928425  233  0  3425  3425  0  0  3425  351  0  50  197  3425  0  2735  340  177  114  0  0  0  0  0  99.706744868  
1439920920  0  341  340  0  0  0  192  2735  0  18928425  233  0  3425  3425  0  0  3425  351  0  50  197  3425  0  2735  340  177  114  0  0  0  0  0  99.706744868  
1439920930  0  341  340  0  0  0  192  2735  0  18928425  233  0  3425  3425  0  0  3425  351  0  50  197  3425  0  2735  340  177  114  0  0  0  0  0  99.706744868  
1439920940  0  341  340  0  0  0  192  2735  0  18928425  233  0  3425  3425  0  0  3425  351  0  50  197  3425  0  2735  340  177  114  0  0  0  0  0  99.706744868  
1439920950  0  341  340  0  0  0  192  2735  0  18928425  233  0  3425  3425  0  0  3425  351  0  50  197  3425  0  2735  340  177  114  0  0  0  0  0  99.706744868  
1439920960  0  341  340  0  0  0  192  2735  0  18928425  233  0  3425  3425  0  0  3425  351  0  50  197  3425  0  2735  340  177  114  0  0  0  0  0  99.706744868  
1439920971  0  341  340  0  0  0  192  2735  0  18928425  233  0  3425  3425  0  0  3425  351  0  50  197  3425  0  2735  340  177  114  0  0  0  0  0  99.706744868  
1439920981  0  341  340  0  0  0  192  2735  0  18928425  233  0  3425  3425  0  0  3425  351  0  50  197  3425  0  2735  340  177  114  0  0  0  0  0  99.706744868  
1439920991  0  341  340  0  0  0  192  2735  0  18928425  233  0  3425  3425  0  0  3425  351  0  50  197  3425  0  2735  340  177  114  0  0  0  0  0  99.706744868  
1439921001  0  341  340  0  0  0  192  2735  0  18928425  233  0  3425  3425  0  0  3425  351  0  50  197  3425  0  2735  340  177  114  0  0  0  0  0  99.706744868  
