#type:G;
#time  Rt  Nm  Tt  Nc  Rx  Gz  Pc  Pf  Ra  Te  Pm  Fp  Fc  Ta  Fm  Om  Lm  Oc  Sm  Sc  Em  Af  Ea  Cf  Ec  Gd  Zt  Et  Ep  dedup_put_diff  total_eph_put_diff  dedup_factor  dedup_curr  compression_saving  tze_saving  
1437001704  0  0  2578  0  0  0  0  0  0  2505  0  0  0  0  0  0  0  0  0  0  0  0  0  0  0  0  0  0  0  0  0  
1437001714  0  0  2587  0  0  0  0  0  0  2505  0  0  0  0  0  0  0  0  0  0  0  0  0  0  0  0  0  0  0  0  0  
1437001724  0  0  4970  0  0  0  0  0  0  2603  0  0  0  0  0  0  0  0  0  0  0  0  0  0  0  0  0  0  0  0  0  
1437001734  0  0  7393  0  0  0  0  0  0  2603  0  0  0  0  0  0  0  0  0  0  0  0  0  0  0  0  0  0  0  0  0  
1437001744  0  0  9246  0  0  0  0  0  0  2801  0  0  0  0  0  0  0  0  0  0  0  0  0  0  0  0  0  0  0  0  0  
1437001754  0  228  66932  224  0  0  3105  0  0  2801  3131  0  3103  27  3129  288  0  231  3129  3103  3131  0  0  0  3105  2  0  0  3216  2  3216  0.0621890547264  0.0644122383253  100.0  100.0  
1437001764  0  228  88667  201  0  0  3844  0  0  2801  3844  0  3842  0  3842  288  0  197  3842  3842  3844  0  0  0  3844  2  0  0  4124  0  908  0.0484966052376  0.0520291363163  100.0  100.0  
1437001774  0  228  130923  114  0  0  2980  0  0  2801  4137  0  2980  1199  4135  288  0  63  4135  2980  4137  0  0  0  2980  2  0  0  4460  0  336  0.0448430493274  0.0  100.0  100.0  
1437001784  0  228  222075  96  0  0  2246  0  0  2801  4137  0  2242  1967  4135  288  0  44  4135  2242  4137  0  0  0  2246  6  0  0  4484  4  24  0.133809099019  0.178094390027  100.0  100.0  
1437001794  0  229  275802  229  0  0  4723  0  0  2801  4723  0  2301  1851  4135  288  0  162  4135  2301  4723  0  0  0  4723  2424  0  0  6961  2418  2477  34.8225829622  51.280965488  100.0  100.0  
1437001804  0  740  344851  740  0  0  16763  0  0  2801  16763  0  2797  929  4135  549  0  549  4135  2797  16763  0  0  0  16763  13968  0  0  19005  11544  12044  73.4964483031  83.3144425222  100.0  100.0  
1437001814  0  2558  451786  2558  0  0  68213  0  0  2801  68213  0  4150  1  4151  1887  0  1887  4150  4150  68213  0  0  0  68213  65701  0  0  72164  51733  53159  91.0440108641  93.9161156964  100.0  100.0  
1437001824  0  2692  553729  2095  0  0  55062  0  0  2801  72336  0  3803  930  4221  1988  0  1582  4220  3803  72336  0  0  0  55062  114499  0  0  122271  48798  50107  93.6436276795  93.0932403472  100.0  100.0  
1437001834  0  2692  644557  2042  0  0  53043  0  0  2801  72336  0  3712  892  4221  1988  0  1487  4220  3712  72336  0  0  0  53043  157961  0  0  166865  43462  44594  94.6639498996  93.0019041155  100.0  100.0  
1437001844  0  2692  710729  2253  0  0  57612  0  0  2801  72336  0  3804  787  4221  1988  0  1614  4220  3804  72336  0  0  0  57612  189945  0  0  199641  31984  32776  95.1432821915  93.3972089148  100.0  100.0  
1437001854  0  2692  789845  2545  0  0  67659  0  0  2801  72336  0  4075  300  4221  1988  0  1854  4220  4075  72336  0  0  0  67659  228184  0  0  238893  38239  39252  95.5172399359  93.9771501205  100.0  100.0  
1437001864  0  2692  901089  2137  0  0  56075  0  0  2801  72336  0  3872  777  4221  1988  0  1592  4220  3872  72336  0  0  0  56075  281250  0  0  293404  53066  54511  95.8575888536  93.0949621043  100.0  100.0  
1437001874  0  2692  1019679  2032  0  0  52272  0  0  2801  72336  0  3666  873  4221  1988  0  1521  4220  3666  72336  0  0  0  52272  338209  0  0  351833  56959  58429  96.1277083162  92.9866850321  100.0  100.0  
1437001884  0  2692  1114440  2216  0  0  56772  0  0  2801  72336  0  3767  609  4221  1988  0  1606  4220  3767  72336  0  0  0  56772  383944  0  0  398813  45735  46980  96.2716862289  93.3646868174  100.0  100.0  
1437001894  0  2692  1182817  2311  0  0  60600  0  0  2801  72336  0  3839  755  4221  1988  0  1661  4220  3839  72336  0  0  0  60600  417130  0  0  432827  33186  34014  96.3733778161  93.6650165017  100.0  100.0  
1437001904  0  2692  1249771  2422  0  0  63308  0  0  2801  72336  0  3978  446  4221  1988  0  1774  4220  3978  72336  0  0  0  63308  448963  0  0  465534  31833  32707  96.4404318482  93.716433942  100.0  100.0  
1437001914  0  2692  1366990  2265  0  0  58805  0  0  2801  72336  0  3956  554  4221  1988  0  1705  4220  3956  72336  0  0  0  58805  505273  0  0  523381  56310  57847  96.5401877409  93.2726808945  100.0  100.0  
1437001924  0  2692  1467188  2127  0  0  56571  0  0  2801  72336  0  3859  709  4221  1988  0  1576  4220  3859  72336  0  0  0  56571  553623  0  0  572979  48350  49598  96.6218657228  93.1784836754  100.0  100.0  
1437001934  0  2692  1583739  2227  0  0  58265  0  0  2801  72336  0  3869  524  4221  1988  0  1636  4220  3869  72336  0  0  0  58265  609342  0  0  630148  55719  57169  96.69823597  93.3596498756  100.0  100.0  
1437001944  0  2692  1648918  2398  0  0  63977  0  0  2801  72336  0  3944  553  4221  1988  0  1711  4220  3944  72336  0  0  0  63977  640780  0  0  662367  31438  32219  96.7409306321  93.8352845554  100.0  100.0  
1437001954  0  2692  1715865  2599  0  0  69963  0  0  2801  72336  0  4056  242  4221  1988  0  1874  4220  4056  72336  0  0  0  69963  673230  0  0  695632  32450  33265  96.779619109  94.2026499721  100.0  100.0  
1437001964  0  2697  1827819  2314  0  0  61233  0  0  2801  72635  0  3951  437  4221  1988  0  1708  4220  3951  72635  0  0  0  61233  727019  0  0  750862  53789  55230  96.824582946  93.547596884  100.0  100.0  
1437001974  0  2697  1921176  2022  0  0  53499  0  0  2801  72635  0  3756  735  4221  1988  0  1492  4220  3756  72635  0  0  0  53499  771486  0  0  796499  44467  45637  96.8596319644  92.9793080244  100.0  100.0  
1437001985  0  2697  2042266  2110  0  0  55962  0  0  2801  72635  0  3798  563  4221  1988  0  1565  4220  3798  72635  0  0  0  55962  829860  0  0  856428  58374  59929  96.8978127759  93.2132518495  100.0  100.0  
1437001995  0  2697  2120800  2314  0  0  62142  0  0  2801  72635  0  3915  323  4221  1988  0  1661  4220  3915  72635  0  0  0  62142  867848  0  0  895382  37988  38954  96.9248879249  93.6999131022  100.0  100.0  
1437002005  0  2735  2186968  2644  0  0  72018  0  0  2801  74793  0  4120  93  4221  1988  0  1893  4220  4120  74793  0  0  0  72018  899389  0  0  927726  31541  32344  96.9455421105  94.2792079758  100.0  100.0  
1437002015  0  2735  2286761  2706  0  0  70687  0  0  2801  74793  0  4178  129  4221  1988  0  1961  4220  4178  74793  0  0  0  70687  947376  0  0  976995  47987  49269  96.968357054  94.0894365301  100.0  100.0  
1437002025  0  2784  2375669  2345  0  0  62068  0  0  2801  74793  0  3990  354  4249  2033  0  1727  4248  3990  74793  0  0  0  62068  990145  0  0  1020884  42769  43889  96.9889820979  93.5715666688  100.0  100.0  
1437002035  0  2784  2497168  2391  0  0  63366  0  0  2801  74793  0  3994  338  4249  2033  0  1780  4248  3994  74793  0  0  0  63366  1048711  0  0  1081007  58566  60123  97.0124152758  93.696935265  100.0  100.0  
1437002045  0  2784  2593576  2523  0  0  67799  0  0  2801  74793  0  4049  289  4249  2033  0  1809  4248  4049  74793  0  0  0  67799  1094847  0  0  1128305  46136  47298  97.0346670448  94.0279355153  100.0  100.0  
1437002055  0  2784  2658052  2577  0  0  69821  0  0  2801  75179  0  4064  212  4249  2033  0  1860  4248  4064  75179  0  0  0  69821  1125951  0  0  1160167  31104  31862  97.0507694151  94.1794016127  100.0  100.0  
1437002065  0  2784  2736055  2403  0  0  63774  0  0  2801  75179  0  3962  456  4249  2033  0  1741  4248  3962  75179  0  0  0  63774  1163443  0  0  1198671  37492  38504  97.0610784777  93.7874368865  100.0  100.0  
1437002075  0  2784  2848826  2535  0  0  67236  0  0  2801  75179  0  4155  271  4249  2033  0  1881  4248  4155  75179  0  0  0  67236  1217474  0  0  1254174  54031  55503  97.073771263  93.8202748528  100.0  100.0  
1437002085  0  2784  2947972  2516  0  0  68138  0  0  2801  75179  0  4112  230  4249  2033  0  1854  4248  4112  75179  0  0  0  68138  1265172  0  0  1303104  47698  48930  97.0891041697  93.9651882943  100.0  100.0  
1437002095  0  2784  3055422  2410  0  0  63748  0  0  2801  75179  0  3983  316  4266  2034  0  1750  4265  3983  75179  0  0  0  63748  1316925  0  0  1356218  51753  53114  97.1027519175  93.7519608458  100.0  100.0  
1437002105  0  2784  3121788  2577  0  0  69282  0  0  2801  75179  0  4073  321  4266  2034  0  1838  4265  4073  75179  0  0  0  69282  1348657  0  0  1388724  31732  32506  97.114833473  94.121128143  100.0  100.0  
1437002115  0  2784  3188799  2583  0  0  69585  0  0  2801  75179  0  4076  236  4266  2034  0  1857  4265  4076  75179  0  0  0  69585  1380880  0  0  1421780  32223  33056  97.1233242836  94.1424157505  100.0  100.0  
1437002125  0  2784  3297446  2350  0  0  61311  0  0  2801  75179  0  3986  361  4266  2034  0  1756  4265  3986  75179  0  0  0  61311  1433087  0  0  1475427  52207  53647  97.1303222728  93.4987196425  100.0  100.0  
1437002135  0  2784  3393254  2140  0  0  57380  0  0  2801  75179  0  3855  620  4266  2034  0  1571  4265  3855  75179  0  0  0  57380  1479203  0  0  1522720  46116  47293  97.1421535148  93.2816312304  100.0  100.0  
1437002145  0  2784  3521779  2278  0  0  60930  0  0  2801  75179  0  3925  416  4269  2034  0  1676  4268  3925  75179  0  0  0  60930  1540777  0  0  1585913  61574  63193  97.1539422402  93.5581815198  100.0  100.0  
1437002155  0  2784  3589482  2653  0  0  72009  0  0  2801  75179  0  4145  190  4269  2034  0  1912  4268  4145  75179  0  0  0  72009  1573577  0  0  1619519  32800  33606  97.1632317991  94.2437750837  100.0  100.0  
1437002165  0  2827  3655648  2616  0  0  70857  0  0  2801  76483  0  4111  135  4269  2034  0  1878  4268  4111  76483  0  0  0  70857  1605477  0  0  1652269  31900  32750  97.1680156197  94.1981737866  100.0  100.0  
1437002175  0  2827  3756666  2607  0  0  69782  0  0  2801  76483  0  4145  241  4269  2034  0  1931  4268  4145  76483  0  0  0  69782  1654043  0  0  1702105  48566  49836  97.1763199098  94.0600727981  100.0  100.0  
1437002185  0  2827  3843003  2251  0  0  60496  0  0  2801  76483  0  3940  515  4269  2034  0  1685  4268  3940  76483  0  0  0  60496  1695180  0  0  1744337  41137  42232  97.1819092297  93.4871727056  100.0  100.0  
1437002195  0  2827  3957737  2215  0  0  58928  0  0  2801  76483  0  3828  550  4269  2034  0  1638  4268  3828  76483  0  0  0  58928  1750431  0  0  1801072  55251  56735  97.1882856432  93.5039370079  100.0  100.0  
1437002205  0  2827  4055124  2659  0  0  71668  0  0  2801  76483  0  4156  202  4269  2034  0  1920  4268  4156  76483  0  0  0  71668  1797511  0  0  1849382  47080  48310  97.1952252158  94.2010381202  100.0  100.0  
1437002215  0  2827  4120643  2498  0  0  67223  0  0  2801  76483  0  4011  313  4269  2034  0  1762  4268  4011  76483  0  0  0  67223  1828546  0  0  1881237  31035  31855  97.1991301468  94.0332921768  100.0  100.0  
1437002225  0  2827  4198451  2544  0  0  69181  0  0  2801  76483  0  4105  239  4269  2034  0  1851  4268  4105  76483  0  0  0  69181  1865939  0  0  1919626  37393  38389  97.2032573012  94.0662898773  100.0  100.0  
1437002235  0  2827  4309560  2365  0  0  62789  0  0  2801  76483  0  4034  370  4269  2034  0  1756  4268  4034  76483  0  0  0  62789  1919531  0  0  1974648  53592  55022  97.2087683476  93.5753077768  100.0  100.0  
1437002245  0  2827  4409923  2371  0  0  63196  0  0  2801  76483  0  3977  384  4269  2034  0  1754  4268  3977  76483  0  0  0  63196  1967992  0  0  2024354  48461  49706  97.2158031649  93.7068801823  100.0  100.0  
1437002255  0  2827  4517902  2619  0  0  70303  0  0  2801  76483  0  4152  230  4269  2034  0  1910  4268  4152  76483  0  0  0  70303  2019545  0  0  2077246  51553  52892  97.2222355946  94.0941353854  100.0  100.0  
1437002265  0  2827  4585375  2483  0  0  66750  0  0  2801  76483  0  4008  325  4269  2034  0  1778  4268  4008  76483  0  0  0  66750  2052018  0  0  2110512  32473  33266  97.2284450408  93.995505618  100.0  100.0  
1437002275  0  2827  4652331  2437  0  0  64096  0  0  2801  76483  0  3971  360  4269  2034  0  1777  4268  3971  76483  0  0  0  64096  2084351  0  0  2143722  32333  33210  97.2304711152  93.8046055916  100.0  100.0  
1437002285  0  2827  4760275  2585  0  0  68156  0  0  2801  76483  0  4136  249  4269  2034  0  1910  4268  4136  76483  0  0  0  68156  2136003  0  0  2196755  51652  53033  97.2344662923  93.931568754  100.0  100.0  
1437002295  0  2827  4855348  2438  0  0  65531  0  0  2801  76483  0  4056  334  4269  2043  0  1784  4268  4056  76483  0  0  0  65531  2181711  0  0  2243644  45708  46889  97.2396244681  93.8105629397  100.0  100.0  
1437002305  0  2827  4963420  2678  0  0  71824  0  0  2801  76483  0  4225  144  4269  2043  0  1996  4268  4225  76483  0  0  0  71824  2233960  0  0  2297257  52249  53613  97.2446704918  94.1175651593  100.0  100.0  
1437002315  0  2827  5046646  2414  0  0  65238  0  0  2801  76483  0  3991  299  4269  2043  0  1731  4268  3991  76483  0  0  0  65238  2273567  0  0  2337873  39607  40616  97.2493800989  93.8823998283  100.0  100.0  
1437002325  0  2827  5112349  2742  0  0  74564  0  0  2801  76483  0  4218  53  4269  2043  0  1960  4268  4218  76483  0  0  0  74564  2305316  0  0  2370437  31749  32564  97.252785035  94.3431146398  100.0  100.0  
1437002335  0  2827  5208438  2716  0  0  72722  0  0  2801  76483  0  4205  177  4269  2043  0  1981  4268  4205  76483  0  0  0  72722  2351640  0  0  2417965  46324  47528  97.2569908994  94.2177057837  100.0  100.0  
1437002345  0  2827  5298798  2437  0  0  65451  0  0  2801  76483  0  4084  300  4277  2043  0  1810  4276  4084  76483  0  0  0  65451  2395134  0  0  2462619  43494  44654  97.2596248141  93.7602175673  100.0  100.0  
1437002355  0  2827  5419800  2548  0  0  67223  0  0  2801  76483  0  4123  209  4313  2066  0  1892  4312  4123  76483  0  0  0  67223  2453031  0  0  2522064  57897  59445  97.2628371048  93.8666825343  100.0  100.0  
1437002365  0  2827  5516215  2422  0  0  66207  0  0  2801  76483  0  3985  331  4313  2066  0  1735  4312  3985  76483  0  0  0  66207  2499359  0  0  2569539  46328  47475  97.2687707795  93.980998988  100.0  100.0  
1437002375  0  2827  5582069  2818  0  0  77345  0  0  2801  77345  0  4234  5  4313  2066  0  2005  4312  4234  77345  0  0  0  77345  2531284  0  0  2602263  31925  32724  97.2724125117  94.5258258452  100.0  100.0  
1437002385  0  2827  5656951  2289  0  0  61258  0  0  2801  77569  0  3876  510  4313  2066  0  1658  4312  3876  77569  0  0  0  61258  2567007  0  0  2638901  35723  36638  97.275608293  93.6726631624  100.0  100.0  
1437002395  0  2827  5768352  2544  0  0  67981  0  0  2801  77569  0  4138  207  4313  2066  0  1878  4312  4138  77569  0  0  0  67981  2620594  0  0  2693958  53587  55057  97.276720721  93.9130051044  100.0  100.0  
1437002405  0  2827  5869803  2661  0  0  71913  0  0  2801  77569  0  4225  175  4313  2066  0  1964  4312  4225  77569  0  0  0  71913  2669366  0  0  2744025  48772  50067  97.2792157506  94.1248452992  100.0  100.0  
1437002415  0  2827  5973167  2728  0  0  73593  0  0  2801  77569  0  4249  85  4313  2066  0  1985  4312  4249  77569  0  0  0  73593  2719322  0  0  2795276  49956  51251  97.2827727924  94.2263530499  100.0  100.0  
1437002425  0  2827  6040745  2596  0  0  70076  0  0  2801  77569  0  4066  263  4313  2066  0  1836  4312  4066  77569  0  0  0  70076  2751518  0  0  2828244  32196  32968  97.2871506136  94.1977281808  100.0  100.0  
1437002435  0  2913  6106183  2557  0  0  66544  0  0  2801  77569  0  4008  294  4313  2083  0  1830  4312  4008  77569  0  0  0  66544  2782932  0  0  2860507  31414  32263  97.2880681641  93.9769175283  100.0  100.0  
1437002445  0  2913  6225814  2403  0  0  65164  0  0  2801  77569  0  4053  308  4313  2083  0  1787  4312  4053  77569  0  0  0  65164  2840606  0  0  2919697  57674  59190  97.2911230172  93.7803081456  100.0  100.0  
1437002455  0  2913  6329134  2407  0  0  65016  0  0  2801  77569  0  4050  327  4313  2083  0  1791  4312  4050  77569  0  0  0  65016  2890082  0  0  2970464  49476  50767  97.2939581156  93.7707641196  100.0  100.0  
1437002465  0  2913  6437708  2680  0  0  72265  0  0  2801  77569  0  4219  120  4313  2083  0  1985  4312  4219  77569  0  0  0  72265  2942270  0  0  3024025  52188  53561  97.2964839907  94.1617657234  100.0  100.0  
1437002475  0  2913  6508085  2639  0  0  70756  0  0  2801  77569  0  4160  164  4313  2083  0  1913  4312  4160  77569  0  0  0  70756  2976285  0  0  3058909  34015  34884  97.298906244  94.1206399457  100.0  100.0  
1437002485  0  2913  6575457  2618  0  0  69594  0  0  2801  77569  0  4087  228  4313  2083  0  1856  4312  4087  77569  0  0  0  69594  3008777  0  0  3092250  32492  33341  97.3005740157  94.1273673018  100.0  100.0  
1437002495  0  2913  6683788  2707  0  0  72889  0  0  2801  77569  0  4235  173  4313  2083  0  1987  4312  4235  77569  0  0  0  72889  3060588  0  0  3145389  51811  53139  97.3039582703  94.1897954424  100.0  100.0  
1437002505  0  2913  6774647  2506  0  0  67317  0  0  2801  77569  0  4111  279  4313  2083  0  1842  4312  4111  77569  0  0  0  67317  3104289  0  0  3190241  43701  44852  97.3057834816  93.8930730722  100.0  100.0  
1437002515  0  2913  6884150  2347  0  0  62878  0  0  2801  77569  0  3972  395  4313  2083  0  1750  4312  3972  77569  0  0  0  62878  3156911  0  0  3244235  52622  53994  97.3083330893  93.6830051846  100.0  100.0  
1437002525  0  2913  6973864  2637  0  0  71434  0  0  2801  77569  0  4130  238  4313  2083  0  1909  4312  4130  77569  0  0  0  71434  3199959  0  0  3288399  43048  44164  97.3105453444  94.2184393986  100.0  100.0  
1437002535  0  2913  7040219  2608  0  0  69545  0  0  2801  77907  0  4066  214  4313  2083  0  1863  4312  4066  77907  0  0  0  69545  3231877  0  0  3321121  31918  32722  97.3128350337  94.1534258394  100.0  100.0  
1437002545  0  2927  7115200  2544  0  0  67359  0  0  2801  78796  0  4067  310  4313  2095  0  1863  4312  4067  78796  0  0  0  67359  3267881  0  0  3358081  36004  36960  97.3139420997  93.9622025268  100.0  100.0  
1437002555  0  2927  7236336  2503  0  0  65370  0  0  2801  78796  0  4070  352  4337  2095  0  1829  4336  4070  78796  0  0  0  65370  3326267  0  0  3418019  58386  59938  97.3156380933  93.7739024017  100.0  100.0  
1437002565  0  2927  7334794  2533  0  0  68354  0  0  2801  78796  0  4144  266  4337  2095  0  1874  4336  4144  78796  0  0  0  68354  3373317  0  0  3466319  47050  48300  97.3169809241  93.9374433098  100.0  100.0  
1437002575  0  2927  7434749  2513  0  0  67184  0  0  2801  78796  0  4066  324  4337  2095  0  1826  4336  4066  78796  0  0  0  67184  3421460  0  0  3515696  48143  49377  97.3195634662  93.9479638009  100.0  100.0  
1437002585  0  2927  7502385  2413  0  0  64058  0  0  2801  78796  0  3962  363  4337  2095  0  1718  4336  3962  78796  0  0  0  64058  3454023  0  0  3549091  32563  33395  97.3213422817  93.8149801742  100.0  100.0  
1437002595  0  2927  7568329  2765  0  0  74004  0  0  2801  78796  0  4225  123  4337  2095  0  1984  4336  4225  78796  0  0  0  74004  3485635  0  0  3581547  31612  32456  97.3220510578  94.2908491433  100.0  100.0  
1437002605  0  2927  7679881  2496  0  0  66908  0  0  2801  78796  0  4087  299  4337  2095  0  1840  4336  4087  78796  0  0  0  66908  3539255  0  0  3636569  53620  55022  97.3240161262  93.8916123632  100.0  100.0  
1437002615  0  2927  7789000  2708  0  0  73931  0  0  2801  78796  0  4275  162  4337  2095  0  1995  4336  4275  78796  0  0  0  73931  3591865  0  0  3690553  52610  53984  97.3259292036  94.2175812582  100.0  100.0  
1437002625  0  2927  7895359  2389  0  0  64189  0  0  2801  78796  0  4027  359  4340  2095  0  1781  4339  4027  78796  0  0  0  64189  3643049  0  0  3743076  51184  52523  97.3276791601  93.7263394039  100.0  100.0  
1437002635  0  2927  7968239  2731  0  0  74604  0  0  2801  78796  0  4199  180  4340  2095  0  1959  4339  4199  78796  0  0  0  74604  3677759  0  0  3778657  34710  35581  97.3297920399  94.371615463  100.0  100.0  
1437002645  0  2940  8033817  2698  0  0  72557  0  0  2801  80273  0  4169  154  4340  2095  0  1935  4339  4169  80273  0  0  0  72557  3709255  0  0  3810993  31496  32336  97.3304070619  94.2541725816  100.0  100.0  
1437002655  0  2940  8128797  2600  0  0  68765  0  0  2801  80273  0  4133  318  4340  2098  0  1895  4339  4133  80273  0  0  0  68765  3755067  0  0  3857995  45812  47002  97.3320857077  93.98967498  100.0  100.0  
1437002666  0  2940  8233191  2696  0  0  73804  0  0  2801  80273  0  4242  174  4365  2105  0  1980  4364  4242  80273  0  0  0  73804  3805103  0  0  3909319  50036  51324  97.3341648507  94.2523440464  100.0  100.0  
1437002676  0  2981  8346799  2591  0  0  69897  0  0  2801  80353  0  4147  318  4430  2194  0  1910  4429  4147  80353  0  0  0  69897  3859717  0  0  3965393  54614  56074  97.3350434623  94.0669842769  100.0  100.0  
1437002686  0  3027  8435479  2811  0  0  76640  0  0  2801  82974  0  4288  235  4474  2222  0  2030  4473  4288  82974  0  0  0  76640  3902586  0  0  4009356  42869  43963  97.3369788066  94.4050104384  100.0  100.0  
1437002696  0  3094  8501336  2764  0  0  74518  0  0  2801  84409  0  4191  285  4474  2222  0  1963  4473  4191  84409  0  0  0  74518  3934237  0  0  4041822  31651  32466  97.3382053935  94.375855498  100.0  100.0  
1437002706  0  3176  8574296  2694  0  0  72691  0  0  2801  86515  0  4169  377  4500  2275  0  1943  4499  4169  86515  0  0  0  72691  3969096  0  0  4077576  34859  35754  97.3395958776  94.2647645513  100.0  100.0  
1437002716  0  3176  8682289  2885  0  0  78406  0  0  2801  86515  0  4407  260  4502  2275  0  2129  4501  4407  86515  0  0  0  78406  4021172  0  0  4131060  52076  53484  97.3399563308  94.3792566895  100.0  100.0  
1437002726  0  3176  8787413  2870  0  0  78453  0  0  2801  86515  0  4386  282  4519  2275  0  2110  4518  4386  86515  0  0  0  78453  4071779  0  0  4183008  50607  51948  97.3409326494  94.4093916103  100.0  100.0  
1437002736  0  3176  8894466  3037  0  0  82727  0  0  2801  86515  0  4484  140  4525  2275  0  2219  4524  4484  86515  0  0  0  82727  4122996  0  0  4235569  51217  52561  97.3421988876  94.5797623509  100.0  100.0  
1437002746  0  3176  8962141  2895  0  0  79726  0  0  2801  86515  0  4334  266  4525  2275  0  2062  4524  4334  86515  0  0  0  79726  4155546  0  0  4268908  32550  33339  97.3444731065  94.5638812934  100.0  100.0  
1437002756  0  3265  9029336  2834  0  0  76130  0  0  2801  86821  0  4243  325  4525  2340  0  2049  4524  4243  86821  0  0  0  76130  4187857  0  0  4302078  32311  33170  97.3449807279  94.4266386444  100.0  100.0  
1437002766  0  3265  9138461  3048  0  0  82967  0  0  2801  86821  0  4487  142  4525  2340  0  2254  4524  4487  86821  0  0  0  82967  4240537  0  0  4356146  52680  54068  97.3460715045  94.5918256656  100.0  100.0  
1437002776  0  3265  9240720  2899  0  0  79027  0  0  2801  86821  0  4407  321  4525  2340  0  2133  4525  4407  86821  0  0  0  79027  4289309  0  0  4406204  48772  50058  97.3470361336  94.4234249054  100.0  100.0  
1437002786  0  3265  9345811  2721  0  0  73447  0  0  2801  86821  0  4256  430  4527  2340  0  2024  4526  4256  86821  0  0  0  73447  4339775  0  0  4458005  50466  51801  97.3479168372  94.2053453511  100.0  100.0  
1437002796  0  3265  9423981  2810  0  0  76239  0  0  2801  86821  0  4287  341  4527  2340  0  2029  4526  4287  86821  0  0  0  76239  4377596  0  0  4496772  37821  38767  97.349743327  94.3768937158  100.0  100.0  
1437002806  0  3265  9490701  3047  0  0  83267  0  0  2801  86821  0  4394  205  4527  2340  0  2168  4526  4394  86821  0  0  0  83267  4409546  0  0  4529534  31950  32762  97.3509857747  94.7229995076  100.0  100.0  
1437002816  0  3265  9579001  2899  0  0  80361  0  0  2801  87097  0  4365  234  4527  2340  0  2082  4526  4365  87097  0  0  0  80361  4451875  0  0  4572986  42329  43452  97.3515991521  94.5682607235  100.0  100.0  
1437002826  0  3265  9676066  2698  0  0  73058  0  0  2801  87097  0  4290  384  4542  2340  0  1998  4541  4290  87097  0  0  0  73058  4498654  0  0  4621025  46779  48039  97.3518645755  94.1279531331  100.0  100.0  
1437002836  0  3265  9795969  2777  0  0  74942  0  0  2801  87097  0  4296  402  4542  2340  0  2033  4541  4296  87097  0  0  0  74942  4556433  0  0  4680321  57779  59296  97.3530020697  94.2675669184  100.0  100.0  
1437002846  0  3265  9885540  3012  0  0  83005  0  0  2801  87097  0  4430  217  4542  2340  0  2180  4541  4430  87097  0  0  0  83005  4599262  0  0  4724225  42829  43904  97.3548465621  94.6629721101  100.0  100.0  
1437002856  0  3265  9953886  2938  0  0  80362  0  0  2801  87097  0  4336  280  4542  2340  0  2077  4541  4336  87097  0  0  0  80362  4632082  0  0  4757870  32820  33645  97.3562119184  94.604415022  100.0  100.0  
1437002866  0  3265  10020686  2851  0  0  77505  0  0  2801  87097  0  4272  346  4542  2340  0  2027  4541  4272  87097  0  0  0  77505  4664256  0  0  4790920  32174  33050  97.3561654129  94.4880975421  100.0  100.0  
1437002876  0  3265  10131965  2871  0  0  77686  0  0  2801  87097  0  4366  242  4542  2340  0  2115  4541  4366  87097  0  0  0  77686  4717567  0  0  4845653  53311  54733  97.3566823708  94.3799397575  100.0  100.0  
1437002886  0  3265  10242470  2752  0  0  74526  0  0  2801  87097  0  4320  349  4542  2340  0  2037  4541  4320  87097  0  0  0  74526  4770623  0  0  4900123  53056  54470  97.3572091966  94.2033652685  100.0  100.0  
1437002896  0  3265  10351125  2754  0  0  74881  0  0  2801  87097  0  4268  324  4561  2340  0  2020  4560  4268  87097  0  0  0  74881  4823129  0  0  4953965  52506  53842  97.3589639814  94.3002897931  100.0  100.0  
1437002906  0  3265  10420936  2701  0  0  74051  0  0  2801  87097  0  4160  420  4561  2340  0  1914  4560  4160  87097  0  0  0  74051  4856858  0  0  4988507  33729  34542  97.3609538886  94.3822500709  100.0  100.0  
1437002916  0  3265  10486444  3125  0  0  85857  0  0  2801  87097  0  4478  85  4561  2340  0  2227  4560  4478  87097  0  0  0  85857  4887996  0  0  5020494  31138  31987  97.360857318  94.7843507227  100.0  100.0  
1437002926  0  3265  10595092  2762  0  0  73903  0  0  2801  87277  0  4263  304  4561  2340  0  2035  4560  4263  87277  0  0  0  73903  4940084  0  0  5073951  52088  53457  97.3616812618  94.2316279447  100.0  100.0  
1437002936  0  3265  10684719  2997  0  0  81686  0  0  2801  87277  0  4491  137  4561  2340  0  2208  4560  4491  87277  0  0  0  81686  4983421  0  0  5118446  43337  44495  97.3619922922  94.502117866  100.0  100.0  
1437002946  0  3265  10805560  2856  0  0  77943  0  0  2801  87277  0  4378  288  4561  2340  0  2110  4560  4378  87277  0  0  0  77943  5041177  0  0  5177709  57756  59263  97.3630808529  94.3830748111  100.0  100.0  
1437002956  0  3265  10884128  2951  0  0  80416  0  0  2801  87277  0  4398  181  4561  2340  0  2145  4560  4398  87277  0  0  0  80416  5078981  0  0  5216466  37804  38757  97.3644034103  94.5309391166  100.0  100.0  
1437002966  0  3265  10952168  2880  0  0  78748  0  0  2801  87433  0  4250  288  4561  2340  0  2051  4560  4250  87433  0  0  0  78748  5111880  0  0  5250171  32899  33705  97.3659715084  94.6030375375  100.0  100.0  
1437002976  0  3265  11035530  3016  0  0  82016  0  0  2801  87690  0  4432  99  4561  2340  0  2200  4560  4432  87690  0  0  0  82016  5152017  0  0  5291397  40137  41226  97.3659130094  94.5961763558  100.0  100.0  
1437002986  0  3265  11137782  2672  0  0  72757  0  0  2801  87690  0  4276  334  4567  2340  0  1987  4566  4276  87690  0  0  0  72757  5200719  0  0  5341395  48702  49998  97.3663059931  94.1229022637  100.0  100.0  
1437002996  0  3265  11260087  2954  0  0  81601  0  0  2801  87690  0  4438  173  4567  2340  0  2206  4566  4438  87690  0  0  0  81601  5259766  0  0  5401965  59047  60570  97.3676430706  94.56134116  100.0  100.0  
1437003006  0  3265  11347278  2805  0  0  77211  0  0  2801  87690  0  4301  293  4567  2340  0  2034  4566  4301  87690  0  0  0  77211  5301922  0  0  5445194  42156  43229  97.3688357109  94.4295501936  100.0  100.0  
1437003016  0  3265  11415283  3108  0  0  85232  0  0  2801  87690  0  4468  71  4567  2340  0  2200  4566  4468  87690  0  0  0  85232  5334374  0  0  5478479  32452  33285  97.3696166399  94.757837432  100.0  100.0  
1437003026  0  3268  11482969  2989  0  0  81920  0  0  2801  89694  0  4385  210  4579  2340  0  2143  4578  4385  89694  0  0  0  81920  5366853  0  0  5511797  32479  33318  97.3702950236  94.6472167969  100.0  100.0  
1437003036  0  3268  11592987  2844  0  0  77868  0  0  2801  89694  0  4371  383  4579  2340  0  2079  4578  4371  89694  0  0  0  77868  5419787  0  0  5566138  52934  54341  97.3706904141  94.3866543381  100.0  100.0  
1437003046  0  3268  11702978  2873  0  0  78731  0  0  2801  89694  0  4405  296  4615  2340  0  2111  4614  4405  89694  0  0  0  78731  5472774  0  0  5620526  52987  54388  97.3712068942  94.4049993014  100.0  100.0  
1437003056  0  3268  11813433  3189  0  0  86871  0  0  2801  89694  0  4575  91  4615  2340  0  2331  4614  4575  89694  0  0  0  86871  5525737  0  0  5674871  52963  54345  97.3720283686  94.7335704666  100.0  100.0  
1437003066  0  3268  11878666  2981  0  0  82278  0  0  2801  89694  0  4383  251  4615  2358  0  2143  4614  4383  89694  0  0  0  82278  5557159  0  0  5707037  31422  32166  97.3738036042  94.6729380879  100.0  100.0  
1437003076  0  3270  11945325  2893  0  0  78876  0  0  2801  90677  0  4311  305  4615  2358  0  2069  4614  4311  90677  0  0  0  78876  5589090  0  0  5739837  31931  32800  97.3736710642  94.5344591511  100.0  100.0  
1437003086  0  3272  12057747  3144  0  0  85305  0  0  2801  90677  0  4554  159  4615  2358  0  2316  4614  4554  90677  0  0  0  85305  5642985  0  0  5795160  53895  55323  97.3741018367  94.6615087041  100.0  100.0  
1437003096  0  3272  12157453  2929  0  0  79627  0  0  2801  90677  0  4429  332  4617  2379  0  2165  4616  4429  90677  0  0  0  79627  5690823  0  0  5844246  47838  49086  97.374802498  94.4378163186  100.0  100.0  
1437003106  0  3272  12263125  3173  0  0  86354  0  0  2801  90677  0  4589  127  4618  2383  0  2344  4617  4589  90677  0  0  0  86354  5741954  0  0  5896723  51131  52477  97.3753388111  94.6858281029  100.0  100.0  
1437003116  0  3272  12344045  2915  0  0  79251  0  0  2801  90677  0  4334  319  4623  2383  0  2089  4622  4334  90677  0  0  0  79251  5780919  0  0  5936643  38965  39920  97.3769013902  94.5312992896  100.0  100.0  
1437003126  0  3272  12412286  3133  0  0  87109  0  0  2801  90677  0  4504  138  4623  2383  0  2243  4622  4504  90677  0  0  0  87109  5813479  0  0  5970051  32560  33408  97.3773758382  94.8294665304  100.0  100.0  
1437003136  0  3311  12497206  3004  0  0  81499  0  0  2801  91078  0  4425  241  4623  2383  0  2194  4622  4425  91078  0  0  0  81499  5854286  0  0  6011937  40807  41886  97.3777003984  94.5704855274  100.0  100.0  
1437003146  0  3311  12597875  2776  0  0  75093  0  0  2801  91078  0  4318  425  4628  2386  0  2052  4627  4318  91078  0  0  0  75093  5902818  0  0  6061753  48532  49816  97.3780686874  94.2497969185  100.0  100.0  
1437003156  0  3311  12717160  2870  0  0  77793  0  0  2801  91078  0  4393  388  4632  2386  0  2120  4631  4393  91078  0  0  0  77793  5959758  0  0  6120214  56940  58461  97.3782616098  94.3529623488  100.0  100.0  
1437003166  0  3311  12807443  3139  0  0  86381  0  0  2801  91078  0  4530  155  4635  2386  0  2274  4634  4530  91078  0  0  0  86381  6003426  0  0  6164981  43668  44767  97.3794728646  94.7557912041  100.0  100.0  
1437003176  0  3311  12875334  3023  0  0  83396  0  0  2801  91078  0  4417  274  4635  2386  0  2158  4634  4417  91078  0  0  0  83396  6036127  0  0  6198518  32701  33537  97.3801640973  94.7035829057  100.0  100.0  
1437003186  0  3311  12940350  3208  0  0  88659  0  0  2801  91078  0  4564  101  4635  2386  0  2299  4634  4564  91078  0  0  0  88659  6067194  0  0  6230421  31067  31903  97.3801609875  94.8521864673  100.0  100.0  
1437003196  0  3311  13052469  2893  0  0  78228  0  0  2801  91078  0  4377  329  4660  2403  0  2120  4659  4377  91078  0  0  0  78228  6120954  0  0  6285584  53760  55163  97.3808320754  94.4048166897  100.0  100.0  
1437003206  0  3311  13162047  3195  0  0  86765  0  0  2801  91078  0  4588  164  4660  2403  0  2347  4659  4588  91078  0  0  0  86765  6174021  0  0  6340036  53067  54452  97.3814817455  94.7121535181  100.0  100.0  
1437003216  0  3311  13268639  2764  0  0  74825  0  0  2801  91078  0  4286  395  4660  2403  0  2027  4659  4286  91078  0  0  0  74825  6225235  0  0  6392592  51214  52556  97.3820165592  94.2719679252  100.0  100.0  
1437003226  0  3311  13338480  3236  0  0  88843  0  0  2801  91078  0  4601  74  4660  2403  0  2338  4659  4601  91078  0  0  0  88843  6258525  0  0  6426702  33290  34110  97.383152354  94.8212014452  100.0  100.0  
1437003236  0  3338  13405562  3156  0  0  87428  0  0  2801  91962  0  4492  159  4660  2403  0  2248  4659  4492  91962  0  0  0  87428  6290865  0  0  6459885  32340  33183  97.3835447535  94.8620579219  100.0  100.0  
1437003246  0  3344  13511292  3067  0  0  82678  0  0  2801  93189  0  4489  255  4660  2420  0  2255  4659  4489  93189  0  0  0  82678  6341740  0  0  6512120  50875  52235  97.3836477215  94.5705024311  100.0  100.0  
1437003256  0  3344  13599376  2891  0  0  79705  0  0  2801  93189  0  4415  368  4660  2420  0  2127  4659  4415  93189  0  0  0  79705  6383836  0  0  6555289  42096  43169  97.3845089057  94.4608242896  100.0  100.0  
1437003266  0  3344  13721070  2805  0  0  76253  0  0  2801  93189  0  4311  423  4660  2420  0  2070  4659  4311  93189  0  0  0  76253  6442306  0  0  6615298  58470  60009  97.3849704125  94.3464519429  100.0  100.0  
1437003276  0  3344  13805442  2900  0  0  80506  0  0  2801  93189  0  4351  354  4660  2420  0  2083  4659  4351  93189  0  0  0  80506  6483073  0  0  6657081  40767  41783  97.386121635  94.5954338807  100.0  100.0  
1437003286  0  3372  13873641  2859  0  0  78007  0  0  2801  93189  0  4318  371  4676  2420  0  2047  4675  4318  93189  0  0  0  78007  6515848  0  0  6690732  32775  33651  97.3861753841  94.4645993308  100.0  100.0  
1437003296  0  3372  13956245  2931  0  0  79255  0  0  2801  93189  0  4360  380  4676  2420  0  2130  4675  4360  93189  0  0  0  79255  6555273  0  0  6731171  39425  40439  97.3868142705  94.4987697937  100.0  100.0  
1437003306  0  3372  14059734  3048  0  0  83640  0  0  2801  93189  0  4517  271  4690  2420  0  2244  4689  4517  93189  0  0  0  83640  6605227  0  0  6782436  49954  51265  97.3872366802  94.5994739359  100.0  100.0  
1437003316  0  3372  14183834  2988  0  0  81705  0  0  2801  93189  0  4461  343  4690  2420  0  2198  4689  4461  93189  0  0  0  81705  6664986  0  0  6843772  59759  61336  97.3876102243  94.5401138241  100.0  100.0  
1437003326  0  3372  14270751  3182  0  0  86960  0  0  2801  93189  0  4541  206  4690  2420  0  2291  4689  4541  93189  0  0  0  86960  6706585  0  0  6886414  41599  42642  97.3886408804  94.7780588776  100.0  100.0  
1437003336  0  3372  14338935  3091  0  0  84929  0  0  2801  93189  0  4482  227  4690  2420  0  2208  4689  4482  93189  0  0  0  84929  6739328  0  0  6920012  32743  33598  97.3889640654  94.7226506847  100.0  100.0  
1437003346  0  3379  14406371  2944  0  0  80030  0  0  2801  93587  0  4369  326  4690  2420  0  2111  4689  4369  93587  0  0  0  80030  6771790  0  0  6953305  32462  33293  97.3895147703  94.540797201  100.0  100.0  
1437003357  0  3379  14523208  2943  0  0  80307  0  0  2801  93587  0  4423  401  4690  2420  0  2163  4689  4423  93587  0  0  0  80307  6828138  0  0  7011139  56348  57834  97.3898534889  94.4923854708  100.0  100.0  
1437003367  0  3379  14628844  2963  0  0  78817  0  0  2801  93587  0  4380  409  4690  2508  0  2172  4689  4380  93587  0  0  0  78817  6878543  0  0  7062877  50405  51738  97.3901003798  94.4428232488  100.0  100.0  
1437003377  0  3379  14737314  3182  0  0  86485  0  0  2801  93587  0  4589  150  4731  2508  0  2316  4730  4589  93587  0  0  0  86485  6930878  0  0  7116577  52335  53700  97.390613493  94.693877551  100.0  100.0  
1437003387  0  3390  14804438  3036  0  0  83074  0  0  2801  93869  0  4425  339  4735  2508  0  2161  4734  4425  93869  0  0  0  83074  6963205  0  0  7149699  32327  33122  97.3915824988  94.6734236945  100.0  100.0  
1437003397  0  3472  14869424  3168  0  0  87602  0  0  2801  96287  0  4520  230  4735  2508  0  2272  4734  4520  96287  0  0  0  87602  6994304  0  0  7181588  31099  31889  97.3921645185  94.8403004498  100.0  100.0  
1437003407  0  3563  14979585  3563  0  0  97399  0  0  2801  97399  0  4858  1  4859  2588  0  2588  4858  4858  97399  0  0  0  97399  7047516  0  0  7236231  53212  54643  97.3920815961  95.0122691198  100.0  100.0  
1437003417  0  3600  15066642  3307  0  0  91119  0  0  2801  99041  0  4735  253  4906  2625  0  2437  4905  4735  99041  0  0  0  91119  7089350  0  0  7279162  41834  42931  97.3923921462  94.8034987215  100.0  100.0  
1437003427  0  3600  15184779  3121  0  0  85443  0  0  2801  99041  0  4561  469  4906  2625  0  2307  4905  4561  99041  0  0  0  85443  7146197  0  0  7337490  56847  58328  97.3929368217  94.6619383683  100.0  100.0  
1437003437  0  3600  15268952  3259  0  0  89766  0  0  2801  99041  0  4615  392  4906  2625  0  2330  4905  4615  99041  0  0  0  89766  7186390  0  0  7378677  40193  41187  97.3940179249  94.8588552459  100.0  100.0  
1437003447  0  3649  15336506  3391  0  0  93143  0  0  2801  100702  0  4662  244  4906  2625  0  2421  4905  4662  100702  0  0  0  93143  7219034  0  0  7412161  32644  33484  97.3944575678  94.9947929528  100.0  100.0  
1437003457  0  3674  15427657  3413  0  0  93598  0  0  2801  101023  0  4718  189  4906  2644  0  2477  4905  4718  101023  0  0  0  93598  7262914  0  0  7457179  43880  45018  97.3949264192  94.959294002  100.0  100.0  
1437003467  0  3674  15522346  3278  0  0  90450  0  0  2801  101023  0  4692  295  4913  2657  0  2405  4912  4692  101023  0  0  0  90450  7308152  0  0  7503622  45238  46443  97.3949913788  94.8126036484  100.0  100.0  
1437003477  0  3674  15648370  3215  0  0  88183  0  0  2801  101023  0  4614  404  4913  2657  0  2357  4912  4614  101023  0  0  0  88183  7368780  0  0  7565838  60628  62216  97.3954240099  94.7676989896  100.0  100.0  
1437003487  0  3674  15733156  3336  0  0  92906  0  0  2801  101023  0  4707  272  4913  2657  0  2432  4912  4707  101023  0  0  0  92906  7409761  0  0  7607858  40981  42020  97.3961527673  94.9335887887  100.0  100.0  
1437003497  0  3674  15805872  3339  0  0  92080  0  0  2801  101023  0  4647  340  4913  2657  0  2386  4912  4647  101023  0  0  0  92080  7444796  0  0  7643779  35035  35921  97.3967981021  94.953301477  100.0  100.0  
1437003507  0  3674  15876838  3232  0  0  90169  0  0  2801  101023  0  4596  373  4913  2657  0  2317  4912  4596  101023  0  0  0  90169  7478508  0  0  7678396  33712  34617  97.3967479666  94.9029045459  100.0  100.0  
1437003517  0  3674  15986146  3410  0  0  93889  0  0  2801  101023  0  4781  156  4913  2657  0  2492  4912  4781  101023  0  0  0  93889  7531216  0  0  7732493  52708  54097  97.3969973203  94.9078166771  100.0  100.0  
1437003527  0  3674  16087184  3212  0  0  88176  0  0  2801  101023  0  4623  400  4917  2657  0  2358  4916  4623  101023  0  0  0  88176  7579858  0  0  7782402  48642  49909  97.3974102083  94.7570767556  100.0  100.0  
1437003537  0  3674  16202592  3236  0  0  86273  0  0  2801  101023  0  4544  437  4917  2657  0  2352  4916  4544  101023  0  0  0  86273  7635028  0  0  7839005  55170  56603  97.3979223128  94.7329987366  100.0  100.0  
1437003547  0  3674  16269759  3426  0  0  93992  0  0  2801  101023  0  4724  254  4917  2657  0  2465  4916  4724  101023  0  0  0  93992  7667407  0  0  7872220  32379  33215  97.3982815521  94.9740403439  100.0  100.0  
1437003557  0  3674  16335969  3296  0  0  90898  0  0  2801  101258  0  4607  288  4917  2657  0  2362  4916  4607  101258  0  0  0  90898  7699293  0  0  7904942  31886  32722  97.3984755359  94.9316816652  100.0  100.0  
1437003567  0  3693  16446782  3465  0  0  96314  0  0  2801  102363  0  4816  145  4917  2657  0  2539  4916  4816  102363  0  0  0  96314  7752686  0  0  7959733  53393  54791  97.3988197845  94.9996885188  100.0  100.0  
1437003577  0  3693  16531615  2931  0  0  81212  0  0  2801  102363  0  4481  608  4917  2657  0  2162  4916  4481  102363  0  0  0  81212  7793110  0  0  8001228  40424  41495  97.3989242651  94.482342511  100.0  100.0  
