#type:G;
#time  Rt  Nm  Tt  Nc  Rx  Gz  Pc  Pf  Ra  Te  Pm  Fp  Fc  Ta  Fm  Om  Lm  Oc  Sm  Sc  Em  Af  Ea  Cf  Ec  Gd  Zt  Et  Ep  dedup_put_diff  total_eph_put_diff  dedup_factor  dedup_curr  compression_saving  tze_saving  
1436796177  454  1863  29473421  0  0  0  0  0  454  5246  27310  0  0  27896  27310  1888  0  0  0  0  27310  0  13066381  2147483651  0  0  0  13068634  14002287  0  14002287  0.0  
1436796187  454  1863  29504422  228  0  0  2920  0  454  5524  27310  0  2920  24855  27310  1888  0  239  0  0  27310  0  13066381  2147483651  2920  0  0  13068634  14005261  0  2974  0.0  100.0  
1436796199  454  1863  29537769  199  0  0  3311  0  454  5524  27310  0  3311  24454  27310  1888  0  191  0  0  27310  0  13066381  2147483651  3311  0  0  13068634  14005964  0  703  0.0  100.0  
1436796219  454  1863  29676742  119  0  0  3213  0  454  5524  27310  0  3213  24570  27310  1888  0  49  0  0  27310  0  13066381  2147483651  3213  0  0  13068634  14009021  0  3057  0.0  100.0  
1436796229  454  1863  29694643  237  0  0  5669  0  454  5524  27310  0  5669  22030  27310  1888  0  153  0  0  27310  0  13066381  2147483651  5669  0  0  13068634  14016380  0  7359  0.0  100.0  
1436796239  454  1863  29734985  1032  0  0  18113  0  454  5524  27310  0  18113  9104  27310  1888  0  951  0  0  27310  0  13066381  2147483651  18113  0  0  13068634  14036278  0  19898  0.0  100.0  
1436796249  454  1863  29806606  1727  0  0  27282  0  454  5524  27310  0  27282  1  27310  1888  0  1712  0  0  27310  0  13089774  2147483651  27282  0  0  13092041  14070265  0  33987  0.0  100.0  
1436796259  454  1863  29888550  1636  0  0  27280  0  454  5524  27310  0  27280  5  27310  1888  0  1639  0  0  27310  0  13126277  2147483651  27280  0  0  13128549  14108334  0  38069  0.0  100.0  
1436796269  454  1863  29940605  1669  0  0  27271  0  454  5524  27310  0  27271  16  27310  1888  0  1648  0  0  27310  0  13150184  2147483651  27271  0  0  13152458  14133454  0  25120  0.0  100.0  
1436796279  454  1863  29976403  1703  0  0  27285  0  454  5524  27310  0  27285  2  27310  1888  0  1684  0  0  27310  0  13166102  2147483651  27285  0  0  13168377  14150539  0  17085  0.0  100.0  
1436796289  454  1863  30023965  1636  0  0  27281  0  454  5524  27310  0  27281  4  27310  1888  0  1609  0  0  27310  0  13187336  2147483651  27281  0  0  13189612  14173241  0  22702  0.0  100.0  
1436796299  454  1863  30063870  1680  0  0  27284  0  454  5524  27310  0  27284  1  27310  1888  0  1664  0  0  27310  0  13203975  2147483651  27284  0  0  13206253  14191547  0  18306  0.0  100.0  
1436796309  454  1863  30259991  1567  0  0  27062  0  454  5524  27310  0  27062  217  27310  1888  0  1569  0  0  27310  0  13287192  2147483651  27062  0  0  13289474  14285790  0  94243  0.0  100.0  
1436796319  454  1863  30395507  1632  0  0  27285  0  454  5524  27310  0  27285  2  27310  1888  0  1613  0  0  27310  0  13341017  2147483651  27285  0  0  13343300  14350309  0  64519  0.0  100.0  
1436796329  454  1863  30793383  1631  0  0  27157  0  454  5524  27310  0  27157  131  27310  1888  0  1609  0  0  27310  0  13514181  2147483651  27157  0  0  13516466  14541683  0  191374  0.0  100.0  
1436796339  454  1863  30847399  1701  0  0  27283  0  454  5524  27310  0  27283  3  27310  1888  0  1688  0  0  27310  0  13536247  2147483651  27283  0  0  13538538  14566230  0  24547  0.0  100.0  
1436796349  454  1863  31084491  1676  0  0  27283  0  454  5524  27310  0  27283  2  27310  1888  0  1656  0  0  27310  0  13646206  2147483651  27283  0  0  13648501  14680657  0  114427  0.0  100.0  
1436796359  454  1863  31240405  1725  0  0  27273  0  454  5524  27310  0  27273  13  27310  1888  0  1708  0  0  27310  0  13716362  2147483651  27273  0  0  13718658  14754511  0  73854  0.0  100.0  
1436796369  454  1863  31313797  1701  0  0  27272  0  454  5524  27310  0  27272  12  27310  1888  0  1699  0  0  27310  0  13749583  2147483651  27272  0  0  13751883  14788961  0  34450  0.0  100.0  
1436796379  454  1863  31369300  1629  0  0  27281  0  454  5524  27310  0  27281  4  27310  1888  0  1635  0  0  27310  0  13774210  2147483651  27281  0  0  13776511  14814783  0  25822  0.0  100.0  
1436796389  454  1863  31424027  1696  0  0  27284  0  454  5524  27310  0  27284  2  27310  1888  0  1675  0  0  27310  0  13798965  2147483651  27284  0  0  13801269  14840193  0  25410  0.0  100.0  
1436796399  454  1863  31462111  1690  0  0  27268  0  454  5524  27310  0  27268  20  27310  1888  0  1669  0  0  27310  0  13816034  2147483651  27268  0  0  13818343  14857918  0  17725  0.0  100.0  
1436796409  454  1863  31524458  1697  0  0  27269  0  454  5524  27310  0  27269  19  27310  1888  0  1695  0  0  27310  0  13844337  2147483651  27269  0  0  13846652  14886694  0  28776  0.0  100.0  
1436796419  454  1863  31620632  1738  0  0  27284  0  454  5524  27310  0  27284  2  27310  1888  0  1720  0  0  27310  0  13887775  2147483651  27284  0  0  13890096  14931733  0  45039  0.0  100.0  
1436796429  454  1863  32120514  1654  0  0  27287  0  454  5524  27310  0  27287  5  27310  1888  0  1639  0  0  27310  0  14117900  2147483651  27287  0  0  14120225  15173417  0  241684  0.0  100.0  
1436796439  454  1863  32527515  1676  0  0  27291  0  454  5524  27310  0  27291  2  27310  1888  0  1649  0  0  27310  0  14303258  2147483651  27291  0  0  14305588  15369222  0  195805  0.0  100.0  
1436796449  454  1863  32961215  1676  0  0  27293  0  454  5524  27310  0  27293  3  27310  1888  0  1660  0  0  27310  0  14502652  2147483651  27293  0  0  14504992  15578037  0  208815  0.0  100.0  
1436796459  454  1863  33005885  1755  0  0  27272  0  454  5524  27310  0  27272  16  27310  1888  0  1734  0  0  27310  0  14522203  2147483651  27272  0  0  14524549  15598330  0  20293  0.0  100.0  
1436796469  454  1863  33319748  1659  0  0  27293  0  454  5524  27310  0  27293  2  27310  1888  0  1645  0  0  27310  0  14667856  2147483651  27293  0  0  14670218  15750393  0  152063  0.0  100.0  
1436796479  454  1863  33424350  1728  0  0  27286  0  454  5524  27310  0  27286  2  27310  1888  0  1712  0  0  27310  0  14713907  2147483651  27286  0  0  14716279  15798811  0  48418  0.0  100.0  
1436796489  454  1863  33488488  1652  0  0  27287  0  454  5524  27310  0  27287  2  27310  1888  0  1662  0  0  27310  0  14742648  2147483651  27287  0  0  14745027  15828434  0  29623  0.0  100.0  
1436796499  454  1863  33536038  1671  0  0  27286  0  454  5524  27310  0  27286  5  27310  1888  0  1674  0  0  27310  0  14764236  2147483651  27286  0  0  14766618  15850501  0  22067  0.0  100.0  
1436796509  454  1863  33741230  1730  0  0  27285  0  454  5524  27310  0  27285  6  27310  1888  0  1707  0  0  27310  0  14860747  2147483651  27285  0  0  14863137  15949119  0  98618  0.0  100.0  
1436796519  454  1863  33954301  1679  0  0  27294  0  454  5524  27310  0  27294  2  27310  1888  0  1660  0  0  27310  0  14959287  2147483651  27294  0  0  14961677  16051504  0  102385  0.0  100.0  
1436796529  454  1863  34011551  1668  0  0  27276  0  454  5524  27310  0  27276  19  27310  1888  0  1664  0  0  27310  0  14984834  2147483651  27276  0  0  14987228  16077971  0  26467  0.0  100.0  
1436796539  454  1863  34122697  1710  0  0  27281  0  454  5524  27310  0  27281  8  27310  1888  0  1698  0  0  27310  0  15036523  2147483651  27281  0  0  15038925  16130801  0  52830  0.0  100.0  
1436796549  454  1863  34599010  1642  0  0  27231  0  454  5524  27310  0  27231  61  27310  1888  0  1631  0  0  27310  0  15258994  2147483651  27231  0  0  15261402  16360961  0  230160  0.0  100.0  
1436796559  454  1863  35104076  1711  0  0  27293  0  454  5524  27310  0  27293  3  27310  1888  0  1699  0  0  27310  0  15494787  2147483651  27293  0  0  15497202  16604194  0  243233  0.0  100.0  
1436796569  454  1863  35749603  1640  0  0  27296  0  454  5524  27310  0  27296  2  27310  1888  0  1623  0  0  27310  0  15796368  2147483651  27296  0  0  15798793  16915752  0  311558  0.0  100.0  
1436796579  454  1863  35803672  1685  0  0  27275  0  454  5524  27310  0  27275  23  27310  1888  0  1673  0  0  27310  0  15820058  2147483651  27275  0  0  15822485  16941251  0  25499  0.0  100.0  
1436796589  454  1863  36093058  1663  0  0  27295  0  454  5524  27310  0  27295  2  27310  1888  0  1643  0  0  27310  0  15955171  2147483651  27295  0  0  15957601  17080372  0  139121  0.0  100.0  
1436796599  454  1863  36197404  1733  0  0  27268  0  454  5524  27310  0  27268  23  27310  1888  0  1712  0  0  27310  0  16001533  2147483651  27268  0  0  16003970  17129483  0  49111  0.0  100.0  
1436796609  454  1863  36268854  1713  0  0  27283  0  454  5524  27310  0  27283  7  27310  1888  0  1716  0  0  27310  0  16034161  2147483651  27283  0  0  16036609  17163269  0  33786  0.0  100.0  
1436796619  454  1863  36322231  1636  0  0  27288  0  454  5524  27310  0  27288  6  27310  1888  0  1645  0  0  27310  0  16057945  2147483651  27288  0  0  16060411  17187806  0  24537  0.0  100.0  
1436796629  454  1863  36383519  1715  0  0  27292  0  454  5524  27310  0  27292  2  27310  1888  0  1688  0  0  27310  0  16085547  2147483651  27292  0  0  16088021  17216051  0  28245  0.0  100.0  
1436796639  454  1863  36739672  1661  0  0  27293  0  454  5524  27310  0  27293  2  27310  1888  0  1642  0  0  27310  0  16252367  2147483651  27293  0  0  16254844  17388742  0  172691  0.0  100.0  
1436796649  454  1863  36793263  1680  0  0  27293  0  454  5524  27310  0  27293  2  27310  1888  0  1670  0  0  27310  0  16275055  2147483651  27293  0  0  16277542  17412657  0  23915  0.0  100.0  
1436796659  454  1863  36845582  1707  0  0  27293  0  454  5524  27310  0  27293  2  27310  1888  0  1694  0  0  27310  0  16298712  2147483651  27293  0  0  16301210  17437258  0  24601  0.0  100.0  
1436796669  454  1863  37153838  1660  0  0  27294  0  454  5524  27310  0  27294  2  27310  1888  0  1644  0  0  27310  0  16441612  2147483651  27294  0  0  16444120  17585548  0  148290  0.0  100.0  
1436796679  454  1863  37456751  1680  0  0  27293  0  454  5524  27310  0  27293  2  27310  1888  0  1661  0  0  27310  0  16581464  2147483651  27293  0  0  16583975  17731102  0  145554  0.0  100.0  
1436796689  454  1863  38098120  1631  0  0  27292  0  454  5524  27310  0  27292  2  27310  1888  0  1634  0  0  27310  0  16880047  2147483651  27292  0  0  16882564  18041609  0  310507  0.0  100.0  
1436796699  454  1863  38572225  1635  0  0  27290  0  454  5524  27310  0  27290  7  27310  1888  0  1625  0  0  27310  0  17102681  2147483651  27290  0  0  17105205  18270416  0  228807  0.0  100.0  
1436796709  454  1863  38624512  1717  0  0  27239  0  454  5524  27310  0  27239  58  27310  1888  0  1704  0  0  27310  0  17125558  2147483651  27239  0  0  17128085  18294571  0  24155  0.0  100.0  
1436796719  454  1863  38916962  1663  0  0  27290  0  454  5524  27310  0  27290  9  27310  1888  0  1644  0  0  27310  0  17262209  2147483651  27290  0  0  17264743  18435802  0  141231  0.0  100.0  
1436796729  454  1863  39004463  1714  0  0  27285  0  454  5524  27310  0  27285  7  27310  1888  0  1688  0  0  27310  0  17301612  2147483651  27285  0  0  17304149  18476872  0  41070  0.0  100.0  
1436796739  454  1863  39069796  1711  0  0  27288  0  454  5524  27310  0  27288  2  27310  1888  0  1709  0  0  27310  0  17331224  2147483651  27288  0  0  17333768  18507733  0  30861  0.0  100.0  
1436796749  454  1863  39134727  1649  0  0  27278  0  454  5524  27310  0  27278  13  27310  1888  0  1656  0  0  27310  0  17360790  2147483651  27278  0  0  17363335  18538254  0  30521  0.0  100.0  
1436796759  454  1863  39191768  1700  0  0  27289  0  454  5524  27310  0  27289  3  27310  1888  0  1685  0  0  27310  0  17386236  2147483651  27289  0  0  17388789  18564383  0  26129  0.0  100.0  
1436796769  454  1863  39544652  1693  0  0  27289  0  454  5524  27310  0  27289  3  27310  1888  0  1667  0  0  27310  0  17551068  2147483651  27289  0  0  17553625  18735221  0  170838  0.0  100.0  
1436796779  454  1863  39594049  1686  0  0  27289  0  454  5524  27310  0  27289  4  27310  1888  0  1671  0  0  27310  0  17572787  2147483651  27289  0  0  17575348  18758323  0  23102  0.0  100.0  
1436796790  454  1863  39646901  1699  0  0  27288  0  454  5524  27310  0  27288  8  27310  1888  0  1684  0  0  27310  0  17596058  2147483651  27288  0  0  17598624  18782152  0  23829  0.0  100.0  
1436796800  454  1863  39819801  1647  0  0  27284  0  454  5524  27310  0  27284  7  27310  1888  0  1651  0  0  27310  0  17677279  2147483651  27284  0  0  17679850  18865708  0  83556  0.0  100.0  
1436796810  454  1863  40237891  1666  0  0  27274  0  454  5524  27310  0  27274  24  27310  1888  0  1643  0  0  27310  0  17871827  2147483651  27274  0  0  17874406  19067300  0  201592  0.0  100.0  
1436796820  454  1863  40733657  1708  0  0  27296  0  454  5524  27310  0  27296  2  27310  1888  0  1694  0  0  27310  0  18102878  2147483651  27296  0  0  18105463  19306094  0  238794  0.0  100.0  
1436796830  454  1863  41318228  1686  0  0  27280  0  454  5524  27310  0  27280  18  27310  1888  0  1664  0  0  27310  0  18374118  2147483651  27280  0  0  18376709  19588356  0  282262  0.0  100.0  
1436796840  454  1863  41428701  1680  0  0  27233  0  454  5524  27310  0  27233  63  27310  1888  0  1667  0  0  27310  0  18424419  2147483651  27233  0  0  18427016  19640508  0  52152  0.0  100.0  
