#Type:X;CI:3;ww:0;ca:0;co:1;fr:0;Type:X;CI:3;PI:0;PT:EP;U0:0;U1:0;Type:X;CI:3;PI:1;PT:EP;U0:0;U1:0;
#time  Pp  gt  gs  cn  cm  cb  Nc  Pc  cp  Tc  Nm  pr  ps  pt  px  pd  Pm  Om  fs  ft  Oc  Em  Gp  Ec  Ge  ot  os  Total_cycles_diff  Successful_get_diff  Total_get_diff  succ_put_diff  total_put_diff  get_hit  
1439926117  0  0  0  0  0  0  0  0  0  4236445  0  0  0  0  0  0  0  0  0  21  0  0  0  0  0  46  0  4236445  0  0  0  0  
1439926127  0  0  0  0  0  0  0  0  0  4240757  0  0  0  0  0  0  0  0  0  21  0  0  0  0  0  46  0  4312  0  0  0  0  0 
1439926137  0  505  327  13  5  6485911  190  2754  2748  272963300  233  0  3422  3427  5  0  3422  352  0  130  200  3422  0  2754  327  2588  114  268722543  327  505  3422  3427  64.7524752475  
1439926147  0  505  327  32  17  7459190  218  3155  3130  358879898  233  0  3823  3840  17  0  3422  352  0  4711  236  3422  0  3155  327  2588  114  85916598  0  0  401  413  64.7524752475  
1439926157  0  506  328  32  17  7458514  218  3154  3129  374794369  233  0  3823  3840  17  0  3422  352  0  21996  235  3422  0  3154  328  2588  114  15914471  1  1  0  0  64.8221343874  
1439926167  0  506  328  32  17  7458514  218  3154  3129  399852590  233  0  3823  3840  17  0  3422  352  0  50363  235  3422  0  3154  328  2588  114  25058221  0  0  0  0  64.8221343874  
1439926177  0  1604  419  37  18  6990981  128  2863  2833  480611849  233  0  4574  4592  18  0  3422  352  0  94299  99  3422  0  2863  419  2865  248  80759259  91  1098  751  752  26.1221945137  
1439926187  0  9588  438  37  18  6560943  133  3157  3127  521584348  233  0  5056  5074  18  0  3422  352  0  112936  94  3422  0  3157  438  3093  268  40972499  19  7984  482  482  4.56821026283  
1439926197  0  17290  438  37  18  6598200  186  4250  4220  577874503  233  0  6149  6167  18  0  4250  352  0  130915  138  4250  0  4250  438  3287  268  56290155  0  7702  1093  1093  2.53325621747  
1439926207  0  23052  442  37  18  6138522  201  4564  4534  612755800  233  0  6654  6672  18  0  4564  352  0  144065  145  4564  0  4564  442  3508  282  34881297  4  5762  505  505  1.91740412979  
1439926217  0  32026  442  37  19  6498127  348  9011  8981  749806911  348  0  11101  11120  19  0  9011  352  0  160292  238  9011  0  9011  442  3949  282  137051111  0  8974  4447  4448  1.38012864548  
1439926227  0  38014  1298  37  19  6662869  519  13761  13731  971243564  522  0  17648  17667  19  0  13837  352  0  166663  326  13837  0  13761  1298  4099  300  221436653  856  5988  6547  6547  3.4145314884  
1439926237  0  45277  2722  37  19  6902750  731  21138  21108  1341298570  731  0  28413  28432  19  0  21138  441  2  175711  441  21138  0  21138  2722  4329  334  370055006  1424  7263  10765  10765  6.0118824127  
1439926247  0  49919  4248  37  19  6984633  820  23711  23681  1579317919  823  0  33603  33622  19  0  23829  473  5  182797  472  23829  0  23711  4248  4472  355  238019349  1526  4642  5190  5190  8.50978585308  
1439926257  0  55003  5021  37  19  7101179  917  27257  27227  1795772001  918  0  39516  39535  19  0  27257  517  6  188326  517  27257  0  27257  5021  4605  378  216454082  773  5084  5913  5913  9.12859298584  
1439926267  0  62724  7210  37  19  7212054  1048  31879  31849  2077934503  1050  0  48732  48751  19  0  31907  574  44  198964  573  31907  0  31879  7210  4863  421  282162502  2189  7721  9216  9216  11.4948026274  
1439926277  0  67493  8899  37  19  7231966  1128  34090  34060  2310694826  1128  0  54710  54729  19  0  34091  617  74  205834  616  34091  0  34090  8899  5036  450  232760323  1689  4769  5978  5978  13.1850710444  
1439926287  0  72824  11271  37  19  7293988  1206  36088  36058  2651875673  1206  0  61083  61102  19  0  36088  650  98  211820  650  36088  0  36088  11271  5187  483  341180847  2372  5331  6373  6373  15.4770405361  
1439926297  0  77421  12961  37  19  7306731  1211  36446  36416  2888949918  1215  0  65653  65672  19  0  36593  656  122  219259  652  36593  0  36446  12961  5348  518  237074245  1690  4597  4570  4570  16.7409359218  
1439926307  0  82281  14302  37  19  7383967  1289  38513  38483  3113531005  1292  0  70772  70791  19  0  38540  705  148  225793  704  38540  0  38513  14302  5498  548  224581087  1341  4860  5119  5119  17.3818986157  
1439926317  0  87668  16672  37  19  7416663  1318  39433  39403  3400439735  1327  0  75776  75795  19  0  39522  733  169  233611  727  39522  0  39433  16672  5658  572  286908730  2370  5387  5004  5004  19.0172012593  
1439926327  0  91956  18404  37  19  7417954  1323  39936  39906  3648626823  1335  0  79445  79464  19  0  40186  737  188  241104  735  40186  0  39936  18404  5819  599  248187088  1732  4288  3669  3669  20.0139197007  
1439926337  0  96914  20114  37  19  7533850  1416  43704  43674  3956696841  1424  0  86764  86783  19  0  43889  792  216  246932  786  43889  0  43704  20114  6001  632  308070018  1710  4958  7319  7319  20.7544833564  
1439926347  0  101064  22231  37  19  7556027  1420  44569  44539  4197146129  1438  0  91591  91610  19  0  44826  792  245  253632  773  44826  0  44569  22231  6161  668  240449288  2117  4150  4827  4827  21.9969524262  
1439926357  0  106302  23985  37  19  7568474  1449  45021  44991  4428707621  1455  0  96890  96909  19  0  45021  792  274  261754  786  45021  0  45021  23985  6333  715  231561492  1754  5238  5299  5299  22.5630750127  
1439926367  0  110559  25933  37  19  7573039  1475  45284  45254  4666040137  1478  0  101479  101498  19  0  45758  802  301  268522  793  45758  0  45284  25933  6485  753  237332516  1948  4257  4589  4589  23.4562541268  
1439926377  0  116082  29083  37  19  7546388  1444  44291  44261  5004518628  1479  0  106488  106507  19  0  45758  802  328  276135  792  45758  0  44291  29083  6663  798  338478491  3150  5523  5009  5009  25.0538412502  
1439926387  0  119493  31021  37  19  7542643  1443  44199  44169  5230256587  1479  0  110309  110328  19  0  45758  802  352  283196  789  45758  0  44199  31021  6836  835  225737959  1938  3411  3821  3821  25.9605165156  
1439926397  0  125228  32979  37  19  7562932  1454  44852  44822  5474492620  1479  0  115270  115289  19  0  45758  802  376  291077  799  45758  0  44852  32979  7013  872  244236033  1958  5735  4961  4961  26.3351646597  
1439926407  0  130384  35396  37  19  7607557  1502  46236  46206  5762818498  1511  0  121424  121443  19  0  46765  827  402  297610  823  46765  0  46236  35396  7191  909  288325878  2417  5156  6154  6154  27.1475027611  
1439926417  0  134746  37253  37  19  7700539  1536  46536  46506  5992646952  1539  0  125312  125331  19  0  47045  846  424  305373  843  47045  0  46536  37253  7366  942  229828454  1857  4362  3888  3888  27.6468318169  
1439926427  0  138542  38928  37  19  7710549  1528  46862  46832  6204895579  1547  0  129989  130008  19  0  47045  852  447  310856  833  47045  0  46862  38928  7521  983  212248627  1675  3796  4677  4677  28.09833841  
1439926437  0  144444  41941  37  19  7941260  1561  48343  48313  6554387134  1564  0  136248  136267  19  0  48548  852  473  318382  845  48548  0  48343  41941  7711  1022  349491555  3013  5902  6259  6259  29.0361662651  
1439926447  0  150498  45053  37  19  7974842  1542  48446  48416  6894786525  1564  0  141375  141394  19  0  48612  852  492  327920  838  48612  0  48446  45053  7922  1058  340399391  3112  6054  5127  5127  29.9359459926  
1439926457  0  154294  46855  37  19  7987865  1571  48932  48902  7105144381  1580  0  145132  145151  19  0  49209  852  520  333890  849  49209  0  48932  46855  8074  1083  210357856  1802  3796  3757  3757  30.3673506423  
1439926467  0  158822  48986  37  19  7999001  1583  49362  49332  7391329253  1587  0  150216  150235  19  0  49433  852  547  338911  844  49433  0  49362  48986  8211  1121  286184872  2131  4528  5084  5084  30.8433340469  
1439926477  0  164940  51743  37  19  8039366  1635  50684  50654  7745190022  1639  0  156899  156918  19  0  50743  870  576  346840  868  50743  0  50684  51743  8407  1168  353860769  2757  6118  6683  6683  31.3708015036  
1439926487  0  169437  54307  37  19  8023077  1629  50285  50255  7972604515  1643  0  160507  160526  19  0  50857  870  593  354285  846  50857  0  50285  54307  8591  1197  227414493  2564  4497  3608  3608  32.0514409486  
1439926497  0  174990  56994  37  19  8016933  1604  50025  49995  8268674560  1643  0  164943  164962  19  0  50857  870  618  362443  838  50857  0  50025  56994  8767  1231  296070045  2687  5553  4436  4436  32.5698611349  
1439926507  0  180849  60404  37  19  8026558  1607  50399  50369  8715384266  1643  0  172938  172957  19  0  50857  870  644  370888  842  50857  0  50399  60404  9034  1293  446709706  3410  5859  7995  7995  33.4002399792  
1439926518  0  185357  63002  37  19  8008105  1598  49870  49840  9004711454  1643  0  176992  177011  19  0  50857  870  667  377960  843  50857  0  49870  63002  9196  1333  289327188  2598  4508  4054  4054  33.9895445006  
1439926528  0  188752  64976  37  19  7986867  1568  49406  49376  9242300619  1643  0  180567  180586  19  0  50857  870  674  383752  808  50857  0  49406  64976  9355  1366  237589165  1974  3395  3575  3575  34.4240061032  
1439926538  0  193386  67834  37  19  7991317  1594  49460  49430  9517336739  1643  0  185354  185373  19  0  50857  870  704  391030  826  50857  0  49460  67834  9521  1401  275036120  2858  4634  4787  4787  35.0769962665  
1439926548  0  198320  70346  37  19  8005150  1597  49964  49934  9826030495  1643  0  190195  190214  19  0  50857  870  725  398464  820  50857  0  49964  70346  9715  1437  308693756  2512  4934  4841  4841  35.4709560307  
1439926558  0  201963  71970  37  19  8008350  1604  49909  49879  10012708836  1643  0  193460  193479  19  0  50857  870  755  403722  833  50857  0  49909  71970  9820  1459  186678341  1624  3643  3265  3265  35.6352401182  
1439926568  0  208050  75264  37  19  8008087  1600  49914  49884  10382873535  1643  0  199442  199461  19  0  50857  870  787  412131  828  50857  0  49914  75264  10041  1506  370164699  3294  6087  5982  5982  36.1759192502  
1439926578  0  211705  76883  37  19  8065938  1653  51736  51706  10646216216  1653  0  204679  204698  19  0  51736  870  807  418456  849  51736  0  51736  76883  10220  1541  263342681  1619  3655  5237  5237  36.3161002338  
1439926588  0  215048  78549  37  19  8031342  1613  50647  50617  10843846350  1656  0  207721  207740  19  0  51926  870  822  423097  834  51926  0  50647  78549  10334  1570  197630134  1666  3343  3042  3042  36.5262639039  
1439926598  0  219315  81430  37  19  7996118  1590  49573  49543  11095363789  1656  0  211579  211598  19  0  51926  870  841  429097  819  51926  0  49573  81430  10469  1603  251517439  2881  4267  3858  3858  37.1292433258  
1439926608  0  223136  83360  37  19  7993526  1611  49521  49491  11316856856  1656  0  214804  214823  19  0  51926  870  860  435577  830  51926  0  49521  83360  10623  1629  221493067  1930  3821  3225  3225  37.3583823319  
1439926618  0  227939  86154  37  19  7961893  1590  48423  48393  11600318441  1656  0  218259  218278  19  0  51926  870  877  442598  831  51926  0  48423  86154  10751  1657  283461585  2794  4803  3455  3455  37.7969544483  
1439926628  0  231727  88107  37  19  7969003  1601  48616  48586  11822525807  1656  0  222273  222292  19  0  51926  870  902  447815  840  51926  0  48616  88107  10891  1687  222207366  1953  3788  4014  4014  38.0218964557  
1439926638  0  237392  91773  37  19  7941465  1568  47502  47472  12201381749  1656  0  227404  227423  19  0  51926  870  923  455730  837  51926  0  47502  91773  11075  1728  378855942  3666  5665  5131  5131  38.658842758  
1439926648  0  240669  93456  37  19  7975834  1590  48756  48726  12396948219  1656  0  231732  231751  19  0  51926  870  932  460518  833  51926  0  48756  93456  11206  1752  195566470  1683  3277  4328  4328  38.8317564788  
1439926658  0  246215  96879  37  19  7984511  1593  48994  48964  12749108955  1656  0  237542  237561  19  0  51926  870  956  468751  837  51926  0  48994  96879  11424  1794  352160736  3423  5546  5810  5810  39.3473184006  
1439926668  0  249295  98754  37  19  7989760  1612  49193  49163  12950592786  1656  0  240649  240668  19  0  51926  870  975  473737  842  51926  0  49193  98754  11542  1816  201483831  1875  3080  3107  3107  39.6133095329  
1439926678  0  254868  102162  37  19  7996003  1622  49424  49394  13300019393  1656  0  246854  246873  19  0  51926  870  1007  481377  844  51926  0  49424  102162  11744  1866  349426607  3408  5573  6205  6205  40.0842789209  
1439926688  0  259403  104847  37  19  7977120  1604  48852  48822  13569832107  1656  0  251317  251336  19  0  51926  870  1028  488238  834  51926  0  48852  104847  11912  1896  269812714  2685  4535  4463  4463  40.4185765007  
1439926698  0  263895  107520  38  19  8138056  1637  48363  48332  13878072220  1656  0  256042  256061  19  0  51926  873  1045  494638  870  51926  0  48363  107520  12100  1933  308240113  2673  4492  4725  4725  40.7434775195  
1439926708  0  267764  109139  39  19  9708643  1647  49768  49736  14259833068  1656  0  260329  260348  19  0  51926  874  1069  500318  873  51926  0  49768  109139  12238  1956  381760848  1619  3869  4287  4287  40.7594000687  
1439926718  0  270406  110441  39  19  9694589  1630  49298  49266  14407341503  1658  0  262488  262507  19  0  51926  878  1078  504318  859  51926  0  49298  110441  12336  1977  147508435  1302  2642  2159  2159  40.8426588167  
1439926728  0  273150  111590  39  19  9724000  1649  49608  49576  14573061943  1658  0  265089  265108  19  0  51926  878  1089  509509  873  51926  0  49608  111590  12469  1993  165720440  1149  2744  2601  2601  40.853011166  
1439926738  0  277701  114418  39  19  9707714  1583  49003  48971  14879043058  1658  0  268455  268474  19  0  51926  878  1112  515549  847  51926  0  49003  114418  12597  2017  305981115  2828  4551  3366  3366  41.2018681964  
1439926748  0  282566  117222  39  19  9723558  1599  49510  49478  15231761667  1658  0  274431  274450  19  0  51926  878  1145  523065  848  51926  0  49510  117222  12781  2060  352718609  2804  4865  5976  5976  41.4848212453  
1439926758  0  285548  118857  39  19  9722857  1584  49528  49496  15434679437  1658  0  277465  277484  19  0  51926  878  1156  527542  841  51926  0  49528  118857  12899  2082  202917770  1635  2982  3034  3034  41.62417527  
1439926768  0  290875  121625  39  19  9739403  1616  49993  49961  15708681219  1658  0  282796  282815  19  0  51926  878  1183  534222  859  51926  0  49993  121625  13063  2118  274001782  2768  5327  5331  5331  41.8134937688  
1439926778  0  295636  123839  39  19  9742842  1619  50010  49978  15975802758  1658  0  287298  287317  19  0  51926  878  1203  540687  856  51926  0  50010  123839  13213  2155  267121539  2214  4761  4502  4502  41.8890121636  
1439926788  0  299736  125728  39  19  9780371  1650  51230  51198  16230642250  1658  0  291922  291941  19  0  51926  878  1225  547718  876  51926  0  51230  125728  13384  2184  254839492  1889  4100  4624  4624  41.9462460298  
1439926798  0  303416  127798  39  19  9794583  1654  51797  51765  16500830090  1660  0  295945  295964  19  0  51926  878  1233  552817  871  51926  0  51797  127798  13527  2211  270187840  2070  3680  4023  4023  42.1197300076  
1439926808  0  308616  130611  39  19  9799992  1632  51931  51899  16859295823  1668  0  301605  301624  19  0  52566  878  1263  559964  859  52566  0  51931  130611  13725  2260  358465733  2813  5200  5660  5660  42.3215257796  
1439926818  0  311923  132339  39  19  9791281  1631  51775  51743  17038360298  1668  0  304835  304854  19  0  52566  878  1276  564981  843  52566  0  51775  132339  13844  2287  179064475  1728  3307  3230  3230  42.4268168747  
1439926828  0  316719  134970  39  19  9792778  1639  51803  51771  17347465551  1668  0  309432  309451  19  0  52566  878  1303  572153  849  52566  0  51803  134970  14023  2320  309105253  2631  4796  4597  4597  42.6150625633  
1439926838  0  322871  138239  39  19  9764446  1628  50791  50759  17700778674  1668  0  314523  314542  19  0  52566  878  1327  581119  848  52566  0  50791  138239  14233  2364  353313123  3269  6152  5091  5091  42.8155517219  
1439926848  0  328787  141159  39  19  9771609  1640  50884  50852  18050469483  1668  0  319872  319891  19  0  52566  878  1355  588560  866  52566  0  50884  141159  14414  2401  349690809  2920  5916  5349  5349  42.9332668262  
1439926858  0  332473  143330  39  19  9791550  1651  51432  51400  18324640734  1668  0  324362  324381  19  0  52566  878  1371  593055  858  52566  0  51432  143330  14541  2428  274171251  2171  3686  4490  4490  43.1102676007  
1439926868  0  337688  145580  39  19  9766779  1630  51092  51060  18602591777  1668  0  328793  328812  19  0  52566  878  1388  600477  845  52566  0  51092  145580  14713  2469  277951043  2250  5215  4431  4431  43.1108005022  
1439926878  0  342606  148247  39  19  9796676  1658  52075  52043  18931444877  1668  0  334624  334643  19  0  52566  878  1406  606289  854  52566  0  52075  148247  14898  2508  328853100  2667  4918  5831  5831  43.2704039042  
1439926888  0  346781  150106  39  19  9820421  1680  52809  52777  19156631777  1681  0  339066  339085  19  0  52809  878  1417  613296  864  52809  0  52809  150106  15055  2538  225186900  1859  4175  4442  4442  43.285531791  
1439926898  0  349773  151489  39  19  9836534  1673  53437  53405  19346976828  1704  0  342883  342902  19  0  53728  878  1434  618842  854  53728  0  53437  151489  15192  2578  190345051  1383  2992  3817  3817  43.3106614862  
1439926908  0  353167  153221  39  19  9792717  1626  51970  51938  19552187294  1704  0  347088  347107  19  0  53772  878  1456  624951  834  53772  0  51970  153221  15360  2619  205210466  1732  3394  4205  4205  43.3848575886  
1439926918  0  357674  155845  39  19  9798058  1630  52028  51996  19818919557  1704  0  351506  351525  19  0  53772  878  1483  631566  830  53772  0  52028  155845  15518  2654  266732263  2624  4507  4418  4418  43.571800019  
1439926928  0  360848  158044  39  19  9789822  1635  51544  51512  20062723964  1704  0  354645  354664  19  0  53772  878  1506  637063  836  53772  0  51544  158044  15655  2682  243804407  2199  3174  3139  3139  43.797942624  
1439926938  0  364455  159956  39  19  9788480  1665  51739  51707  20250881909  1704  0  357802  357821  19  0  53772  878  1520  642116  860  53772  0  51739  159956  15781  2705  188157945  1912  3607  3157  3157  43.8890946756  
1439926948  0  369410  162971  39  19  9719535  1668  49413  49381  20498467364  1704  0  362138  362157  19  0  53772  882  1543  649321  877  53772  0  49413  162971  15966  2748  247585455  3015  4955  4336  4336  44.1165642511  
1439926958  0  372346  164199  39  19  9699150  1632  48753  48721  20663260249  1704  0  364788  364807  19  0  53772  882  1560  654373  857  53772  0  48753  164199  16085  2775  164792885  1228  2936  2650  2650  44.0984997825  
1439926969  0  375266  165627  39  19  9781981  1641  49528  49496  20868046682  1704  0  368724  368743  19  0  53772  882  1582  661091  854  53772  0  49528  165627  16236  2803  204786433  1428  2920  3936  3936  44.1358929399  
1439926979  0  378911  167287  39  19  9780013  1614  49519  49487  21088310516  1704  0  371886  371905  19  0  53772  882  1590  666991  837  53772  0  49519  167287  16377  2834  220263834  1660  3645  3162  3162  44.1494176733  
1439926989  0  384874  170290  39  19  9753670  1579  48610  48578  21443063199  1704  0  377483  377502  19  0  53772  882  1628  675115  824  53772  0  48610  170290  16590  2883  354752683  3003  5963  5597  5597  44.2456492255  
1439926999  0  388464  172094  39  19  9724954  1542  47275  47243  21652316130  1704  0  380662  380681  19  0  53772  882  1646  682319  831  53772  0  47275  172094  16736  2919  209252931  1804  3590  3179  3179  44.3011450224  
1439927009  0  393498  175154  39  19  9703887  1527  46827  46795  21928972418  1704  0  385329  385348  19  0  53772  882  1666  689675  835  53772  0  46827  175154  16900  2960  276656288  3060  5034  4667  4667  44.5120432632  
1439927019  0  398811  178059  39  19  9709739  1533  46942  46910  22273983949  1704  0  391206  391225  19  0  53772  882  1685  698494  845  53772  0  46942  178059  17123  3006  345011531  2905  5313  5877  5877  44.6474645885  
1439927029  0  403041  180255  39  19  9718731  1532  47016  46984  22487980659  1704  0  394793  394812  19  0  53772  882  1708  705382  839  53772  0  47016  180255  17291  3033  213996710  2196  4230  3587  3587  44.7237377835  
1439927039  0  408376  183664  39  19  9716487  1530  46908  46876  22766268270  1704  0  400133  400152  19  0  53772  882  1732  710547  853  53772  0  46908  183664  17421  3062  278287611  3409  5335  5340  5340  44.9742394264  
1439927049  0  412542  185064  39  19  9738666  1572  47439  47407  22931634361  1704  0  404014  404033  19  0  53772  882  1754  716593  879  53772  0  47439  185064  17551  3091  165366091  1400  4166  3881  3881  44.8594324941  
1439927059  0  416159  186642  39  19  9742163  1573  47540  47508  23137448599  1704  0  407011  407030  19  0  53772  882  1767  722430  877  53772  0  47540  186642  17681  3112  205814238  1578  3617  2997  2997  44.8487236849  
1439927069  0  421384  189333  39  19  9796343  1593  49128  49096  23500897863  1704  0  413581  413600  19  0  53772  887  1784  728796  868  53772  0  49128  189333  17858  3156  363449264  2691  5225  6570  6570  44.9312266246  
1439927079  0  424951  191780  39  19  8445713  1593  48848  48817  23727765929  1704  0  416965  416984  19  0  53772  887  1802  734027  868  53772  0  48848  191780  17967  3174  226868066  2447  3567  3384  3384  45.1299090954  
1439927089  0  425662  192419  39  19  6760317  1575  48209  48182  23796220108  1704  0  416965  416984  19  0  53772  887  1802  734302  854  53772  0  48209  192419  17969  3174  68454179  639  711  0  0  45.2046459397  
1439927099  0  426325  193067  39  19  5216773  1562  47561  47536  23812012615  1704  0  416965  416984  19  0  53772  887  1802  734302  850  53772  0  47561  193067  17969  3174  15792507  648  663  0  0  45.286342579  
1439927109  0  426325  193067  39  19  5216773  1562  47561  47536  23812012615  1704  0  416965  416984  19  0  53772  887  1802  734302  850  53772  0  47561  193067  17969  3174  0  0  0  0  0  45.286342579  
1439927119  0  426325  193067  39  19  5216773  1562  47561  47536  23812012615  1704  0  416965  416984  19  0  53772  887  1802  734302  850  53772  0  47561  193067  17969  3174  0  0  0  0  0  45.286342579  
1439927129  0  426325  193067  39  19  5216773  1562  47561  47536  23812012615  1704  0  416965  416984  19  0  53772  887  1802  734302  850  53772  0  47561  193067  17969  3174  0  0  0  0  0  45.286342579  
1439927139  0  426325  193067  39  19  5216773  1562  47561  47536  23812012615  1704  0  416965  416984  19  0  53772  887  1802  734302  850  53772  0  47561  193067  17969  3174  0  0  0  0  0  45.286342579  
1439927149  0  426325  193067  39  19  5216773  1562  47561  47536  23812012615  1704  0  416965  416984  19  0  53772  887  1802  734302  850  53772  0  47561  193067  17969  3174  0  0  0  0  0  45.286342579  
1439927159  0  426325  193067  39  19  5216773  1562  47561  47536  23812012615  1704  0  416965  416984  19  0  53772  887  1802  734302  850  53772  0  47561  193067  17969  3174  0  0  0  0  0  45.286342579  
1439927169  0  426325  193067  39  19  5216773  1562  47561  47536  23812012615  1704  0  416965  416984  19  0  53772  887  1802  734302  850  53772  0  47561  193067  17969  3174  0  0  0  0  0  45.286342579  
