#type:G;
#time  Rt  Nm  Tt  Nc  Rx  Gz  Pc  Pf  Ra  Te  Pm  Fp  Fc  Ta  Fm  Om  Lm  Oc  Sm  Sc  Em  Af  Ea  Cf  Ec  Gd  Zt  Et  Ep  dedup_put_diff  total_eph_put_diff  dedup_factor  dedup_curr  compression_saving  tze_saving  
1438670129  0  0  2578  0  0  0  0  0  0  2498  0  0  0  0  0  0  0  0  0  0  0  0  0  0  0  0  0  0  0  0  0  0 0 0 0 
1438670139  0  0  2587  0  0  0  0  0  0  2498  0  0  0  0  0  0  0  0  0  0  0  0  0  0  0  0  0  0  0  0  0  0 0 0 0 
1438670149  0  232  9632  196  0  0  2936  0  0  2611  3403  0  2936  476  3403  350  0  207  0  0  3403  0  0  0  2936  0  0  0  3403  0  3403  0.0  100.0  0 0 
1438670159  0  232  12806  196  0  0  2935  0  0  2611  3403  0  2935  477  3403  350  0  206  0  0  3403  0  0  0  2935  0  0  0  3403  0  0  0.0  100.0  0 0 
1438670169  0  232  15612  196  0  0  2935  0  0  2611  3403  0  2935  477  3403  350  0  206  0  0  3403  0  0  0  2935  0  0  0  3403  0  0  0.0  100.0  0 0 
1438670179  0  232  17386  189  0  0  2800  0  0  2611  3403  0  2800  614  3403  350  0  202  0  0  3403  0  0  0  2800  0  0  0  3403  0  0  0.0  100.0  0 0 
1438670189  0  232  53010  111  0  0  1870  0  0  2611  3403  0  1870  1575  3403  350  0  75  0  0  3403  0  0  0  1870  0  0  0  3835  0  432  0.0  100.0  0 0 
1438670199  0  232  74905  111  0  0  1870  0  0  2611  3403  0  1870  1575  3403  350  0  75  0  0  3403  0  0  0  1870  0  0  0  3835  0  0  0.0  100.0  0 0 
1438670209  0  232  133273  107  0  0  2610  0  0  2611  3403  0  2610  836  3403  350  0  57  0  0  3403  0  0  0  2610  0  0  0  4629  0  794  0.0  100.0  0 0 
1438670219  0  232  165678  106  0  0  2591  0  0  2611  3403  0  2591  855  3403  350  0  57  0  0  3403  0  0  0  2591  0  0  0  4629  0  0  0.0  100.0  0 0 
1438670229  0  232  210522  108  0  0  2588  0  0  2611  3403  0  2588  859  3403  350  0  57  0  0  3403  0  0  0  2588  0  0  0  4633  0  4  0.0  100.0  0 0 
1438670239  0  232  272510  129  0  0  2596  0  0  2611  3403  0  2596  851  3403  350  0  74  0  0  3403  0  0  0  2596  0  0  0  4867  0  234  0.0  100.0  0 0 
1438670249  0  652  344410  652  0  0  11809  0  0  2611  11809  0  11809  0  11809  542  0  542  0  0  11809  0  0  0  11809  0  0  0  14085  0  9218  0.0  100.0  0 0 
1438670259  0  2258  423051  2258  0  0  47966  0  0  2611  47966  0  47966  0  47966  2018  0  2018  0  0  47966  0  0  0  47966  0  0  0  50242  0  36157  0.0  100.0  0 0 
1438670269  0  3606  498226  3606  0  0  79482  0  0  2611  79482  0  79482  0  79482  3254  0  3254  0  0  79482  0  0  0  79482  0  0  0  85490  0  35248  0.0  100.0  0 0 
1438670279  0  3922  593934  3757  0  0  82543  0  0  2611  85659  0  82543  3209  85659  3599  0  3454  0  0  85659  0  10041  0  82543  0  0  10041  132770  0  47280  0.0  100.0  0 0 
1438670289  0  3968  666304  3890  0  0  84782  0  0  2611  85659  0  84782  882  85659  3636  0  3560  0  0  85659  0  26754  0  84782  0  0  26754  168135  0  35365  0.0  100.0  0 0 
1438670299  0  3976  750608  3932  0  0  85601  0  0  2611  85659  0  85601  31  85659  3644  0  3601  0  0  85659  0  56910  0  85601  0  0  56910  209455  0  41320  0.0  100.0  0 0 
1438670309  0  3976  819178  3926  0  0  85628  0  0  2611  85659  0  85628  1  85659  3644  0  3611  0  0  85659  0  87561  0  85628  0  0  87561  243050  0  33595  0.0  100.0  0 0 
1438670320  0  3976  906503  3924  0  0  85520  0  0  2611  85659  0  85520  108  85659  3644  0  3614  0  0  85659  0  118865  0  85520  0  0  118865  285893  0  42843  0.0  100.0  0 0 
1438670330  0  4023  989542  3976  0  0  84601  0  0  2611  85659  0  84601  1030  85659  3704  0  3655  0  0  85659  0  145279  0  84601  0  0  145279  326265  0  40372  0.0  100.0  0 0 
1438670340  0  4049  1072477  3841  0  0  83204  0  0  2611  85659  0  83204  2421  85659  3730  0  3516  0  0  85659  0  170207  0  83204  0  0  170207  366866  0  40601  0.0  100.0  0 0 
1438670350  0  4049  1157804  3881  0  0  84616  0  0  2611  85659  0  84616  996  85659  3730  0  3559  0  0  85659  0  204038  0  84616  0  0  204038  408956  0  42090  0.0  100.0  0 0 
1438670360  0  4049  1236428  3964  0  0  85601  0  0  2611  85659  0  85601  1  85659  3730  0  3641  0  0  85659  0  235243  0  85601  0  0  235243  447163  0  38207  0.0  100.0  0 0 
1438670370  0  4049  1304397  3969  0  0  85599  0  0  2611  85659  0  85599  1  85659  3730  0  3638  0  0  85659  0  258940  0  85599  0  0  258940  480400  0  33237  0.0  100.0  0 0 
1438670380  0  4049  1388101  3916  0  0  85603  0  0  2611  85659  0  85603  1  85659  3730  0  3602  0  0  85659  0  288396  0  85603  0  0  288396  521608  0  41208  0.0  100.0  0 0 
1438670390  0  4049  1474910  4004  0  0  85587  0  0  2611  85659  0  85587  1  85659  3730  0  3683  0  0  85659  0  320895  0  85587  0  0  320895  564303  0  42695  0.0  100.0  0 0 
1438670400  0  4049  1556211  3986  0  0  85586  0  0  2611  85659  0  85586  1  85659  3730  0  3675  0  0  85659  0  345215  0  85586  0  0  345215  603734  0  39431  0.0  100.0  0 0 
1438670410  0  4049  1647214  3934  0  0  85589  0  0  2611  85659  0  85589  1  85659  3730  0  3604  0  0  85659  0  383998  0  85589  0  0  383998  648450  0  44716  0.0  100.0  0 0 
1438670420  0  4049  1721517  3913  0  0  85589  0  0  2611  85659  0  85589  1  85659  3730  0  3579  0  0  85659  0  420385  0  85589  0  0  420385  684860  0  36410  0.0  100.0  0 0 
1438670430  0  4049  1794995  3935  0  0  85592  0  0  2611  85659  0  85592  1  85659  3730  0  3604  0  0  85659  0  456148  0  85592  0  0  456148  720634  0  35774  0.0  100.0  0 0 
1438670440  0  4049  1862799  3930  0  0  85592  0  0  2611  85659  0  85592  1  85659  3730  0  3619  0  0  85659  0  489428  0  85592  0  0  489428  753917  0  33283  0.0  100.0  0 0 
1438670450  0  4049  1949070  3944  0  0  85592  0  0  2611  85659  0  85592  1  85659  3730  0  3630  0  0  85659  0  531784  0  85592  0  0  531784  796273  0  42356  0.0  100.0  0 0 
1438670460  0  4049  2041631  4025  0  0  85588  0  0  2611  85659  0  85588  1  85659  3730  0  3684  0  0  85659  0  577263  0  85588  0  0  577263  841749  0  45476  0.0  100.0  0 0 
1438670470  0  4049  2137019  3977  0  0  85588  0  0  2611  85659  0  85588  1  85659  3730  0  3664  0  0  85659  0  623419  0  85588  0  0  623419  887924  0  46175  0.0  100.0  0 0 
1438670480  0  4049  2217238  3936  0  0  85588  0  0  2611  85659  0  85588  1  85659  3730  0  3602  0  0  85659  0  663038  0  85588  0  0  663038  927555  0  39631  0.0  100.0  0 0 
1438670490  0  4049  2291491  3947  0  0  85590  0  0  2611  85659  0  85590  1  85659  3730  0  3610  0  0  85659  0  699399  0  85590  0  0  699399  963955  0  36400  0.0  100.0  0 0 
1438670500  0  4049  2361431  3979  0  0  85590  0  0  2611  85659  0  85590  1  85659  3730  0  3669  0  0  85659  0  733230  0  85590  0  0  733230  997786  0  33831  0.0  100.0  0 0 
1438670510  0  4049  2438118  3909  0  0  85591  0  0  2611  85659  0  85591  1  85659  3730  0  3587  0  0  85659  0  770353  0  85591  0  0  770353  1035281  0  37495  0.0  100.0  0 0 
1438670520  0  4049  2524943  4027  0  0  85591  0  0  2611  85659  0  85591  1  85659  3730  0  3696  0  0  85659  0  811635  0  85591  0  0  811635  1078017  0  42736  0.0  100.0  0 0 
1438670530  0  4086  2620160  3970  0  0  85587  0  0  2611  85659  0  85587  1  85659  3770  0  3659  0  0  85659  0  856923  0  85587  0  0  856923  1124721  0  46704  0.0  100.0  0 0 
1438670540  0  4086  2712581  3879  0  0  85588  0  0  2611  85659  0  85588  1  85659  3770  0  3559  0  0  85659  0  900259  0  85588  0  0  900259  1169488  0  44767  0.0  100.0  0 0 
1438670550  0  4086  2783485  3921  0  0  85589  0  0  2611  85659  0  85589  1  85659  3770  0  3586  0  0  85659  0  932933  0  85589  0  0  932933  1204322  0  34834  0.0  100.0  0 0 
1438670560  0  4086  2854528  3920  0  0  85594  0  0  2611  85659  0  85594  1  85659  3770  0  3619  0  0  85659  0  965764  0  85594  0  0  965764  1239153  0  34831  0.0  100.0  0 0 
1438670570  0  4086  2936824  3854  0  0  84899  0  0  2611  85659  0  84899  703  85659  3770  0  3558  0  0  85659  0  1002168  0  84899  0  0  1002168  1279121  0  39968  0.0  100.0  0 0 
1438670580  0  4086  3030252  3954  0  0  85597  0  0  2611  85659  0  85597  1  85659  3770  0  3617  0  0  85659  0  1041773  0  85597  0  0  1041773  1325157  0  46036  0.0  100.0  0 0 
1438670590  0  4086  3104235  4014  0  0  85585  0  0  2611  85659  0  85585  1  85659  3770  0  3691  0  0  85659  0  1071497  0  85585  0  0  1071497  1361354  0  36197  0.0  100.0  0 0 
1438670600  0  4086  3191058  3952  0  0  85585  0  0  2611  85659  0  85585  1  85659  3770  0  3632  0  0  85659  0  1105521  0  85585  0  0  1105521  1404068  0  42714  0.0  100.0  0 0 
1438670610  0  4086  3262201  3903  0  0  85587  0  0  2611  85659  0  85587  1  85659  3770  0  3574  0  0  85659  0  1130988  0  85587  0  0  1130988  1438296  0  34228  0.0  100.0  0 0 
1438670620  0  4086  3336128  3952  0  0  85586  0  0  2611  85659  0  85586  1  85659  3770  0  3625  0  0  85659  0  1162464  0  85586  0  0  1162464  1474610  0  36314  0.0  100.0  0 0 
1438670630  0  4086  3411438  3948  0  0  85584  0  0  2611  85659  0  85584  1  85659  3770  0  3638  0  0  85659  0  1195202  0  85584  0  0  1195202  1511615  0  37005  0.0  100.0  0 0 
1438670640  0  4086  3497252  3920  0  0  85584  0  0  2611  85659  0  85584  1  85659  3770  0  3610  0  0  85659  0  1233032  0  85584  0  0  1233032  1553373  0  41758  0.0  100.0  0 0 
1438670650  0  4086  3575967  4058  0  0  85569  0  0  2611  85659  0  85569  1  85659  3770  0  3723  0  0  85659  0  1260921  0  85569  0  0  1260921  1591946  0  38573  0.0  100.0  0 0 
1438670660  0  4088  3664061  3976  0  0  85561  0  0  2611  85659  0  85561  1  85659  3770  0  3659  0  0  85659  0  1289886  0  85561  0  0  1289886  1635298  0  43352  0.0  100.0  0 0 
1438670670  0  4088  3752943  3913  0  0  85563  0  0  2611  85659  0  85563  1  85659  3770  0  3584  0  0  85659  0  1324818  0  85563  0  0  1324818  1678949  0  43651  0.0  100.0  0 0 
1438670680  0  4088  3830859  3909  0  0  85565  0  0  2611  85659  0  85565  1  85659  3770  0  3592  0  0  85659  0  1360999  0  85565  0  0  1360999  1716761  0  37812  0.0  100.0  0 0 
1438670690  0  4088  3899890  3880  0  0  85568  0  0  2611  85659  0  85568  1  85659  3770  0  3578  0  0  85659  0  1389791  0  85568  0  0  1389791  1750444  0  33683  0.0  100.0  0 0 
1438670700  0  4088  3982930  3910  0  0  85573  0  0  2611  85659  0  85573  1  85659  3770  0  3590  0  0  85659  0  1427302  0  85573  0  0  1427302  1791246  0  40802  0.0  100.0  0 0 
1438670710  0  4088  4066545  3999  0  0  85571  0  0  2611  85659  0  85571  1  85659  3770  0  3668  0  0  85659  0  1461861  0  85571  0  0  1461861  1831935  0  40689  0.0  100.0  0 0 
1438670720  0  4088  4143997  4004  0  0  85172  0  0  2611  85659  0  85172  390  85659  3770  0  3677  0  0  85659  0  1490578  0  85172  0  0  1490578  1869760  0  37825  0.0  100.0  0 0 
1438670730  0  4088  4234973  3951  0  0  85562  0  0  2611  85659  0  85562  1  85659  3770  0  3625  0  0  85659  0  1532992  0  85562  0  0  1532992  1914667  0  44907  0.0  100.0  0 0 
1438670740  0  4088  4306767  3878  0  0  85563  0  0  2611  85659  0  85563  1  85659  3770  0  3554  0  0  85659  0  1566562  0  85563  0  0  1566562  1949818  0  35151  0.0  100.0  0 0 
1438670750  0  4088  4382383  3951  0  0  85568  0  0  2611  85659  0  85568  1  85659  3770  0  3607  0  0  85659  0  1600800  0  85568  0  0  1600800  1986502  0  36684  0.0  100.0  0 0 
1438670760  0  4088  4449697  3936  0  0  85570  0  0  2611  85659  0  85570  1  85659  3770  0  3641  0  0  85659  0  1629552  0  85570  0  0  1629552  2019505  0  33003  0.0  100.0  0 0 
1438670770  0  4088  4537977  3974  0  0  85570  0  0  2611  85659  0  85570  1  85659  3770  0  3655  0  0  85659  0  1668918  0  85570  0  0  1668918  2062813  0  43308  0.0  100.0  0 0 
1438670780  0  4088  4623314  3967  0  0  85572  0  0  2611  85659  0  85572  1  85659  3770  0  3637  0  0  85659  0  1704543  0  85572  0  0  1704543  2104426  0  41613  0.0  100.0  0 0 
1438670790  0  4088  4705579  3940  0  0  85568  0  0  2611  85659  0  85568  1  85659  3770  0  3623  0  0  85659  0  1740077  0  85568  0  0  1740077  2144647  0  40221  0.0  100.0  0 0 
1438670800  0  4088  4789377  3897  0  0  85568  0  0  2611  85659  0  85568  1  85659  3770  0  3553  0  0  85659  0  1777348  0  85568  0  0  1777348  2185944  0  41297  0.0  100.0  0 0 
1438670810  0  4088  4861271  3897  0  0  85570  0  0  2611  85659  0  85570  1  85659  3770  0  3562  0  0  85659  0  1812614  0  85570  0  0  1812614  2221256  0  35312  0.0  100.0  0 0 
1438670820  0  4088  4930422  3892  0  0  85572  0  0  2611  85659  0  85572  1  85659  3770  0  3584  0  0  85659  0  1842764  0  85572  0  0  1842764  2254570  0  33314  0.0  100.0  0 0 
1438670830  0  4088  5011459  3926  0  0  85573  0  0  2611  85659  0  85573  1  85659  3770  0  3610  0  0  85659  0  1881661  0  85573  0  0  1881661  2294361  0  39791  0.0  100.0  0 0 
1438670840  0  4088  5104117  3955  0  0  85576  0  0  2611  85659  0  85576  1  85659  3770  0  3627  0  0  85659  0  1925259  0  85576  0  0  1925259  2340065  0  45704  0.0  100.0  0 0 
1438670850  0  4088  5185831  4021  0  0  85575  0  0  2611  85659  0  85575  1  85659  3770  0  3696  0  0  85659  0  1960051  0  85575  0  0  1960051  2379694  0  39629  0.0  100.0  0 0 
1438670860  0  4088  5269623  3932  0  0  85575  0  0  2611  85659  0  85575  1  85659  3770  0  3617  0  0  85659  0  1995148  0  85575  0  0  1995148  2420746  0  41052  0.0  100.0  0 0 
1438670870  0  4088  5340840  3875  0  0  85575  0  0  2611  85659  0  85575  1  85659  3770  0  3544  0  0  85659  0  2029938  0  85575  0  0  2029938  2455549  0  34803  0.0  100.0  0 0 
1438670880  0  4088  5418493  3879  0  0  85575  0  0  2611  85659  0  85575  1  85659  3770  0  3542  0  0  85659  0  2068342  0  85575  0  0  2068342  2493997  0  38448  0.0  100.0  0 0 
1438670890  0  4088  5495149  3935  0  0  85575  0  0  2611  85659  0  85575  1  85659  3770  0  3626  0  0  85659  0  2105293  0  85575  0  0  2105293  2530996  0  36999  0.0  100.0  0 0 
1438670901  0  4088  5583331  3945  0  0  85575  0  0  2611  85659  0  85575  1  85659  3770  0  3630  0  0  85659  0  2148585  0  85575  0  0  2148585  2574288  0  43292  0.0  100.0  0 0 
1438670911  0  4088  5660864  3969  0  0  85575  0  0  2611  85659  0  85575  1  85659  3770  0  3642  0  0  85659  0  2186344  0  85575  0  0  2186344  2612344  0  38056  0.0  100.0  0 0 
1438670921  0  4088  5744661  3914  0  0  85576  0  0  2611  85659  0  85576  1  85659  3770  0  3596  0  0  85659  0  2225634  0  85576  0  0  2225634  2653092  0  40748  0.0  100.0  0 0 
1438670931  0  4088  5828363  3915  0  0  85578  0  0  2611  85659  0  85578  1  85659  3770  0  3595  0  0  85659  0  2266498  0  85578  0  0  2266498  2693958  0  40866  0.0  100.0  0 0 
1438670941  0  4088  5908654  3893  0  0  85579  0  0  2611  85659  0  85579  1  85659  3770  0  3549  0  0  85659  0  2306085  0  85579  0  0  2306085  2733558  0  39600  0.0  100.0  0 0 
1438670951  0  4088  5977689  3922  0  0  85581  0  0  2611  85659  0  85581  1  85659  3770  0  3603  0  0  85659  0  2340022  0  85581  0  0  2340022  2767521  0  33963  0.0  100.0  0 0 
1438670961  0  4088  6059250  3901  0  0  85582  0  0  2611  85659  0  85582  1  85659  3770  0  3604  0  0  85659  0  2379212  0  85582  0  0  2379212  2806756  0  39235  0.0  100.0  0 0 
1438670971  0  4088  6142733  4009  0  0  85585  0  0  2611  85659  0  85585  1  85659  3770  0  3693  0  0  85659  0  2419832  0  85585  0  0  2419832  2847909  0  41153  0.0  100.0  0 0 
1438670981  0  4088  6221861  4046  0  0  85584  0  0  2611  85659  0  85584  1  85659  3770  0  3704  0  0  85659  0  2456500  0  85584  0  0  2456500  2886859  0  38950  0.0  100.0  0 0 
1438670991  0  4088  6306014  3928  0  0  85584  0  0  2611  85659  0  85584  1  85659  3770  0  3590  0  0  85659  0  2497293  0  85584  0  0  2497293  2927652  0  40793  0.0  100.0  0 0 
1438671001  0  4088  6381193  3884  0  0  85584  0  0  2611  85659  0  85584  1  85659  3770  0  3572  0  0  85659  0  2534028  0  85584  0  0  2534028  2964409  0  36757  0.0  100.0  0 0 
1438671011  0  4088  6457269  3866  0  0  85585  0  0  2611  85659  0  85585  1  85659  3770  0  3560  0  0  85659  0  2571580  0  85585  0  0  2571580  3001968  0  37559  0.0  100.0  0 0 
1438671021  0  4088  6524686  3877  0  0  85586  0  0  2611  85659  0  85586  1  85659  3770  0  3578  0  0  85659  0  2604655  0  85586  0  0  2604655  3035096  0  33128  0.0  100.0  0 0 
1438671031  0  4088  6603611  3912  0  0  85586  0  0  2611  85659  0  85586  1  85659  3770  0  3578  0  0  85659  0  2642768  0  85586  0  0  2642768  3073209  0  38113  0.0  100.0  0 0 
1438671041  0  4088  6690597  4013  0  0  85589  0  0  2611  85659  0  85589  1  85659  3770  0  3684  0  0  85659  0  2685391  0  85589  0  0  2685391  3115835  0  42626  0.0  100.0  0 0 
1438671051  0  4088  6778967  3903  0  0  85590  0  0  2611  85659  0  85590  1  85659  3770  0  3591  0  0  85659  0  2728923  0  85590  0  0  2728923  3159370  0  43535  0.0  100.0  0 0 
1438671061  0  4088  6866949  3894  0  0  85595  0  0  2611  85659  0  85595  1  85659  3770  0  3560  0  0  85659  0  2771593  0  85595  0  0  2771593  3202106  0  42736  0.0  100.0  0 0 
1438671071  0  4088  6936101  3900  0  0  85596  0  0  2611  85659  0  85596  1  85659  3770  0  3560  0  0  85659  0  2805382  0  85596  0  0  2805382  3235927  0  33821  0.0  100.0  0 0 
1438671081  0  4088  7012857  3870  0  0  85598  0  0  2611  85659  0  85598  1  85659  3770  0  3579  0  0  85659  0  2843072  0  85598  0  0  2843072  3273626  0  37699  0.0  100.0  0 0 
1438671091  0  4088  7095928  3866  0  0  85599  0  0  2611  85659  0  85599  1  85659  3770  0  3551  0  0  85659  0  2883928  0  85599  0  0  2883928  3314483  0  40857  0.0  100.0  0 0 
1438671101  0  4088  7180649  3917  0  0  85599  0  0  2611  85659  0  85599  1  85659  3770  0  3588  0  0  85659  0  2925060  0  85599  0  0  2925060  3355615  0  41132  0.0  100.0  0 0 
1438671111  0  4088  7252683  3962  0  0  85599  0  0  2611  85659  0  85599  1  85659  3770  0  3652  0  0  85659  0  2960358  0  85599  0  0  2960358  3390925  0  35310  0.0  100.0  0 0 
1438671121  0  4088  7342862  3925  0  0  85603  0  0  2611  85659  0  85603  1  85659  3770  0  3599  0  0  85659  0  3004677  0  85603  0  0  3004677  3435254  0  44329  0.0  100.0  0 0 
1438671131  0  4088  7415859  3886  0  0  85603  0  0  2611  85659  0  85603  1  85659  3770  0  3562  0  0  85659  0  3040163  0  85603  0  0  3040163  3470746  0  35492  0.0  100.0  0 0 
1438671141  0  4088  7497896  3862  0  0  85605  0  0  2611  85659  0  85605  1  85659  3770  0  3540  0  0  85659  0  3080265  0  85605  0  0  3080265  3510869  0  40123  0.0  100.0  0 0 
1438671151  0  4088  7564961  3888  0  0  85608  0  0  2611  85659  0  85608  1  85659  3770  0  3568  0  0  85659  0  3113152  0  85608  0  0  3113152  3543759  0  32890  0.0  100.0  0 0 
1438671161  0  4088  7654005  3933  0  0  85610  0  0  2611  85659  0  85610  1  85659  3770  0  3626  0  0  85659  0  3156857  0  85610  0  0  3156857  3587466  0  43707  0.0  100.0  0 0 
1438671171  0  4088  7729367  3981  0  0  85610  0  0  2611  85659  0  85610  1  85659  3770  0  3666  0  0  85659  0  3193430  0  85610  0  0  3193430  3624039  0  36573  0.0  100.0  0 0 
1438671181  0  4088  7817678  3928  0  0  85613  0  0  2611  85659  0  85613  1  85659  3770  0  3618  0  0  85659  0  3236747  0  85613  0  0  3236747  3667368  0  43329  0.0  100.0  0 0 
1438671191  0  4088  7910695  3869  0  0  85615  0  0  2611  85659  0  85615  1  85659  3770  0  3537  0  0  85659  0  3282438  0  85615  0  0  3282438  3713061  0  45693  0.0  100.0  0 0 
1438671201  0  4088  7986862  3905  0  0  85615  0  0  2611  85659  0  85615  1  85659  3770  0  3564  0  0  85659  0  3319269  0  85615  0  0  3319269  3749901  0  36840  0.0  100.0  0 0 
1438671211  0  4088  8056710  3912  0  0  85615  0  0  2611  85659  0  85615  1  85659  3770  0  3620  0  0  85659  0  3353502  0  85615  0  0  3353502  3784145  0  34244  0.0  100.0  0 0 
1438671221  0  4088  8136520  3893  0  0  85615  0  0  2611  85659  0  85615  1  85659  3770  0  3586  0  0  85659  0  3392553  0  85615  0  0  3392553  3823221  0  39076  0.0  100.0  0 0 
1438671231  0  4088  8221406  3946  0  0  85616  0  0  2611  85659  0  85616  1  85659  3770  0  3608  0  0  85659  0  3434566  0  85616  0  0  3434566  3865241  0  42020  0.0  100.0  0 0 
1438671241  0  4088  8305519  3980  0  0  85613  0  0  2611  85659  0  85613  1  85659  3770  0  3659  0  0  85659  0  3475213  0  85613  0  0  3475213  3905896  0  40655  0.0  100.0  0 0 
1438671251  0  4088  8388850  3910  0  0  85613  0  0  2611  85659  0  85613  1  85659  3770  0  3589  0  0  85659  0  3516037  0  85613  0  0  3516037  3946737  0  40841  0.0  100.0  0 0 
1438671261  0  4088  8461144  3854  0  0  85614  0  0  2611  85659  0  85614  1  85659  3770  0  3512  0  0  85659  0  3551549  0  85614  0  0  3551549  3982256  0  35519  0.0  100.0  0 0 
1438671271  0  4088  8537005  3891  0  0  85614  0  0  2611  85659  0  85614  1  85659  3770  0  3559  0  0  85659  0  3588283  0  85614  0  0  3588283  4019004  0  36748  0.0  100.0  0 0 
1438671281  0  4088  8604400  3917  0  0  85614  0  0  2611  85659  0  85614  1  85659  3770  0  3599  0  0  85659  0  3621281  0  85614  0  0  3621281  4052016  0  33012  0.0  100.0  0 0 
1438671291  0  4088  8686179  3869  0  0  85614  0  0  2611  85659  0  85614  1  85659  3770  0  3580  0  0  85659  0  3661482  0  85614  0  0  3661482  4092217  0  40201  0.0  100.0  0 0 
1438671301  0  4088  8777958  3973  0  0  85616  0  0  2611  85659  0  85616  1  85659  3770  0  3666  0  0  85659  0  3706575  0  85616  0  0  3706575  4137371  0  45154  0.0  100.0  0 0 
1438671311  0  4088  8860753  3928  0  0  85615  0  0  2611  85659  0  85615  1  85659  3770  0  3587  0  0  85659  0  3746507  0  85615  0  0  3746507  4177318  0  39947  0.0  100.0  0 0 
1438671321  0  4088  8946496  3928  0  0  85615  0  0  2611  85659  0  85615  1  85659  3770  0  3584  0  0  85659  0  3788622  0  85615  0  0  3788622  4219438  0  42120  0.0  100.0  0 0 
1438671331  0  4088  9024119  3871  0  0  85615  0  0  2611  85659  0  85615  1  85659  3770  0  3528  0  0  85659  0  3826802  0  85615  0  0  3826802  4257619  0  38181  0.0  100.0  0 0 
1438671341  0  4088  9092906  3909  0  0  85615  0  0  2611  85659  0  85615  1  85659  3770  0  3595  0  0  85659  0  3860127  0  85615  0  0  3860127  4290944  0  33325  0.0  100.0  0 0 
1438671351  0  4088  9182284  3896  0  0  85616  0  0  2611  85659  0  85616  1  85659  3770  0  3582  0  0  85659  0  3903945  0  85616  0  0  3903945  4334767  0  43823  0.0  100.0  0 0 
1438671361  0  4088  9266655  3953  0  0  85620  0  0  2611  85659  0  85620  1  85659  3770  0  3618  0  0  85659  0  3945356  0  85620  0  0  3945356  4376182  0  41415  0.0  100.0  0 0 
1438671371  0  4088  9344678  3989  0  0  85615  0  0  2611  85659  0  85615  1  85659  3770  0  3668  0  0  85659  0  3983903  0  85615  0  0  3983903  4414735  0  38553  0.0  100.0  0 0 
1438671381  0  4088  9428170  3901  0  0  85615  0  0  2611  85659  0  85615  1  85659  3770  0  3585  0  0  85659  0  4024160  0  85615  0  0  4024160  4455024  0  40289  0.0  100.0  0 0 
1438671391  0  4088  9503627  3823  0  0  85615  0  0  2611  85659  0  85615  1  85659  3770  0  3499  0  0  85659  0  4061140  0  85615  0  0  4061140  4492023  0  36999  0.0  100.0  0 0 
1438671401  0  4088  9586224  3887  0  0  85616  0  0  2611  85659  0  85616  1  85659  3770  0  3555  0  0  85659  0  4101650  0  85616  0  0  4101650  4532559  0  40536  0.0  100.0  0 0 
1438671411  0  4088  9657142  3880  0  0  85617  0  0  2611  85659  0  85617  1  85659  3770  0  3559  0  0  85659  0  4135989  0  85617  0  0  4135989  4566907  0  34348  0.0  100.0  0 0 
1438671421  0  4088  9739620  3927  0  0  85619  0  0  2611  85659  0  85619  1  85659  3770  0  3613  0  0  85659  0  4176504  0  85619  0  0  4176504  4607424  0  40517  0.0  100.0  0 0 
1438671431  0  4088  9827474  3978  0  0  85620  0  0  2611  85659  0  85620  1  85659  3770  0  3653  0  0  85659  0  4219582  0  85620  0  0  4219582  4650503  0  43079  0.0  100.0  0 0 
