#Type:X;CI:1;ww:0;ca:0;co:0;fr:0;Type:X;CI:1;PI:0;PT:EP;U0:0;U1:0;
#time  Pp  gt  gs  cn  cm  cb  Nc  Pc  cp  Tc  Nm  pr  ps  pt  px  pd  Pm  Om  fs  ft  Oc  Em  Gp  Ec  Ge  ot  os  Total_cycles_diff  Successful_get_diff  Total_get_diff  succ_put_diff  total_put_diff  get_hit  
1437176430  0  0  0  0  0  0  0  0  0  2327666  0  0  0  0  0  0  0  0  0  21  0  0  0  0  0  46  0  2327666  0  0  0  0  
1437176440  0  0  0  0  0  0  0  0  0  2330397  0  0  0  0  0  0  0  0  0  21  0  0  0  0  0  46  0  2731  0  0  0  0  
1437176450  0  0  0  0  0  0  0  0  0  11068646  0  0  0  0  0  0  0  0  0  21  0  0  0  0  0  2137  0  8738249  0  0  0  0  
1437176460  0  0  0  0  0  0  0  0  0  20474894  0  0  0  0  0  0  0  0  0  21  0  0  0  0  0  4742  0  9406248  0  0  0  0  
1437176470  0  0  0  0  0  0  0  0  0  29622444  0  0  0  0  0  0  0  0  0  21  0  0  0  0  0  7124  0  9147550  0  0  0  0  
1437176480  0  0  0  0  0  0  223  2817  0  71037571  223  0  2817  2817  0  0  2817  287  0  60  287  2817  0  2817  0  7955  0  41415127  0  0  2817  2817  
1437176490  0  0  0  0  0  0  227  3056  0  106213372  228  0  3127  3127  0  0  3074  290  0  36245  237  3074  0  3056  0  8046  70  35175801  0  0  310  310  
1437176500  0  16  0  0  0  0  182  3838  0  177766384  230  0  4469  4469  0  0  4187  290  0  90685  161  4187  0  3838  0  9014  187  71553012  0  16  1342  1342  0.0  
1437176510  0  81  21  0  0  0  98  2433  0  238538841  230  0  4491  4491  0  0  4187  290  0  148465  48  4187  0  2433  21  10667  301  60772457  21  65  22  22  25.9259259259  
1437176520  0  132  44  0  0  0  99  2439  0  297860289  230  0  4520  4520  0  0  4187  290  0  208230  48  4187  0  2439  44  12076  301  59321448  23  51  29  29  33.3333333333  
1437176530  0  5607  241  0  0  0  121  2685  0  354534502  230  0  4963  4963  0  0  4187  290  0  267989  58  4187  0  2685  241  14331  301  56674213  197  5475  443  443  4.29819868022  
1437176540  0  46971  262  0  0  0  598  11904  0  609986247  598  0  14203  14203  0  0  11904  451  0  300385  451  11904  0  11904  262  15606  301  255451745  21  41364  9240  9240  0.557790977412  
1437176550  0  83468  315  0  0  0  1596  40707  0  1214261665  1596  0  43059  43059  0  0  40707  1195  0  308130  1195  40707  0  40707  315  16214  301  604275418  53  36497  28856  28856  0.377390137538  
1437176560  0  127429  348  0  0  0  2688  72340  0  2135067248  2807  0  86597  86597  0  0  75318  2057  0  308314  1970  75318  0  72340  348  16844  620  920805583  33  43961  43538  43538  0.273093251929  
1437176570  0  178735  399  0  0  0  2491  66288  0  3244131507  2807  0  137988  137988  0  0  75318  2057  0  308356  1861  75318  0  66288  399  18405  2051  1109064259  51  51306  51391  51391  0.223235516267  
1437176580  0  225240  438  0  0  0  2595  70018  0  4235782464  2807  0  184724  184724  0  0  75318  2057  0  308356  1865  75318  0  70018  438  19585  3181  991650957  39  46505  46736  46736  0.194459243474  
1437176590  0  262617  505  0  0  0  2557  69582  0  5031286823  2807  0  221703  221703  0  0  75318  2057  0  308808  1855  75318  0  69582  505  20544  4095  795504359  67  37377  36979  36979  0.192295243644  
1437176600  0  300675  514  0  0  0  2287  60733  0  5835638299  2807  0  260084  260084  0  0  75318  2057  0  308884  1669  75318  0  60733  514  21791  5277  804351476  9  38058  38381  38381  0.170948698761  
1437176610  0  342596  533  0  0  0  2509  65741  0  6705168527  2807  0  302192  302192  0  0  75318  2057  0  308884  1833  75318  0  65741  533  22771  6206  869530228  19  41921  42108  42108  0.15557683102  
1437176620  0  396930  556  0  0  0  2540  68285  0  7874921153  2807  0  356367  356367  0  0  75318  2057  0  309257  1887  75318  0  68285  556  24116  7481  1169752626  23  54334  54175  54175  0.14007507621  
1437176630  0  446424  626  0  0  0  2331  62291  0  8942465848  2807  0  406061  406061  0  0  75318  2057  0  309317  1722  75318  0  62291  626  25613  8894  1067544695  70  49494  49694  49694  0.140225435908  
1437176640  0  487998  719  0  0  0  2435  65458  0  9856900648  2807  0  447716  447716  0  0  75318  2057  0  309331  1806  75318  0  65458  719  26624  9850  914434800  93  41574  41655  41655  0.147336669413  
1437176650  0  537029  744  0  0  0  2450  65143  0  10918714246  2807  0  497072  497072  0  0  75318  2057  0  309331  1751  75318  0  65143  744  27943  11112  1061813598  25  49031  49356  49356  0.138540004357  
1437176660  0  571997  749  0  0  0  2449  65618  0  11666347960  2807  0  531614  531614  0  0  75318  2057  0  309867  1777  75318  0  65618  749  28823  11945  747633714  5  34968  34542  34542  0.130944742717  
1437176670  0  610313  772  0  0  0  2489  65508  0  12495638143  2807  0  570017  570017  0  0  75318  2057  0  309944  1830  75318  0  65508  772  29850  12917  829290183  23  38316  38403  38403  0.126492471896  
1437176680  0  656835  871  0  0  0  2591  67453  0  13476730987  2807  0  616719  616719  0  0  75318  2057  0  309944  1885  75318  0  67453  871  31024  14029  981092844  99  46522  46702  46702  0.132605601102  
1437176690  0  709953  895  0  0  0  2568  69632  0  14606348047  2807  0  669941  669941  0  0  75318  2057  0  310369  1907  75318  0  69632  895  32361  15298  1129617060  24  53118  53222  53222  0.126064683155  
1437176700  0  757324  944  0  0  0  2549  68370  0  15624951373  2807  0  717183  717183  0  0  75318  2057  0  310434  1889  75318  0  68370  944  33675  16541  1018603326  49  47371  47242  47242  0.124649423496  
1437176710  0  802920  1011  0  0  0  2565  69586  0  16621141635  2807  0  763003  763003  0  0  75318  2057  0  310448  1875  75318  0  69586  1011  34877  17683  996190262  67  45596  45820  45820  0.125915408758  
1437176720  0  845068  1021  0  0  0  2354  62965  0  17568193942  2807  0  805361  805361  0  0  75318  2057  0  310452  1699  75318  0  62965  1021  36175  18918  947052307  10  42148  42358  42358  0.12081867968  
1437176730  0  880632  1059  0  0  0  2332  62078  0  18323468294  2807  0  840744  840744  0  0  75318  2057  0  310925  1711  75318  0  62078  1059  37090  19789  755274352  38  35564  35383  35383  0.120254544464  
1437176740  0  923460  1085  0  0  0  2515  67404  0  19232121621  2807  0  883541  883541  0  0  75318  2057  0  310988  1854  75318  0  67404  1085  38084  20727  908653327  26  42828  42797  42797  0.11749290711  
1437176750  0  963838  1111  0  0  0  2175  57101  0  20128583689  2807  0  924304  924304  0  0  75318  2057  0  311003  1591  75318  0  57101  1111  39418  22001  896462068  26  40378  40763  40763  0.115268333475  
1437176760  0  1018441  1140  0  0  0  2526  66962  0  21307928150  2807  0  978800  978800  0  0  75318  2057  0  311425  1856  75318  0  66962  1140  40623  23131  1179344461  29  54603  54496  54496  0.111935792059  
1437176770  0  1064750  1216  0  0  0  2402  64015  0  22303942296  2807  0  1025205  1025205  0  0  75318  2057  0  311522  1812  75318  0  64015  1216  41909  24351  996014146  76  46309  46405  46405  0.114205212491  
1437176780  0  1108464  1253  0  0  0  2173  57589  0  23248934533  2807  0  1068900  1068900  0  0  75318  2057  0  311528  1596  75318  0  57589  1253  43262  25643  944992237  37  43714  43695  43695  0.11303930484  
1437176790  0  1154286  1291  0  0  0  2642  71154  0  24232920949  2807  0  1114717  1114717  0  0  75318  2057  0  311904  1901  75318  0  71154  1291  44128  26461  983986416  38  45822  45817  45817  0.111844031722  
1437176800  0  1190289  1296  0  0  0  2516  67125  0  24991586793  2807  0  1150778  1150778  0  0  75318  2057  0  312016  1836  75318  0  67125  1296  45156  27440  758665844  5  36003  36061  36061  0.108881120467  
1437176810  0  1230074  1337  0  0  0  2795  73790  0  25817082172  2821  0  1190666  1190666  0  0  75318  2070  0  312079  2042  75318  0  73790  1337  46051  28281  825495379  41  39785  39888  39888  0.108692647759  
1437176820  0  1274782  1380  0  0  0  2607  69388  0  26770721199  2821  0  1235704  1235704  0  0  75318  2070  0  312094  1909  75318  0  69388  1380  47354  29521  953639027  43  44708  45038  45038  0.108253803395  
1437176830  0  1323776  1587  0  0  0  2153  56587  0  27693517857  2821  0  1284498  1284498  0  0  75318  2070  0  312543  1601  75318  0  56587  1587  48994  31072  922796658  207  48994  48794  48794  0.119884330884  
1437176840  0  1372741  1685  0  0  0  2698  72264  0  28674433175  2821  0  1333354  1333354  0  0  75318  2070  0  312635  2001  75318  0  72264  1685  49866  31899  980915318  98  48965  48856  48856  0.1227471169  
1437176850  0  1422628  1718  0  0  0  2381  63264  0  29755779980  2821  0  1383604  1383604  0  0  75318  2070  0  312635  1708  75318  0  63264  1718  51472  33415  1081346805  33  49887  50250  50250  0.120762419972  
1437176860  0  1461232  1791  0  0  0  2497  66011  0  30572610716  2822  0  1422267  1422267  0  0  75318  2070  0  312649  1813  75318  0  66011  1791  52426  34319  816830736  73  38604  38663  38663  0.122567805797  
1437176870  0  1499469  1792  0  0  0  2480  66164  0  31363788456  2822  0  1460422  1460422  0  0  75318  2070  0  313146  1823  75318  0  66164  1792  53407  35248  791177740  1  38237  38155  38155  0.119508972843  
1437176880  0  1541159  1800  0  0  0  2791  74174  0  32230708111  2822  0  1502335  1502335  0  0  75318  2070  0  313204  2021  75318  0  74174  1800  54311  36107  866919655  8  41690  41913  41913  0.116795217106  
1437176890  0  1587325  1811  0  0  0  2647  70351  0  33196198519  2822  0  1548447  1548447  0  0  75318  2070  0  313219  1949  75318  0  70351  1811  55618  37351  965490408  11  46166  46112  46112  0.114091317153  
1437176900  0  1642585  1898  0  0  0  2439  65692  0  34406964250  2822  0  1603647  1603647  0  0  75318  2070  0  313681  1798  75318  0  65692  1898  57226  38865  1210765731  87  55260  55200  55200  0.115549575821  
1437176910  0  1683220  1970  0  0  0  2636  70230  0  35286569565  2822  0  1644510  1644510  0  0  75318  2070  0  313758  1933  75318  0  70230  1970  58165  39753  879605315  72  40635  40863  40863  0.117037582728  
1437176920  0  1729320  2022  0  0  0  2573  68407  0  36297697470  2822  0  1690828  1690828  0  0  75966  2070  0  313758  1850  75966  0  68407  2022  59455  40983  1011127905  52  46100  46318  46318  0.116924571508  
1437176930  0  1765330  2077  0  0  0  2450  64978  0  37079305314  2838  0  1726800  1726800  0  0  75966  2070  0  313772  1790  75966  0  64978  2077  60465  41949  781607844  55  36010  35972  35972  0.117655055995  
1437176940  0  1804459  2150  0  0  0  2632  70197  0  37869856784  2838  0  1765696  1765696  0  0  75966  2070  0  314205  1928  75966  0  70197  2150  61385  42812  790551470  73  39129  38896  38896  0.119149285187  
1437176950  0  1849506  2162  0  0  0  2503  65883  0  38809665283  2848  0  1810786  1810786  0  0  75966  2073  0  314277  1805  75966  0  65883  2162  62679  44040  939808499  12  45047  45090  45090  0.116896079277  
1437176960  0  1901350  2228  0  0  0  2606  71043  0  39937844943  2848  0  1863109  1863109  0  0  75966  2073  0  314277  1931  75966  0  71043  2228  63906  45209  1128179660  66  51844  52323  52323  0.117179898493  
1437176970  0  1951801  2280  0  0  0  2706  73100  0  41011195327  2848  0  1913313  1913313  0  0  75966  2073  0  314753  1984  75966  0  73100  2280  65213  46438  1073350384  52  50451  50204  50204  0.116815187614  
1437176980  0  1995855  2333  0  0  0  2554  68127  0  41969565586  2848  0  1957338  1957338  0  0  75966  2073  0  314840  1869  75966  0  68127  2333  66524  47687  958370259  53  44054  44025  44025  0.116892259207  
1437176990  0  2039425  2379  0  0  0  2486  66496  0  42914054827  2861  0  2001456  2001456  0  0  76991  2073  0  314841  1788  76991  0  66496  2379  67731  48836  944489241  46  43570  44118  44118  0.116650526496  
1437177000  0  2077420  2450  0  0  0  2460  65210  0  43726747793  2861  0  2039015  2039015  0  0  76991  2073  0  315187  1795  76991  0  65210  2450  68710  49768  812692966  71  37995  37559  37559  0.117934745983  
1437177010  0  2116046  2543  0  0  0  2662  69438  0  44538359769  2864  0  2077619  2077619  0  0  76991  2093  0  315324  1948  76991  0  69438  2543  69639  50644  811611976  93  38626  38604  38604  0.120176971578  
1437177020  0  2157100  2619  0  0  0  2787  73556  0  45404000617  2878  0  2118908  2118908  0  0  76991  2105  0  315373  2019  76991  0  73556  2619  70612  51573  865640848  76  41054  41289  41289  0.121413008205  
1437177031  0  2213910  2690  0  0  0  2561  67960  0  46643729591  2878  0  2176146  2176146  0  0  76991  2105  0  315373  1886  76991  0  67960  2690  72283  53146  1239728974  71  56810  57238  57238  0.121504487536  
1437177041  0  2261895  2778  0  0  0  2595  69633  0  47718533550  2878  0  2224047  2224047  0  0  76991  2105  0  315909  1946  76991  0  69633  2778  73495  54293  1074803959  88  47985  47901  47901  0.122817372159  
1437177051  0  2305637  2897  0  0  0  2430  64543  0  48653659034  2878  0  2267690  2267690  0  0  76991  2105  0  315983  1757  76991  0  64543  2897  74817  55555  935125484  119  43742  43643  43643  0.125648573474  
1437177061  0  2348616  2951  0  0  0  2666  71362  0  49574785389  2920  0  2310813  2310813  0  0  77878  2105  0  315984  1925  77878  0  71362  2951  75765  56458  921126355  54  42979  43123  43123  0.125648467012  
1437177071  0  2384131  2963  0  0  0  2578  70390  0  50303702466  2920  0  2346122  2346122  0  0  77878  2105  0  316322  1875  77878  0  70390  2963  76717  57363  728917077  12  35515  35309  35309  0.124280083603  
1437177081  0  2424185  2964  0  0  0  2768  73146  0  51161894119  2920  0  2386257  2386257  0  0  78022  2105  0  316465  2015  78022  0  73146  2964  77690  58282  858191653  1  40054  40135  40135  0.122267896221  
1437177091  0  2468052  3034  0  0  0  2686  70785  0  52137914482  2920  0  2430572  2430572  0  0  78022  2105  0  316521  1960  78022  0  70785  3034  78911  59438  976020363  70  43867  44315  44315  0.122930959315  
1437177101  0  2518909  3070  0  0  0  2722  73868  0  53199053802  2920  0  2481429  2481429  0  0  78022  2105  0  316548  2021  78022  0  73868  3070  80188  60642  1061139320  36  50857  50857  50857  0.121878162331  
1437177111  0  2570568  3098  0  0  0  2385  63666  0  54324521039  2920  0  2532846  2532846  0  0  78022  2105  0  317025  1771  78022  0  63666  3098  81845  62214  1125467237  28  51659  51417  51417  0.120518111172  
1437177121  0  2615975  3175  0  0  0  2719  74313  0  55297120304  2920  0  2578520  2578520  0  0  78022  2105  0  317120  1949  78022  0  74313  3175  82784  63112  972599265  77  45407  45674  45674  0.121369661407  
1437177131  0  2654180  3192  0  0  0  2767  75838  0  56111793247  2920  0  2616874  2616874  0  0  78022  2105  0  317121  2003  78022  0  75838  3192  83744  64025  814672943  17  38205  38354  38354  0.120263132116  
1437177141  0  2691774  3193  0  0  0  2824  76171  0  56904136874  2920  0  2654482  2654482  0  0  78022  2105  0  317134  2050  78022  0  76171  3193  84711  64938  792343627  1  37594  37608  37608  0.11862065686  
1437177151  0  2731605  3270  0  0  0  2603  68706  0  57748517487  2920  0  2694217  2694217  0  0  78022  2105  0  317561  1916  78022  0  68706  3270  85965  66127  844380613  77  39831  39735  39735  0.119709840918  
1437177161  0  2782830  3295  0  0  0  2639  69638  0  58850967621  2920  0  2745546  2745546  0  0  78022  2110  0  317655  1924  78022  0  69638  3295  87288  67385  1102450134  25  51225  51329  51329  0.118404645631  
1437177171  0  2835784  3308  0  0  0  2422  64841  0  60016669861  2920  0  2798687  2798687  0  0  78022  2110  0  317655  1791  78022  0  64841  3308  88837  68848  1165702240  13  52954  53141  53141  0.11665204402  
1437177181  0  2877232  3361  0  0  0  2538  68661  0  60914906848  2920  0  2840021  2840021  0  0  78022  2110  0  318149  1880  78022  0  68661  3361  89821  69778  898236987  53  41448  41334  41334  0.116813659795  
1437177191  0  2922142  3368  0  0  0  2390  64445  0  61896808046  2920  0  2884999  2884999  0  0  78799  2110  0  318272  1718  78799  0  64445  3368  91122  71022  981901198  7  44910  44978  44978  0.115257916966  
1437177201  0  2958541  3384  0  0  0  2443  63950  0  62676359327  2956  0  2921561  2921561  0  0  78799  2124  0  318286  1777  78799  0  63950  3384  92076  71934  779551281  16  36399  36562  36562  0.114380703191  
1437177211  0  3001965  3404  0  0  0  2656  70720  0  63559548417  2956  0  2964931  2964931  0  0  78799  2124  0  318626  1954  78799  0  70720  3404  93057  72849  883189090  20  43424  43370  43370  0.113392394648  
1437177221  0  3041578  3467  0  0  0  2779  74538  0  64416039005  2956  0  3004526  3004526  0  0  78799  2124  0  318797  2008  78799  0  74538  3467  94004  73750  856490588  63  39613  39595  39595  0.11398688444  
1437177231  0  3092859  3480  0  0  0  2472  67002  0  65546909825  2956  0  3056088  3056088  0  0  78799  2124  0  318852  1847  78799  0  67002  3480  95543  75215  1130870820  13  51281  51562  51562  0.112517253454  
1437177241  0  3137920  3560  0  0  0  2876  78148  0  66493875108  2956  0  3101053  3101053  0  0  78799  2129  0  318852  2129  78799  0  78148  3560  96463  76083  946965283  80  45061  44965  44965  0.113450948399  
1437177251  0  3178122  3624  0  0  0  2526  67759  0  67366247361  3005  0  3141196  3141196  0  0  81792  2203  0  319282  1856  81792  0  67759  3624  97818  77367  872372253  64  40202  40143  40143  0.114029606164  
1437177261  0  3229308  3635  0  0  0  2664  72072  0  68458661087  3070  0  3192466  3192466  0  0  83755  2220  0  319363  1908  83755  0  72072  3635  99092  78581  1092413726  11  51186  51270  51270  0.112562815315  
1437177271  0  3264870  3660  0  0  0  2986  81664  0  69210374658  3107  0  3228281  3228281  0  0  86187  2227  0  319364  2146  86187  0  81664  3660  99737  79199  751713571  25  35562  35815  35815  0.112102472687  
1437177281  0  3303764  3692  0  0  0  2713  72449  0  70025767445  3145  0  3266974  3266974  0  0  86187  2278  0  319732  1980  86187  0  72449  3692  101013  80401  815392787  32  38894  38693  38693  0.111751323642  
1437177291  0  3344472  3714  0  0  0  2883  76977  0  70891908621  3145  0  3307879  3307879  0  0  86187  2286  0  319839  2086  86187  0  76977  3714  101966  81306  866141176  22  40708  40905  40905  0.111048918932  
1437177301  0  3395429  3834  0  0  0  2952  80561  0  71961468870  3153  0  3358884  3358884  0  0  86187  2297  0  319932  2185  86187  0  80561  3834  103206  82482  1069560249  120  50957  51005  51005  0.11291651217  
1437177311  0  3451520  3874  0  0  0  2702  73266  0  73163309240  3153  0  3415341  3415341  0  0  86187  2297  0  319961  2006  86187  0  73266  3874  104909  84091  1201840370  40  56091  56457  56457  0.112240404228  
1437177321  0  3495977  4021  0  0  0  2987  81569  0  74099841800  3153  0  3459452  3459452  0  0  86187  2297  0  320476  2178  86187  0  81569  4021  105872  85009  936532560  147  44457  44111  44111  0.115017919168  
1437177331  0  3536929  4056  0  0  0  2854  76994  0  75011411278  3153  0  3500496  3500496  0  0  86187  2297  0  320525  2053  86187  0  76994  4056  107080  86157  911569478  35  40952  41044  41044  0.114675754023  
1437177341  0  3570919  4101  0  0  0  3061  83547  0  75715988322  3153  0  3534721  3534721  0  0  86187  2297  0  320525  2195  86187  0  83547  4101  107798  86840  704577044  45  33990  34225  34225  0.114844385997  
1437177351  0  3609364  4140  0  0  0  2804  74844  0  76545881559  3153  0  3573016  3573016  0  0  86187  2297  0  320837  2049  86187  0  74844  4140  109023  87998  829893237  39  38445  38295  38295  0.114701648268  
1437177361  0  3653412  4188  0  0  0  3042  82607  0  77475279624  3153  0  3617230  3617230  0  0  86187  2297  0  321092  2207  86187  0  82607  4188  109986  88910  929398065  48  44048  44214  44214  0.114632568131  
1437177371  0  3708360  4232  0  0  0  2725  74174  0  78683797830  3153  0  3672431  3672431  0  0  86187  2297  0  321145  2006  86187  0  74174  4232  111666  90508  1208518206  44  54948  55201  55201  0.114120527673  
1437177381  0  3755298  4302  0  0  0  2723  74028  0  79693514296  3153  0  3719555  3719555  0  0  86187  2297  0  321145  2024  86187  0  74028  4302  112922  91694  1009716466  70  46938  47124  47124  0.114558152243  
1437177391  0  3800714  4354  0  0  0  3091  83544  0  80642483657  3153  0  3764633  3764633  0  0  86187  2297  0  321679  2254  86187  0  83544  4354  113885  92601  948969361  52  45416  45078  45078  0.114557422632  
1437177401  0  3840161  4360  0  0  0  2659  71936  0  81501970680  3182  0  3804276  3804276  0  0  86534  2299  0  321732  1915  86534  0  71936  4360  115257  93912  859487023  6  39447  39643  39643  0.113536906395  
1437177411  0  3876342  4387  0  0  0  2546  68222  0  82267196030  3182  0  3840580  3840580  0  0  86534  2299  0  321732  1857  86534  0  68222  4387  116261  94869  765225350  27  36181  36304  36304  0.113173708615  
1437177421  0  3920575  4460  0  0  0  2865  77501  0  83166509189  3182  0  3884699  3884699  0  0  86534  2299  0  322138  2076  86534  0  77501  4460  117215  95767  899313159  73  44233  44119  44119  0.113758823642  
1437177431  0  3964439  4565  0  0  0  2695  72177  0  84131112407  3182  0  3928377  3928377  0  0  86534  2299  0  322290  1976  86534  0  72177  4565  118485  96974  964603218  105  43864  43678  43678  0.115148700737  
1437177441  0  4012622  4593  0  0  0  2734  75628  0  85185658677  3182  0  3976859  3976859  0  0  86534  2299  0  322321  2025  86534  0  75628  4593  119683  98111  1054546270  28  48183  48482  48482  0.114463809449  
1437177451  0  4062965  4652  0  0  0  2753  72606  0  86296034613  3182  0  4027469  4027469  0  0  86534  2319  0  322339  2053  86534  0  72606  4652  121096  99442  1110375936  59  50343  50610  50610  0.114497663652  
1437177461  0  4106606  4726  0  0  0  2896  79233  0  87206472827  3182  0  4070911  4070911  0  0  86534  2319  0  322839  2081  86534  0  79233  4726  122117  100414  910438214  74  43641  43442  43442  0.115082868919  
1437177471  0  4149186  4761  0  0  0  2760  75028  0  88130587518  3182  0  4113503  4113503  0  0  86927  2319  0  322902  2002  86927  0  75028  4761  123328  101565  924114691  35  42580  42592  42592  0.114745398254  
1437177481  0  4186823  4834  0  0  0  2816  76054  0  88930644097  3182  0  4151591  4151591  0  0  86927  2319  0  322902  2027  86927  0  76054  4834  124317  102501  800056579  73  37637  38088  38088  0.115457472169  
1437177492  0  4228172  4837  0  0  0  2999  79767  0  89796420902  3189  0  4192467  4192467  0  0  86927  2319  0  323272  2193  86927  0  79767  4837  125267  103404  865776805  3  41349  40876  40876  0.114399319611  
1437177502  0  4277700  4837  0  0  0  3046  82717  0  90882830663  3189  0  4242423  4242423  0  0  86927  2319  0  323422  2215  86927  0  82717  4837  126511  104591  1086409761  0  49528  49956  49956  0.113074783178  
1437177512  0  4327263  4887  0  0  0  2949  79413  0  91958760854  3189  0  4291984  4291984  0  0  86927  2319  0  323453  2171  86927  0  79413  4887  127935  105930  1075930191  50  49563  49561  49561  0.112935127816  
1437177522  0  4369167  4918  0  0  0  2764  74551  0  92840938659  3189  0  4334326  4334326  0  0  86927  2319  0  323453  2050  86927  0  74551  4918  129171  107100  882177805  31  41904  42342  42342  0.112561501998  
1437177532  0  4413869  4965  0  0  0  3026  82723  0  93784436134  3189  0  4378692  4378692  0  0  86927  2319  0  323999  2170  86927  0  82723  4965  130161  108045  943497475  47  44702  44366  44366  0.112486347012  
1437177542  0  4451626  4990  0  0  0  3041  83972  0  94602182069  3189  0  4416360  4416360  0  0  86927  2319  0  324076  2195  86927  0  83972  4990  131114  108954  817745935  25  37757  37668  37668  0.112093873115  
1437177552  0  4494210  5043  0  0  0  2915  78821  0  95497190790  3189  0  4459083  4459083  0  0  87359  2319  0  324076  2127  87359  0  78821  5043  132341  110118  895008721  53  42584  42723  42723  0.112211044878  
1437177562  0  4534255  5043  0  0  0  3069  83146  0  96327066657  3189  0  4499144  4499144  0  0  87359  2319  0  324440  2228  87359  0  83146  5043  133304  111027  829875867  0  40045  40061  40061  0.111220035044  
1437177572  0  4583037  5154  0  0  0  2926  78895  0  97377045693  3189  0  4547997  4547997  0  0  87359  2321  0  324626  2160  87359  0  78895  5154  134687  112341  1049979036  111  48782  48853  48853  0.112458180023  
1437177582  0  4634321  5173  0  0  0  3045  83093  0  98484917522  3189  0  4599546  4599546  0  0  87359  2321  0  324626  2254  87359  0  83093  5173  135962  113544  1107871829  19  51284  51549  51549  0.111623687699  
1437177592  0  4685439  5237  0  0  0  2600  69705  0  99591973556  3189  0  4650724  4650724  0  0  87359  2321  0  324670  1891  87359  0  69705  5237  137662  115162  1107056034  64  51118  51178  51178  0.111771810496  
1437177602  0  4729097  5347  0  0  0  3023  79763  0  100524814102  3348  0  4694226  4694226  0  0  88019  2421  0  325145  2172  88019  0  79763  5347  138564  116023  932840546  110  43658  43502  43502  0.113065982787  
1437177612  0  4762450  5383  0  0  0  2740  73910  0  101239998848  3348  0  4727593  4727593  0  0  88957  2421  0  325195  1976  88957  0  73910  5383  139590  116990  715184746  36  33353  33367  33367  0.113030058058  
1437177622  0  4801566  5439  0  0  0  2902  77998  0  102070914238  3348  0  4766880  4766880  0  0  88957  2424  0  325195  2139  88957  0  77998  5439  140511  117867  830915390  56  39116  39287  39287  0.113275543854  
1437177632  0  4842683  5474  0  0  0  2938  79785  0  102936766053  3348  0  4808010  4808010  0  0  88957  2424  0  325580  2133  88957  0  79785  5474  141544  118847  865851815  35  41117  41130  41130  0.113036513024  
1437177642  0  4896933  5474  0  0  0  2935  79837  0  104093356917  3348  0  4862426  4862426  0  0  88957  2424  0  325744  2147  88957  0  79837  5474  142997  120220  1156590864  0  54250  54416  54416  0.111784253532  
1437177652  0  4949789  5557  0  0  0  2918  79547  0  105260250073  3348  0  4915438  4915438  0  0  88957  2424  0  325773  2152  88957  0  79547  5557  144415  121560  1166893156  83  52856  53012  53012  0.112267411803  
1437177662  0  4995392  5709  0  0  0  2869  77146  0  106275777001  3348  0  4961346  4961346  0  0  88957  2424  0  325788  2073  88957  0  77146  5709  145691  122772  1015526928  152  45603  45908  45908  0.114285325356  
1437177672  0  5033779  5720  0  0  0  2946  79284  0  107100365302  3348  0  4999157  4999157  0  0  89335  2424  0  326345  2100  89335  0  79284  5720  146647  123683  824588301  11  38387  37811  37811  0.113632322754  
1437177682  0  5069275  5722  0  0  0  2791  75760  0  107859069504  3348  0  5034849  5034849  0  0  89461  2424  0  326403  2047  89461  0  75760  5722  147632  124621  758704202  2  35496  35692  35692  0.112876101612  
1437177692  0  5108905  5764  0  0  0  2951  80277  0  108690417938  3348  0  5074612  5074612  0  0  89506  2424  0  326403  2169  89506  0  80277  5764  148582  125515  831348434  42  39630  39763  39763  0.112822610716  
1437177702  0  5156161  5764  0  0  0  2929  78621  0  109707941769  3348  0  5121683  5121683  0  0  89506  2424  0  326778  2140  89506  0  78621  5764  149854  126724  1017523831  0  47256  47071  47071  0.111788596206  
1437177712  0  5208498  5770  0  0  0  2812  77160  0  110864186713  3348  0  5174343  5174343  0  0  89506  2424  0  326894  2077  89506  0  77160  5770  151309  128102  1156244944  6  52337  52660  52660  0.110780497564  
1437177722  0  5257675  5881  0  0  0  2990  80999  0  111941224366  3348  0  5223766  5223766  0  0  89506  2424  0  326923  2231  89506  0  80999  5881  152502  129228  1077037653  111  49177  49423  49423  0.111855525494  
1437177732  0  5299470  5919  0  0  0  3152  87456  0  112834625025  3348  0  5265764  5265764  0  0  89506  2424  0  326937  2280  89506  0  87456  5919  153488  130167  893400659  38  41795  41998  41998  0.111690414324  
1437177742  0  5341098  5929  0  0  0  3015  81207  0  113727009609  3348  0  5306727  5306727  0  0  90819  2424  0  327495  2166  90819  0  81207  5929  154717  131339  892384584  10  41628  40963  40963  0.111007137484  
1437177752  0  5382850  5952  0  0  0  3152  86070  0  114604615738  3348  0  5348742  5348742  0  0  90819  2424  0  327550  2283  90819  0  86070  5952  155692  132267  877606129  23  41752  42015  42015  0.110573395135  
1437177762  0  5421448  5973  0  0  0  3265  88233  0  115399565539  3348  0  5387594  5387594  0  0  90819  2424  0  327550  2367  90819  0  88233  5973  156661  133176  794949801  21  38598  38852  38852  0.110173518219  
1437177772  0  5467778  6057  0  0  0  2987  80811  0  116381480529  3348  0  5433961  5433961  0  0  90819  2424  0  327940  2161  90819  0  80811  6057  158073  134522  981914990  84  46330  46367  46367  0.110776260485  
1437177782  0  5521407  6110  0  0  0  3192  87420  0  117536279765  3348  0  5487490  5487490  0  0  90819  2424  0  328076  2345  90819  0  87420  6110  159318  135698  1154799236  53  53629  53529  53529  0.110660199475  
1437177792  0  5562820  6141  0  0  0  2956  81663  0  118421735720  3348  0  5529206  5529206  0  0  90819  2424  0  328102  2165  90819  0  81663  6141  160583  136900  885455955  31  41413  41716  41716  0.110393649264  
1437177802  0  5608794  6185  0  0  0  2768  75223  0  119431606987  3348  0  5575522  5575522  0  0  91100  2424  0  328116  1971  91100  0  75223  6185  161990  138236  1009871267  44  45974  46316  46316  0.11027326017  
1437177812  0  5650809  6220  0  0  0  2851  78691  0  120292630735  3348  0  5617190  5617190  0  0  92023  2424  0  328604  2055  92023  0  78691  6220  162983  139179  861023748  35  42015  41668  41668  0.110072734718  
1437177822  0  5689605  6259  0  0  0  2993  81368  0  121108641054  3348  0  5655866  5655866  0  0  92023  2430  0  328683  2174  92023  0  81368  6259  163948  140088  816010319  39  38796  38676  38676  0.110007636734  
1437177832  0  5729847  6310  0  0  0  3080  83762  0  121984378597  3348  0  5696341  5696341  0  0  92023  2430  0  328714  2228  92023  0  83762  6310  164930  141021  875737543  51  40242  40475  40475  0.110125104562  
1437177842  0  5775145  6362  0  0  0  3006  81920  0  122969504847  3348  0  5741497  5741497  0  0  92023  2430  0  329137  2195  92023  0  81920  6362  166151  142188  985126250  52  45298  45156  45156  0.110161736199  
1437177852  0  5827687  6394  0  0  0  3232  88593  0  124071961392  3348  0  5794339  5794339  0  0  92023  2430  0  329217  2401  92023  0  88593  6394  167385  143351  1102456545  32  52542  52842  52842  0.109717628967  
1437177862  0  5873817  6432  0  0  0  2925  80635  0  125083855226  3348  0  5840627  5840627  0  0  92023  2430  0  329262  2153  92023  0  80635  6432  168844  144730  1011893834  38  46130  46288  46288  0.109502900754  
1437177872  0  5920768  6452  0  0  0  3024  82876  0  126118170399  3348  0  5887743  5887743  0  0  92023  2430  0  329264  2143  92023  0  82876  6452  170071  145902  1034315173  20  46951  47116  47116  0.108972349533  
1437177882  0  5955694  6459  0  0  0  2894  80064  0  126866920876  3348  0  5922366  5922366  0  0  92449  2430  0  329769  2081  92449  0  80064  6459  171030  146816  748750477  7  34926  34623  34623  0.108450837132  
1437177892  0  5994993  6507  0  0  0  2991  81258  0  127675734999  3348  0  5961776  5961776  0  0  92449  2430  0  329843  2194  92449  0  81258  6507  172010  147741  808814123  48  39299  39410  39410  0.108540577112  
1437177902  0  6034297  6560  0  0  0  3110  84392  0  128500946781  3348  0  6001224  6001224  0  0  92449  2430  0  329861  2249  92449  0  84392  6560  172983  148662  825211782  53  39304  39448  39448  0.108711917892  
1437177912  0  6095470  6655  0  0  0  2933  80116  0  129772218815  3348  0  6062335  6062335  0  0  92449  2430  0  330302  2155  92449  0  80116  6655  174694  150283  1271272034  95  61173  61111  61111  0.109179439814  
1437177922  0  6140483  6701  0  0  0  2886  79776  0  130710486164  3348  0  6107623  6107623  0  0  92449  2430  0  330388  2120  92449  0  79776  6701  175921  151446  938267349  46  45013  45288  45288  0.109128223301  
1437177932  0  6184852  6768  0  0  0  3198  87706  0  131666349219  3348  0  6152031  6152031  0  0  92449  2430  0  330435  2330  92449  0  87706  6768  176903  152372  955863055  67  44369  44408  44408  0.109428649222  
1437177942  0  6225364  6774  0  0  0  2980  81532  0  132560057903  3356  0  6192735  6192735  0  0  92449  2430  0  330435  2127  92449  0  81532  6774  178137  153550  893708684  6  40512  40704  40704  0.108812914393  
1437177952  0  6260555  6813  0  0  0  3277  90284  0  133312355227  3359  0  6227602  6227602  0  0  92791  2430  0  330954  2354  92791  0  90284  6813  178840  154219  752297324  39  35191  34867  34867  0.108824217661  
1437177962  0  6303849  6879  0  0  0  3201  87468  0  134224731219  3491  0  6271285  6271285  0  0  96064  2532  0  331041  2320  96064  0  87468  6879  180046  155361  912375992  66  43294  43683  43683  0.109123806741  
1437177972  0  6344616  6941  0  0  0  3345  91864  0  135098188427  3584  0  6312077  6312077  0  0  98265  2601  0  331056  2446  98265  0  91864  6941  180987  156256  873457208  62  40767  40792  40792  0.109399843899  
1437177982  0  6398752  6956  0  0  0  3312  90798  0  136268855434  3584  0  6366050  6366050  0  0  98265  2609  0  331512  2437  98265  0  90798  6956  182445  157639  1170667007  15  54136  53973  53973  0.108708698196  
1437177992  0  6445755  6993  0  0  0  3309  91149  0  137272311687  3584  0  6413232  6413232  0  0  98265  2613  0  331588  2430  98265  0  91149  6993  183702  158826  1003456253  37  47003  47182  47182  0.108490006213  
1437178003  0  6490107  7026  0  0  0  3195  88355  0  138233520078  3584  0  6457735  6457735  0  0  98265  2613  0  331602  2310  98265  0  88355  7026  184971  160026  961208391  33  44352  44503  44503  0.10825707496  
1437178013  0  6528711  7032  0  0  0  3298  89967  0  139067260690  3592  0  6496605  6496605  0  0  99440  2613  0  331634  2370  99440  0  89967  7032  185958  160971  833740612  6  38604  38870  38870  0.107708857078  
1437178023  0  6568451  7066  0  0  0  3327  91490  0  139888802633  3612  0  6536026  6536026  0  0  100248  2613  0  332101  2409  100248  0  91490  7066  186941  161905  821541943  34  39740  39421  39421  0.107574830047  
1437178033  0  6606887  7069  0  0  0  3384  92931  0  140683649477  3641  0  6574540  6574540  0  0  100248  2634  0  332158  2455  100248  0  92931  7069  187920  162830  794846844  3  38436  38514  38514  0.106994413557  
1437178043  0  6647684  7069  0  0  0  3537  96436  0  141558472710  3641  0  6615503  6615503  0  0  100248  2637  0  332199  2558  100248  0  96436  7069  188911  163770  874823233  0  40797  40963  40963  0.106337786212  
1437178053  0  6701385  7118  0  0  0  3088  84934  0  142752122603  3641  0  6669155  6669155  0  0  100248  2637  0  332623  2265  100248  0  84934  7118  190621  165385  1193649893  49  53701  53652  53652  0.106216849204  
1437178063  0  6751427  7184  0  0  0  3542  97257  0  143787740078  3641  0  6719103  6719103  0  0  100248  2637  0  332745  2621  100248  0  97257  7184  191622  166338  1035617475  66  50042  49948  49948  0.106407134373  
1437178073  0  6796208  7228  0  0  0  3452  94511  0  144751991039  3641  0  6764036  6764036  0  0  100248  2637  0  332776  2506  100248  0  94511  7228  192898  167547  964250961  44  44781  44933  44933  0.106353425322  
1437178083  0  6835613  7260  0  0  0  3574  97421  0  145591774466  3649  0  6803964  6803964  0  0  100248  2637  0  332777  2565  100248  0  97421  7260  193889  168494  839783427  32  39405  39928  39928  0.106208470257  
1437178093  0  6872510  7302  0  0  0  3488  96029  0  146366935057  3664  0  6840425  6840425  0  0  100248  2637  0  333229  2523  100248  0  96029  7302  194879  169433  775160591  42  36897  36461  36461  0.106249390688  
1437178103  0  6911463  7360  0  0  0  3538  97482  0  147178723264  3664  0  6879332  6879332  0  0  100484  2652  0  333316  2563  100484  0  97482  7360  195856  170358  811788207  58  38953  38907  38907  0.106489754774  
1437178113  0  6955125  7385  0  0  0  3104  85409  0  148146055812  3664  0  6923386  6923386  0  0  100484  2652  0  333331  2261  100484  0  85409  7385  197330  171759  967332548  25  43662  44054  44054  0.106180694092  
1437178123  0  7014632  7433  0  0  0  3201  87436  0  149441325773  3664  0  6982802  6982802  0  0  100484  2652  0  333832  2346  100484  0  87436  7433  198844  173182  1295269961  48  59507  59416  59416  0.105964218793  
1437178133  0  7058360  7466  0  0  0  3390  94133  0  150382507417  3664  0  7026647  7026647  0  0  100484  2652  0  333932  2482  100484  0  94133  7466  199857  174144  941181644  33  43728  43845  43845  0.105775279243  
1437178143  0  7104468  7525  0  0  0  3109  85168  0  151391675073  3664  0  7073038  7073038  0  0  100803  2652  0  333964  2225  100803  0  85168  7525  201334  175552  1009167656  59  46108  46391  46391  0.10591926095  
1437178153  0  7141190  7554  0  0  0  3072  84533  0  152163897503  3673  0  7109698  7109698  0  0  101650  2652  0  333977  2208  101650  0  84533  7554  202301  176471  772222430  29  36722  36660  36660  0.105780689213  
1437178163  0  7181000  7644  0  0  0  3163  85716  0  153016864466  3690  0  7149182  7149182  0  0  101650  2681  0  334491  2312  101650  0  85716  7644  203288  177409  852966963  90  39810  39484  39484  0.106447569976  
1437178173  0  7222920  7665  0  0  0  3374  90835  0  153897638605  3741  0  7191296  7191296  0  0  101650  2727  0  334544  2462  101650  0  90835  7665  204269  178335  880774139  21  41920  42114  42114  0.106120516356  
1437178183  0  7274454  7712  0  0  0  3498  96965  0  154994509593  3741  0  7243278  7243278  0  0  101650  2727  0  334588  2559  101650  0  96965  7712  205476  179484  1096870988  47  51534  51982  51982  0.106014829429  
1437178193  0  7325506  7732  0  0  0  2946  81224  0  156118589745  3741  0  7294058  7294058  0  0  101650  2727  0  335018  2158  101650  0  81224  7732  207277  181183  1124080152  20  51052  50780  50780  0.105549022825  
1437178203  0  7366441  7793  0  0  0  3080  84048  0  157018888299  3741  0  7335081  7335081  0  0  101650  2727  0  335128  2258  101650  0  84048  7793  208269  182118  900298554  61  40935  41023  41023  0.105790571051  
1437178213  0  7415680  7846  0  0  0  3505  96364  0  158070622270  3741  0  7384501  7384501  0  0  101999  2727  0  335160  2523  101999  0  96364  7846  209272  183078  1051733971  53  49239  49420  49420  0.105802839389  
1437178223  0  7451147  7852  0  0  0  3470  95862  0  158844307531  3741  0  7420152  7420152  0  0  102904  2727  0  335173  2505  102904  0  95862  7852  210218  183980  773685261  6  35467  35651  35651  0.105379748917  
1437178233  0  7493080  7935  0  0  0  3277  90100  0  159727164897  3741  0  7461846  7461846  0  0  102904  2727  0  335635  2364  102904  0  90100  7935  211470  185163  882857366  83  41933  41694  41694  0.105897708286  
1437178243  0  7532485  7956  0  0  0  3351  91705  0  160533151781  3741  0  7501255  7501255  0  0  102904  2727  0  335721  2424  102904  0  91705  7956  212433  186076  805986884  21  39405  39409  39409  0.105622513686  
1437178253  0  7586174  8037  0  0  0  3482  95882  0  161709839387  3741  0  7555279  7555279  0  0  102904  2727  0  335750  2553  102904  0  95882  8037  213744  187325  1176687606  81  53689  54024  54024  0.105942732133  
1437178263  0  7635083  8093  0  0  0  3230  90141  0  162788632268  3741  0  7603978  7603978  0  0  102904  2727  0  336215  2378  102904  0  90141  8093  215235  188732  1078792881  56  48909  48699  48699  0.105997537944  
1437178273  0  7679233  8136  0  0  0  3504  96681  0  163741714046  3741  0  7648308  7648308  0  0  102904  2727  0  336346  2543  102904  0  96681  8136  216222  189664  953081778  43  44150  44330  44330  0.105948081013  
1437178283  0  7724827  8188  0  0  0  3526  97956  0  164733409816  3741  0  7694138  7694138  0  0  102904  2727  0  336360  2510  102904  0  97956  8188  217437  190825  991695770  52  45594  45830  45830  0.105995901267  
1437178293  0  7760968  8246  0  0  0  3494  96444  0  165476316620  3741  0  7730305  7730305  0  0  103593  2727  0  336376  2527  103593  0  96444  8246  218386  191733  742906804  58  36141  36167  36167  0.106249632778  
1437178303  0  7799836  8324  0  0  0  3515  96564  0  166260769289  3741  0  7768932  7768932  0  0  103593  2727  0  336791  2536  103593  0  96564  8324  219416  192698  784452669  78  38868  38627  38627  0.106720192578  
1437178313  0  7840273  8324  0  0  0  3612  99507  0  167128468909  3741  0  7809507  7809507  0  0  103593  2727  0  336873  2629  103593  0  99507  8324  220380  193613  867699620  0  40437  40575  40575  0.106169772405  
1437178323  0  7896168  8356  0  0  0  3255  90046  0  168332389478  3741  0  7865709  7865709  0  0  103593  2727  0  336901  2379  103593  0  90046  8356  222124  195270  1203920569  32  55895  56202  56202  0.105823482986  
