#type:G;
#time  Rt  Nm  Tt  Nc  Rx  Gz  Pc  Pf  Ra  Te  Pm  Fp  Fc  Ta  Fm  Om  Lm  Oc  Sm  Sc  Em  Af  Ea  Cf  Ec  Gd  Zt  Et  Ep  dedup_put_diff  total_eph_put_diff  dedup_factor  dedup_curr  compression_saving  tze_saving  
1439172992  0  0  17450  0  0  0  0  0  0  17158  0  0  0  0  0  0  0  0  0  0  0  0  0  0  0  0  0  0  0  0  0  0 0 0 0 
1439173002  0  0  17463  0  0  0  0  0  0  17162  0  0  0  0  0  0  0  0  0  0  0  0  0  0  0  0  0  0  0  0  0  0 0 0 0 
1439173012  0  0  139464  0  0  0  0  0  0  139154  0  0  0  0  0  0  0  0  0  0  0  0  0  0  0  0  0  0  0  0  0  0 0 0 0 
1439173022  0  1488  325136  1488  0  0  67202  0  0  188754  67202  0  52932  0  52932  476  0  476  53478  53478  67202  0  0  0  67202  13724  217867384  0  67202  13724  67202  20.4220112497  20.4220112497  100.0  0.53801694739  
1439173032  0  2340  636321  2340  0  0  122959  0  0  252146  122959  0  84727  1  84728  608  0  608  85437  85437  122959  0  0  0  122959  67525  348412088  0  189742  53801  122540  35.587798168  30.5158630112  100.0  0.43945255349  
1439173042  0  4290  946822  4290  0  0  228908  0  0  266910  228908  0  100513  1  100514  909  0  909  101573  101573  228908  0  0  0  228908  185316  413753072  0  335889  117791  146147  55.1717978261  55.6271515194  100.0  0.550408480846  
1439173052  0  4928  1975043  4891  0  0  251398  0  0  306706  251734  0  107999  163  108162  1006  0  1006  109338  109176  251734  0  0  0  251398  540726  444583440  0  828900  355410  493011  65.2341657619  56.5724468771  100.0  0.581740578286  
1439173062  0  5201  2912231  5198  0  0  274046  0  0  327698  274310  0  94524  16196  111027  1278  0  1278  112202  96018  274310  0  0  0  274046  886140  390017736  0  1286971  345414  458071  68.8546983576  64.9628164615  100.0  0.831954604215  
1439173072  0  5834  3707414  5394  0  0  277762  0  0  327698  279663  0  115255  2  115256  1278  0  588  116187  115246  279663  0  31101  0  277762  1214443  472035696  31103  1684871  328303  397900  72.0792867822  58.5090833159  100.0  0.00252516898634  
1439173082  0  5834  4129219  4925  0  0  260035  0  0  327698  279663  0  115568  140  115706  1278  0  181  116187  115558  279663  0  84184  0  260035  1399433  473316848  84189  1895792  184990  210921  73.8178555453  55.5605976119  100.0  0.00184228374496  
1439173092  0  5834  4483915  5116  0  0  274743  0  0  327698  279663  0  115641  33  115741  1278  0  55  116187  115639  279663  0  114505  0  274743  1557158  473641160  114511  2073002  157725  177210  75.1160876835  57.9101196391  100.0  0.00341681601795  
1439173102  0  5834  5105743  5479  0  0  288509  0  0  327698  290599  0  115428  60  115741  1278  0  224  116187  115505  290599  0  125224  0  288509  1830989  472886352  125230  2382706  273831  309704  76.8449401647  59.9648537827  100.0  0.0469507542963  
1439173112  0  5834  5867446  5494  0  0  295546  0  0  327698  295808  0  114904  421  115741  1278  0  220  116187  114981  295808  0  139596  0  295546  2169463  470740048  139603  2763904  338474  381198  78.4927045223  61.0953963173  100.0  0.0471647217801  
1439173122  0  5834  6845600  5786  0  0  304438  0  0  327698  305555  0  114940  98  115741  1278  0  220  116187  115010  305555  0  148348  0  304438  2602288  470860608  148356  3253376  432825  489472  79.9873116418  62.2221930245  100.0  0.0467758238414  
1439173132  0  5834  7478600  5612  0  0  312432  0  0  327698  313125  0  114599  243  115741  1278  0  218  116187  114668  313124  0  151941  0  312432  2883378  469456440  151949  3570136  281090  316760  80.7638140396  63.2982537  100.0  0.0476256044625  
1439173142  0  5914  8307090  5339  0  0  299856  0  0  327698  316172  0  111413  3394  115741  1278  0  23  116187  111404  316172  0  175166  0  299856  3253836  456297984  175177  3984732  370458  414596  81.6575870096  62.8475001334  100.0  0.00280510574127  
1439173152  0  5914  9168521  5456  0  0  312659  0  0  327698  316172  0  114208  610  115741  1278  0  28  116187  114208  316172  0  175766  0  312659  3635366  467775968  175777  4415688  381530  430956  82.3284163193  63.4720254335  100.0  0.00427536818787  
1439173162  0  5914  9853998  5587  0  0  311399  0  0  327698  316172  0  113920  905  115741  1278  0  23  116187  113918  316172  0  186528  0  311399  3941207  466595408  186540  4759045  305841  343357  82.8150815973  63.4173520146  100.0  0.00272605624221  
1439173173  0  5914  10687354  5452  0  0  312093  0  0  327698  316432  0  113898  909  115741  1278  0  24  116187  113896  316432  0  195734  0  312093  4313914  466505296  195746  5175553  372707  416508  83.3517500449  63.5057498887  100.0  0.00272658280361  
1439173183  0  5914  11503170  5789  0  0  311015  0  0  327698  316432  0  114711  103  115741  1278  0  24  116187  114703  316432  0  206972  0  311015  4677364  469808368  206984  5584003  363450  408450  83.7636369465  63.1197852194  100.0  0.0032182299068  
1439173193  0  5992  12378268  5602  0  0  311799  0  0  327698  316432  0  113287  1515  115741  1278  0  23  116187  113277  316432  0  213602  0  311799  5069156  463973872  213614  6021864  391792  437861  84.1791843854  63.6698642395  100.0  0.00187938085401  
1439173203  0  6205  13145000  4994  0  0  257058  0  0  327698  316432  0  114803  3  115741  1278  0  22  116187  114796  316432  0  283556  0  257058  5406612  470191496  283571  6405748  337456  383884  84.4025084971  55.3423740946  100.0  0.00274774110161  
1439173213  0  6205  13539760  4845  0  0  251757  0  0  327698  316432  0  114634  169  115741  1278  0  24  116187  114635  316432  0  308039  0  251757  5582697  469521760  308056  6602847  176085  197099  84.5498464526  54.4660128616  100.0  0.00494095389715  
1439173223  0  6205  14175479  4475  0  0  233109  0  0  327698  316432  0  114777  28  115741  1278  0  24  116187  114777  316432  0  355348  0  233109  5864950  470106592  355366  6920936  282253  318089  84.7421504837  50.7625188217  100.0  0.00425417330998  
1439173233  0  6205  14763114  4472  0  0  234495  0  0  327698  316432  0  114790  20  115741  1278  0  24  116187  114787  316432  0  386481  0  234495  6124950  470149296  386506  7215039  260000  294103  84.8914330193  51.049276104  100.0  0.00388287110039  
1439173243  0  6205  15317919  4688  0  0  245996  0  0  327698  316432  0  114765  51  115741  1278  0  24  116187  114756  316432  0  403234  0  245996  6370425  470028656  403263  7492568  245475  277529  85.0232523749  53.3504609831  100.0  0.00253595127924  
1439173253  0  6205  15922780  4854  0  0  256041  0  0  327698  316432  0  114801  22  115741  1278  0  23  116187  114793  316432  0  422696  0  256041  6637824  470177008  422726  7795198  267399  302630  85.1527312071  55.1661647939  100.0  0.00321570675041  
1439173263  0  6205  16543400  4818  0  0  255860  0  0  327698  316432  0  114822  10  115741  1278  0  21  116187  114816  316432  0  449680  0  255860  6916421  470269728  449712  8106043  278597  310845  85.3242574706  55.1254592355  100.0  0.00353146556229  
1439173273  0  6205  17107218  4677  0  0  247741  0  0  327698  316432  0  114804  46  115741  1278  0  24  116187  114804  316432  0  483139  0  247741  7169191  470218064  483173  8387854  252770  281811  85.4710990439  53.659668767  100.0  0.0040660331957  
1439173283  0  6205  17731329  4754  0  0  249275  0  0  327698  316432  0  114833  32  115741  1278  0  24  116187  114833  316432  0  515427  0  249275  7448289  470336848  515463  8700052  279098  312198  85.6120055374  53.9332062983  100.0  0.00406500635706  
1439173293  0  6205  18395055  4650  0  0  249838  0  0  327698  316432  0  114855  20  115741  1278  0  24  116187  114845  316432  0  543173  0  249838  7744417  470396400  543209  9032252  296128  332200  85.7418172124  54.0322128739  100.0  0.00185372132004  
1439173303  0  6205  18955682  4843  0  0  256860  0  0  327698  316432  0  114732  157  115741  1278  0  24  116187  114725  316432  0  560588  0  256860  7996267  469894400  560625  9312645  251850  280393  85.86461741  55.3355913727  100.0  0.00408585748529  
1439173313  0  6205  19689025  4882  0  0  259316  0  0  327698  316432  0  114733  176  115741  1278  0  21  116187  114727  316432  0  586651  0  259316  8324660  469898512  586690  9679637  328393  366992  86.0017787857  55.7578398556  100.0  0.0049540158376  
1439173323  0  6205  20424274  4817  0  0  258210  0  0  327698  316432  0  114837  99  115741  1278  0  23  116187  114831  316432  0  617298  0  258210  8657125  470335688  617339  10047591  332465  367954  86.161200232  55.528058557  100.0  0.00257001321508  
1439173333  0  6205  20981354  4769  0  0  251891  0  0  327698  316432  0  114618  337  115741  1278  0  24  116187  114618  316432  0  646025  0  251891  8906867  469456208  646068  10326380  249742  278789  86.2535273736  54.4969848069  100.0  0.00407263148022  
1439173343  0  6205  21793335  4740  0  0  255144  0  0  327698  316432  0  114966  11  115741  1278  0  24  116187  114964  316432  0  670120  0  255144  9271117  470879824  670164  10732675  364250  406295  86.3821647446  54.9415232183  100.0  0.0027012532184  
1439173353  0  6205  22595808  4737  0  0  255722  0  0  327698  316432  0  115001  3  115741  1278  0  24  116187  114993  316432  0  700676  0  255722  9629842  470996208  700722  11134398  358725  401723  86.4873161531  55.0320269668  100.0  0.0032101138765  
1439173363  0  6205  23279900  4898  0  0  259302  0  0  327698  316432  0  114854  168  115741  1278  0  23  116187  114847  316432  0  721650  0  259302  9936704  470394992  721696  11476694  306862  342296  86.5815887398  55.7091730878  100.0  0.00389444761291  
1439173373  0  6205  23873932  4949  0  0  262017  0  0  327698  316432  0  115043  3  115741  1278  0  20  116187  115032  316432  0  743752  0  262017  10206572  471165552  743799  11774003  269868  297309  86.6873568828  56.0975051237  100.0  0.00117154900375  
1439173383  0  6205  24656699  4807  0  0  260001  0  0  327698  316432  0  115012  72  115741  1278  0  24  116187  115005  316432  0  773683  0  260001  10558813  471051984  773733  12165537  352241  391534  86.7928230377  55.7674778174  100.0  0.0018035900613  
1439173393  0  6205  25323101  4960  0  0  259554  0  0  327698  316432  0  115021  103  115741  1278  0  24  116187  115021  316432  0  798233  0  259554  10859619  471106896  798284  12498883  300806  333346  86.8847160182  55.6851368116  100.0  0.00405836216865  
1439173403  0  6205  26052372  4731  0  0  256216  0  0  327698  316432  0  115151  6  115741  1278  0  24  116187  115152  316432  0  829876  0  256216  11190075  471640272  829928  12863814  330456  364931  86.9887810878  55.0566709339  100.0  0.00473219635786  
1439173413  0  6205  26834982  4981  0  0  261776  0  0  327698  316432  0  115149  62  115741  1278  0  24  116187  115141  316432  0  853358  0  261776  11543978  471601536  853410  13255422  353903  391608  87.0887249006  56.0154483222  100.0  0.00339257953292  
1439173423  0  6205  27635922  4976  0  0  259508  0  0  327698  316432  0  115258  7  115741  1278  0  24  116187  115250  316432  0  882953  0  259508  11906265  472048000  883005  13656395  362287  400973  87.1845388186  55.5890377175  100.0  0.00338937093276  
1439173433  0  6205  28477572  4891  0  0  256995  0  0  327698  316432  0  115321  4  115741  1278  0  20  116187  115313  316432  0  915086  0  256995  12284537  472306928  915138  14077645  378272  421250  87.2627275372  55.1302554524  100.0  0.00320120563163  
1439173443  0  6205  28863774  5291  0  0  262990  0  0  327698  316432  0  115356  5  115741  1278  0  17  116187  115348  316432  0  931838  0  262990  12458573  472450288  931890  14270984  174036  193339  87.3000278047  56.1397771778  100.0  0.00320023429101  
1439173453  0  6205  29367232  5327  0  0  266549  0  0  327698  316432  0  115324  75  115741  1278  0  21  116187  115320  316432  0  955286  0  266549  12684245  472336544  955338  14522647  225672  251663  87.3411369153  56.7359097202  100.0  0.00300115981616  
1439173463  0  6205  29899899  5654  0  0  282090  0  0  327698  316432  0  115374  70  115741  1278  0  24  116187  115371  316432  0  966999  0  282090  12923478  472547152  967051  14789119  239233  266472  87.3850430171  59.1013506328  100.0  0.00263755081433  
1439173473  0  6205  30516602  5415  0  0  295254  0  0  327698  316432  0  115334  113  115741  1278  0  24  116187  115333  316432  0  975958  0  295254  13199139  472388048  976010  15097690  275661  308571  87.4248908277  60.937701098  100.0  0.00336999709537  
1439173483  0  6205  31623282  5657  0  0  298681  0  0  327698  316432  0  114824  463  115741  1278  0  24  116187  114819  316432  0  990674  0  298681  13697675  470278424  990728  15651685  498536  553995  87.5156572599  61.5579832664  100.0  0.00429514333429  
1439173493  0  6205  33494400  5684  0  0  302786  0  0  327698  316432  0  114513  712  115741  1278  0  24  116187  114507  316432  0  1007856  0  302786  14535501  468998272  1007913  16588322  837826  936637  87.6249026273  62.1822012907  100.0  0.0047759088964  
1439173503  0  6205  35173676  5492  0  0  276528  0  0  327698  316432  0  114863  298  115741  1278  0  22  116187  114858  316432  0  1050019  0  276528  15280559  470441504  1050079  17428808  745058  840486  87.6741484558  58.464242319  100.0  0.00358458923192  
1439173513  0  6205  37099293  5298  0  0  266550  0  0  327698  316432  0  114286  879  115741  1278  0  24  116187  114285  316432  0  1081703  0  266550  16118023  468095440  1081766  18392768  837464  963960  87.6323944281  57.1243669105  100.0  0.00340090016188  
1439173523  0  6205  38876202  5027  0  0  251270  0  0  327698  316432  0  115153  13  115741  1278  0  24  116187  115146  316432  0  1129586  0  251270  16883274  471619696  1129652  19282029  765251  889261  87.5596338954  54.1743940781  100.0  0.00388433488788  
1439173533  0  6205  40669950  5248  0  0  265109  0  0  327698  316432  0  113518  1669  115741  1278  0  24  116187  113511  316432  0  1148307  0  265109  17661117  464922736  1148378  20179841  777843  897812  87.5186132537  57.1832717863  100.0  0.00394028442178  
1439173543  0  6205  42554653  5285  0  0  271211  0  0  327698  316432  0  115177  26  115741  1278  0  21  116187  115168  316432  0  1170176  0  271211  18488570  471716208  1170248  21123407  827453  943566  87.5264582082  57.5356456781  100.0  0.00252687921124  
1439173553  0  6205  44254135  5379  0  0  272046  0  0  327698  316432  0  115142  73  115741  1278  0  20  116187  115136  316432  0  1193163  0  272046  19239589  471575536  1193236  21973857  751019  850450  87.556722518  57.6777456754  100.0  0.00456321762958  
1439173563  0  6205  46216435  5393  0  0  274499  0  0  327698  316432  0  114950  289  115741  1278  0  24  116187  114952  316432  0  1220093  0  274499  20103639  470814928  1220168  22956330  864050  982473  87.5734013233  58.1229804116  100.0  0.00604532217795  
1439173573  0  6205  48089346  5407  0  0  271513  0  0  327698  316432  0  114952  302  115741  1278  0  24  116187  114954  316432  0  1248128  0  271513  20917887  470825184  1248204  23893840  814248  937510  87.5451036753  57.6616957567  100.0  0.00560686231014  
1439173583  0  6205  49927299  5233  0  0  265847  0  0  327698  316432  0  114485  801  115741  1278  0  24  116187  114483  316432  0  1277457  0  265847  21717762  468897088  1277536  24813514  799875  919674  87.5239274856  56.9365085933  100.0  0.00539108426578  
1439173593  0  6205  51873790  5297  0  0  270887  0  0  327698  316432  0  115094  213  115741  1278  0  24  116187  115087  316432  0  1302659  0  270887  22571141  471377152  1302740  25788059  853379  974545  87.5255520394  57.5147570758  100.0  0.00407300563922  
1439173604  0  6205  53761135  5363  0  0  272274  0  0  327698  316432  0  114168  1162  115741  1278  0  20  116187  114159  316432  0  1328161  0  272274  23405012  467579248  1328242  26732876  833871  944817  87.5514179619  58.0720156901  100.0  0.00342518439195  
1439173614  0  6205  55414969  5350  0  0  270460  0  0  327698  316432  0  114716  644  115741  1278  0  20  116187  114707  316432  0  1354082  0  270460  24124557  469823856  1354165  27560589  719545  827713  87.5328063562  57.5881830955  100.0  0.00340882095251  
1439173624  0  6205  57356042  5419  0  0  276168  0  0  327698  316432  0  114779  612  115741  1278  0  23  116187  114773  316432  0  1376591  0  276168  24979661  470091960  1376676  28532567  855104  971978  87.5478922033  58.4408765679  100.0  0.00388164300401  
1439173634  0  6205  57989394  4538  0  0  240712  0  0  327698  316432  0  115420  2  115741  1278  0  29  116187  115424  316432  0  1437457  0  240712  25257432  472745344  1437542  28849241  277771  316674  87.5497279114  52.0489215328  100.0  0.00663315255059  
1439173644  0  6205  58384189  5001  0  0  258037  0  0  327698  316432  0  115392  41  115741  1278  0  37  116187  115400  316432  0  1446112  0  258037  25437848  472640552  1446197  29046866  180416  197625  87.5751896952  55.2777314881  100.0  0.00800713550694  
1439173654  0  6205  58728122  5682  0  0  269265  0  0  327698  316432  0  115306  135  115741  1278  0  46  116187  115322  316432  0  1453759  0  269265  25591103  472305392  1453844  29218649  153255  171783  87.5848263895  57.171559616  100.0  0.0113303673627  
1439173664  0  6205  59166964  5337  0  0  257136  0  0  327698  316432  0  114986  477  115741  1278  0  43  116187  114990  316432  0  1488190  0  257136  25779818  470956144  1488275  29438178  188715  219529  87.572736329  55.280474146  100.0  0.00910744956083  
1439173674  0  6205  59569956  4986  0  0  235778  0  0  327698  316432  0  115457  13  115741  1278  0  48  116187  115471  316432  0  1520105  0  235778  25945433  472916208  1520190  29639855  165615  201677  87.5356272829  51.025540975  100.0  0.0112074947389  
1439173684  0  6205  60321425  4910  0  0  225286  0  0  327698  316432  0  114227  1252  115741  1278  0  50  116187  114248  316432  0  1536324  0  225286  26241938  467901712  1536409  30015488  296505  375633  87.4279905094  49.2875722415  100.0  0.0124147413959  
1439173694  0  6205  61791777  5204  0  0  224135  0  0  327698  316432  0  108606  6877  115741  1278  0  50  116187  108626  316432  0  1539290  0  224135  26794170  444873560  1539375  30750999  552232  735511  87.1326814456  51.5354585406  100.0  0.0131561648454  
