#type:T;
#time  gt  cn  Pt  Px  gx  cx  gn  gm  Pn  Pm  Ft  cm  pt  Fx  px  ct  pn  Fm  Fn  pm  dn  On  Om  dm  dx  Ox  dt  Ot  Gt  Cn  Cm  Gx  Cx  Gn  Gm  Ct  
1439930491  0  0  0  0  0  0  0  2147483647  0  2147483647  0  2147483647  0  0  0  0  0  2147483647  0  2147483647  0  0  2147483647  2147483647  0  0  0  0  0  0  2147483647  0  0  0  2147483647  0  
1439930501  0  0  0  0  0  0  0  2147483647  0  2147483647  0  2147483647  0  0  0  0  0  2147483647  0  2147483647  0  0  2147483647  2147483647  0  0  0  0  0  0  2147483647  0  0  0  2147483647  0  
1439930511  0  0  0  0  0  0  0  2147483647  0  2147483647  0  2147483647  0  0  0  0  0  2147483647  0  2147483647  0  0  2147483647  2147483647  0  0  0  0  0  0  2147483647  0  0  0  2147483647  0  
1439930521  0  0  0  0  0  0  0  2147483647  0  2147483647  0  2147483647  0  0  0  0  0  2147483647  0  2147483647  0  0  2147483647  2147483647  0  0  0  0  0  0  2147483647  0  0  0  2147483647  0  
1439930531  0  0  0  0  0  0  0  2147483647  0  2147483647  0  2147483647  0  0  0  0  0  2147483647  0  2147483647  0  0  2147483647  2147483647  0  0  0  0  0  0  2147483647  0  0  0  2147483647  0  
1439930541  0  0  0  0  0  0  0  2147483647  0  2147483647  0  2147483647  0  0  0  0  0  2147483647  0  2147483647  0  0  2147483647  2147483647  0  0  0  0  0  0  2147483647  0  0  0  2147483647  0  
1439930551  0  0  0  0  0  0  0  2147483647  0  2147483647  0  2147483647  0  0  0  0  0  2147483647  0  2147483647  0  0  2147483647  2147483647  0  0  0  0  0  0  2147483647  0  0  0  2147483647  0  
1439930561  0  0  0  0  0  0  0  2147483647  0  2147483647  0  2147483647  0  0  0  0  0  2147483647  0  2147483647  0  0  2147483647  2147483647  0  0  0  0  0  0  2147483647  0  0  0  2147483647  0  
1439930571  0  0  0  0  0  0  0  2147483647  0  2147483647  0  2147483647  0  0  0  0  0  2147483647  0  2147483647  0  0  2147483647  2147483647  0  0  0  0  0  0  2147483647  0  0  0  2147483647  0  
1439930581  0  0  0  0  0  0  0  2147483647  0  2147483647  0  2147483647  0  0  0  0  0  2147483647  0  2147483647  0  0  2147483647  2147483647  0  0  0  0  0  0  2147483647  0  0  0  2147483647  0  
1439930591  0  0  0  0  0  0  0  2147483647  0  2147483647  0  2147483647  0  0  0  0  0  2147483647  0  2147483647  0  0  2147483647  2147483647  0  0  0  0  0  0  2147483647  0  0  0  2147483647  0  
1439930601  0  0  0  0  0  0  0  2147483647  0  2147483647  0  2147483647  0  0  0  0  0  2147483647  0  2147483647  0  0  2147483647  2147483647  0  0  0  0  0  0  2147483647  0  0  0  2147483647  0  
1439930611  0  0  0  0  0  0  0  2147483647  0  2147483647  0  2147483647  0  0  0  0  0  2147483647  0  2147483647  0  0  2147483647  2147483647  0  0  0  0  0  0  2147483647  0  0  0  2147483647  0  
1439930621  0  0  0  0  0  0  0  2147483647  0  2147483647  0  2147483647  0  0  0  0  0  2147483647  0  2147483647  0  0  2147483647  2147483647  0  0  0  0  0  0  2147483647  0  0  0  2147483647  0  
1439930631  0  0  0  0  0  0  0  2147483647  0  2147483647  0  2147483647  0  0  0  0  0  2147483647  0  2147483647  0  0  2147483647  2147483647  0  0  0  0  0  0  2147483647  0  0  0  2147483647  0  
1439930641  0  0  0  0  0  0  0  2147483647  0  2147483647  0  2147483647  0  0  0  0  0  2147483647  0  2147483647  0  0  2147483647  2147483647  0  0  0  0  0  0  2147483647  0  0  0  2147483647  0  
1439930651  0  0  0  0  0  0  0  2147483647  0  2147483647  0  2147483647  0  0  0  0  0  2147483647  0  2147483647  0  0  2147483647  2147483647  0  0  0  0  0  0  2147483647  0  0  0  2147483647  0  
1439930661  0  0  0  0  0  0  0  2147483647  0  2147483647  0  2147483647  0  0  0  0  0  2147483647  0  2147483647  0  0  2147483647  2147483647  0  0  0  0  0  0  2147483647  0  0  0  2147483647  0  
1439930671  0  0  0  0  0  0  0  2147483647  0  2147483647  0  2147483647  0  0  0  0  0  2147483647  0  2147483647  0  0  2147483647  2147483647  0  0  0  0  0  0  2147483647  0  0  0  2147483647  0  
1439930681  0  0  0  0  0  0  0  2147483647  0  2147483647  0  2147483647  0  0  0  0  0  2147483647  0  2147483647  0  0  2147483647  2147483647  0  0  0  0  0  0  2147483647  0  0  0  2147483647  0  
1439930691  0  0  0  0  0  0  0  2147483647  0  2147483647  0  2147483647  0  0  0  0  0  2147483647  0  2147483647  0  0  2147483647  2147483647  0  0  0  0  0  0  2147483647  0  0  0  2147483647  0  
1439930701  0  0  0  0  0  0  0  2147483647  0  2147483647  0  2147483647  0  0  0  0  0  2147483647  0  2147483647  0  0  2147483647  2147483647  0  0  0  0  0  0  2147483647  0  0  0  2147483647  0  
1439930711  0  0  0  0  0  0  0  2147483647  0  2147483647  0  2147483647  0  0  0  0  0  2147483647  0  2147483647  0  0  2147483647  2147483647  0  0  0  0  0  0  2147483647  0  0  0  2147483647  0  
1439930721  0  0  0  0  0  0  0  2147483647  0  2147483647  0  2147483647  0  0  0  0  0  2147483647  0  2147483647  0  0  2147483647  2147483647  0  0  0  0  0  0  2147483647  0  0  0  2147483647  0  
1439930731  0  0  0  0  0  0  0  2147483647  0  2147483647  0  2147483647  0  0  0  0  0  2147483647  0  2147483647  0  0  2147483647  2147483647  0  0  0  0  0  0  2147483647  0  0  0  2147483647  0  
1439930741  0  0  0  0  0  0  0  2147483647  0  2147483647  0  2147483647  0  0  0  0  0  2147483647  0  2147483647  0  0  2147483647  2147483647  0  0  0  0  0  0  2147483647  0  0  0  2147483647  0  
1439930751  0  0  0  0  0  0  0  2147483647  0  2147483647  0  2147483647  0  0  0  0  0  2147483647  0  2147483647  0  0  2147483647  2147483647  0  0  0  0  0  0  2147483647  0  0  0  2147483647  0  
1439930761  0  0  0  0  0  0  0  2147483647  0  2147483647  0  2147483647  0  0  0  0  0  2147483647  0  2147483647  0  0  2147483647  2147483647  0  0  0  0  0  0  2147483647  0  0  0  2147483647  0  
1439930771  0  0  0  0  0  0  0  2147483647  0  2147483647  0  2147483647  0  0  0  0  0  2147483647  0  2147483647  0  0  2147483647  2147483647  0  0  0  0  0  0  2147483647  0  0  0  2147483647  0  
1439930781  0  0  0  0  0  0  0  2147483647  0  2147483647  0  2147483647  0  0  0  0  0  2147483647  0  2147483647  0  0  2147483647  2147483647  0  0  0  0  0  0  2147483647  0  0  0  2147483647  0  
1439930791  284941  0  0  0  8001  0  316  157  0  2147483647  43803  2147483647  0  30996  0  0  0  427  16  2147483647  0  52  257  2147483647  0  30829  0  91076  0  0  2147483647  0  0  0  2147483647  0  
1439930801  288214  0  0  0  8001  0  320  157  0  2147483647  43803  2147483647  0  30996  0  0  0  427  16  2147483647  0  52  257  2147483647  0  30829  0  91076  0  0  2147483647  0  0  0  2147483647  0  
1439930811  1847938  0  0  0  28413  0  5739  154  0  2147483647  49462  2147483647  0  30996  0  0  0  372  29  2147483647  0  97  254  2147483647  0  30829  0  120559  0  0  2147483647  0  0  0  2147483647  0  
1439930821  2587725  0  0  0  28413  0  8820  154  0  2147483647  52739  2147483647  0  30996  0  0  0  245  37  2147483647  0  106  254  2147483647  0  30829  0  128398  0  0  2147483647  0  0  0  2147483647  0  
1439930831  8380052  0  0  0  28413  0  16222  154  0  2147483647  73328  2147483647  0  30996  0  0  0  245  58  2147483647  0  158  254  2147483647  0  30829  0  191330  0  0  2147483647  0  0  0  2147483647  0  
1439930841  8383754  0  0  0  28413  0  16226  154  0  2147483647  73328  2147483647  0  30996  0  0  0  245  58  2147483647  0  158  254  2147483647  0  30829  0  191330  0  0  2147483647  0  0  0  2147483647  0  
1439930852  8383754  0  0  0  28413  0  16226  154  0  2147483647  73328  2147483647  0  30996  0  0  0  245  58  2147483647  0  158  254  2147483647  0  30829  0  191330  0  0  2147483647  0  0  0  2147483647  0  
1439930862  8383754  0  0  0  28413  0  16226  154  0  2147483647  73328  2147483647  0  30996  0  0  0  245  58  2147483647  0  158  254  2147483647  0  30829  0  191330  0  0  2147483647  0  0  0  2147483647  0  
1439930872  8387787  0  0  0  28413  0  16228  154  0  2147483647  73328  2147483647  0  30996  0  0  0  245  58  2147483647  0  158  254  2147483647  0  30829  0  191330  0  0  2147483647  0  0  0  2147483647  0  
1439930882  8387787  0  0  0  28413  0  16228  154  0  2147483647  73328  2147483647  0  30996  0  0  0  245  58  2147483647  0  158  254  2147483647  0  30829  0  191330  0  0  2147483647  0  0  0  2147483647  0  
1439930892  8387787  0  0  0  28413  0  16228  154  0  2147483647  73328  2147483647  0  30996  0  0  0  245  58  2147483647  0  158  254  2147483647  0  30829  0  191330  0  0  2147483647  0  0  0  2147483647  0  
1439930902  8387787  0  0  0  28413  0  16228  154  0  2147483647  73328  2147483647  0  30996  0  0  0  245  58  2147483647  0  158  254  2147483647  0  30829  0  191330  0  0  2147483647  0  0  0  2147483647  0  
1439930912  8387787  0  0  0  28413  0  16228  154  0  2147483647  73328  2147483647  0  30996  0  0  0  245  58  2147483647  0  158  254  2147483647  0  30829  0  191330  0  0  2147483647  0  0  0  2147483647  0  
1439930922  8387787  0  0  0  28413  0  16228  154  0  2147483647  73328  2147483647  0  30996  0  0  0  245  58  2147483647  0  158  254  2147483647  0  30829  0  191330  0  0  2147483647  0  0  0  2147483647  0  
1439930932  8387787  0  0  0  28413  0  16228  154  0  2147483647  73328  2147483647  0  30996  0  0  0  245  58  2147483647  0  158  254  2147483647  0  30829  0  191330  0  0  2147483647  0  0  0  2147483647  0  
1439930942  9178849  0  0  0  28413  0  17387  154  0  2147483647  73328  2147483647  0  30996  0  0  0  245  58  2147483647  0  158  254  2147483647  0  30829  0  191330  0  0  2147483647  0  0  0  2147483647  0  
1439930952  9183763  0  0  0  28413  0  17388  154  0  2147483647  73328  2147483647  0  30996  0  0  0  245  58  2147483647  0  158  254  2147483647  0  30829  0  191330  0  0  2147483647  0  0  0  2147483647  0  
1439930962  9183763  0  0  0  28413  0  17388  154  0  2147483647  73328  2147483647  0  30996  0  0  0  245  58  2147483647  0  158  254  2147483647  0  30829  0  191330  0  0  2147483647  0  0  0  2147483647  0  
1439930972  9183763  0  0  0  28413  0  17388  154  0  2147483647  73328  2147483647  0  30996  0  0  0  245  58  2147483647  0  158  254  2147483647  0  30829  0  191330  0  0  2147483647  0  0  0  2147483647  0  
1439930982  9183763  0  0  0  28413  0  17388  154  0  2147483647  73328  2147483647  0  30996  0  0  0  245  58  2147483647  0  158  254  2147483647  0  30829  0  191330  0  0  2147483647  0  0  0  2147483647  0  
1439930992  9183763  0  0  0  28413  0  17388  154  0  2147483647  73328  2147483647  0  30996  0  0  0  245  58  2147483647  0  158  254  2147483647  0  30829  0  191330  0  0  2147483647  0  0  0  2147483647  0  
1439931002  9183763  0  0  0  28413  0  17388  154  0  2147483647  73328  2147483647  0  30996  0  0  0  245  58  2147483647  0  158  254  2147483647  0  30829  0  191330  0  0  2147483647  0  0  0  2147483647  0  
1439931012  9183763  0  0  0  28413  0  17388  154  0  2147483647  73328  2147483647  0  30996  0  0  0  245  58  2147483647  0  158  254  2147483647  0  30829  0  191330  0  0  2147483647  0  0  0  2147483647  0  
1439931022  9183763  0  0  0  28413  0  17388  154  0  2147483647  73328  2147483647  0  30996  0  0  0  245  58  2147483647  0  158  254  2147483647  0  30829  0  191330  0  0  2147483647  0  0  0  2147483647  0  
1439931032  9183763  0  0  0  28413  0  17388  154  0  2147483647  73328  2147483647  0  30996  0  0  0  245  58  2147483647  0  158  254  2147483647  0  30829  0  191330  0  0  2147483647  0  0  0  2147483647  0  
1439931042  9183763  0  0  0  28413  0  17388  154  0  2147483647  73328  2147483647  0  30996  0  0  0  245  58  2147483647  0  158  254  2147483647  0  30829  0  191330  0  0  2147483647  0  0  0  2147483647  0  
1439931052  9183763  0  0  0  28413  0  17388  154  0  2147483647  73328  2147483647  0  30996  0  0  0  245  58  2147483647  0  158  254  2147483647  0  30829  0  191330  0  0  2147483647  0  0  0  2147483647  0  
1439931062  9183763  0  0  0  28413  0  17388  154  0  2147483647  73328  2147483647  0  30996  0  0  0  245  58  2147483647  0  158  254  2147483647  0  30829  0  191330  0  0  2147483647  0  0  0  2147483647  0  
1439931072  9183763  0  0  0  28413  0  17388  154  0  2147483647  73328  2147483647  0  30996  0  0  0  245  58  2147483647  0  158  254  2147483647  0  30829  0  191330  0  0  2147483647  0  0  0  2147483647  0  
1439931082  9183763  0  0  0  28413  0  17388  154  0  2147483647  73328  2147483647  0  30996  0  0  0  245  58  2147483647  0  158  254  2147483647  0  30829  0  191330  0  0  2147483647  0  0  0  2147483647  0  
1439931092  9183763  0  0  0  28413  0  17388  154  0  2147483647  73328  2147483647  0  30996  0  0  0  245  58  2147483647  0  158  254  2147483647  0  30829  0  191330  0  0  2147483647  0  0  0  2147483647  0  
1439931102  9183763  0  0  0  28413  0  17388  154  0  2147483647  73328  2147483647  0  30996  0  0  0  245  58  2147483647  0  158  254  2147483647  0  30829  0  191330  0  0  2147483647  0  0  0  2147483647  0  
1439931112  9183763  0  0  0  28413  0  17388  154  0  2147483647  73328  2147483647  0  30996  0  0  0  245  58  2147483647  0  158  254  2147483647  0  30829  0  191330  0  0  2147483647  0  0  0  2147483647  0  
1439931122  9183763  0  0  0  28413  0  17388  154  0  2147483647  73328  2147483647  0  30996  0  0  0  245  58  2147483647  0  158  254  2147483647  0  30829  0  191330  0  0  2147483647  0  0  0  2147483647  0  
1439931132  9183763  0  0  0  28413  0  17388  154  0  2147483647  73328  2147483647  0  30996  0  0  0  245  58  2147483647  0  158  254  2147483647  0  30829  0  191330  0  0  2147483647  0  0  0  2147483647  0  
1439931142  9183763  0  0  0  28413  0  17388  154  0  2147483647  73328  2147483647  0  30996  0  0  0  245  58  2147483647  0  158  254  2147483647  0  30829  0  191330  0  0  2147483647  0  0  0  2147483647  0  
1439931152  9183763  0  0  0  28413  0  17388  154  0  2147483647  73328  2147483647  0  30996  0  0  0  245  58  2147483647  0  158  254  2147483647  0  30829  0  191330  0  0  2147483647  0  0  0  2147483647  0  
1439931162  9183763  0  0  0  28413  0  17388  154  0  2147483647  73328  2147483647  0  30996  0  0  0  245  58  2147483647  0  158  254  2147483647  0  30829  0  191330  0  0  2147483647  0  0  0  2147483647  0  
1439931172  9348691  0  0  0  28413  0  17624  154  0  2147483647  73328  2147483647  0  30996  0  0  0  245  58  2147483647  0  159  254  2147483647  0  30829  0  195546  0  0  2147483647  0  0  0  2147483647  0  
1439931183  9348691  0  0  0  28413  0  17624  154  0  2147483647  73328  2147483647  0  30996  0  0  0  245  58  2147483647  0  159  254  2147483647  0  30829  0  195546  0  0  2147483647  0  0  0  2147483647  0  
1439931193  11057516  0  0  0  30502  0  23634  154  0  2147483647  81891  2147483647  0  30996  0  0  0  233  78  2147483647  0  203  251  2147483647  0  30829  0  226492  0  0  2147483647  0  0  0  2147483647  0  
1439931203  12035757  0  0  0  30502  0  27409  154  0  2147483647  90087  2147483647  0  30996  0  0  0  233  97  2147483647  0  249  251  2147483647  0  30829  0  252137  0  0  2147483647  0  0  0  2147483647  0  
1439931213  19797388  0  0  0  30502  0  37085  154  0  2147483647  119670  2147483647  0  30996  0  0  0  233  130  2147483647  0  333  251  2147483647  0  30829  0  347116  0  0  2147483647  0  0  0  2147483647  0  
1439931223  19797388  0  0  0  30502  0  37085  154  0  2147483647  119670  2147483647  0  30996  0  0  0  233  130  2147483647  0  333  251  2147483647  0  30829  0  347116  0  0  2147483647  0  0  0  2147483647  0  
1439931233  19797388  0  0  0  30502  0  37085  154  0  2147483647  119670  2147483647  0  30996  0  0  0  233  130  2147483647  0  333  251  2147483647  0  30829  0  347116  0  0  2147483647  0  0  0  2147483647  0  
1439931243  19797388  0  0  0  30502  0  37085  154  0  2147483647  119670  2147483647  0  30996  0  0  0  233  130  2147483647  0  333  251  2147483647  0  30829  0  347116  0  0  2147483647  0  0  0  2147483647  0  
1439931253  19806152  0  0  0  30502  0  37089  154  0  2147483647  119670  2147483647  0  30996  0  0  0  233  130  2147483647  0  333  251  2147483647  0  30829  0  347116  0  0  2147483647  0  0  0  2147483647  0  
1439931263  20874921  0  44879894  48937  30502  0  38003  154  13558  1884  184731  2147483647  0  30996  0  0  0  208  351  2147483647  0  23461  202  2147483647  0  69800  0  24002998  6176155  14498  596  33990  47268  940  1642  25603125  
1439931273  20874921  0  47584853  48937  30502  0  38003  154  13977  1884  4691890  2147483647  0  30996  0  0  0  205  5652  2147483647  0  23554  202  2147483647  0  75718  0  24688714  6230561  14919  596  33990  47268  942  1642  26739078  
1439931283  20874921  0  49229706  48937  30502  0  38003  154  14450  1884  63593936  2147483647  0  30996  0  0  0  205  72204  2147483647  0  23644  202  2147483647  0  75718  0  24861559  6230561  15392  596  33990  47268  942  1642  27528622  
1439931293  20874921  0  60547325  48937  30502  0  38003  154  15964  1884  147613046  2147483647  0  45813  0  0  0  205  165021  2147483647  0  24693  202  2147483647  0  75718  0  27992172  6230561  16906  596  33990  47268  942  1642  32501765  
1439931303  26094903  0  63310692  48937  30502  0  43344  154  16384  1884  212481038  2147483647  0  61456  0  0  0  205  270921  2147483647  0  27877  202  2147483647  0  75718  0  31446591  8240730  17583  596  33990  47268  1199  1642  34456059  
1439931313  47772761  0  87403378  66356  30502  0  63877  154  18983  1884  262410700  2147483647  0  61456  0  0  0  205  323038  2147483647  0  29570  202  2147483647  0  75718  0  34590444  8330319  20192  596  33990  47268  1209  1642  43505264  
1439931323  65832507  0  236591856  66356  30502  0  80732  154  35665  1884  295837174  2147483647  0  61456  0  0  0  205  358171  2147483647  0  30278  202  2147483647  0  187782  0  37066394  8560581  36896  596  33990  47268  1231  1642  100487482  
1439931333  79975879  0  396899614  66356  30502  0  94037  154  55040  1884  321516713  2147483647  0  61456  0  0  0  205  386682  2147483647  0  31093  202  2147483647  0  365195  0  44906087  33319113  59562  596  33990  47268  4522  1642  173875137  
1439931343  89617255  0  505508630  66356  30502  0  103112  154  68887  1884  364663200  2147483647  0  61456  0  0  0  205  433219  2147483647  0  32662  202  2147483647  0  547274  0  54663821  64503037  77627  596  33990  47268  8740  1642  230822357  
1439931353  99819364  0  623404501  66356  30585  0  112088  154  82788  1884  399601588  2147483647  0  61456  0  0  0  205  471051  2147483647  0  33913  202  2147483647  0  547274  0  62505420  79767101  93520  596  33990  47268  10732  1642  283390048  
1439931363  109109511  0  749605126  66356  30585  0  120872  154  98545  1884  429051673  2147483647  0  61456  0  0  0  205  503649  2147483647  0  35056  202  2147483647  0  547274  0  71512383  120684772  114572  596  33990  47268  16027  1642  351099441  
1439931373  116444709  0  859370103  66356  32465  0  129322  154  115743  1884  461947809  2147483647  0  61456  0  0  0  205  559955  2147483647  0  37853  202  2147483647  0  547274  0  79895876  167022807  138668  596  56746  47268  22925  1642  416810621  
1439931384  146849804  0  929795176  66356  32465  0  157870  154  124453  1884  493768411  2147483647  0  61456  0  0  0  205  593336  2147483647  0  39342  202  2147483647  0  547274  0  86222481  187949623  149953  596  56746  47268  25500  1642  452948625  
1439931394  193609898  0  1133808162  66356  33260  0  200555  154  147519  1878  526764265  2147483647  0  61456  0  0  0  205  626755  2147483647  0  41530  202  2147483647  0  547274  0  93781652  211795867  176308  596  56746  47268  28789  1642  541903607  
1439931404  240034695  0  1492710360  66356  33260  0  239906  154  189185  1878  540407554  2147483647  0  61456  0  0  0  205  639694  2147483647  0  42485  202  2147483647  0  547274  0  100431981  244581950  222414  596  56746  50856  33229  1642  694777001  
1439931414  283282317  0  1794964091  107198  50546  0  277004  154  225172  1878  559770002  2147483647  0  61456  0  0  0  205  657672  2147483647  0  43214  202  2147483647  0  547274  0  122682436  272235853  261803  596  56746  102408  36631  1642  824426696  
1439931424  324083896  0  2129515608  107198  50546  0  310781  154  264157  1878  572583197  2147483647  0  61456  0  0  0  205  669344  2147483647  0  44168  202  2147483647  0  547274  0  149960149  302026056  304398  596  56746  102408  40241  1642  967707911  
1439931434  373719798  0  2489821541  107198  50546  0  351043  154  305724  1878  587896829  2147483647  0  61456  0  0  0  205  683265  2147483647  0  45669  202  2147483647  0  547274  0  188071236  318895316  347914  596  56746  102408  42194  1642  1116576964  
1439931444  418749373  0  2825292699  107198  50546  0  387644  154  344542  1878  601861535  2147483647  0  61456  0  0  0  205  696529  2147483647  0  47134  202  2147483647  0  547274  0  227525156  332988460  388436  596  56746  102408  43898  1642  1252524406  
1439931454  467523840  0  3171878408  107198  50546  0  427758  154  386910  1878  615266247  2147483647  0  61456  0  0  0  205  710217  2147483647  0  48539  202  2147483647  0  547274  0  257006467  351407270  433074  596  56746  102408  46168  1642  1400773369  
1439931464  513436965  0  3496443329  107198  50546  0  464360  154  424840  1878  626172934  2147483647  0  61456  0  0  0  205  721138  2147483647  0  49985  202  2147483647  0  547274  0  297575344  360610294  472285  596  56746  102408  47449  1642  1532270870  
1439931474  548099492  0  3748920353  107198  50546  0  491907  154  453682  1878  636807212  2147483647  0  61456  0  0  0  205  731566  2147483647  0  50961  202  2147483647  0  547274  0  324648254  368556276  502115  596  56746  102408  48437  1642  1634349344  
1439931484  598805528  0  4104133522  107198  50546  0  532106  154  493499  1878  644516969  2147483647  0  61456  0  0  0  205  738957  2147483647  0  52647  202  2147483647  0  547274  0  357234768  369292352  542010  596  56746  102408  48515  1642  1769247799  
1439931494  656744817  0  4538703378  107555  50546  0  578569  154  541681  1878  653740715  2147483647  0  61456  0  0  0  205  748460  2147483647  0  54014  202  2147483647  0  547274  0  378864767  370595009  590331  596  56746  102408  48654  1642  1933174083  
1439931504  706462090  0  4907902511  107555  50546  0  619921  154  581868  1878  665317662  2147483647  0  61456  0  0  0  205  760904  2147483647  0  55598  202  2147483647  0  547274  0  390929410  370627699  630520  596  56746  102408  48656  1642  2069178680  
1439931514  753508580  0  5272306524  107555  50546  0  659074  154  621461  1878  677745304  2147483647  0  61456  0  0  0  205  773513  2147483647  0  57359  202  2147483647  0  547274  0  399924901  370683638  670118  596  56746  102408  48661  1642  2202430106  
1439931524  790788564  0  5558659454  107555  108686  0  689970  154  653052  1878  688678735  2147483647  0  61456  0  0  0  205  784072  2147483647  0  58629  202  2147483647  0  547274  0  403141345  370683638  701709  596  56746  102408  48661  1642  2305352679  
1439931534  839924804  0  5958932509  107555  108686  0  729743  154  695223  1878  699116941  2147483647  0  61456  0  0  0  205  793993  2147483647  0  60122  202  2147483647  0  547274  0  407378927  373040937  744143  596  56746  102408  48924  1642  2450677601  
1439931544  901034931  0  6410191277  107555  108686  0  777881  154  742187  1878  710307473  2147483647  0  61456  0  0  0  205  805187  2147483647  0  62049  202  2147483647  0  547274  0  412161635  373166900  791119  596  56746  102408  48936  1642  2613692360  
1439931554  950329663  0  6778172668  107555  108686  0  817132  154  781014  1878  719114284  2147483647  0  76942  0  0  0  205  813374  2147483647  0  63596  202  2147483647  0  547274  0  416581384  373205743  829948  596  56746  102408  48938  1642  2745371586  
1439931564  992082153  0  7087008340  107555  108686  0  850468  154  814030  1878  726102822  2147483647  0  76942  0  0  0  205  820936  2147483647  0  65013  202  2147483647  0  547274  0  425497426  373230465  862966  596  56746  102408  48940  1642  2856670910  
1439931574  1035711339  0  7408227830  107555  108686  0  885634  154  848857  1878  735452212  2147483647  0  76942  0  0  0  205  830014  2147483647  0  66523  202  2147483647  0  547274  0  440244839  373245300  897794  596  56746  102408  48941  1642  2974503395  
1439931584  1099627473  0  7887628521  107555  108686  0  937218  154  900320  1878  742338778  2147483647  0  76942  0  0  0  205  836774  2147483647  0  68325  202  2147483647  0  547274  0  447176101  373245300  949257  596  56746  102408  48941  1642  3148757653  
1439931594  1157837813  0  8347108598  107555  108686  0  984329  154  948342  1878  750449531  2147483647  0  76942  0  0  0  205  845048  2147483647  0  70178  202  2147483647  0  547274  0  456933742  373297441  997284  596  56746  102408  48946  1642  3314466307  
1439931604  1205394710  0  8712592797  107926  108686  0  1022356  154  987207  1878  761885008  2147483647  0  76942  0  0  0  205  856626  2147483647  0  71836  202  2147483647  0  547274  0  469198159  373575681  1036174  596  56746  102408  48971  1642  3447794408  
1439931614  1259539449  0  9116948194  107926  108686  0  1065786  154  1029781  1878  772975360  2147483647  0  76942  0  0  0  205  866990  2147483647  0  73700  202  2147483647  0  547274  0  473643752  373752767  1078765  596  56746  102408  48988  1642  3592399981  
1439931624  1300809262  0  9442775728  107926  108686  0  1100184  154  1065163  1878  785019325  2147483647  0  76942  0  0  0  205  879246  2147483647  0  74994  202  2147483647  0  547274  0  478047240  373839738  1114153  596  56746  102408  48994  1642  3709866327  
1439931634  1349389119  0  9830544388  109321  108686  0  1139079  154  1106127  1878  795397759  2147483647  0  76942  0  0  0  205  890325  2147483647  0  76745  202  2147483647  0  547274  0  482122054  373911255  1155121  596  56746  102408  48998  1642  3848962620  
1439931644  1398184599  0  10181251178  109321  108686  0  1178122  154  1143901  1878  805717836  2147483647  0  76942  0  0  0  205  900420  2147483647  0  78176  202  2147483647  0  547274  0  485800644  373911255  1192894  596  56746  102408  48998  1642  3974672511  
1439931654  1448948905  0  10570482914  109321  108686  0  1218095  154  1183601  1878  811796652  2147483647  0  76942  0  0  0  205  906888  2147483647  0  79999  202  2147483647  0  547274  0  490219416  373911255  1232594  596  56746  102408  48998  1642  4112065471  
1439931664  1495647995  0  10923054461  109833  108686  0  1255171  154  1220732  1878  820294222  2147483647  0  76942  0  0  0  205  915133  2147483647  0  81443  202  2147483647  0  547274  0  494242998  373963770  1269730  596  56746  102408  49003  1642  4238348087  
1439931674  1556645833  0  11383655600  109833  108686  0  1305024  154  1269597  1878  831955996  2147483647  0  76942  0  0  0  205  926213  2147483647  0  83360  202  2147483647  0  547274  0  509813788  374132876  1318607  596  56746  102408  49015  1642  4407005617  
1439931684  1618205015  0  11849780686  109833  108686  0  1355361  154  1318909  1878  840573925  2147483647  0  76942  0  0  0  205  935978  2147483647  0  85262  202  2147483647  0  547274  0  520015570  374271076  1367935  596  56746  102408  49031  1642  4576286599  
1439931694  1659341249  0  12182849300  109833  108686  0  1388867  154  1353459  1878  850779710  2147483647  0  76942  0  0  0  205  946205  2147483647  0  86825  202  2147483647  0  547274  0  523868835  374271076  1402485  596  56746  102408  49031  1642  4694845200  
1439931704  1712662921  0  12604483550  109833  108686  0  1432651  154  1398664  1878  858145784  2147483647  0  76942  0  0  0  205  954029  2147483647  0  88404  202  2147483647  0  547274  0  528631972  374293535  1447691  596  56746  102408  49032  1642  4845570709  
1439931714  1769719076  0  13032913447  116978  108686  0  1477323  154  1442925  1878  868187249  2147483647  0  76942  0  0  0  205  963720  2147483647  0  90310  202  2147483647  0  547274  0  532529334  374439234  1491967  596  56746  102408  49047  1642  4998612606  
1439931724  1810466971  0  13349092188  116978  108686  0  1510566  154  1476435  1878  876758921  2147483647  0  76942  0  0  0  205  973462  2147483647  0  91871  202  2147483647  0  547274  0  535555061  374499218  1525480  596  56746  102408  49051  1642  5110485088  
1439931734  1861615489  0  13747640843  116978  108686  0  1550767  154  1516818  1878  882176652  2147483647  0  76942  0  0  0  205  978743  2147483647  0  93388  202  2147483647  0  547274  0  540261664  374671422  1565875  596  56746  102408  49063  1642  5251032207  
1439931744  1910882529  0  14125108908  116978  108686  0  1589565  154  1555734  1878  890368552  2147483647  0  76942  0  0  0  205  987080  2147483647  0  94851  202  2147483647  0  547274  0  544139128  374671422  1604791  596  56746  102408  49063  1642  5384457610  
1439931754  1958954226  0  14479739924  116978  108686  0  1627277  154  1592623  1878  901544195  2147483647  0  76942  0  0  0  205  997976  2147483647  0  96472  202  2147483647  0  547274  0  551226893  374671422  1641680  596  56746  102408  49063  1642  5512207090  
1439931764  2015969915  0  14924953093  116978  108686  0  1674917  154  1641497  1878  908247316  2147483647  0  76942  0  0  0  205  1005352  2147483647  0  98375  202  2147483647  0  547274  0  560916513  374740338  1690571  596  56746  102408  49080  1642  5674781010  
1439931774  2064566889  0  15317358184  116978  108686  0  1715290  154  1683006  1878  916976369  2147483647  0  76942  0  0  0  205  1015151  2147483647  0  100126  202  2147483647  0  547274  0  565795957  374906506  1732097  596  56746  102408  49097  1642  5815278884  
1439931784  2104906914  0  15618641024  116978  108686  0  1748359  154  1714995  1878  926973574  2147483647  0  76942  0  0  0  205  1025694  2147483647  0  101445  202  2147483647  0  547274  0  570788353  374906506  1764086  596  56746  102408  49097  1642  5922980519  
1439931794  2157664254  0  16011083498  116978  108686  0  1790062  154  1755604  1878  936798281  2147483647  0  76942  0  0  0  205  1035320  2147483647  0  103431  202  2147483647  0  547274  0  575421420  375156075  1804717  596  56746  102408  49119  1642  6062568384  
1439931804  2211481136  0  16412568459  116978  108686  0  1833282  154  1797463  1878  949173297  2147483647  0  76942  0  0  0  205  1047787  2147483647  0  104967  202  2147483647  0  547274  0  582151724  375390401  1846598  596  56746  102408  49141  1642  6206421636  
1439931814  2247541353  0  16701444229  116978  108686  0  1862407  154  1828725  1878  960430041  2147483647  0  76942  0  0  0  205  1059444  2147483647  0  106248  202  2147483647  0  547274  0  585458253  375509845  1877870  596  56746  102408  49151  1642  6309792340  
1439931824  2294532402  0  17073279644  116978  108686  0  1900321  154  1866959  1878  969377086  2147483647  0  76942  0  0  0  205  1067900  2147483647  0  107823  202  2147483647  0  547274  0  589069687  375541667  1916105  596  56746  102408  49152  1642  6441742375  
1439931834  2338763296  0  17404742057  116978  108686  0  1935107  154  1901029  1878  975697321  2147483647  0  76942  0  0  0  205  1073879  2147483647  0  109362  202  2147483647  0  547274  0  592952677  375541667  1950175  596  56746  102408  49152  1642  6558651237  
1439931844  2391420330  0  17805615269  116978  108686  0  1976957  154  1943277  1878  983684526  2147483647  0  76942  0  0  0  205  1082003  2147483647  0  111163  202  2147483647  0  547274  0  603204342  375572543  1992425  596  56746  102408  49154  1642  6703404268  
1439931854  2445280632  0  18206102990  116978  108686  0  2020597  154  1986135  1878  995402959  2147483647  0  76942  0  0  0  205  1093453  2147483647  0  112711  202  2147483647  0  547274  0  626546559  375595623  2035284  596  56746  102408  49155  1642  6852287604  
1439931864  2486822188  0  18522796551  116978  108686  0  2054738  154  2020354  1878  1005880866  2147483647  0  76942  0  0  0  205  1103345  2147483647  0  114340  202  2147483647  0  547274  0  645881590  375777516  2069518  596  56746  102408  49170  1642  6970037451  
1439931874  2543526986  0  18944920968  116978  108686  0  2099205  154  2065748  1878  1017286278  2147483647  0  76942  0  0  0  205  1115069  2147483647  0  115966  202  2147483647  0  547274  0  672473511  375777516  2114912  596  56746  102408  49170  1642  7125376110  
1439931884  2598721960  0  19369625190  116978  108686  0  2142254  154  2108789  1878  1025650492  2147483647  0  76942  0  0  0  205  1122878  2147483647  0  117767  202  2147483647  0  547274  0  682166354  375868145  2157958  596  56746  102408  49175  1642  7277748971  
1439931894  2658445030  0  19817370426  116978  108686  0  2189134  154  2155810  1878  1036520008  2147483647  0  76942  0  0  0  205  1134061  2147483647  0  119740  202  2147483647  0  547274  0  693944602  376012852  2204991  596  56746  102408  49187  1642  7440108758  
1439931904  2698442620  0  20126791191  116978  108686  0  2222463  154  2190807  1878  1046970583  2147483647  0  76942  0  0  0  205  1144403  2147483647  0  121360  202  2147483647  0  547274  0  714086274  376057202  2239991  596  56746  102408  49190  1642  7554988373  
1439931914  2733079861  0  20383928916  116978  108686  0  2251020  154  2218874  1878  1057499773  2147483647  0  76942  0  0  0  205  1155349  2147483647  0  122302  202  2147483647  0  547274  0  724910055  376091256  2268060  596  56746  102408  49192  1642  7648506037  
1439931924  2779378405  0  20727969762  116978  108686  0  2287132  154  2254468  1878  1063605590  2147483647  0  76942  0  0  0  205  1161847  2147483647  0  123972  202  2147483647  0  547274  0  737527074  376185358  2303661  596  56746  102408  49199  1642  7770821114  
1439931934  2840789169  0  21179087672  116978  108686  0  2334452  154  2302000  1878  1070910711  2147483647  0  76942  0  0  0  205  1169267  2147483647  0  125890  202  2147483647  0  547274  0  758246241  376220900  2351194  596  56746  102408  49200  1642  7937230604  
1439931944  2902358298  0  21634737646  116978  108686  0  2384330  154  2352689  1878  1079217183  2147483647  0  76942  0  0  0  205  1178076  2147483647  0  127718  202  2147483647  0  547274  0  799838010  376220900  2401883  596  56746  102408  49200  1642  8111469922  
1439931954  2944045579  0  21934062979  116978  108686  0  2418263  154  2385044  1878  1092455520  2147483647  0  76942  0  0  0  205  1191460  2147483647  0  129260  202  2147483647  0  547274  0  826982205  376298833  2434244  596  56746  102408  49206  1642  8225268359  
1439931964  2980386580  0  22204892543  116978  108686  0  2448379  154  2414132  1878  1101082885  2147483647  0  76942  0  0  0  205  1199868  2147483647  0  130510  202  2147483647  0  547274  0  836846838  376337242  2463334  596  56746  102408  49208  1642  8323211674  
1439931974  3049630107  0  22730224148  116978  108686  0  2501481  154  2468152  1878  1107280089  2147483647  0  76942  0  0  0  205  1206139  2147483647  0  132719  202  2147483647  0  547274  0  857866682  376386996  2517358  596  56746  102408  49212  1642  8514220348  
1439931984  3104155709  0  23154955109  116978  108686  0  2545718  154  2513278  1878  1118170500  2147483647  0  76942  0  0  0  205  1217464  2147483647  0  134245  202  2147483647  0  547274  0  870549423  376539270  2562494  596  56746  102408  49223  1642  8668542223  
1439931994  3147184927  0  23458117343  116978  108686  0  2580329  154  2546417  1878  1128693633  2147483647  0  76942  0  0  0  205  1228033  2147483647  0  135913  202  2147483647  0  547274  0  886727679  376705332  2595651  596  56746  102408  49241  1642  8780015159  
1439932004  3197054902  0  23836184223  116978  108686  0  2619786  154  2586744  1878  1135781847  2147483647  0  76942  0  0  0  205  1235250  2147483647  0  137419  202  2147483647  0  547274  0  907140868  376736254  2635980  596  56746  102408  49243  1642  8917759753  
1439932014  3237381936  0  24139185144  116978  108686  0  2652304  154  2619790  1878  1143751321  2147483647  0  76942  0  0  0  205  1243674  2147483647  0  138901  202  2147483647  0  547274  0  925266212  376736254  2669026  596  56746  102408  49243  1642  9029793206  
1439932025  3296976149  0  24595872379  116978  108686  0  2699868  154  2668064  1878  1155191842  2147483647  0  76942  0  0  0  205  1254979  2147483647  0  140759  202  2147483647  0  547274  0  946695135  376861384  2717307  596  56746  102408  49250  1642  9198071294  
1439932035  3353126167  0  25031782480  116978  108686  0  2744238  154  2712195  1878  1163643700  2147483647  0  76942  0  0  0  205  1263677  2147483647  0  142465  202  2147483647  0  547274  0  956052264  376861384  2761438  596  56746  102408  49250  1642  9354688972  
1439932045  3401603779  0  25394848092  116978  108686  0  2784081  154  2751788  1878  1174582043  2147483647  0  76942  0  0  0  205  1274550  2147483647  0  144431  202  2147483647  0  547274  0  988736712  376932560  2801037  596  56746  102408  49256  1642  9492176588  
1439932055  3446859534  0  25718427969  116978  108686  0  2819697  154  2787516  1878  1183505076  2147483647  0  76942  0  0  0  205  1283187  2147483647  0  145574  202  2147483647  0  547274  0  1011575180  377016911  2836770  596  56746  102408  49261  1642  9614830870  
1439932065  3494310282  0  26062929076  116978  108686  0  2856717  154  2824792  1878  1192401330  2147483647  0  76942  0  0  0  205  1292235  2147483647  0  147153  202  2147483647  0  547274  0  1038682374  377094272  2874051  596  56746  102408  49266  1642  9745208366  
1439932075  3557041056  0  26518460104  116978  108686  0  2905415  154  2874309  1878  1202084039  2147483647  0  76942  0  0  0  205  1302113  2147483647  0  149524  202  2147483647  0  547274  0  1083861545  377276396  2923582  596  56746  102408  49280  1642  9919374375  
1439932085  3598736686  0  26825945671  116978  108686  0  2939726  154  2908426  1878  1216478588  2147483647  0  76942  0  0  0  205  1316794  2147483647  0  150876  202  2147483647  0  547274  0  1106649738  377337884  2957702  596  56746  102408  49283  1642  10036327482  
1439932095  3637205774  0  27123347997  116978  108686  0  2970434  154  2939543  1878  1225734541  2147483647  0  76942  0  0  0  205  1325993  2147483647  0  152071  202  2147483647  0  547274  0  1119148563  377337884  2988819  596  56746  102408  49283  1642  10143395009  
1439932105  3683143190  0  27446514068  116978  108686  0  3006126  154  2975190  1878  1231853455  2147483647  0  76942  0  0  0  205  1332293  2147483647  0  153614  202  2147483647  0  547274  0  1148765536  377337884  3024466  596  56746  102408  49283  1642  10266596199  
1439932115  3742028858  0  27846716967  116978  108686  0  3052618  154  3020603  1878  1238731039  2147483647  0  76942  0  0  0  205  1338601  2147483647  0  155456  202  2147483647  0  547274  0  1203607638  377377208  3069882  596  56746  102408  49286  1642  10425239015  
1439932125  3799102855  0  28249113840  116978  108686  0  3099657  154  3067580  1878  1245992942  2147483647  0  76942  0  0  0  205  1346328  2147483647  0  157683  202  2147483647  0  547274  0  1268528133  377398933  3116862  596  56746  102408  49289  1642  10588210678  
1439932135  3857638800  0  28655553907  116978  108686  0  3145251  154  3113477  1878  1254707315  2147483647  0  76942  0  0  0  205  1354659  2147483647  0  159576  202  2147483647  0  547274  0  1322567013  377521570  3162768  596  56746  102408  49298  1642  10749724119  
1439932145  3902592363  0  28964507212  116978  108686  0  3179957  154  3148314  1878  1264767736  2147483647  0  76942  0  0  0  205  1365113  2147483647  0  160758  202  2147483647  0  547274  0  1356189580  377659280  3197618  596  56746  102408  49311  1642  10871676993  
1439932155  3966695255  0  29411602643  116978  108686  0  3232122  154  3200940  1878  1272134290  2147483647  0  76942  0  0  0  205  1373154  2147483647  0  162935  202  2147483647  0  547274  0  1415220326  377754497  3250255  596  56746  102408  49322  1642  11048723976  
1439932165  4022462398  0  29793958849  119490  108686  0  3275809  154  3244143  1878  1281354826  2147483647  0  76942  0  0  0  205  1382121  2147483647  0  164520  202  2147483647  0  547274  0  1464245114  377754497  3293458  596  56746  102408  49322  1642  11200034965  
1439932175  4056342243  0  30041714506  119490  108686  0  3303250  154  3272406  1878  1290233953  2147483647  0  76942  0  0  0  205  1390804  2147483647  0  165679  202  2147483647  0  547274  0  1489960577  377754497  3321721  596  56746  102408  49322  1642  11294980616  
1439932185  4104638435  0  30378221032  119490  108686  0  3341093  154  3310859  1878  1296454918  2147483647  0  76942  0  0  0  205  1397393  2147483647  0  167187  202  2147483647  0  547274  0  1537242187  377787760  3360176  596  56746  102408  49324  1642  11427174982  
1439932195  4157685436  0  30732967152  119490  108686  0  3381940  154  3351042  1878  1304509835  2147483647  0  76942  0  0  0  205  1405917  2147483647  0  169058  202  2147483647  0  547274  0  1595657734  377840134  3400363  596  56746  102408  49328  1642  11568355324  
1439932205  4230066034  0  31232031638  119490  108686  0  3440337  154  3408804  1878  1311038615  2147483647  0  76942  0  0  0  205  1411940  2147483647  0  171178  202  2147483647  0  547274  0  1653059539  377871863  3458127  596  56746  102408  49330  1642  11767362884  
1439932215  4299264148  0  31688114319  119490  108686  0  3493988  154  3462176  1878  1311336265  2147483647  0  76942  0  0  0  205  1412229  2147483647  0  173537  202  2147483647  0  547274  0  1741306639  378049015  3511515  596  56746  102408  49346  1642  11953594055  
1439932225  4376305858  0  32188219809  119490  108686  0  3552630  154  3520496  1878  1311399180  2147483647  0  76942  0  0  0  205  1412265  2147483647  0  175900  202  2147483647  0  547274  0  1831330447  378255382  3569853  596  56746  102408  49364  1642  12159467809  
1439932235  4445679925  0  32637826018  119490  108686  0  3606077  154  3573358  1878  1312701818  2147483647  0  76942  0  0  0  205  1413256  2147483647  0  178262  202  2147483647  0  547274  0  1916920722  378407435  3622726  596  56746  102408  49375  1642  12344905109  
1439932245  4503755105  0  33034795924  119490  108686  0  3652463  154  3620147  1878  1312905789  2147483647  0  76942  0  0  0  205  1413361  2147483647  0  180228  202  2147483647  0  547274  0  1985292546  378492096  3669521  596  56746  102408  49381  1642  12507583229  
1439932255  4586608464  0  33591362797  119490  108686  0  3717531  154  3685813  1878  1312934898  2147483647  0  76942  0  0  0  205  1413376  2147483647  0  182987  202  2147483647  0  547274  0  2074240449  378577810  3735193  596  56746  102408  49387  1642  12737498359  
1439932265  4670084363  0  34147889636  119490  108686  0  3783814  154  3751652  1878  1314080140  2147483647  0  76942  0  0  0  205  1414318  2147483647  0  185647  202  2147483647  0  547274  0  2163775057  379086826  3801095  596  56746  102408  49450  1642  12967281179  
