#type:G;
#time  Rt  Nm  Tt  Nc  Rx  Gz  Pc  Pf  Ra  Te  Pm  Fp  Fc  Ta  Fm  Om  Lm  Oc  Sm  Sc  Em  Af  Ea  Cf  Ec  Gd  Zt  Et  Ep  dedup_put_diff  total_eph_put_diff  dedup_factor  dedup_curr  compression_saving  tze_saving  
1437253308  0  3865  17270287  0  0  0  0  0  0  5533  107602  0  0  111248  107602  2813  0  0  0  0  107602  0  0  0  0  0  0  0  8335852  0  8335852  0.0  
1437253318  0  3865  17270296  0  0  0  0  0  0  5533  107602  0  0  111248  107602  2813  0  0  0  0  107602  0  0  0  0  0  0  0  8335852  0  0  0.0  
1437253328  0  3865  17272463  0  0  0  0  0  0  5631  107602  0  0  111248  107602  2813  0  0  0  0  107602  0  0  0  0  0  0  0  8335852  0  0  0.0  
1437253338  0  3865  17275057  0  0  0  0  0  0  5631  107602  0  0  111248  107602  2813  0  0  0  0  107602  0  0  0  0  0  0  0  8335852  0  0  0.0  
1437253348  0  3865  17277352  0  0  0  0  0  0  5631  107602  0  0  111248  107602  2813  0  0  0  0  107602  0  0  0  0  0  0  0  8335852  0  0  0.0  
1437253358  0  3865  17280540  159  0  0  1978  0  0  5829  107602  0  1978  109186  107602  2813  0  212  0  0  107602  0  0  0  1978  0  0  0  8337830  0  1978  0.0  100.0  
1437253368  0  3865  17324190  225  0  0  2931  0  0  5829  107602  0  2931  108195  107602  2813  0  235  0  0  107602  0  0  0  2931  0  0  0  8338859  0  1029  0.0  100.0  
1437253378  0  3865  17372907  182  0  0  3756  0  0  5829  107602  0  3756  107350  107602  2813  0  165  0  0  107602  0  0  0  3756  0  0  0  8340241  0  1382  0.0  100.0  
1437253388  0  3865  17420829  94  0  0  2349  0  0  5829  107602  0  2349  108791  107602  2813  0  47  0  0  107602  0  0  0  2349  0  0  0  8340254  0  13  0.0  100.0  
1437253398  0  3865  17504193  95  0  0  2351  0  0  5829  107602  0  2351  108789  107602  2813  0  48  0  0  107602  0  0  0  2351  0  0  0  8340275  0  21  0.0  100.0  
1437253408  0  3865  17523902  95  0  0  2351  0  0  5829  107602  0  2351  108789  107602  2813  0  48  0  0  107602  0  0  0  2351  0  0  0  8340275  0  0  0.0  100.0  
1437253418  0  3865  17614626  333  0  0  6766  0  0  5829  107602  0  6766  104240  107602  2813  0  240  0  0  107602  0  0  0  6766  0  0  0  8344920  0  4645  0.0  100.0  
1437253428  0  3865  17703021  1310  0  0  31799  0  0  5829  107602  0  31799  78355  107602  2813  0  971  0  0  107602  0  0  0  31799  0  0  0  8370002  0  25082  0.0  100.0  
1437253438  0  3865  17794104  2334  0  0  61694  0  0  5829  107602  0  61694  47466  107602  2813  0  1723  0  0  107602  0  0  0  61694  0  0  0  8414744  0  44742  0.0  100.0  
1437253449  0  3865  17885339  2556  0  0  68162  0  0  5829  107602  0  68162  40780  107602  2813  0  1902  0  0  107602  0  0  0  68162  0  0  0  8459995  0  45251  0.0  100.0  
1437253459  0  3865  18020028  2400  0  0  64293  0  0  5829  107602  0  64293  44697  107602  2813  0  1729  0  0  107602  0  0  0  64293  0  0  0  8526517  0  66522  0.0  100.0  
1437253469  0  3865  18110619  2656  0  0  71321  0  0  5829  107602  0  71321  37514  107602  2813  0  1908  0  0  107602  0  0  0  71321  0  0  0  8571020  0  44503  0.0  100.0  
1437253479  0  3865  18184452  2333  0  0  61262  0  0  5829  107602  0  61262  47596  107602  2813  0  1715  0  0  107602  0  0  0  61262  0  0  0  8607431  0  36411  0.0  100.0  
1437253489  0  3865  18273846  2539  0  0  66833  0  0  5829  107602  0  66833  42108  107602  2813  0  1838  0  0  107602  0  0  0  66833  0  0  0  8651722  0  44291  0.0  100.0  
1437253499  0  3865  18377651  2480  0  0  65962  0  0  5829  107602  0  65962  43008  107602  2813  0  1838  0  0  107602  0  0  0  65962  0  0  0  8702711  0  50989  0.0  100.0  
1437253509  0  3865  18461338  2478  0  0  66920  0  0  5829  107602  0  66920  41907  107602  2813  0  1835  0  0  107602  0  0  0  66920  0  0  0  8743985  0  41274  0.0  100.0  
1437253519  0  3865  18598769  2812  0  0  73474  0  0  5829  107602  0  73474  35270  107602  2813  0  2039  0  0  107602  0  0  0  73474  0  0  0  8812146  0  68161  0.0  100.0  
1437253529  0  3865  18694808  2592  0  0  68163  0  0  5829  107602  0  68163  40765  107602  2813  0  1872  0  0  107602  0  0  0  68163  0  0  0  8859674  0  47528  0.0  100.0  
1437253539  0  3865  18774747  2368  0  0  62584  0  0  5829  107602  0  62584  46193  107602  2813  0  1723  0  0  107602  0  0  0  62584  0  0  0  8898633  0  38959  0.0  100.0  
1437253549  0  3865  18859062  2526  0  0  66417  0  0  5829  107602  0  66417  42478  107602  2813  0  1838  0  0  107602  0  0  0  66417  0  0  0  8940367  0  41734  0.0  100.0  
1437253559  0  3865  18954018  2339  0  0  61314  0  0  5829  107602  0  61314  47573  107602  2813  0  1757  0  0  107602  0  0  0  61314  0  0  0  8987217  0  46850  0.0  100.0  
1437253569  0  3865  19050125  2527  0  0  67129  0  0  5829  107602  0  67129  41720  107602  2813  0  1846  0  0  107602  0  0  0  67129  0  0  0  9034383  0  47166  0.0  100.0  
1437253579  0  3865  19192905  2449  0  0  65478  0  0  5829  107602  0  65478  43319  107602  2813  0  1767  0  0  107602  0  0  0  65478  0  0  0  9104975  0  70592  0.0  100.0  
1437253589  0  3865  19288736  2704  0  0  73132  0  0  5829  107602  0  73132  35634  107602  2813  0  1958  0  0  107602  0  0  0  73132  0  0  0  9152508  0  47533  0.0  100.0  
1437253599  0  3865  19362639  2428  0  0  63975  0  0  5829  107602  0  63975  44757  107602  2813  0  1760  0  0  107602  0  0  0  63975  0  0  0  9189048  0  36540  0.0  100.0  
1437253609  0  3865  19443303  2472  0  0  65077  0  0  5829  107602  0  65077  43710  107602  2813  0  1791  0  0  107602  0  0  0  65077  0  0  0  9228472  0  39424  0.0  100.0  
1437253619  0  3865  19533280  2244  0  0  58475  0  0  5829  107602  0  58475  50303  107602  2813  0  1648  0  0  107602  0  0  0  58475  0  0  0  9272710  0  44238  0.0  100.0  
1437253629  0  3865  19632720  2380  0  0  64582  0  0  5829  107602  0  64582  44230  107602  2813  0  1737  0  0  107602  0  0  0  64582  0  0  0  9322051  0  49341  0.0  100.0  
1437253639  0  3865  19757186  2420  0  0  63668  0  0  5829  107602  0  63668  45113  107602  2813  0  1784  0  0  107602  0  0  0  63668  0  0  0  9383251  0  61200  0.0  100.0  
1437253649  0  3865  19864545  2562  0  0  67691  0  0  5829  107602  0  67691  41085  107602  2813  0  1832  0  0  107602  0  0  0  67691  0  0  0  9436249  0  52998  0.0  100.0  
1437253659  0  3865  19944207  2673  0  0  71844  0  0  5829  107602  0  71844  36906  107602  2813  0  1933  0  0  107602  0  0  0  71844  0  0  0  9475701  0  39452  0.0  100.0  
1437253669  0  3865  20022437  2723  0  0  72277  0  0  5829  107602  0  72277  36506  107602  2813  0  1986  0  0  107602  0  0  0  72277  0  0  0  9514524  0  38823  0.0  100.0  
1437253679  0  3865  20110882  2678  0  0  69988  0  0  5829  107602  0  69988  38726  107602  2813  0  1947  0  0  107602  0  0  0  69988  0  0  0  9557762  0  43238  0.0  100.0  
1437253689  0  3865  20224733  2406  0  0  65255  0  0  5829  107602  0  65255  43535  107602  2813  0  1773  0  0  107602  0  0  0  65255  0  0  0  9614057  0  56295  0.0  100.0  
1437253699  0  3865  20320509  2471  0  0  63562  0  0  5829  107602  0  63562  45178  107602  2813  0  1819  0  0  107602  0  0  0  63562  0  0  0  9661451  0  47394  0.0  100.0  
1437253709  0  3865  20453055  2506  0  0  67746  0  0  5829  107602  0  67746  41036  107602  2813  0  1796  0  0  107602  0  0  0  67746  0  0  0  9726552  0  65101  0.0  100.0  
1437253719  0  3865  20535651  2751  0  0  74686  0  0  5829  107602  0  74686  33958  107602  2813  0  1986  0  0  107602  0  0  0  74686  0  0  0  9767484  0  40932  0.0  100.0  
1437253729  0  3865  20613493  2731  0  0  73861  0  0  5829  107602  0  73861  34876  107602  2813  0  1995  0  0  107602  0  0  0  73861  0  0  0  9805991  0  38507  0.0  100.0  
1437253739  0  3865  20705625  2769  0  0  74091  0  0  5829  107602  0  74091  34588  107602  2813  0  2001  0  0  107602  0  0  0  74091  0  0  0  9851507  0  45516  0.0  100.0  
1437253749  0  3865  20805443  2706  0  0  73246  0  0  5829  107602  0  73246  35510  107602  2813  0  1988  0  0  107602  0  0  0  73246  0  0  0  9900572  0  49065  0.0  100.0  
1437253759  0  3865  20891641  2478  0  0  66502  0  0  5829  107602  0  66502  42261  107602  2813  0  1829  0  0  107602  0  0  0  66502  0  0  0  9943011  0  42439  0.0  100.0  
1437253769  0  3865  21030802  2747  0  0  73620  0  0  5829  107602  0  73620  35062  107602  2813  0  1977  0  0  107602  0  0  0  73620  0  0  0  10011895  0  68884  0.0  100.0  
1437253779  0  3865  21118347  2663  0  0  71670  0  0  5829  107602  0  71670  36994  107602  2813  0  1939  0  0  107602  0  0  0  71670  0  0  0  10054730  0  42835  0.0  100.0  
1437253789  0  3865  21206421  2456  0  0  65548  0  0  5829  107602  0  65548  43175  107602  2813  0  1817  0  0  107602  0  0  0  65548  0  0  0  10098156  0  43426  0.0  100.0  
1437253799  0  3865  21285586  2662  0  0  70482  0  0  5829  107602  0  70482  38184  107602  2813  0  1932  0  0  107602  0  0  0  70482  0  0  0  10137349  0  39193  0.0  100.0  
1437253809  0  3865  21388380  2625  0  0  69888  0  0  5829  107602  0  69888  38848  107602  2813  0  1925  0  0  107602  0  0  0  69888  0  0  0  10188203  0  50854  0.0  100.0  
1437253819  0  3865  21474424  2374  0  0  62849  0  0  5829  107602  0  62849  45887  107602  2813  0  1744  0  0  107602  0  0  0  62849  0  0  0  10230333  0  42130  0.0  100.0  
1437253829  0  3865  21589934  2779  0  0  74490  0  0  5829  107602  0  74490  34167  107602  2813  0  2041  0  0  107602  0  0  0  74490  0  0  0  10287542  0  57209  0.0  100.0  
1437253839  0  3865  21696990  2530  0  0  67834  0  0  5829  107602  0  67834  40790  107602  2813  0  1810  0  0  107602  0  0  0  67834  0  0  0  10340441  0  52899  0.0  100.0  
1437253849  0  3865  21783869  2579  0  0  69429  0  0  5829  107602  0  69429  39233  107602  2813  0  1885  0  0  107602  0  0  0  69429  0  0  0  10383002  0  42561  0.0  100.0  
1437253859  0  3865  21864358  2825  0  0  76344  0  0  5829  107602  0  76344  32291  107602  2813  0  2060  0  0  107602  0  0  0  76344  0  0  0  10422896  0  39894  0.0  100.0  
1437253869  0  3865  21955241  2676  0  0  71206  0  0  5829  107602  0  71206  37507  107602  2813  0  1969  0  0  107602  0  0  0  71206  0  0  0  10467770  0  44874  0.0  100.0  
1437253879  0  3865  22054442  2566  0  0  69613  0  0  5829  107602  0  69613  39100  107602  2813  0  1880  0  0  107602  0  0  0  69613  0  0  0  10516990  0  49220  0.0  100.0  
1437253889  0  3865  22156680  2792  0  0  75359  0  0  5829  107602  0  75359  33284  107602  2813  0  2082  0  0  107602  0  0  0  75359  0  0  0  10567041  0  50051  0.0  100.0  
1437253899  0  3865  22277274  2796  0  0  74678  0  0  5829  107602  0  74678  33861  107602  2813  0  2010  0  0  107602  0  0  0  74678  0  0  0  10626614  0  59573  0.0  100.0  
1437253909  0  3865  22368325  2571  0  0  69228  0  0  5829  107602  0  69228  39308  107602  2813  0  1864  0  0  107602  0  0  0  69228  0  0  0  10671615  0  45001  0.0  100.0  
1437253919  0  3865  22443257  2660  0  0  71805  0  0  5829  107602  0  71805  36673  107602  2813  0  1935  0  0  107602  0  0  0  71805  0  0  0  10708338  0  36723  0.0  100.0  
1437253929  0  3865  22527854  2795  0  0  75957  0  0  5829  107602  0  75957  32488  107602  2813  0  2033  0  0  107602  0  0  0  75957  0  0  0  10750122  0  41784  0.0  100.0  
1437253939  0  3865  22626908  2882  0  0  78161  0  0  5829  107602  0  78161  30349  107602  2813  0  2114  0  0  107602  0  0  0  78161  0  0  0  10799253  0  49131  0.0  100.0  
1437253949  0  3865  22709054  2521  0  0  67690  0  0  5829  107602  0  67690  40829  107602  2813  0  1878  0  0  107602  0  0  0  67690  0  0  0  10839756  0  40503  0.0  100.0  
1437253959  0  3865  22855884  3041  0  0  81828  0  0  5829  107602  0  81828  26599  107602  2813  0  2213  0  0  107602  0  0  0  81828  0  0  0  10912034  0  72278  0.0  100.0  
1437253969  0  3865  22941338  2614  0  0  70361  0  0  5829  107602  0  70361  38031  107602  2813  0  1891  0  0  107602  0  0  0  70361  0  0  0  10954121  0  42087  0.0  100.0  
1437253979  0  3865  23021735  2753  0  0  75099  0  0  5829  107602  0  75099  33321  107602  2813  0  2007  0  0  107602  0  0  0  75099  0  0  0  10994045  0  39924  0.0  100.0  
1437253989  0  3865  23096698  2669  0  0  72258  0  0  5829  107602  0  72258  36216  107602  2813  0  1959  0  0  107602  0  0  0  72258  0  0  0  11030542  0  36497  0.0  100.0  
1437253999  0  3865  23189889  2657  0  0  71889  0  0  5829  107602  0  71889  36567  107602  2813  0  1962  0  0  107602  0  0  0  71889  0  0  0  11076747  0  46205  0.0  100.0  
1437254009  0  3865  23298854  2978  0  0  80899  0  0  5829  107602  0  80899  27597  107602  2813  0  2195  0  0  107602  0  0  0  80899  0  0  0  11130722  0  53975  0.0  100.0  
1437254019  0  3865  23416351  2751  0  0  74436  0  0  5829  107602  0  74436  34011  107602  2813  0  2003  0  0  107602  0  0  0  74436  0  0  0  11188708  0  57986  0.0  100.0  
1437254029  0  3865  23524759  3006  0  0  81708  0  0  5829  107602  0  81708  26751  107602  2813  0  2170  0  0  107602  0  0  0  81708  0  0  0  11241886  0  53178  0.0  100.0  
1437254039  0  3865  23596081  2922  0  0  79980  0  0  5829  107602  0  79980  28441  107602  2813  0  2109  0  0  107602  0  0  0  79980  0  0  0  11277186  0  35300  0.0  100.0  
1437254049  0  3865  23673262  2991  0  0  81935  0  0  5829  107602  0  81935  26511  107602  2813  0  2184  0  0  107602  0  0  0  81935  0  0  0  11315373  0  38187  0.0  100.0  
1437254060  0  3865  23774600  2949  0  0  78537  0  0  5829  107602  0  78537  29880  107602  2813  0  2169  0  0  107602  0  0  0  78537  0  0  0  11365117  0  49744  0.0  100.0  
1437254070  0  3865  23874612  2925  0  0  80280  0  0  5829  107602  0  80280  28210  107602  2813  0  2130  0  0  107602  0  0  0  80280  0  0  0  11414609  0  49492  0.0  100.0  
1437254080  0  3865  23975747  3058  0  0  83314  0  0  5829  107602  0  83314  25101  107602  2813  0  2283  0  0  107602  0  0  0  83314  0  0  0  11464642  0  50033  0.0  100.0  
1437254090  0  3865  24096981  2994  0  0  81566  0  0  5829  107602  0  81566  26850  107602  2813  0  2142  0  0  107602  0  0  0  81566  0  0  0  11524633  0  59991  0.0  100.0  
1437254100  0  3865  24180060  2661  0  0  73177  0  0  5829  107602  0  73177  35245  107602  2813  0  1925  0  0  107602  0  0  0  73177  0  0  0  11565015  0  40382  0.0  100.0  
1437254110  0  3865  24254483  2744  0  0  74814  0  0  5829  107602  0  74814  33621  107602  2813  0  2007  0  0  107602  0  0  0  74814  0  0  0  11601773  0  36758  0.0  100.0  
1437254120  0  3865  24351922  2600  0  0  69521  0  0  5829  107602  0  69521  38907  107602  2813  0  1886  0  0  107602  0  0  0  69521  0  0  0  11650030  0  48257  0.0  100.0  
1437254130  0  3865  24452897  2626  0  0  71375  0  0  5829  107602  0  71375  37099  107602  2813  0  1943  0  0  107602  0  0  0  71375  0  0  0  11699585  0  49555  0.0  100.0  
1437254140  0  3865  24540281  2862  0  0  78626  0  0  5829  107602  0  78626  29818  107602  2813  0  2113  0  0  107602  0  0  0  78626  0  0  0  11742828  0  43243  0.0  100.0  
1437254150  0  3865  24674810  2657  0  0  71330  0  0  5829  107602  0  71330  37086  107602  2813  0  1912  0  0  107602  0  0  0  71330  0  0  0  11809328  0  66500  0.0  100.0  
1437254160  0  3865  24759233  2799  0  0  76268  0  0  5829  107602  0  76268  32084  107602  2813  0  2013  0  0  107602  0  0  0  76268  0  0  0  11851129  0  41801  0.0  100.0  
1437254170  0  3865  24846280  3004  0  0  82487  0  0  5829  107602  0  82487  25904  107602  2813  0  2183  0  0  107602  0  0  0  82487  0  0  0  11893683  0  42554  0.0  100.0  
1437254180  0  3865  24929950  2862  0  0  76710  0  0  5829  107602  0  76710  31716  107602  2813  0  2086  0  0  107602  0  0  0  76710  0  0  0  11935041  0  41358  0.0  100.0  
1437254190  0  3865  25026670  2644  0  0  70114  0  0  5829  107602  0  70114  38324  107602  2813  0  1937  0  0  107602  0  0  0  70114  0  0  0  11982890  0  47849  0.0  100.0  
1437254200  0  3865  25117778  2910  0  0  80007  0  0  5829  107602  0  80007  28498  107602  2813  0  2147  0  0  107602  0  0  0  80007  0  0  0  12027516  0  44626  0.0  100.0  
1437254210  0  3865  25237482  2996  0  0  82098  0  0  5829  107602  0  82098  26312  107602  2813  0  2178  0  0  107602  0  0  0  82098  0  0  0  12086789  0  59273  0.0  100.0  
1437254220  0  3865  25347032  3076  0  0  84348  0  0  5829  107602  0  84348  23978  107602  2813  0  2205  0  0  107602  0  0  0  84348  0  0  0  12140948  0  54159  0.0  100.0  
1437254230  0  3865  25430360  2827  0  0  77022  0  0  5829  107602  0  77022  31268  107602  2813  0  2056  0  0  107602  0  0  0  77022  0  0  0  12182188  0  41240  0.0  100.0  
1437254240  0  3865  25509820  2944  0  0  79651  0  0  5829  107602  0  79651  28670  107602  2813  0  2135  0  0  107602  0  0  0  79651  0  0  0  12220878  0  38690  0.0  100.0  
1437254250  0  3865  25603095  2920  0  0  78644  0  0  5829  107602  0  78644  29661  107602  2813  0  2135  0  0  107602  0  0  0  78644  0  0  0  12267038  0  46160  0.0  100.0  
1437254260  0  3865  25702240  2716  0  0  73263  0  0  5829  107602  0  73263  35109  107602  2813  0  2000  0  0  107602  0  0  0  73263  0  0  0  12316083  0  49045  0.0  100.0  
1437254270  0  3865  25809836  2961  0  0  80838  0  0  5829  107602  0  80838  27477  107602  2813  0  2174  0  0  107602  0  0  0  80838  0  0  0  12368873  0  52790  0.0  100.0  
1437254280  0  3865  25932931  2920  0  0  78586  0  0  5829  107602  0  78586  29660  107602  2813  0  2080  0  0  107602  0  0  0  78586  0  0  0  12429752  0  60879  0.0  100.0  
1437254290  0  3865  26013697  2975  0  0  80496  0  0  5829  107602  0  80496  27735  107602  2813  0  2152  0  0  107602  0  0  0  80496  0  0  0  12469721  0  39969  0.0  100.0  
1437254300  0  3865  26091755  2993  0  0  81464  0  0  5829  107602  0  81464  26846  107602  2813  0  2173  0  0  107602  0  0  0  81464  0  0  0  12508356  0  38635  0.0  100.0  
1437254310  0  3865  26178619  2877  0  0  77286  0  0  5829  107602  0  77286  31016  107602  2813  0  2070  0  0  107602  0  0  0  77286  0  0  0  12550694  0  42338  0.0  100.0  
1437254320  0  3865  26284133  2979  0  0  82697  0  0  5829  107602  0  82697  25595  107602  2813  0  2182  0  0  107602  0  0  0  82697  0  0  0  12603069  0  52375  0.0  100.0  
1437254330  0  3865  26381489  2823  0  0  77554  0  0  5829  107602  0  77554  30689  107602  2813  0  2092  0  0  107602  0  0  0  77554  0  0  0  12651098  0  48029  0.0  100.0  
1437254340  0  3865  26522858  2708  0  0  73300  0  0  5829  107602  0  73300  34911  107602  2813  0  1942  0  0  107602  0  0  0  73300  0  0  0  12720517  0  69419  0.0  100.0  
1437254350  0  3865  26607820  2828  0  0  77619  0  0  5829  107602  0  77619  30673  107602  2813  0  2051  0  0  107602  0  0  0  77619  0  0  0  12762613  0  42096  0.0  100.0  
1437254360  0  3865  26683935  2875  0  0  78436  0  0  5829  107602  0  78436  29814  107602  2813  0  2099  0  0  107602  0  0  0  78436  0  0  0  12800326  0  37713  0.0  100.0  
1437254370  0  3865  26770651  3098  0  0  84242  0  0  5829  107602  0  84242  24023  107602  2813  0  2243  0  0  107602  0  0  0  84242  0  0  0  12843222  0  42896  0.0  100.0  
1437254380  0  3865  26873629  2831  0  0  77009  0  0  5829  107602  0  77009  31308  107602  2813  0  2082  0  0  107602  0  0  0  77009  0  0  0  12893635  0  50413  0.0  100.0  
1437254390  0  3865  26968160  3253  0  0  89664  0  0  5829  107602  0  89664  18545  107602  2813  0  2390  0  0  107602  0  0  0  89664  0  0  0  12940447  0  46812  0.0  100.0  
1437254400  0  3865  27102872  3002  0  0  82408  0  0  5829  107602  0  82408  25854  107602  2813  0  2147  0  0  107602  0  0  0  82408  0  0  0  13007134  0  66687  0.0  100.0  
1437254410  0  3865  27187645  3132  0  0  85426  0  0  5829  107602  0  85426  22799  107602  2813  0  2253  0  0  107602  0  0  0  85426  0  0  0  13048439  0  41305  0.0  100.0  
1437254420  0  3865  27267556  3216  0  0  88022  0  0  5829  107602  0  88022  20239  107602  2813  0  2322  0  0  107602  0  0  0  88022  0  0  0  13088034  0  39595  0.0  100.0  
1437254430  0  3865  27345204  3354  0  0  90140  0  0  5829  107602  0  90140  18039  107602  2813  0  2423  0  0  107602  0  0  0  90140  0  0  0  13126548  0  38514  0.0  100.0  
1437254440  0  3865  27440775  3054  0  0  82077  0  0  5829  107602  0  82077  26178  107602  2813  0  2236  0  0  107602  0  0  0  82077  0  0  0  13173714  0  47166  0.0  100.0  
1437254450  0  3865  27552079  2935  0  0  80777  0  0  5829  107602  0  80777  27476  107602  2813  0  2179  0  0  107602  0  0  0  80777  0  0  0  13228185  0  54471  0.0  100.0  
1437254460  0  3865  27670695  3153  0  0  85363  0  0  5829  107602  0  85363  22880  107602  2813  0  2289  0  0  107602  0  0  0  85363  0  0  0  13287000  0  58815  0.0  100.0  
1437254470  0  3865  27777391  2979  0  0  82121  0  0  5829  107602  0  82121  26102  107602  2813  0  2137  0  0  107602  0  0  0  82121  0  0  0  13339613  0  52613  0.0  100.0  
1437254480  0  3865  27850334  2952  0  0  80574  0  0  5829  107602  0  80574  27650  107602  2813  0  2146  0  0  107602  0  0  0  80574  0  0  0  13375289  0  35676  0.0  100.0  
1437254490  0  3865  27928370  2990  0  0  81366  0  0  5829  107602  0  81366  26869  107602  2813  0  2180  0  0  107602  0  0  0  81366  0  0  0  13413827  0  38538  0.0  100.0  
1437254500  0  3865  28031467  2850  0  0  77588  0  0  5829  107602  0  77588  30633  107602  2813  0  2083  0  0  107602  0  0  0  77588  0  0  0  13464941  0  51114  0.0  100.0  
1437254510  0  3865  28130156  2967  0  0  80894  0  0  5829  107602  0  80894  27389  107602  2813  0  2165  0  0  107602  0  0  0  80894  0  0  0  13513369  0  48428  0.0  100.0  
1437254520  0  3865  28239259  3192  0  0  87107  0  0  5829  107602  0  87107  21142  107602  2813  0  2348  0  0  107602  0  0  0  87107  0  0  0  13567286  0  53917  0.0  100.0  
1437254530  0  3865  28356619  3050  0  0  82889  0  0  5829  107602  0  82889  25307  107602  2813  0  2167  0  0  107602  0  0  0  82889  0  0  0  13625432  0  58146  0.0  100.0  
1437254540  0  3865  28435427  3062  0  0  84306  0  0  5829  107602  0  84306  23853  107602  2813  0  2208  0  0  107602  0  0  0  84306  0  0  0  13664395  0  38963  0.0  100.0  
1437254550  0  3865  28521443  3267  0  0  88895  0  0  5829  107602  0  88895  19264  107602  2813  0  2372  0  0  107602  0  0  0  88895  0  0  0  13706496  0  42101  0.0  100.0  
1437254560  0  3865  28613140  3244  0  0  88923  0  0  5829  107602  0  88923  19211  107602  2813  0  2354  0  0  107602  0  0  0  88923  0  0  0  13751827  0  45331  0.0  100.0  
1437254570  0  3865  28720030  3104  0  0  85612  0  0  5829  107602  0  85612  22552  107602  2813  0  2290  0  0  107602  0  0  0  85612  0  0  0  13804680  0  52853  0.0  100.0  
1437254580  0  3865  28808129  3063  0  0  84093  0  0  5829  107602  0  84093  23980  107602  2813  0  2275  0  0  107602  0  0  0  84093  0  0  0  13847684  0  43004  0.0  100.0  
1437254590  0  3865  28942488  3138  0  0  85373  0  0  5829  107602  0  85373  22573  107602  2813  0  2241  0  0  107602  0  0  0  85373  0  0  0  13914143  0  66459  0.0  100.0  
1437254600  0  3865  29021897  3196  0  0  88517  0  0  5829  107602  0  88517  19406  107602  2813  0  2315  0  0  107602  0  0  0  88517  0  0  0  13953562  0  39419  0.0  100.0  
1437254610  0  3865  29106174  3347  0  0  90648  0  0  5829  107602  0  90648  17305  107602  2813  0  2429  0  0  107602  0  0  0  90648  0  0  0  13994795  0  41233  0.0  100.0  
1437254620  0  3865  29197505  3289  0  0  89925  0  0  5829  107602  0  89925  18029  107602  2813  0  2405  0  0  107602  0  0  0  89925  0  0  0  14039873  0  45078  0.0  100.0  
1437254630  0  3865  29301515  3359  0  0  92296  0  0  5829  107602  0  92296  15668  107602  2813  0  2478  0  0  107602  0  0  0  92296  0  0  0  14091458  0  51585  0.0  100.0  
1437254640  0  3865  29383066  3508  0  0  96399  0  0  5829  107602  0  96399  11576  107602  2813  0  2595  0  0  107602  0  0  0  96399  0  0  0  14131814  0  40356  0.0  100.0  
1437254650  0  3865  29517089  3581  0  0  97973  0  0  5829  107602  0  97973  9949  107602  2813  0  2613  0  0  107602  0  0  0  97973  0  0  0  14197580  0  65766  0.0  100.0  
1437254660  0  3865  29612773  3576  0  0  98477  0  0  5829  107602  0  98477  9379  107602  2813  0  2549  0  0  107602  0  0  0  98477  0  0  0  14244884  0  47304  0.0  100.0  
1437254670  0  3865  29689651  3583  0  0  98533  0  0  5829  107602  0  98533  9362  107602  2813  0  2580  0  0  107602  0  0  0  98533  0  0  0  14282944  0  38060  0.0  100.0  
1437254680  0  3865  29768827  2934  0  0  79405  0  0  5829  107602  0  79405  28546  107602  2813  0  2130  0  0  107602  0  0  0  79405  0  0  0  14321549  0  38605  0.0  100.0  
1437254690  0  3865  29858874  3156  0  0  85611  0  0  5829  107602  0  85611  22309  107602  2813  0  2289  0  0  107602  0  0  0  85611  0  0  0  14366133  0  44584  0.0  100.0  
1437254700  0  3865  29954481  3223  0  0  88942  0  0  5829  107602  0  88942  19027  107602  2813  0  2379  0  0  107602  0  0  0  88942  0  0  0  14413311  0  47178  0.0  100.0  
1437254710  0  3865  30083288  3125  0  0  85358  0  0  5829  107602  0  85358  22578  107602  2813  0  2277  0  0  107602  0  0  0  85358  0  0  0  14476978  0  63667  0.0  100.0  
1437254720  0  3865  30184374  3303  0  0  90752  0  0  5829  107602  0  90752  17160  107602  2813  0  2367  0  0  107602  0  0  0  90752  0  0  0  14526441  0  49463  0.0  100.0  
1437254730  0  3865  30267805  3410  0  0  93983  0  0  5829  107602  0  93983  13899  107602  2813  0  2473  0  0  107602  0  0  0  93983  0  0  0  14567732  0  41291  0.0  100.0  
1437254740  0  3865  30345120  3491  0  0  95472  0  0  5829  107602  0  95472  12387  107602  2813  0  2517  0  0  107602  0  0  0  95472  0  0  0  14606119  0  38387  0.0  100.0  
1437254750  0  3865  30432769  3282  0  0  89689  0  0  5829  107602  0  89689  18196  107602  2813  0  2389  0  0  107602  0  0  0  89689  0  0  0  14649257  0  43138  0.0  100.0  
1437254760  0  3865  30539773  3122  0  0  86012  0  0  5829  107602  0  86012  21919  107602  2813  0  2297  0  0  107602  0  0  0  86012  0  0  0  14701885  0  52628  0.0  100.0  
1437254770  0  3865  30642664  3284  0  0  90298  0  0  5829  107602  0  90298  17636  107602  2813  0  2435  0  0  107602  0  0  0  90298  0  0  0  14752674  0  50789  0.0  100.0  
1437254780  0  3865  30772384  3183  0  0  87638  0  0  5829  107602  0  87638  20211  107602  2813  0  2289  0  0  107602  0  0  0  87638  0  0  0  14816961  0  64287  0.0  100.0  
1437254790  0  3865  30853844  3286  0  0  91138  0  0  5829  107602  0  91138  16698  107602  2813  0  2373  0  0  107602  0  0  0  91138  0  0  0  14856633  0  39672  0.0  100.0  
1437254800  0  3865  30928195  3237  0  0  89346  0  0  5829  107602  0  89346  18504  107602  2813  0  2349  0  0  107602  0  0  0  89346  0  0  0  14893369  0  36736  0.0  100.0  
1437254810  0  3865  31017507  3478  0  0  96095  0  0  5829  107602  0  96095  11779  107602  2813  0  2518  0  0  107602  0  0  0  96095  0  0  0  14937657  0  44288  0.0  100.0  
1437254820  0  3865  31117455  3166  0  0  87363  0  0  5829  107602  0  87363  20537  107602  2813  0  2330  0  0  107602  0  0  0  87363  0  0  0  14987049  0  49392  0.0  100.0  
1437254831  0  3865  31209680  3490  0  0  96899  0  0  5829  107602  0  96899  10994  107602  2813  0  2563  0  0  107602  0  0  0  96899  0  0  0  15032225  0  45176  0.0  100.0  
1437254841  0  3865  31349558  3320  0  0  91949  0  0  5829  107602  0  91949  15873  107602  2813  0  2375  0  0  107602  0  0  0  91949  0  0  0  15101408  0  69183  0.0  100.0  
1437254851  0  3865  31436220  3454  0  0  95866  0  0  5829  107602  0  95866  11976  107602  2813  0  2479  0  0  107602  0  0  0  95866  0  0  0  15144372  0  42964  0.0  100.0  
1437254861  0  3865  31514824  3614  0  0  96382  0  0  5829  107602  0  96382  11455  107602  2813  0  2629  0  0  107602  0  0  0  96382  0  0  0  15182677  0  38305  0.0  100.0  
1437254871  0  3865  31593331  3570  0  0  98168  0  0  5829  107602  0  98168  9659  107602  2813  0  2572  0  0  107602  0  0  0  98168  0  0  0  15221581  0  38904  0.0  100.0  
1437254881  0  3865  31700077  3459  0  0  94278  0  0  5829  107602  0  94278  13563  107602  2813  0  2520  0  0  107602  0  0  0  94278  0  0  0  15274349  0  52768  0.0  100.0  
1437254891  0  3865  31790975  3407  0  0  94109  0  0  5829  107602  0  94109  13791  107602  2813  0  2501  0  0  107602  0  0  0  94109  0  0  0  15318871  0  44522  0.0  100.0  
1437254901  0  3865  31911377  3182  0  0  87183  0  0  5829  107602  0  87183  20605  107602  2813  0  2303  0  0  107602  0  0  0  87183  0  0  0  15378295  0  59424  0.0  100.0  
1437254911  0  3865  32022233  3469  0  0  95734  0  0  5829  107602  0  95734  12044  107602  2813  0  2499  0  0  107602  0  0  0  95734  0  0  0  15433162  0  54867  0.0  100.0  
1437254921  0  3865  32095124  3389  0  0  93746  0  0  5829  107602  0  93746  14019  107602  2813  0  2472  0  0  107602  0  0  0  93746  0  0  0  15469285  0  36123  0.0  100.0  
1437254931  0  3865  32173383  3420  0  0  94247  0  0  5829  107602  0  94247  13581  107602  2813  0  2475  0  0  107602  0  0  0  94247  0  0  0  15507451  0  38166  0.0  100.0  
1437254941  0  3865  32273717  3392  0  0  93949  0  0  5829  107602  0  93949  13799  107602  2813  0  2469  0  0  107602  0  0  0  93949  0  0  0  15557100  0  49649  0.0  100.0  
1437254951  0  3865  32372353  3200  0  0  88246  0  0  5829  107602  0  88246  19599  107602  2813  0  2371  0  0  107602  0  0  0  88246  0  0  0  15605903  0  48803  0.0  100.0  
1437254961  0  3865  32472502  3268  0  0  90621  0  0  5829  107602  0  90621  17183  107602  2813  0  2409  0  0  107602  0  0  0  90621  0  0  0  15654967  0  49064  0.0  100.0  
1437254971  0  3865  32592481  3692  0  0  101261  0  0  5829  107602  0  101261  6432  107602  2813  0  2642  0  0  107602  0  0  0  101261  0  0  0  15714398  0  59431  0.0  100.0  
1437254981  0  3865  32672188  3710  0  0  103923  0  0  5829  107602  0  103923  3770  107602  2813  0  2669  0  0  107602  0  0  0  103923  0  0  0  15753893  0  39495  0.0  100.0  
1437254991  0  3865  32758836  3264  0  0  89849  0  0  5829  107602  0  89849  17919  107602  2813  0  2361  0  0  107602  0  0  0  89849  0  0  0  15796404  0  42511  0.0  100.0  
1437255001  0  3865  32845079  3420  0  0  92892  0  0  5829  107602  0  92892  14900  107602  2813  0  2491  0  0  107602  0  0  0  92892  0  0  0  15838709  0  42305  0.0  100.0  
1437255011  0  3865  32943904  3495  0  0  96107  0  0  5829  107602  0  96107  11668  107602  2813  0  2552  0  0  107602  0  0  0  96107  0  0  0  15887596  0  48887  0.0  100.0  
1437255021  0  3865  33026416  3590  0  0  99950  0  0  5829  107602  0  99950  7872  107602  2813  0  2639  0  0  107602  0  0  0  99950  0  0  0  15928493  0  40897  0.0  100.0  
1437255031  0  3865  33164363  3695  0  0  101078  0  0  5829  107602  0  101078  6654  107602  2813  0  2671  0  0  107602  0  0  0  101078  0  0  0  15996237  0  67744  0.0  100.0  
1437255041  0  3865  33258458  3644  0  0  101901  0  0  5829  107602  0  101901  5831  107602  2813  0  2612  0  0  107602  0  0  0  101901  0  0  0  16042780  0  46543  0.0  100.0  
1437255051  0  3865  33338385  3713  0  0  103027  0  0  5829  107602  0  103027  4675  107602  2813  0  2680  0  0  107602  0  0  0  103027  0  0  0  16082243  0  39463  0.0  100.0  
1437255061  0  3865  33414123  3691  0  0  101962  0  0  5829  107602  0  101962  5757  107602  2813  0  2650  0  0  107602  0  0  0  101962  0  0  0  16119470  0  37227  0.0  100.0  
1437255071  0  3865  33504770  3435  0  0  95190  0  0  5829  107602  0  95190  12491  107602  2813  0  2493  0  0  107602  0  0  0  95190  0  0  0  16164113  0  44643  0.0  100.0  
1437255081  0  3865  33600574  3213  0  0  89121  0  0  5829  107602  0  89121  18656  107602  2813  0  2350  0  0  107602  0  0  0  89121  0  0  0  16211478  0  47365  0.0  100.0  
1437255091  0  3865  33728902  3843  0  0  105778  0  0  5829  107602  0  105778  1879  107602  2813  0  2798  0  0  107602  0  0  0  105778  0  0  0  16275143  0  63665  0.0  100.0  
1437255101  0  3865  33836839  3372  0  0  92043  0  0  5829  107602  0  92043  15647  107602  2813  0  2417  0  0  107602  0  0  0  92043  0  0  0  16327830  0  52687  0.0  100.0  
1437255111  0  3865  33914772  3388  0  0  92957  0  0  5829  107602  0  92957  14730  107602  2813  0  2441  0  0  107602  0  0  0  92957  0  0  0  16366373  0  38543  0.0  100.0  
1437255121  0  3865  33993327  3380  0  0  93460  0  0  5829  107602  0  93460  14248  107602  2813  0  2449  0  0  107602  0  0  0  93460  0  0  0  16405255  0  38882  0.0  100.0  
1437255131  0  3865  34076726  3492  0  0  95929  0  0  5829  107602  0  95929  11764  107602  2813  0  2540  0  0  107602  0  0  0  95929  0  0  0  16446146  0  40891  0.0  100.0  
1437255141  0  3865  34184677  3717  0  0  102540  0  0  5829  107602  0  102540  5166  107602  2813  0  2725  0  0  107602  0  0  0  102540  0  0  0  16499683  0  53537  0.0  100.0  
1437255151  0  3865  34289810  3712  0  0  103664  0  0  5829  107602  0  103664  4008  107602  2813  0  2731  0  0  107602  0  0  0  103664  0  0  0  16551621  0  51938  0.0  100.0  
1437255161  0  3865  34412932  3731  0  0  103085  0  0  5829  107602  0  103085  4586  107602  2821  0  2676  0  0  107602  0  0  0  103085  0  0  0  16612479  0  60858  0.0  100.0  
1437255171  0  3899  34495543  3842  0  0  105387  0  0  5829  107602  0  105387  2279  107602  2821  0  2756  0  0  107602  0  0  0  105387  0  0  0  16652874  0  40395  0.0  100.0  
1437255181  0  3937  34572696  3796  0  0  104141  0  0  5829  107911  0  104141  3835  107911  2826  0  2769  0  0  107911  0  0  0  104141  0  0  0  16690987  0  38113  0.0  100.0  
1437255191  0  3937  34661599  3539  0  0  96944  0  0  5829  107911  0  96944  11011  107911  2827  0  2556  0  0  107911  0  0  0  96944  0  0  0  16734780  0  43793  0.0  100.0  
1437255201  0  3937  34768904  3503  0  0  96368  0  0  5829  107911  0  96368  11648  107911  2827  0  2555  0  0  107911  0  0  0  96368  0  0  0  16787598  0  52818  0.0  100.0  
1437255211  0  3937  34848108  3597  0  0  98526  0  0  5829  107911  0  98526  9539  107911  2827  0  2633  0  0  107911  0  0  0  98526  0  0  0  16826768  0  39170  0.0  100.0  
