#type:G;
#time  Rt  Nm  Tt  Nc  Rx  Gz  Pc  Pf  Ra  Te  Pm  Fp  Fc  Ta  Fm  Om  Lm  Oc  Sm  Sc  Em  Af  Ea  Cf  Ec  Gd  Zt  Et  Ep  dedup_put_diff  total_eph_put_diff  dedup_factor  dedup_curr  compression_saving  tze_saving  
1438699521  0  0  2578  0  0  0  0  0  0  2505  0  0  0  0  0  0  0  0  0  0  0  0  0  0  0  0  0  0  0  0  0  0 0 0 0 
1438699531  0  0  2587  0  0  0  0  0  0  2505  0  0  0  0  0  0  0  0  0  0  0  0  0  0  0  0  0  0  0  0  0  0 0 0 0 
1438699541  0  232  9335  196  0  6891564  2889  0  0  2623  3413  0  9  185  13  350  0  203  3411  2887  3413  5  0  0  2889  2  0  0  3413  2  3413  0.0585994726047  0.0692281066113  41.72113813  100.0  
1438699551  0  232  12258  196  0  6891564  2889  0  0  2623  3413  0  9  185  13  350  0  203  3411  2887  3413  5  0  0  2889  2  0  0  3413  0  0  0.0585994726047  0.0692281066113  41.72113813  100.0  
1438699561  0  232  14773  196  0  6891564  2889  0  0  2623  3413  0  9  185  13  350  0  203  3411  2887  3413  5  0  0  2889  2  0  0  3413  0  0  0.0585994726047  0.0692281066113  41.72113813  100.0  
1438699571  0  232  17434  196  0  6891564  2889  0  0  2623  3413  0  9  185  13  350  0  203  3411  2887  3413  5  0  0  2889  2  0  0  3413  0  0  0.0585994726047  0.0692281066113  41.72113813  100.0  
1438699581  0  232  19523  196  0  6891564  2889  0  0  2623  3413  0  9  185  13  350  0  203  3411  2887  3413  5  0  0  2889  2  0  0  3413  0  0  0.0585994726047  0.0692281066113  41.72113813  100.0  
1438699591  0  232  21642  189  0  6504065  2747  0  0  2623  3413  0  6  297  13  350  0  199  3411  2745  3413  5  0  0  2747  2  0  0  3413  0  0  0.0585994726047  0.0728066982162  42.1527688838  100.0  
1438699601  0  232  26744  179  0  6800664  2792  0  0  2637  3413  0  30  319  30  350  0  173  3411  2790  3413  19  0  0  2792  2  0  0  3817  0  404  0.0523971705528  0.0716332378224  40.4903813844  100.0  
1438699611  0  232  53167  110  0  4669906  1874  0  0  2637  3413  0  30  841  30  350  0  73  3411  1874  3413  19  0  0  1874  2  0  0  3845  0  28  0.0520156046814  0.0  39.1614850837  100.0  
1438699621  0  232  85940  110  0  4683395  1880  0  0  2637  3413  0  30  841  30  350  0  75  3411  1880  3413  19  0  0  1880  2  0  0  3854  0  9  0.0518941359626  0.0  39.1804796584  100.0  
1438699631  0  232  121967  100  0  6192997  2477  0  0  2638  3413  0  35  413  35  350  0  54  3411  2477  3413  20  0  0  2477  2  0  0  4638  0  784  0.0431220353601  0.0  38.9599451674  100.0  
1438699641  0  232  191928  105  0  6135303  2465  0  0  2638  3413  0  35  434  35  350  0  59  3411  2465  3413  20  0  0  2465  2  0  0  4714  0  76  0.0424268137463  0.0  39.2342105889  100.0  
1438699651  0  232  232517  111  0  6531732  2617  0  0  2638  3413  0  35  392  35  350  0  69  3411  2617  3413  20  0  0  2617  2  0  0  4885  0  171  0.0409416581372  0.0  39.065298708  100.0  
1438699661  0  232  276143  111  0  6533488  2615  0  0  2638  3413  0  35  392  35  350  0  63  3411  2615  3413  20  0  0  2615  2  0  0  4894  0  9  0.04086636698  0.0  39.0023004302  100.0  
1438699671  0  232  308713  115  0  6614371  2673  0  0  2638  3413  0  35  386  35  350  0  60  3411  2673  3413  20  0  0  2673  2  0  0  4969  0  75  0.0402495471926  0.0  39.5871055024  100.0  
1438699681  0  232  369905  119  0  6178706  2594  0  0  2638  3413  0  35  453  35  350  0  59  3411  2547  3413  20  0  0  2594  49  0  0  5132  47  163  0.954793452845  1.81187355436  40.7745133674  100.0  
1438699691  0  265  431453  265  0  6202937  4146  0  0  2638  4146  0  35  453  35  350  0  199  3411  2614  4146  20  0  0  4146  1544  0  0  6695  1495  1563  23.0619865571  36.9512783406  42.0662235648  100.0  
1438699701  0  989  474389  989  0  6901912  20425  0  0  2640  20425  0  35  0  35  877  0  877  3481  3481  20425  22  0  0  20425  16972  0  0  22999  15428  16304  73.7945128049  82.9571603427  51.5933033791  100.0  
1438699711  0  2324  537393  2321  0  5784890  49889  0  0  2640  49945  0  27  109  35  2091  0  2091  4518  4032  49945  22  0  0  49889  45886  0  0  53158  28914  30159  86.3200270891  91.918058089  64.9720570398  100.0  
1438699721  0  3907  620695  3702  0  5168159  81683  0  0  2640  85989  0  27  147  35  3562  0  3369  5106  4951  85989  22  0  0  81683  85494  0  0  94815  39608  41657  90.1692770131  93.9387632678  74.5150965793  100.0  
1438699731  0  4377  707625  4034  0  6866964  90330  0  0  2640  98435  0  30  311  35  3975  0  3664  6161  5860  98435  22  0  0  90330  125423  0  0  137271  39929  42456  91.3688980192  93.5126757445  71.3907016585  100.0  
1438699741  0  4741  799553  4662  0  10318109  106177  0  0  2642  107437  0  46  0  46  4282  0  4208  7669  7669  107437  24  0  0  106177  167536  0  0  182665  42113  45394  91.7176251608  92.7771551278  67.1525677392  100.0  
1438699752  0  4854  914458  4795  0  11246218  108153  0  0  2642  110535  0  47  80  47  4406  0  4346  8188  8131  110535  24  0  0  108153  221419  0  0  239214  53883  56549  92.5610541189  92.4819468716  66.2322138555  100.0  
1438699762  0  5039  1001158  5006  0  11142480  113335  0  0  2642  114258  0  47  87  47  4559  0  4530  8404  8299  114258  24  0  0  113335  261670  0  0  281194  40251  41980  93.0567508553  92.6774606256  67.2209660049  100.0  
1438699772  0  5201  1075419  4934  0  11567828  110654  0  0  2642  117488  0  47  154  47  4735  0  4485  8670  8415  117488  24  0  0  110654  296376  0  0  317545  34706  36351  93.3335432773  92.39521391  66.4387788733  100.0  
1438699782  0  5201  1136215  4807  0  9247588  107924  0  0  2642  117488  0  35  405  47  4735  0  4350  8670  7429  117488  24  0  0  107924  325100  0  0  347463  28724  29918  93.563919036  93.1164523183  69.6094775331  100.0  
1438699792  0  5201  1192331  4931  0  7851254  111186  0  0  2642  117488  0  35  926  47  4735  0  4472  8670  7000  117488  24  0  0  111186  351724  0  0  375141  26624  27678  93.7578137287  93.70424334  72.6169991629  100.0  
1438699802  0  5201  1263483  5101  0  7924105  115393  0  0  2642  117488  0  35  1042  47  4735  0  4595  8670  7163  117488  24  0  0  115393  384773  0  0  409608  33049  34467  93.9368859983  93.7925177437  72.9918198064  100.0  
1438699812  0  5201  1346327  5105  0  7910876  113982  0  0  2642  117488  0  35  1085  47  4735  0  4619  8670  7142  117488  24  0  0  113982  423856  0  0  450333  39083  40725  94.1205729982  93.7340983664  72.9576279622  100.0  
1438699822  0  5201  1436248  4895  0  7789393  110003  0  0  2642  117488  0  35  1092  47  4735  0  4424  8670  6908  117488  24  0  0  110003  466216  0  0  494428  42360  44095  94.294012475  93.7201712681  72.4709427419  100.0  
1438699832  0  5201  1533329  4847  0  7775496  110185  0  0  2642  117488  0  35  1064  47  4735  0  4371  8670  6849  117488  24  0  0  110185  511439  0  0  541551  45223  47123  94.439674195  93.7840903934  72.2833340177  100.0  
1438699842  0  5201  1625492  5050  0  5211713  113180  0  0  2644  117488  0  9  1405  47  4735  0  4586  8670  6014  117488  26  0  0  113180  555145  0  0  587345  43706  45794  94.5177025428  94.6863403428  78.8428521925  100.0  
1438699852  0  5201  1720610  4704  0  7784368  104974  0  0  2654  117488  0  35  1248  47  4735  0  4292  8670  6741  117488  36  0  0  104974  598166  0  0  633459  43021  46114  94.4285265503  93.578409892  71.8071433207  100.0  
1438699862  0  5201  1802023  4691  0  8584936  104184  0  0  2654  117488  0  34  955  47  4735  0  4271  8670  7080  117488  36  0  0  104184  635604  0  0  673062  37438  39603  94.4346880377  93.2043307994  70.3964457539  100.0  
1438699872  0  5201  1867879  4680  0  9839174  104144  0  0  2656  117488  0  46  704  47  4735  0  4231  8670  7536  117488  38  0  0  104144  666383  0  0  705902  30779  32840  94.4016308213  92.7638654171  68.124441483  100.0  
1438699882  0  5201  1924647  4894  0  8640757  109232  0  0  2656  117488  0  37  779  47  4735  0  4404  8670  7263  117488  38  0  0  109232  692046  0  0  732989  25663  27087  94.4142408686  93.3508495679  70.9547044685  100.0  
1438699892  0  5228  1983488  4890  0  9611175  109682  0  0  2656  117488  0  46  556  47  4735  0  4385  8670  7621  117488  38  0  0  109682  719471  0  0  761933  27425  28944  94.4270690468  93.0517313689  69.2103625314  100.0  
1438699902  0  5248  2067554  5024  0  10700122  112091  0  0  2656  117490  0  46  201  47  4735  0  4514  8670  8130  117490  38  0  0  112091  758432  0  0  802939  38961  41006  94.456988638  92.7469645199  67.867964666  100.0  
1438699912  0  5312  2163358  4904  0  10595485  110351  0  0  2656  118868  0  46  156  47  4794  0  4406  8670  7931  118868  38  0  0  110351  803426  0  0  849867  44994  46928  94.5354979073  92.8129332765  67.38383142  100.0  
1438699922  0  5312  2267954  5094  0  11477780  116231  0  0  2656  119360  0  47  9  47  4794  0  4579  8670  8454  119360  38  0  0  116231  852407  0  0  901360  48981  51493  94.5689846454  92.7265531571  66.8536505463  100.0  
1438699932  0  5312  2357361  4769  0  7587632  108035  0  0  2656  119641  0  35  389  47  4794  0  4330  8670  6754  119641  38  0  0  108035  894130  0  0  944935  41723  43575  94.6234397075  93.748322303  72.5725611675  100.0  
1438699942  0  5312  2451721  5081  0  7944979  115050  0  0  2656  119641  0  35  645  47  4794  0  4601  8670  7129  119641  38  0  0  115050  938189  0  0  990936  44059  46001  94.6770528066  93.803563668  72.7915256183  100.0  
1438699952  0  5312  2527095  4923  0  7594263  110772  0  0  2656  119641  0  35  880  47  4794  0  4487  8670  6874  119641  38  0  0  110772  973712  0  0  1027974  35523  37038  94.7214618269  93.794460694  73.0278132785  100.0  
1438699962  0  5312  2592475  4925  0  7704070  111088  0  0  2656  119641  0  35  954  47  4794  0  4488  8670  6929  119641  38  0  0  111088  1004505  0  0  1060099  30793  32125  94.7557728099  93.7626026213  72.855008445  100.0  
1438699972  0  5312  2649869  5097  0  7614099  114871  0  0  2656  119641  0  35  994  47  4794  0  4629  8670  7042  119641  38  0  0  114871  1031112  0  0  1087894  26607  27795  94.7805576646  93.8696450801  73.6025150714  100.0  
1438699982  0  5312  2717823  5121  0  7827440  116049  0  0  2656  119641  0  35  1015  47  4794  0  4620  8670  7127  119641  38  0  0  116049  1062893  0  0  1121099  31781  33205  94.8081302365  93.8586286827  73.1865287814  100.0  
1438699992  0  5312  2803188  4949  0  7729275  109537  0  0  2656  119641  0  35  1029  47  4794  0  4475  8670  6925  119641  38  0  0  109537  1102966  0  0  1163008  40073  41909  94.8373527955  93.6779353095  72.750468891  100.0  
1438700002  0  5312  2893859  5030  0  7846722  113571  0  0  2656  119641  0  35  1010  47  4794  0  4534  8670  6998  119641  38  0  0  113571  1145512  0  0  1207427  42546  44419  94.8721537617  93.8382157417  72.6249840914  100.0  
1438700012  0  5312  2987147  4999  0  7906630  112512  0  0  2656  119641  0  35  971  47  4794  0  4511  8670  6992  119641  38  0  0  112512  1188915  0  0  1252788  43403  45361  94.9015316239  93.7855517634  72.3923113581  100.0  
1438700022  0  5312  3081641  4886  0  7963771  110620  0  0  2656  119641  0  35  968  47  4794  0  4436  8670  6963  119641  38  0  0  110620  1233459  0  0  1299247  44544  46459  94.9364516524  93.7054782137  72.0769778932  100.0  
1438700032  0  5312  3178181  4878  0  7891954  110306  0  0  2656  119641  0  35  1034  47  4794  0  4425  8670  6941  119641  38  0  0  110306  1278892  0  0  1346725  45433  47478  94.9631142215  93.7075045782  72.2410807948  100.0  
1438700042  0  5312  3250685  5095  0  7899614  114152  0  0  2656  119641  0  35  1039  47  4794  0  4659  8670  7151  119641  38  0  0  114152  1312354  0  0  1381630  33462  34905  94.985922425  93.7355455883  73.0301118834  100.0  
1438700052  0  5312  3317302  5039  0  7878292  113934  0  0  2656  119641  0  35  1018  47  4794  0  4586  8670  7097  119641  38  0  0  113934  1343829  0  0  1414372  31475  32742  95.0124154042  93.7709551144  72.8982509115  100.0  
1438700062  0  5312  3373231  4846  0  7656245  109349  0  0  2656  119641  0  35  1043  47  4794  0  4385  8670  6859  119641  38  0  0  109349  1370122  0  0  1441776  26293  27404  95.0301572505  93.7274232046  72.7482076184  100.0  
1438700072  0  5312  3432864  5138  0  7895138  115689  0  0  2656  119641  0  35  1012  47  4794  0  4639  8670  7171  119641  38  0  0  115689  1398318  0  0  1471194  28196  29418  95.0464724571  93.8014850159  73.1205699933  100.0  
1438700082  0  5312  3520403  4958  0  7704876  110503  0  0  2656  119641  0  35  983  47  4794  0  4475  8670  6917  119641  38  0  0  110503  1438985  0  0  1513599  40667  42405  95.0704248615  93.740441436  72.8050709529  100.0  
1438700092  0  5312  3621172  4975  0  7688366  111530  0  0  2656  119641  0  35  997  47  4794  0  4486  8670  6911  119641  38  0  0  111530  1486637  0  0  1563215  47652  49616  95.1012496682  93.8034609522  72.8397846843  100.0  
1438700102  0  5312  3714154  5192  0  7800487  117829  0  0  2656  119641  0  35  998  47  4794  0  4687  8670  7144  119641  38  0  0  117829  1530698  0  0  1609144  44061  45929  95.1249857067  93.9369764659  73.3424444081  100.0  
1438700112  0  5312  3808597  5064  0  7728883  114597  0  0  2656  119641  0  35  970  47  4794  0  4591  8670  7017  119641  38  0  0  114597  1574390  0  0  1654644  43692  45500  95.1497723982  93.8768030577  73.1091018074  100.0  
1438700122  0  5312  3898269  4820  0  7638981  110204  0  0  2656  119641  0  35  998  47  4794  0  4368  8670  6809  119641  38  0  0  110204  1616675  0  0  1698645  42285  44001  95.1743889983  93.8214583863  72.6099927199  100.0  
1438700132  0  5312  3973108  5083  0  7703811  114622  0  0  2656  119641  0  35  979  47  4801  0  4626  8670  7036  119641  38  0  0  114622  1651993  0  0  1735456  35318  36811  95.1907164457  93.8615623528  73.2687147183  100.0  
1438700142  0  5312  4039749  5129  0  7762078  115867  0  0  2656  119641  0  35  985  47  4801  0  4645  8670  7098  119641  38  0  0  115867  1683441  0  0  1768216  31448  32760  95.2056196754  93.8740107192  73.301795235  100.0  
1438700152  0  5312  4101966  4950  0  7727610  112246  0  0  2656  119641  0  35  994  47  4801  0  4474  8670  6956  119641  38  0  0  112246  1712170  0  0  1798113  28729  29897  95.2203782521  93.8028972079  72.8777525136  100.0  
1438700162  0  5312  4157393  5183  0  7805778  116917  0  0  2656  119641  0  35  1012  47  4801  0  4681  8670  7169  119641  38  0  0  116917  1738402  0  0  1825449  26232  27336  95.2314745578  93.868299734  73.4173870898  100.0  
1438700172  0  5312  4237205  5205  0  7820613  116675  0  0  2656  119641  0  35  987  47  4801  0  4703  8670  7187  119641  38  0  0  116675  1776049  0  0  1864716  37647  39267  95.2450131816  93.8401542747  73.4335696994  100.0  
1438700182  0  5312  4337393  5164  0  7776744  116681  0  0  2656  119641  0  35  971  47  4801  0  4655  8670  7104  119641  38  0  0  116681  1822870  0  0  1913427  46821  48711  95.2672874377  93.9116051457  73.2739422772  100.0  
1438700192  0  5312  4423240  5209  0  7770245  118524  0  0  2656  119641  0  35  994  47  4801  0  4717  8670  7144  119641  38  0  0  118524  1863370  0  0  1955611  40500  42184  95.283264412  93.9725287705  73.4457940831  100.0  
1438700202  0  5312  4532888  5134  0  7787882  115820  0  0  2656  120185  0  35  950  47  4801  0  4651  8670  7104  120185  38  0  0  115820  1915029  0  0  2009460  51659  53849  95.300677794  93.8663443274  73.2356647113  100.0  
1438700212  0  5312  4626854  4980  0  7721222  113059  0  0  2656  120185  0  35  953  47  4801  0  4515  8670  6980  120185  38  0  0  113059  1958652  0  0  2054876  43623  45416  95.317284352  93.8262323212  72.9933529392  100.0  
1438700222  0  5312  4700503  5214  0  7775521  116972  0  0  2656  120185  0  35  967  47  4803  0  4755  8670  7172  120185  38  0  0  116972  1993352  0  0  2091037  34700  36161  95.328394476  93.8686181308  73.531503672  100.0  
1438700232  0  5336  4768250  5243  0  7804533  117267  0  0  2656  120185  0  35  926  47  4859  0  4759  8670  7193  120185  38  0  0  117267  2025325  0  0  2124341  31973  33304  95.3389780643  93.8661345477  73.5103077373  100.0  
1438700242  0  5336  4826051  5089  0  7769390  113987  0  0  2656  120185  0  35  931  47  4859  0  4620  8670  7063  120185  38  0  0  113987  2052589  0  0  2152702  27264  28361  95.3494259772  93.8036793669  73.1442201548  100.0  
1438700252  0  5336  4881458  5223  0  7822490  117436  0  0  2656  120185  0  35  938  47  4859  0  4726  8670  7201  120185  38  0  0  117436  2078377  0  0  2179575  25788  26873  95.3569847333  93.8681494601  73.478855747  100.0  
1438700262  0  5351  4977646  5179  0  7778586  116040  0  0  2656  120185  0  35  920  47  4859  0  4678  8670  7125  120185  38  0  0  116040  2123540  0  0  2226638  45163  47063  95.3697906889  93.8598759049  73.3464021382  100.0  
1438700272  0  5412  5071842  5100  0  7739313  115315  0  0  2656  121934  0  35  840  47  4906  0  4614  8670  7048  121934  38  0  0  115315  2168103  0  0  2273029  44563  46391  95.3838688376  93.8880457876  73.1912498171  100.0  
1438700282  0  5607  5164441  5306  0  7699749  119265  0  0  2656  125887  0  35  729  47  5070  0  4799  8670  7150  125887  38  0  0  119265  2211327  0  0  2318046  43224  45017  95.3961655636  94.0049469668  73.7087897454  100.0  
1438700292  0  5607  5258318  5202  0  7674875  117890  0  0  2656  125887  0  35  799  47  5070  0  4714  8670  7096  125887  38  0  0  117890  2255141  0  0  2363807  43814  45761  95.4029241812  93.9808295869  73.5942956694  100.0  
1438700302  0  5607  5351314  4956  0  7706365  112983  0  0  2656  125887  0  35  883  47  5070  0  4500  8670  6961  125887  38  0  0  112983  2298782  0  0  2409306  43641  45499  95.4126208958  93.8388961171  72.9717459046  100.0  
1438700312  0  5607  5423722  5232  0  7815373  117913  0  0  2656  125887  0  35  844  47  5070  0  4768  8670  7224  125887  38  0  0  117913  2333061  0  0  2445045  34279  35739  95.4199615958  93.8734490684  73.5873470539  100.0  
1438700322  0  5607  5495522  5331  0  7850100  120368  0  0  2656  125887  0  35  811  47  5070  0  4831  8670  7306  125887  38  0  0  120368  2366324  0  0  2479682  33263  34637  95.4285267224  93.9302804732  73.7677481479  100.0  
1438700332  0  5607  5550929  5505  0  7926514  125286  0  0  2656  126117  0  35  677  47  5070  0  4966  8670  7487  126117  38  0  0  125286  2392576  0  0  2506986  26252  27304  95.4363526561  94.0240729212  74.1527436619  100.0  
1438700342  0  5617  5609939  5425  0  7651055  122264  0  0  2656  127036  0  35  680  47  5098  0  4915  8670  7254  127036  38  0  0  122264  2420313  0  0  2535912  27737  28926  95.4415216301  94.0669371197  74.2496091865  100.0  
1438700352  0  5872  5693250  5558  0  7682371  124696  0  0  2656  132533  0  35  517  47  5309  0  5024  8670  7345  132533  38  0  0  124696  2459324  0  0  2576569  39011  40657  95.449568787  94.1096747289  74.4645492523  100.0  
1438700362  0  6007  5789963  5873  0  7739148  132601  0  0  2656  135913  0  35  434  47  5452  0  5308  8670  7589  135913  38  0  0  132601  2505044  0  0  2624158  45720  47589  95.4608678288  94.2768154086  75.1029064477  100.0  
1438700372  0  6016  5889792  5922  0  7770384  134323  0  0  2656  136916  0  35  388  47  5452  0  5359  8670  7643  136916  38  0  0  134323  2552187  0  0  2673253  47143  49095  95.4712105439  94.3099841427  75.1790343288  100.0  
1438700382  0  6025  5985451  5752  0  7692892  131637  0  0  2656  136923  0  35  427  47  5459  0  5214  8670  7482  136923  38  0  0  131637  2597292  0  0  2720225  45105  46972  95.4807782444  94.316187698  74.8977885467  100.0  
1438700392  0  6025  6079845  5497  0  7639195  125528  0  0  2656  136923  0  35  513  47  5459  0  4992  8670  7291  136923  38  0  0  125528  2640870  0  0  2765629  43578  45404  95.4889466375  94.1917341151  74.4199994267  100.0  
1438700402  0  6025  6153762  5707  0  7720028  129377  0  0  2656  136923  0  35  375  47  5467  0  5203  8670  7500  136923  38  0  0  129377  2675785  0  0  2802034  34915  36405  95.4943801538  94.2029881664  74.8697005208  100.0  
1438700412  0  6025  6219364  5729  0  7720742  129690  0  0  2656  136923  0  35  378  47  5467  0  5211  8670  7519  136923  38  0  0  129690  2706745  0  0  2834258  30960  32224  95.5010094353  94.2023286298  74.9308847274  100.0  
1438700422  0  6025  6274300  5756  0  7730770  130678  0  0  2656  136923  0  35  395  47  5467  0  5205  8670  7531  136923  38  0  0  130678  2732383  0  0  2860927  25638  26669  95.5069108719  94.2369794457  74.9383213447  100.0  
1438700432  0  6025  6341240  5731  0  7741701  129920  0  0  2656  136923  0  35  416  47  5467  0  5181  8670  7536  136923  38  0  0  129920  2763727  0  0  2893590  31344  32663  95.5120455904  94.1995073892  74.9195366149  100.0  
1438700442  0  6025  6429985  5923  0  7764140  133259  0  0  2656  136923  0  35  352  47  5467  0  5353  8670  7649  136923  38  0  0  133259  2805747  0  0  2937374  42020  43784  95.51888864  94.2600499779  75.2184338843  100.0  
1438700452  0  6025  6520854  5738  0  7713245  129235  0  0  2656  136923  0  35  395  47  5467  0  5206  8670  7508  136923  38  0  0  129235  2848461  0  0  2981861  42714  44487  95.5262837537  94.1904282896  74.9185341625  100.0  
1438700463  0  6025  6615344  5903  0  7780064  133656  0  0  2656  136923  0  35  405  47  5467  0  5345  8670  7631  136923  38  0  0  133656  2892481  0  0  3027688  44020  45827  95.5343152927  94.2905668283  75.109033056  100.0  
1438700473  0  6025  6709157  5659  0  7688234  129314  0  0  2656  136923  0  35  409  47  5467  0  5121  8670  7420  136923  38  0  0  129314  2936664  0  0  3073720  44183  46032  95.5410382208  94.26202886  74.7033658503  100.0  
1438700483  0  6025  6800902  5868  0  7739959  133553  0  0  2656  136923  0  35  398  47  5467  0  5342  8670  7632  136923  38  0  0  133553  2979965  0  0  3118832  43301  45112  95.54746777  94.2854147792  75.2405866387  100.0  
1438700493  0  6025  6872063  5519  0  7665654  126078  0  0  2656  136923  0  35  446  47  5467  0  5033  8670  7355  136923  38  0  0  126078  3012837  0  0  3153080  32872  34248  95.5521902394  94.1663097448  74.5547578709  100.0  
1438700503  0  6025  6939978  5608  0  7685655  127435  0  0  2656  136923  0  35  418  47  5467  0  5094  8670  7424  136923  38  0  0  127435  3044763  0  0  3186333  31926  33253  95.5569615605  94.1742849296  74.7254766267  100.0  
1438700513  0  6025  6999856  5814  0  7748254  132186  0  0  2656  136923  0  35  411  47  5467  0  5250  8670  7588  136923  38  0  0  132186  3073192  0  0  3215904  28429  29571  95.5623053424  94.2596038915  75.0703271716  100.0  
1438700523  0  6025  7056952  5628  0  7701880  127394  0  0  2656  136923  0  35  396  47  5467  0  5091  8670  7431  136923  38  0  0  127394  3100047  0  0  3243891  26855  27987  95.5656956414  94.1669152393  74.6959790489  100.0  
1438700533  0  6025  7137846  5967  0  7792143  134545  0  0  2656  136923  0  35  346  47  5467  0  5387  8670  7693  136923  38  0  0  134545  3137792  0  0  3283233  37745  39342  95.5701895053  94.2822104129  75.2713029753  100.0  
1438700543  0  6071  7238546  5969  0  7789821  134909  0  0  2656  136923  0  35  338  47  5498  0  5412  8670  7707  136923  38  0  0  134909  3185397  0  0  3332775  47605  49542  95.5779193015  94.2872603014  75.3235789856  100.0  
1438700553  0  6071  7323709  5595  0  7655230  126654  0  0  2656  136923  0  35  390  47  5498  0  5068  8670  7341  136923  38  0  0  126654  3225392  0  0  3374434  39995  41659  95.583200027  94.2038940736  74.5408985599  100.0  
1438700563  0  6071  7428472  5635  0  7689116  128631  0  0  2656  136923  0  35  454  47  5498  0  5108  8670  7406  136923  38  0  0  128631  3274144  0  0  3425240  48752  50806  95.5887470659  94.2424454447  74.6526385912  100.0  
1438700573  0  6071  7528655  5592  0  7658236  127263  0  0  2656  136923  0  35  488  47  5498  0  5082  8670  7371  136923  38  0  0  127263  3321323  0  0  3474360  47179  49120  95.5952463187  94.2080573301  74.6345607999  100.0  
1438700583  0  6071  7603323  5734  0  7694569  129689  0  0  2656  136923  0  35  451  47  5498  0  5245  8670  7512  136923  38  0  0  129689  3356570  0  0  3511085  35247  36725  95.5992236018  94.2076814533  74.992586731  100.0  
1438700593  0  6071  7669369  5819  0  7736230  132118  0  0  2656  136923  0  35  411  47  5498  0  5292  8670  7580  136923  38  0  0  132118  3387945  0  0  3543733  31375  32648  95.6038448721  94.262704552  75.0827437026  100.0  
1438700603  0  6071  7724888  5807  0  7751812  132336  0  0  2656  136923  0  35  414  47  5498  0  5274  8670  7609  136923  38  0  0  132336  3413403  0  0  3570239  25458  26506  95.6071288225  94.2502418087  75.1277141995  100.0  
1438700613  0  6071  7784133  5668  0  7720720  128276  0  0  2656  136923  0  35  425  47  5498  0  5132  8670  7491  136923  38  0  0  128276  3441246  0  0  3599285  27843  29046  95.6091557073  94.1602482148  74.8372526198  100.0  
1438700623  0  6071  7878858  5587  0  7662076  125813  0  0  2656  136923  0  35  394  47  5498  0  5052  8670  7360  136923  38  0  0  125813  3485961  0  0  3645868  44715  46583  95.614021133  94.1500480872  74.583912725  100.0  
1438700633  0  6071  7970916  5806  0  7742273  131216  0  0  2656  136923  0  35  413  47  5498  0  5264  8670  7570  136923  38  0  0  131216  3528992  0  0  3690650  43031  44782  95.6197959709  94.2308864773  75.0303385847  100.0  
1438700643  0  6071  8060560  5570  0  7651402  127063  0  0  2656  136923  0  35  442  47  5498  0  5035  8670  7322  136923  38  0  0  127063  3571073  0  0  3734447  42081  43797  95.6252157281  94.2375042302  74.4875981097  100.0  
1438700653  0  6071  8159101  5854  0  7771868  134220  0  0  2656  136923  0  35  399  47  5498  0  5299  8670  7615  136923  38  0  0  134220  3617715  0  0  3783055  46642  48608  95.6294582024  94.3264789152  75.0830110185  100.0  
1438700663  0  6071  8253151  5756  0  7732930  131564  0  0  2656  136923  0  35  399  47  5498  0  5232  8670  7561  136923  38  0  0  131564  3662068  0  0  3829279  44353  46224  95.633355522  94.2529871393  75.0307847734  100.0  
1438700673  0  6071  8326708  5872  0  7763202  133636  0  0  2656  136923  0  35  405  47  5498  0  5354  8670  7659  136923  38  0  0  133636  3696114  0  0  3864740  34046  35461  95.6368086857  94.268759915  75.2537800198  100.0  
1438700683  0  6071  8400044  5617  0  7668216  127592  0  0  2656  136923  0  35  441  47  5498  0  5095  8670  7395  136923  38  0  0  127592  3730607  0  0  3900637  34493  35897  95.6409683854  94.2041820804  74.6839344574  100.0  
1438700693  0  6071  8454423  5740  0  7764716  130233  0  0  2656  136923  0  35  431  47  5498  0  5213  8670  7568  136923  38  0  0  130233  3756243  0  0  3927364  25636  26727  95.6428535781  94.1888768592  74.9513396249  100.0  
1438700703  0  6071  8512459  5542  0  7707165  125959  0  0  2656  136923  0  35  439  47  5498  0  5010  8670  7378  136923  38  0  0  125959  3783122  0  0  3955358  26879  27994  95.6455016208  94.142538445  74.496718893  100.0  
1438700713  0  6071  8598682  5644  0  7709318  126915  0  0  2656  136923  0  35  429  47  5498  0  5104  8670  7421  136923  38  0  0  126915  3823768  0  0  3997734  40646  42376  95.64838481  94.1527794193  74.6374112001  100.0  
1438700723  0  6071  8690482  5732  0  7749005  129328  0  0  2656  136923  0  35  446  47  5498  0  5198  8670  7513  136923  38  0  0  129328  3867185  0  0  4042908  43417  45174  95.6535493758  94.1907398243  74.8190213786  100.0  
1438700733  0  6071  8778689  5406  0  7663242  123232  0  0  2656  136923  0  35  446  47  5498  0  4891  8670  7220  136923  38  0  0  123232  3908687  0  0  4086137  41502  43229  95.6572674876  94.1411321735  74.0871372381  100.0  
1438700743  0  6071  8885382  5516  0  7661505  125994  0  0  2656  136923  0  35  442  47  5498  0  4995  8670  7297  136923  38  0  0  125994  3958236  0  0  4137735  49549  51598  95.6619019826  94.2084543708  74.3663886646  100.0  
1438700753  0  6071  8971751  5735  0  7744800  131265  0  0  2656  136923  0  35  372  47  5498  0  5213  8670  7540  136923  38  0  0  131265  3999101  0  0  4180290  40865  42555  95.6656356377  94.2558945644  74.9228075265  100.0  
1438700763  0  6071  9046597  5600  0  7713816  127597  0  0  2656  136923  0  35  370  47  5498  0  5107  8670  7434  136923  38  0  0  127597  4034341  0  0  4217030  35240  36740  95.6678278314  94.1738442126  74.6669913993  100.0  
1438700773  0  6071  9114861  5569  0  7697749  126688  0  0  2656  136923  0  35  379  47  5498  0  5063  8670  7403  136923  38  0  0  126688  4066021  0  0  4250008  31680  32978  95.6709022665  94.1565104824  74.613896367  100.0  
1438700783  0  6071  9170036  5693  0  7731817  129589  0  0  2656  136923  0  35  381  47  5498  0  5145  8670  7486  136923  38  0  0  129589  4092014  0  0  4277037  25993  27029  95.6740378912  94.2232751237  74.78425548  100.0  
1438700793  0  6071  9227821  5876  0  7812383  133264  0  0  2656  136923  0  35  419  47  5498  0  5326  8670  7700  136923  38  0  0  133264  4119347  0  0  4305550  27333  28513  95.675279581  94.2219954376  75.2296095018  100.0  
1438700803  0  6071  9312740  5894  0  7802247  133434  0  0  2656  136923  0  35  389  47  5498  0  5326  8670  7660  136923  38  0  0  133434  4159457  0  0  4347320  40110  41770  95.6786479946  94.2593342027  75.1325658096  100.0  
1438700813  0  6071  9411415  5879  0  7782447  132654  0  0  2656  136923  0  35  362  47  5498  0  5306  8670  7616  136923  38  0  0  132654  4205460  0  0  4395210  46003  47890  95.6828001392  94.2587483227  75.0523703439  100.0  
1438700823  0  6071  9496165  5850  0  7807422  132990  0  0  2656  138433  0  35  257  47  5503  0  5301  8670  7630  138433  38  0  0  132990  4245492  0  0  4436921  40032  41711  95.6855440969  94.2627265208  75.0182321531  100.0  
1438700833  0  6128  9602730  6049  0  7840868  139468  0  0  2656  140965  0  35  179  47  5555  0  5484  8670  7792  140965  38  0  0  139468  4296003  0  0  4489500  50511  52579  95.6900100234  94.4130553245  75.4328232282  100.0  
1438700843  0  6162  9685146  6034  0  7826477  138672  0  0  2656  141548  0  35  141  47  5600  0  5482  8670  7801  141548  38  0  0  138672  4334226  0  0  4529306  38223  39806  95.6929383884  94.3744952117  75.506204508  100.0  
1438700853  0  6162  9764143  5946  0  7782338  135578  0  0  2656  141548  0  35  165  47  5617  0  5429  8670  7722  141548  38  0  0  135578  4371286  0  0  4567918  37060  38612  95.6953693127  94.3043856673  75.3951714157  100.0  
1438700863  0  6201  9841101  6165  0  7875431  140228  0  0  2656  141548  0  35  134  47  5663  0  5618  8670  7917  141548  38  0  0  140228  4407641  0  0  4605774  36355  37856  95.6981606132  94.3541945974  75.7141259759  100.0  
1438700873  0  6241  9896304  5923  0  7803725  134960  0  0  2656  142394  0  35  108  47  5676  0  5348  8670  7702  142394  38  0  0  134960  4433631  0  0  4632844  25990  27070  95.6999847178  94.2931238886  75.2634861227  100.0  
