#type:G;
#time  Rt  Nm  Tt  Nc  Rx  Gz  Pc  Pf  Ra  Te  Pm  Fp  Fc  Ta  Fm  Om  Lm  Oc  Sm  Sc  Em  Af  Ea  Cf  Ec  Gd  Zt  Et  Ep  dedup_put_diff  total_eph_put_diff  dedup_factor  dedup_curr  compression_saving  tze_saving  
1439169940  0  0  17411  0  0  0  0  0  0  17119  0  0  0  0  0  0  0  0  0  0  0  0  0  0  0  0  0  0  0  0  0  0 0 0 0 
1439169950  0  0  17424  0  0  0  0  0  0  17123  0  0  0  0  0  0  0  0  0  0  0  0  0  0  0  0  0  0  0  0  0  0 0 0 0 
1439169960  0  0  133633  0  0  0  0  0  0  133323  0  0  0  0  0  0  0  0  0  0  0  0  0  0  0  0  0  0  0  0  0  0 0 0 0 
1439169970  0  270  262750  270  0  0  4104  0  0  253195  4104  0  3170  1  3171  368  0  368  3170  3170  4104  0  0  0  4104  934  0  0  4104  934  4104  22.7582846004  22.7582846004  100.0  100.0  
1439169980  0  1804  518166  1804  0  0  76264  0  0  278923  76264  0  35064  1  35065  832  0  832  35064  35064  76264  0  0  0  76264  46661  0  0  116841  45727  112737  39.935467858  54.0228679324  100.0  100.0  
1439169990  0  2246  857960  2123  0  0  104713  0  0  327307  104713  0  55175  0  55175  997  0  997  55175  55175  104713  0  0  0  104713  104562  0  0  259752  57901  142911  40.2545504943  47.3083571285  100.0  100.0  
1439170000  0  3368  1026905  3368  0  0  171014  0  0  327403  171014  0  79770  1  79771  1269  0  1269  79770  79770  171014  0  0  0  171014  157068  0  0  344292  52506  84540  45.6205778816  53.3546961068  100.0  100.0  
1439170010  0  4632  1223780  4629  0  0  247326  0  0  327403  247400  0  109203  35  109238  1269  0  1269  109237  109203  247400  0  0  0  247326  219770  0  0  442674  62702  98382  49.6460149004  55.8465345334  100.0  100.0  
1439170020  0  6068  2071631  6029  0  0  299919  0  0  327403  301180  0  114801  201  115672  1269  0  1265  115672  114801  301180  0  5678  0  299919  542671  0  5678  865556  322901  422882  62.6962322484  61.7226651196  100.0  100.0  
1439170030  0  6105  2636493  5462  0  0  287256  0  0  327403  313594  0  113106  2161  115672  1330  0  867  115672  113106  313594  0  44613  0  287256  780477  0  44615  1147499  237806  281943  68.0154841094  60.6253655276  100.0  100.0  
1439170040  0  6105  3192491  5655  0  0  307798  0  0  327403  313594  0  114369  720  115672  1330  0  727  115672  114369  313594  0  52950  0  307798  1023340  0  52952  1425669  242863  278170  71.7796346838  62.842838485  100.0  100.0  
1439170050  0  6105  3917096  5474  0  0  301826  0  0  327403  313594  0  113606  1597  115672  1330  0  280  115672  113606  313594  0  73850  0  301826  1335694  0  73854  1788473  312354  362804  74.6834869746  62.3604328322  100.0  100.0  
1439170060  0  6105  4886326  5338  0  0  297213  0  0  327403  313594  0  113054  2240  115672  1330  0  233  115672  113054  313594  0  93394  0  297213  1758786  0  93399  2273129  423092  484656  77.3729075649  61.9619599412  100.0  100.0  
1439170070  0  6105  5820423  5308  0  0  300391  0  0  327403  313594  0  111939  3297  115672  1330  0  229  115672  111939  313594  0  103676  0  300391  2169643  0  103681  2740520  410857  467391  79.1690263162  62.7355679764  100.0  100.0  
1439170080  0  6105  6827248  5318  0  0  308530  0  0  327403  313594  0  112634  2477  115672  1330  0  44  115672  112634  313594  0  107107  0  308530  2615981  0  107112  3244519  446338  503999  80.6276985895  63.4933393835  100.0  100.0  
1439170090  0  6105  7588401  5787  0  0  313317  0  0  327403  315193  0  114429  444  115672  1330  0  44  115672  114429  315193  0  111806  0  313317  2955140  0  111812  3625475  339159  380956  81.5104227722  63.4782025872  100.0  100.0  
1439170100  0  6105  8808399  5460  0  0  311160  0  0  327403  315193  0  109786  5070  115672  1330  0  40  115672  109786  315193  0  122429  0  311160  3496701  0  122435  4235995  541561  610520  82.5473353958  64.7171872991  100.0  100.0  
1439170110  0  6105  9831886  5774  0  0  316803  0  0  327403  317987  0  112882  1920  115672  1330  0  35  115672  112882  317987  0  125252  0  316803  3948096  0  125258  4748464  451395  512469  83.1446968957  64.3683929761  100.0  100.0  
1439170120  0  6105  10607912  4516  0  0  242851  0  0  327403  317987  0  114728  57  115672  1330  0  20  115672  114728  317987  0  213798  0  242851  4279926  0  213807  5136619  331830  388155  83.3218504234  52.7578638754  100.0  100.0  
1439170130  0  6105  11334190  4520  0  0  241839  0  0  327403  317987  0  114599  188  115672  1330  0  20  115672  114599  317987  0  244262  0  241839  4605561  0  244272  5499900  325635  363281  83.7389952545  52.6135156034  100.0  100.0  
1439170140  0  6105  12041420  4339  0  0  235869  0  0  327403  317987  0  114774  16  115672  1330  0  20  115672  114774  317987  0  277942  0  235869  4920262  0  277952  5853755  314701  353855  84.0530907084  51.3399386948  100.0  100.0  
1439170150  0  6105  12628505  4526  0  0  248293  0  0  327403  317987  0  114791  7  115672  1330  0  24  115672  114791  317987  0  294441  0  248293  5182625  0  294451  6147822  262363  294067  84.3001798035  53.7679274083  100.0  100.0  
1439170160  0  6105  13518330  5007  0  0  268456  0  0  327403  317987  0  114500  306  115672  1330  0  24  115672  114500  317987  0  304923  0  268456  5583312  0  304934  6592783  400687  444961  84.6882416728  57.3486902882  100.0  100.0  
1439170170  0  6105  14397446  4964  0  0  273083  0  0  327403  317987  0  114815  3  115672  1330  0  24  115672  114815  317987  0  327506  0  273083  5985645  0  327522  7032780  402333  439997  85.1106532552  57.9560060494  100.0  100.0  
1439170180  0  6105  15030660  5001  0  0  268381  0  0  327403  317987  0  114616  218  115672  1330  0  24  115672  114616  317987  0  358557  0  268381  6274362  0  358577  7349696  288717  316916  85.3690002961  57.2935490962  100.0  100.0  
1439170190  0  6105  15852748  4821  0  0  264986  0  0  327403  317987  0  114819  36  115672  1330  0  19  115672  114819  317987  0  392205  0  264986  6650123  0  392227  7761115  375761  411419  85.6851496209  56.6697863283  100.0  100.0  
1439170200  0  6105  16681905  4825  0  0  263606  0  0  327403  317987  0  114836  41  115672  1330  0  20  115672  114836  317987  0  424727  0  263606  7027897  0  424750  8176171  377774  415056  85.9558465693  56.4364999279  100.0  100.0  
1439170211  0  6105  17290496  4895  0  0  265044  0  0  327403  317987  0  114853  34  115672  1330  0  23  115672  114853  317987  0  448235  0  265044  7303980  0  448259  8480614  276083  304443  86.1256036414  56.6664402892  100.0  100.0  
1439170221  0  6105  18075592  5028  0  0  271840  0  0  327403  317987  0  114831  81  115672  1330  0  24  115672  114831  317987  0  466307  0  271840  7660803  0  466331  8873406  356823  392792  86.3344131893  57.7578722778  100.0  100.0  
1439170231  0  6105  18845948  4857  0  0  258164  0  0  327403  317987  0  114886  42  115672  1330  0  24  115672  114886  317987  0  510037  0  258164  8009050  0  510064  9258919  348247  385513  86.5009187358  55.498830201  100.0  100.0  
1439170241  0  6105  19550200  4755  0  0  252140  0  0  327403  317987  0  114915  31  115672  1330  0  24  115672  114915  317987  0  548366  0  252140  8327022  0  548398  9611331  317972  352412  86.6375531131  54.4241294519  100.0  100.0  
1439170251  0  6105  20243301  4868  0  0  254323  0  0  327403  317987  0  114950  26  115672  1330  0  20  115672  114950  317987  0  576302  0  254323  8638752  0  576338  9958134  311730  346803  86.7507105247  54.8015712303  100.0  100.0  
1439170261  0  6105  20837345  4783  0  0  256334  0  0  327403  317987  0  114962  31  115672  1330  0  20  115672  114962  317987  0  602160  0  256334  8907143  0  602198  10255425  268391  297291  86.8529875651  55.1514820508  100.0  100.0  
1439170271  0  6105  21516067  4842  0  0  258648  0  0  327403  317987  0  114874  150  115672  1330  0  24  115672  114874  317987  0  628796  0  258648  9215404  0  628834  10595037  308261  339612  86.9784975739  55.5867433732  100.0  100.0  
1439170281  0  6105  22221965  4856  0  0  257557  0  0  327403  317987  0  115046  3  115672  1330  0  24  115672  115046  317987  0  657204  0  257557  9533891  0  657243  10948249  318487  353212  87.0814227919  55.3318294591  100.0  100.0  
1439170291  0  6105  22887386  4886  0  0  256937  0  0  327403  317987  0  115067  15  115672  1330  0  23  115672  115067  317987  0  688521  0  256937  9831543  0  688562  11281212  297652  332963  87.1497051913  55.2158700382  100.0  100.0  
1439170301  0  6105  23563648  4930  0  0  259377  0  0  327403  317987  0  115042  70  115672  1330  0  24  115672  115042  317987  0  713266  0  259377  10136104  0  713309  11619593  304561  338381  87.2328660737  55.6467998319  100.0  100.0  
1439170311  0  6105  24312596  4852  0  0  257714  0  0  327403  317987  0  115117  35  115672  1330  0  20  115672  115117  317987  0  744160  0  257714  10476328  0  744204  11994495  340224  374902  87.3428018437  55.3314914983  100.0  100.0  
1439170321  0  6105  24969193  4850  0  0  256291  0  0  327403  317987  0  115179  3  115672  1330  0  20  115672  115179  317987  0  772976  0  256291  10771375  0  773020  12323147  295047  328652  87.4076646168  55.0592880749  100.0  100.0  
1439170331  0  6105  25711346  4894  0  0  256858  0  0  327403  317987  0  115209  3  115672  1330  0  24  115672  115209  317987  0  801638  0  256858  11106827  0  801684  12694263  335452  371116  87.4948549593  55.1468126358  100.0  100.0  
1439170341  0  6105  26361495  4827  0  0  252775  0  0  327403  317987  0  115169  79  115672  1330  0  24  115672  115169  317987  0  831217  0  252775  11398358  0  831264  13019631  291531  325368  87.5474735037  54.4381366828  100.0  100.0  
1439170351  0  6105  27096752  4911  0  0  261030  0  0  327403  317987  0  115163  115  115672  1330  0  23  115672  115163  317987  0  851300  0  261030  11729424  0  851347  13387664  331066  368033  87.6136718101  55.8813163238  100.0  100.0  
1439170361  0  6105  27895532  4894  0  0  262890  0  0  327403  317987  0  115259  46  115672  1330  0  24  115672  115259  317987  0  878810  0  262890  12091308  0  878857  13787465  361884  399801  87.6978327778  56.1569477728  100.0  100.0  
1439170371  0  6105  28721501  4848  0  0  259808  0  0  327403  317987  0  115297  57  115672  1330  0  21  115672  115297  317987  0  910916  0  259808  12462672  0  910964  14200732  371364  413267  87.7607717687  55.6222287227  100.0  100.0  
1439170381  0  6105  29542795  4924  0  0  262072  0  0  327403  317987  0  115190  199  115672  1330  0  20  115672  115190  317987  0  936110  0  262072  12834439  0  936161  14611783  371767  411051  87.8362277896  56.0464299887  100.0  100.0  
1439170391  0  6105  30202152  4913  0  0  259409  0  0  327403  317987  0  115339  86  115672  1330  0  24  115672  115339  317987  0  963257  0  259409  13132004  0  963309  14941771  297565  329988  87.8878681784  55.5377801079  100.0  100.0  
1439170401  0  6105  30944004  4853  0  0  262243  0  0  327403  317987  0  115190  272  115672  1330  0  24  115672  115190  317987  0  985501  0  262243  13468088  0  985556  15312832  336084  371061  87.9529534445  56.0750906602  100.0  100.0  
1439170411  0  6105  31786849  4978  0  0  266691  0  0  327403  317987  0  115285  220  115672  1330  0  23  115672  115285  317987  0  1006537  0  266691  13850371  0  1006592  15734696  382283  421864  88.02439526  56.7720695487  100.0  100.0  
1439170421  0  6105  32416098  4983  0  0  269587  0  0  327403  317987  0  115459  74  115672  1330  0  24  115672  115459  317987  0  1025676  0  269587  14137505  0  1025732  16049695  287134  314999  88.0858172071  57.171896271  100.0  100.0  
1439170431  0  6105  33333148  4884  0  0  263807  0  0  327403  317987  0  115151  429  115672  1330  0  21  115672  115151  317987  0  1062221  0  263807  14551484  0  1062281  16508625  413979  458930  88.1447364635  56.3502863836  100.0  100.0  
1439170441  0  6105  34229132  4981  0  0  263888  0  0  327403  317987  0  115562  46  115672  1330  0  19  115672  115562  317987  0  1087757  0  263888  14958096  0  1087819  16956861  406612  448236  88.2126473762  56.2079367004  100.0  100.0  
1439170451  0  6105  34867120  4856  0  0  264870  0  0  327403  317987  0  115623  6  115672  1330  0  24  115672  115623  317987  0  1110076  0  264870  15247972  0  1110138  17276149  289876  319288  88.2602482764  56.3472646959  100.0  100.0  
1439170461  0  6105  35538678  5019  0  0  264945  0  0  327403  317987  0  115158  492  115672  1330  0  24  115672  115158  317987  0  1134384  0  264945  15554629  0  1134447  17612162  306657  336013  88.3175444332  56.5351299326  100.0  100.0  
1439170471  0  6105  36465491  4937  0  0  262340  0  0  327403  317987  0  115659  21  115679  1330  0  24  115679  115659  317987  0  1167253  0  262340  15969653  0  1167319  18075910  415024  463748  88.347712508  55.9125562247  100.0  100.0  
1439170481  0  6105  37161131  5039  0  0  264011  0  0  327403  317987  0  115591  112  115701  1330  0  24  115701  115591  317987  0  1192733  0  264011  16284892  0  1192799  18424218  315239  348308  88.3885112519  56.2173545799  100.0  100.0  
1439170491  0  6105  37852366  4804  0  0  257087  0  0  327403  317987  0  115589  127  115715  1330  0  21  115714  115589  317987  0  1227172  0  257087  16596590  0  1227238  18769968  311698  345750  88.4209818578  55.0389556843  100.0  100.0  
1439170501  0  6105  38604401  4862  0  0  260489  0  0  327403  317987  0  115525  212  115736  1330  0  20  115735  115525  317987  0  1252897  0  260489  16937788  0  1252963  19146305  341198  376337  88.465048478  55.6507184564  100.0  100.0  
1439170511  0  6105  39215196  4814  0  0  257917  0  0  327403  317987  0  115732  21  115753  1330  0  24  115752  115732  317987  0  1277178  0  257917  17213211  0  1277245  19451847  275423  305542  88.4913962155  55.1282001574  100.0  100.0  
1439170521  0  6105  39925805  4983  0  0  261935  0  0  327403  317987  0  115548  228  115776  1330  0  24  115775  115548  317987  0  1305062  0  261935  17534877  0  1305131  19807339  321666  355492  88.5271716711  55.8867658007  100.0  100.0  
1439170531  0  6105  40823546  4966  0  0  262808  0  0  327403  317987  0  115762  35  115797  1330  0  24  115797  115762  317987  0  1334863  0  262808  17941536  0  1334932  20256679  406659  449340  88.570964668  55.9518736112  100.0  100.0  
1439170541  0  6105  41615625  4910  0  0  258126  0  0  327403  317987  0  115781  31  115812  1330  0  24  115811  115781  317987  0  1366854  0  258126  18297959  0  1366926  20653018  356423  396339  88.5970224787  55.1455490729  100.0  100.0  
1439170551  0  6105  42373288  4971  0  0  260927  0  0  327403  317987  0  115780  47  115827  1330  0  20  115827  115780  317987  0  1390207  0  260927  18643148  0  1390281  21032057  345189  379039  88.641581753  55.6274360262  100.0  100.0  
1439170561  0  6105  43291650  4744  0  0  259269  0  0  327403  317987  0  115806  35  115841  1330  0  20  115840  115806  317987  0  1418883  0  259269  19060676  0  1418959  21491718  417528  459661  88.6884706006  55.3336496072  100.0  100.0  
1439170571  0  6105  44039309  4934  0  0  268813  0  0  327403  317987  0  115831  21  115851  1330  0  24  115851  115831  317987  0  1434304  0  268813  19401236  0  1434381  21865676  340560  373958  88.729184499  56.9101940754  100.0  100.0  
1439170581  0  6105  44593174  5474  0  0  278039  0  0  327403  317987  0  115234  628  115862  1330  0  26  115862  115234  317987  0  1444389  0  278039  19656039  0  1444466  22142994  254803  277318  88.7686597395  58.5547351271  100.0  100.0  
1439170591  0  7081  45071881  7063  0  0  286071  0  0  327403  317987  0  115502  3  115862  1330  0  45  115862  115502  317987  0  1470848  0  286071  19870623  0  1470925  22382505  214584  239511  88.7774759796  59.6247085514  100.0  100.0  
1439170601  0  7265  45424159  7014  0  0  300564  0  0  327403  317987  0  115075  35  115862  1330  0  69  115862  115075  317987  0  1488827  0  300564  20027273  0  1488904  22558490  156650  175985  88.7793154595  61.713645014  100.0  100.0  
1439170611  0  7265  45804756  6782  0  0  313068  0  0  327403  317987  0  114768  35  115862  1330  0  65  115862  114768  317987  0  1501529  0  313068  20196141  0  1501606  22749129  168868  190639  88.7776450694  63.3408716317  100.0  100.0  
1439170621  0  7265  46180959  6175  0  0  309491  0  0  327403  317987  0  114831  2  115862  1330  0  50  115862  114831  317987  0  1522902  0  309491  20360778  0  1522979  22937268  164637  188139  88.7672324359  62.8968209092  100.0  100.0  
1439170631  0  7265  46358239  6186  0  0  270863  0  0  327403  317987  0  114689  182  115862  1330  0  44  115862  114689  317987  0  1577403  0  270863  20437914  0  1577480  23026071  77136  88803  88.7598843937  57.6579303929  100.0  100.0  
1439170641  0  7265  46360666  6215  0  0  271561  0  0  327403  317987  0  114835  37  115862  1330  0  49  115862  114835  317987  0  1577410  0  271561  20438616  0  1577487  23027131  702  1060  88.7588471182  57.7130000258  100.0  100.0  
