#type:G;
#time  Rt  Nm  Tt  Nc  Rx  Gz  Pc  Pf  Ra  Te  Pm  Fp  Fc  Ta  Fm  Om  Lm  Oc  Sm  Sc  Em  Af  Ea  Cf  Ec  Gd  Zt  Et  Ep  dedup_put_diff  total_eph_put_diff  dedup_factor  dedup_curr  compression_saving  tze_saving  
1438638726  0  0  2571  0  0  0  0  0  0  2498  0  0  0  0  0  0  0  0  0  0  0  0  0  0  0  0  0  0  0  0  0  0 0 0 0 
1438638736  0  0  2580  0  0  0  0  0  0  2498  0  0  0  0  0  0  0  0  0  0  0  0  0  0  0  0  0  0  0  0  0  0 0 0 0 
1438638746  0  232  8927  193  0  0  2823  0  0  2616  3422  0  9  219  13  350  0  200  0  0  3422  5  0  0  2823  0  0  0  3422  0  3422  0.0  100.0  0 0 
1438638756  0  232  12153  193  0  0  2823  0  0  2616  3422  0  9  219  13  350  0  200  0  0  3422  5  0  0  2823  0  0  0  3422  0  0  0.0  100.0  0 0 
1438638766  0  232  15305  186  0  0  2681  0  0  2616  3422  0  6  326  13  350  0  196  0  0  3422  5  0  0  2681  0  0  0  3422  0  0  0.0  100.0  0 0 
1438638776  0  232  41613  154  0  0  2450  0  0  2630  3422  0  30  450  30  350  0  122  0  0  3422  19  0  0  2450  0  0  0  3825  0  403  0.0  100.0  0 0 
1438638786  0  232  92122  111  0  0  2619  0  0  2631  3422  0  32  397  32  350  0  76  0  0  3422  20  0  0  2619  0  0  0  4601  0  776  0.0  100.0  0 0 
1438638796  0  232  96428  108  0  0  2588  0  0  2631  3422  0  32  398  32  350  0  63  0  0  3422  20  0  0  2588  0  0  0  4601  0  0  0.0  100.0  0 0 
1438638806  0  232  154553  107  0  0  2614  0  0  2631  3422  0  35  377  35  350  0  58  0  0  3422  20  0  0  2614  0  0  0  4647  0  46  0.0  100.0  0 0 
1438638816  0  232  206147  155  0  0  3038  0  0  2633  3422  0  35  465  35  350  0  96  0  0  3422  22  0  0  3038  0  0  0  5298  0  651  0.0  100.0  0 0 
1438638826  0  481  284032  481  0  0  8433  0  0  2633  8433  0  35  345  35  390  0  390  0  0  8433  22  0  0  8433  0  0  0  10725  0  5427  0.0  100.0  0 0 
1438638836  0  2113  361665  2113  0  0  44106  0  0  2633  44106  0  35  0  35  1886  0  1886  0  0  44106  22  0  0  44106  0  0  0  46426  0  35701  0.0  100.0  0 0 
1438638846  0  3660  444415  3495  0  0  75487  0  0  2633  79657  0  35  202  35  3308  0  3159  0  0  79657  22  0  0  75487  0  0  0  86141  0  39715  0.0  100.0  0 0 
1438638856  0  4378  523181  4130  0  0  90957  0  0  2633  96238  0  35  264  35  3978  0  3748  0  0  96238  22  0  0  90957  0  0  0  125162  0  39021  0.0  100.0  0 0 
1438638866  0  4568  588667  4245  0  0  94983  0  0  2633  101379  0  35  326  35  4148  0  3851  0  0  101379  22  0  0  94983  0  0  0  156926  0  31764  0.0  100.0  0 0 
1438638876  0  4705  648314  4705  0  0  105829  0  0  2633  105829  0  35  0  35  4270  0  4270  0  0  105829  22  0  0  105829  0  0  0  186416  0  29490  0.0  100.0  0 0 
1438638886  0  4801  744778  4446  0  0  99577  0  0  2633  107827  0  35  394  35  4337  0  4033  0  0  107827  22  0  0  99577  0  0  0  233589  0  47173  0.0  100.0  0 0 
1438638896  0  4819  827165  4579  0  0  101917  0  0  2633  107827  0  35  195  35  4369  0  4149  0  0  107827  22  0  0  101917  0  0  0  273708  0  40119  0.0  100.0  0 0 
1438638906  0  4942  909016  4603  0  0  102375  0  0  2633  110004  0  35  193  35  4501  0  4190  0  0  110004  22  0  0  102375  0  0  0  313846  0  40138  0.0  100.0  0 0 
1438638916  0  4978  982753  4673  0  0  104348  0  0  2633  111510  0  35  352  35  4508  0  4241  0  0  111510  22  0  0  104348  0  0  0  350194  0  36348  0.0  100.0  0 0 
1438638926  0  4978  1042018  4632  0  0  103846  0  0  2633  111510  0  35  143  35  4508  0  4199  0  0  111510  22  0  0  103846  0  0  0  379266  0  29072  0.0  100.0  0 0 
1438638936  0  4983  1127641  4758  0  0  105726  0  0  2633  111669  0  35  229  35  4526  0  4302  0  0  111669  22  0  0  105726  0  0  0  420769  0  41503  0.0  100.0  0 0 
1438638946  0  5026  1210532  4717  0  0  105488  0  0  2633  111669  0  35  238  35  4561  0  4278  0  0  111669  22  0  0  105488  0  0  0  461411  0  40642  0.0  100.0  0 0 
1438638956  0  5026  1290012  4684  0  0  103501  0  0  2633  111669  0  35  209  35  4561  0  4248  0  0  111669  22  0  0  103501  0  0  0  500472  0  39061  0.0  100.0  0 0 
1438638966  0  5026  1371784  4578  0  0  102279  0  0  2633  111669  0  35  177  35  4561  0  4146  0  0  111669  22  0  0  102279  0  0  0  540570  0  40098  0.0  100.0  0 0 
1438638976  0  5026  1429348  4843  0  0  108510  0  0  2633  111669  0  35  184  35  4561  0  4387  0  0  111669  22  0  0  108510  0  0  0  568496  0  27926  0.0  100.0  0 0 
1438638986  0  5026  1501278  4960  0  0  111376  0  0  2633  112490  0  35  50  35  4561  0  4494  0  0  112490  22  0  0  111376  0  0  0  603810  0  35314  0.0  100.0  0 0 
1438638996  0  5077  1591863  4769  0  0  106850  0  0  2633  113600  0  35  148  35  4588  0  4324  0  0  113600  22  0  0  106850  0  0  0  648235  0  44425  0.0  100.0  0 0 
1438639006  0  5083  1677752  4904  0  0  109171  0  0  2633  113600  0  35  51  35  4624  0  4455  0  0  113600  22  0  0  109171  0  0  0  689881  0  41646  0.0  100.0  0 0 
1438639016  0  5203  1754953  4717  0  0  104592  0  0  2633  114258  0  35  92  35  4741  0  4272  0  0  114258  22  0  0  104592  0  0  0  727771  0  37890  0.0  100.0  0 0 
1438639026  0  5203  1818958  4794  0  0  107645  0  0  2633  114967  0  35  142  35  4741  0  4354  0  0  114967  22  0  0  107645  0  0  0  759283  0  31512  0.0  100.0  0 0 
1438639036  0  5203  1879200  4927  0  0  110938  0  0  2633  115494  0  35  97  35  4741  0  4462  0  0  115494  22  0  0  110938  0  0  0  789009  0  29726  0.0  100.0  0 0 
1438639046  0  5203  1964452  4904  0  0  109714  0  0  2633  115989  0  35  162  35  4741  0  4449  0  0  115989  22  0  0  109714  0  0  0  830259  0  41250  0.0  100.0  0 0 
1438639056  0  5203  2047366  5123  0  0  114956  0  0  2633  115989  0  35  24  35  4741  0  4645  0  0  115989  22  0  0  114956  0  0  0  871061  0  40802  0.0  100.0  0 0 
1438639066  0  5203  2128862  5114  0  0  114329  0  0  2633  115989  0  35  49  35  4741  0  4659  0  0  115989  22  0  0  114329  0  0  0  911082  0  40021  0.0  100.0  0 0 
1438639076  0  5203  2212616  5083  0  0  113798  0  0  2633  115989  0  35  86  35  4741  0  4607  0  0  115989  22  0  0  113798  0  0  0  951623  0  40541  0.0  100.0  0 0 
1438639086  0  5203  2272325  4846  0  0  109070  0  0  2633  115989  0  35  203  35  4741  0  4384  0  0  115989  22  0  0  109070  0  0  0  980780  0  29157  0.0  100.0  0 0 
1438639097  0  5203  2348278  4659  0  0  104822  0  0  2633  116811  0  35  150  35  4741  0  4204  0  0  116811  22  0  0  104822  0  0  0  1017974  0  37194  0.0  100.0  0 0 
1438639107  0  5203  2434086  4887  0  0  110089  0  0  2633  116811  0  35  63  35  4741  0  4430  0  0  116811  22  0  0  110089  0  0  0  1059876  0  41902  0.0  100.0  0 0 
1438639117  0  5311  2520541  5098  0  0  111993  0  0  2633  116811  0  35  77  35  4829  0  4645  0  0  116811  22  0  0  111993  0  0  0  1102143  0  42267  0.0  100.0  0 0 
1438639127  0  5311  2594868  5187  0  0  115555  0  0  2633  116811  0  35  54  35  4829  0  4727  0  0  116811  22  0  0  115555  0  0  0  1138803  0  36660  0.0  100.0  0 0 
1438639137  0  5311  2658072  4999  0  0  112945  0  0  2633  118057  0  35  129  35  4829  0  4530  0  0  118057  22  0  0  112945  0  0  0  1169837  0  31034  0.0  100.0  0 0 
1438639147  0  5311  2720508  5055  0  0  114485  0  0  2633  118380  0  35  105  35  4829  0  4582  0  0  118380  22  0  0  114485  0  0  0  1200063  0  30226  0.0  100.0  0 0 
1438639157  0  5311  2810318  5230  0  0  117757  0  0  2633  119266  0  35  37  35  4829  0  4755  0  0  119266  22  0  0  117757  0  0  0  1244179  0  44116  0.0  100.0  0 0 
1438639167  0  5311  2885720  5046  0  0  113267  0  0  2633  119266  0  35  179  35  4829  0  4599  0  0  119266  22  0  0  113267  0  0  0  1281113  0  36934  0.0  100.0  0 0 
1438639177  0  5311  2974617  5101  0  0  114616  0  0  2633  119266  0  35  140  35  4829  0  4653  0  0  119266  22  0  0  114616  0  0  0  1324243  0  43130  0.0  100.0  0 0 
1438639187  0  5311  3045472  4780  0  0  107675  0  0  2633  119266  0  35  204  35  4829  0  4338  0  0  119266  22  0  0  107675  0  0  0  1358884  0  34641  0.0  100.0  0 0 
1438639197  0  5311  3103681  5121  0  0  115932  0  0  2633  119266  0  35  78  35  4829  0  4643  0  0  119266  22  0  0  115932  0  0  0  1387588  0  28704  0.0  100.0  0 0 
1438639207  0  5311  3188829  5110  0  0  115367  0  0  2633  119371  0  35  108  35  4829  0  4626  0  0  119371  22  0  0  115367  0  0  0  1429509  0  41921  0.0  100.0  0 0 
1438639217  0  5311  3269217  5038  0  0  113515  0  0  2633  119371  0  35  159  35  4829  0  4571  0  0  119371  22  0  0  113515  0  0  0  1468292  0  38783  0.0  100.0  0 0 
1438639227  0  5327  3352515  5036  0  0  112599  0  0  2633  119371  0  35  69  35  4843  0  4567  0  0  119371  22  0  0  112599  0  0  0  1509196  0  40904  0.0  100.0  0 0 
1438639237  0  5327  3436252  5181  0  0  116326  0  0  2633  119371  0  35  75  35  4843  0  4691  0  0  119371  22  0  0  116326  0  0  0  1550482  0  41286  0.0  100.0  0 0 
1438639247  0  5327  3494973  5007  0  0  112551  0  0  2633  119371  0  35  88  35  4843  0  4535  0  0  119371  22  0  0  112551  0  0  0  1579210  0  28728  0.0  100.0  0 0 
1438639257  0  5327  3575782  4865  0  0  110750  0  0  2633  119478  0  35  129  35  4843  0  4391  0  0  119478  22  0  0  110750  0  0  0  1618190  0  38980  0.0  100.0  0 0 
1438639267  0  5327  3652548  5046  0  0  113471  0  0  2633  119478  0  35  87  35  4843  0  4580  0  0  119478  22  0  0  113471  0  0  0  1656099  0  37909  0.0  100.0  0 0 
1438639277  0  5327  3731645  5129  0  0  114954  0  0  2633  119478  0  35  109  35  4843  0  4645  0  0  119478  22  0  0  114954  0  0  0  1694981  0  38882  0.0  100.0  0 0 
1438639287  0  5327  3817839  5143  0  0  114986  0  0  2633  119478  0  35  216  35  4843  0  4667  0  0  119478  22  0  0  114986  0  0  0  1736704  0  41723  0.0  100.0  0 0 
1438639297  0  5327  3882316  5082  0  0  112795  0  0  2633  119478  0  35  266  35  4843  0  4612  0  0  119478  22  0  0  112795  0  0  0  1768199  0  31495  0.0  100.0  0 0 
1438639307  0  5327  3948880  4637  0  0  104290  0  0  2633  119478  0  35  259  35  4843  0  4202  0  0  119478  22  0  0  104290  0  0  0  1800796  0  32597  0.0  100.0  0 0 
1438639317  0  5327  4026702  4933  0  0  110837  0  0  2633  119478  0  35  296  35  4843  0  4471  0  0  119478  22  0  0  110837  0  0  0  1838679  0  37883  0.0  100.0  0 0 
1438639327  0  5327  4109346  4941  0  0  110965  0  0  2633  119478  0  35  385  35  4843  0  4485  0  0  119478  22  0  0  110965  0  0  0  1879218  0  40539  0.0  100.0  0 0 
1438639337  0  5327  4186887  4823  0  0  107579  0  0  2633  119478  0  35  410  35  4843  0  4381  0  0  119478  22  0  0  107579  0  0  0  1917265  0  38047  0.0  100.0  0 0 
1438639347  0  5327  4269958  4807  0  0  107850  0  0  2633  119478  0  35  390  35  4843  0  4356  0  0  119478  22  0  0  107850  0  0  0  1958090  0  40825  0.0  100.0  0 0 
1438639357  0  5327  4336356  4795  0  0  108720  0  0  2633  119478  0  35  482  35  4843  0  4339  0  0  119478  22  0  0  108720  0  0  0  1990143  0  32053  0.0  100.0  0 0 
1438639367  0  5327  4413797  4688  0  0  106024  0  0  2633  119478  0  35  483  35  4843  0  4243  0  0  119478  22  0  0  106024  0  0  0  2028171  0  38028  0.0  100.0  0 0 
1438639377  0  5327  4492325  4685  0  0  105423  0  0  2633  119478  0  35  483  35  4843  0  4236  0  0  119478  22  0  0  105423  0  0  0  2066684  0  38513  0.0  100.0  0 0 
1438639387  0  5327  4576676  4728  0  0  105881  0  0  2633  119478  0  35  507  35  4843  0  4295  0  0  119478  22  0  0  105881  0  0  0  2107617  0  40933  0.0  100.0  0 0 
1438639397  0  5327  4652678  4584  0  0  102870  0  0  2633  119478  0  35  511  35  4843  0  4168  0  0  119478  22  0  0  102870  0  0  0  2144749  0  37132  0.0  100.0  0 0 
1438639407  0  5327  4725368  4720  0  0  106304  0  0  2633  119478  0  35  545  35  4843  0  4277  0  0  119478  22  0  0  106304  0  0  0  2180503  0  35754  0.0  100.0  0 0 
1438639417  0  5327  4791891  4449  0  0  99357  0  0  2633  119478  0  35  560  35  4843  0  4005  0  0  119478  22  0  0  99357  0  0  0  2213132  0  32629  0.0  100.0  0 0 
1438639427  0  5327  4871731  4722  0  0  106167  0  0  2633  119478  0  35  614  35  4843  0  4280  0  0  119478  22  0  0  106167  0  0  0  2251866  0  38734  0.0  100.0  0 0 
1438639437  0  5327  4956346  4476  0  0  99605  0  0  2633  119478  0  35  631  35  4843  0  4056  0  0  119478  22  0  0  99605  0  0  0  2293242  0  41376  0.0  100.0  0 0 
1438639447  0  5327  5044973  4607  0  0  103539  0  0  2633  119478  0  35  635  35  4843  0  4183  0  0  119478  22  0  0  103539  0  0  0  2336848  0  43606  0.0  100.0  0 0 
1438639457  0  5327  5113485  4679  0  0  104538  0  0  2633  119478  0  35  644  35  4843  0  4247  0  0  119478  22  0  0  104538  0  0  0  2369974  0  33126  0.0  100.0  0 0 
1438639467  0  5327  5179896  4676  0  0  105455  0  0  2633  119478  0  35  649  35  4843  0  4247  0  0  119478  22  0  0  105455  0  0  0  2402495  0  32521  0.0  100.0  0 0 
1438639477  0  5327  5256439  4628  0  0  103517  0  0  2633  119478  0  35  634  35  4843  0  4178  0  0  119478  22  0  0  103517  0  0  0  2439998  0  37503  0.0  100.0  0 0 
1438639487  0  5327  5338661  4666  0  0  104971  0  0  2633  119478  0  35  638  35  4843  0  4220  0  0  119478  22  0  0  104971  0  0  0  2480393  0  40395  0.0  100.0  0 0 
1438639497  0  5327  5419787  4679  0  0  104283  0  0  2633  119478  0  35  620  35  4843  0  4250  0  0  119478  22  0  0  104283  0  0  0  2519840  0  39447  0.0  100.0  0 0 
1438639507  0  5327  5503860  4660  0  0  104671  0  0  2633  119478  0  35  647  35  4843  0  4230  0  0  119478  22  0  0  104671  0  0  0  2560995  0  41155  0.0  100.0  0 0 
1438639517  0  5327  5569768  4729  0  0  106647  0  0  2633  119478  0  35  619  35  4843  0  4279  0  0  119478  22  0  0  106647  0  0  0  2593318  0  32323  0.0  100.0  0 0 
1438639527  0  5327  5648392  4675  0  0  105376  0  0  2633  119478  0  35  595  35  4843  0  4215  0  0  119478  22  0  0  105376  0  0  0  2631439  0  38121  0.0  100.0  0 0 
1438639537  0  5327  5728525  4659  0  0  104031  0  0  2633  119478  0  35  644  35  4843  0  4222  0  0  119478  22  0  0  104031  0  0  0  2670766  0  39327  0.0  100.0  0 0 
1438639547  0  5327  5809665  4726  0  0  105023  0  0  2633  119478  0  35  555  35  4843  0  4287  0  0  119478  22  0  0  105023  0  0  0  2710650  0  39884  0.0  100.0  0 0 
1438639557  0  5327  5889270  4675  0  0  104014  0  0  2633  119478  0  35  535  35  4843  0  4237  0  0  119478  22  0  0  104014  0  0  0  2749778  0  39128  0.0  100.0  0 0 
1438639567  0  5327  5961515  4747  0  0  107186  0  0  2633  119478  0  35  590  35  4843  0  4312  0  0  119478  22  0  0  107186  0  0  0  2784764  0  34986  0.0  100.0  0 0 
1438639577  0  5327  6025297  4767  0  0  107066  0  0  2633  119478  0  35  569  35  4843  0  4336  0  0  119478  22  0  0  107066  0  0  0  2815827  0  31063  0.0  100.0  0 0 
1438639587  0  5327  6110057  4505  0  0  100614  0  0  2633  119478  0  35  545  35  4843  0  4086  0  0  119478  22  0  0  100614  0  0  0  2857492  0  41665  0.0  100.0  0 0 
1438639597  0  5327  6191688  4535  0  0  101073  0  0  2633  119478  0  35  611  35  4843  0  4114  0  0  119478  22  0  0  101073  0  0  0  2897060  0  39568  0.0  100.0  0 0 
1438639607  0  5327  6276041  4568  0  0  102411  0  0  2633  119478  0  35  520  35  4843  0  4143  0  0  119478  22  0  0  102411  0  0  0  2938452  0  41392  0.0  100.0  0 0 
1438639617  0  5327  6356427  4547  0  0  101859  0  0  2633  119478  0  35  531  35  4843  0  4116  0  0  119478  22  0  0  101859  0  0  0  2978003  0  39551  0.0  100.0  0 0 
1438639627  0  5327  6415827  4802  0  0  107777  0  0  2633  119478  0  35  504  35  4843  0  4349  0  0  119478  22  0  0  107777  0  0  0  3006707  0  28704  0.0  100.0  0 0 
1438639637  0  5327  6490156  4602  0  0  103404  0  0  2633  119478  0  35  504  35  4843  0  4163  0  0  119478  22  0  0  103404  0  0  0  3043238  0  36531  0.0  100.0  0 0 
1438639647  0  5327  6575635  4699  0  0  105258  0  0  2633  119478  0  35  485  35  4843  0  4248  0  0  119478  22  0  0  105258  0  0  0  3085057  0  41819  0.0  100.0  0 0 
1438639657  0  5327  6657379  4775  0  0  106901  0  0  2633  119478  0  35  409  35  4843  0  4334  0  0  119478  22  0  0  106901  0  0  0  3125398  0  40341  0.0  100.0  0 0 
1438639667  0  5327  6739192  4732  0  0  106235  0  0  2633  119478  0  35  406  35  4843  0  4286  0  0  119478  22  0  0  106235  0  0  0  3164944  0  39546  0.0  100.0  0 0 
1438639677  0  5327  6798792  4666  0  0  105168  0  0  2633  119478  0  35  380  35  4843  0  4223  0  0  119478  22  0  0  105168  0  0  0  3194122  0  29178  0.0  100.0  0 0 
1438639687  0  5327  6872341  4814  0  0  109392  0  0  2633  119478  0  35  309  35  4843  0  4352  0  0  119478  22  0  0  109392  0  0  0  3230160  0  36038  0.0  100.0  0 0 
1438639697  0  5327  6956081  4905  0  0  110362  0  0  2633  119478  0  35  338  35  4843  0  4442  0  0  119478  22  0  0  110362  0  0  0  3271092  0  40932  0.0  100.0  0 0 
1438639707  0  5327  7044130  4725  0  0  105578  0  0  2633  119478  0  35  373  35  4843  0  4284  0  0  119478  22  0  0  105578  0  0  0  3314152  0  43060  0.0  100.0  0 0 
1438639717  0  5327  7123198  4619  0  0  104373  0  0  2633  119478  0  35  348  35  4843  0  4190  0  0  119478  22  0  0  104373  0  0  0  3353028  0  38876  0.0  100.0  0 0 
1438639727  0  5327  7187925  4973  0  0  111928  0  0  2633  119478  0  35  350  35  4843  0  4511  0  0  119478  22  0  0  111928  0  0  0  3384534  0  31506  0.0  100.0  0 0 
1438639737  0  5327  7248416  4912  0  0  109978  0  0  2633  119478  0  35  358  35  4843  0  4455  0  0  119478  22  0  0  109978  0  0  0  3414003  0  29469  0.0  100.0  0 0 
1438639747  0  5327  7337289  4678  0  0  105601  0  0  2633  119478  0  35  347  35  4843  0  4242  0  0  119478  22  0  0  105601  0  0  0  3457549  0  43546  0.0  100.0  0 0 
1438639757  0  5327  7418820  4696  0  0  104873  0  0  2633  119478  0  35  362  35  4843  0  4263  0  0  119478  22  0  0  104873  0  0  0  3497590  0  40041  0.0  100.0  0 0 
1438639767  0  5327  7500451  4684  0  0  104433  0  0  2633  119478  0  35  384  35  4843  0  4262  0  0  119478  22  0  0  104433  0  0  0  3537157  0  39567  0.0  100.0  0 0 
1438639778  0  5327  7575700  4846  0  0  108645  0  0  2633  119478  0  35  373  35  4843  0  4387  0  0  119478  22  0  0  108645  0  0  0  3574166  0  37009  0.0  100.0  0 0 
1438639788  0  5327  7635327  4795  0  0  107956  0  0  2633  119478  0  35  292  35  4843  0  4341  0  0  119478  22  0  0  107956  0  0  0  3603365  0  29199  0.0  100.0  0 0 
1438639798  0  5327  7718256  4785  0  0  107268  0  0  2633  119478  0  35  222  35  4843  0  4341  0  0  119478  22  0  0  107268  0  0  0  3643510  0  40145  0.0  100.0  0 0 
1438639808  0  5327  7796425  5051  0  0  113970  0  0  2633  119478  0  35  164  35  4843  0  4581  0  0  119478  22  0  0  113970  0  0  0  3682127  0  38617  0.0  100.0  0 0 
1438639818  0  5327  7886222  4985  0  0  111101  0  0  2633  119478  0  35  158  35  4843  0  4523  0  0  119478  22  0  0  111101  0  0  0  3726174  0  44047  0.0  100.0  0 0 
1438639828  0  5327  7960451  5092  0  0  114510  0  0  2633  119478  0  35  125  35  4843  0  4613  0  0  119478  22  0  0  114510  0  0  0  3762701  0  36527  0.0  100.0  0 0 
1438639838  0  5327  8024245  5082  0  0  115208  0  0  2633  119478  0  35  164  35  4843  0  4613  0  0  119478  22  0  0  115208  0  0  0  3793481  0  30780  0.0  100.0  0 0 
1438639848  0  5327  8102390  4997  0  0  112518  0  0  2633  119478  0  35  146  35  4843  0  4516  0  0  119478  22  0  0  112518  0  0  0  3831699  0  38218  0.0  100.0  0 0 
1438639858  0  5327  8179228  4879  0  0  109615  0  0  2633  119478  0  35  140  35  4843  0  4423  0  0  119478  22  0  0  109615  0  0  0  3869339  0  37640  0.0  100.0  0 0 
1438639868  0  5327  8260584  4876  0  0  109258  0  0  2633  119478  0  35  169  35  4843  0  4429  0  0  119478  22  0  0  109258  0  0  0  3908887  0  39548  0.0  100.0  0 0 
1438639878  0  5327  8347932  4915  0  0  110643  0  0  2633  119478  0  35  165  35  4843  0  4463  0  0  119478  22  0  0  110643  0  0  0  3951746  0  42859  0.0  100.0  0 0 
1438639888  0  5327  8413791  5040  0  0  113385  0  0  2633  119478  0  35  138  35  4843  0  4568  0  0  119478  22  0  0  113385  0  0  0  3984095  0  32349  0.0  100.0  0 0 
1438639898  0  5327  8480409  5030  0  0  113604  0  0  2633  119478  0  35  94  35  4843  0  4559  0  0  119478  22  0  0  113604  0  0  0  4016916  0  32821  0.0  100.0  0 0 
1438639908  0  5327  8555336  4804  0  0  108434  0  0  2633  119478  0  35  130  35  4843  0  4352  0  0  119478  22  0  0  108434  0  0  0  4053070  0  36154  0.0  100.0  0 0 
1438639918  0  5327  8639747  4885  0  0  109820  0  0  2633  119478  0  35  114  35  4843  0  4433  0  0  119478  22  0  0  109820  0  0  0  4094440  0  41370  0.0  100.0  0 0 
1438639928  0  5327  8721424  5019  0  0  112235  0  0  2633  119478  0  35  90  35  4843  0  4554  0  0  119478  22  0  0  112235  0  0  0  4134723  0  40283  0.0  100.0  0 0 
1438639938  0  5327  8801120  4912  0  0  109391  0  0  2633  119478  0  35  134  35  4843  0  4456  0  0  119478  22  0  0  109391  0  0  0  4173192  0  38469  0.0  100.0  0 0 
1438639948  0  5327  8861072  5102  0  0  114640  0  0  2633  119478  0  35  128  35  4843  0  4622  0  0  119478  22  0  0  114640  0  0  0  4202571  0  29379  0.0  100.0  0 0 
1438639958  0  5327  8941802  5047  0  0  113371  0  0  2633  119478  0  35  68  35  4843  0  4565  0  0  119478  22  0  0  113371  0  0  0  4242116  0  39545  0.0  100.0  0 0 
1438639968  0  5327  9020858  5112  0  0  115014  0  0  2633  119478  0  35  33  35  4843  0  4625  0  0  119478  22  0  0  115014  0  0  0  4281077  0  38961  0.0  100.0  0 0 
1438639978  0  5327  9106769  5206  0  0  116427  0  0  2633  119478  0  35  65  35  4843  0  4724  0  0  119478  22  0  0  116427  0  0  0  4322742  0  41665  0.0  100.0  0 0 
1438639988  0  5327  9186521  5067  0  0  114496  0  0  2633  119478  0  35  35  35  4843  0  4588  0  0  119478  22  0  0  114496  0  0  0  4361851  0  39109  0.0  100.0  0 0 
1438639998  0  5327  9252641  5067  0  0  114214  0  0  2633  119478  0  35  88  35  4843  0  4598  0  0  119478  22  0  0  114214  0  0  0  4394397  0  32546  0.0  100.0  0 0 
1438640008  0  5327  9321992  5196  0  0  118230  0  0  2633  119478  0  35  29  35  4843  0  4704  0  0  119478  22  0  0  118230  0  0  0  4427937  0  33540  0.0  100.0  0 0 
