#type:T;
#time  gt  cn  Pt  Px  gx  cx  gn  gm  Pn  Pm  Ft  cm  pt  Fx  px  ct  pn  Fm  Fn  pm  dn  On  Om  dm  dx  Ox  dt  Ot  Gt  Cn  Cm  Gx  Cx  Gn  Gm  Ct  
1439589252  10924484  0  0  0  31080  0  19436  154  0  2147483647  57706  2147483647  0  2607  0  0  0  205  84  2147483647  0  184  254  2147483647  0  5813  0  170050  0  0  2147483647  0  0  0  2147483647  0  
1439589262  10929088  0  0  0  31080  0  19438  154  0  2147483647  57706  2147483647  0  2607  0  0  0  205  84  2147483647  0  184  254  2147483647  0  5813  0  170050  0  0  2147483647  0  0  0  2147483647  0  
1439589272  12174119  0  49720611  39201  31080  0  20541  154  13511  2014  161073  2147483647  0  3038  0  0  0  205  411  2147483647  0  34456  236  2147483647  0  61631  0  47599171  9002442  14736  544  33170  35265  1225  1518  29092262  
1439589282  12347476  0  49720611  39201  31080  0  20718  154  13511  2014  161073  2147483647  0  3038  0  0  0  205  411  2147483647  0  34456  236  2147483647  0  61631  0  47599171  10013333  14845  544  33170  35265  1334  1518  29472648  
1439589292  12347476  0  52534257  39201  31080  0  20718  154  14093  2014  4277027  2147483647  0  9346  0  0  0  205  5099  2147483647  0  34456  236  2147483647  0  61631  0  47599171  10041651  15428  544  33170  35595  1335  1518  30785672  
1439589302  12347476  0  59540232  39201  31080  0  20718  154  15193  2014  42500889  2147483647  0  30829  0  0  0  205  47386  2147483647  0  34653  236  2147483647  0  73408  0  48957469  10066854  16529  544  33170  35595  1336  1518  33833119  
1439589312  12347476  0  59929911  39201  31080  0  20718  154  15226  2014  147557106  2147483647  0  38735  0  0  0  205  157584  2147483647  0  35232  233  2147483647  0  75051  0  52646259  10128560  16567  544  33170  35595  1341  1518  33977629  
1439589322  12364403  0  67291233  39201  31080  0  20730  154  16063  2014  240319910  2147483647  0  48655  0  0  0  205  255363  2147483647  0  37902  208  2147483647  0  75687  0  57946560  10128560  17404  544  33170  35595  1341  1518  37047773  
1439589333  12412809  0  81246053  39201  31080  0  20800  154  17641  2014  331264983  2147483647  0  48655  0  0  0  205  349897  2147483647  0  41840  208  2147483647  0  75687  0  62233560  10128560  18982  544  33170  35595  1341  1518  43028814  
1439589343  12627252  0  88129423  39201  31080  0  21017  154  18426  2014  408344938  2147483647  0  48655  0  0  0  205  439670  2147483647  0  45037  208  2147483647  0  75687  0  65122633  11488176  19924  544  33170  35595  1498  1518  46468919  
1439589353  24782500  0  90575989  39201  31080  0  32067  154  18662  2014  476666661  2147483647  0  48655  0  0  0  205  544131  2147483647  0  49337  208  2147483647  0  75687  0  68441122  12903787  20348  544  33170  35595  1686  1518  47915177  
1439589363  40000106  0  96300214  39201  31080  0  57509  154  19707  1703  513951358  2147483647  0  48655  0  0  0  205  639203  2147483647  0  54065  205  2147483647  0  75687  0  70500803  14905460  21852  544  33539  35595  2145  1518  51105617  
1439589373  70171232  0  118396420  45120  31418  0  100156  154  23194  1666  543817856  2147483647  0  48655  0  0  0  205  703781  2147483647  0  56783  205  2147483647  0  75687  0  71919446  15080792  25387  544  33539  35595  2193  1518  59048879  
1439589383  121910952  0  151048384  45120  31418  0  146400  154  26474  1666  585769794  2147483647  0  48655  0  0  0  205  746045  2147483647  0  59160  205  2147483647  0  75687  0  74749621  15244349  28679  544  33539  35595  2205  1518  70152866  
1439589393  192392424  0  212402905  45120  31418  0  211484  154  33058  1666  641086747  2147483647  0  48655  0  0  0  205  803151  2147483647  0  61489  205  2147483647  0  75687  0  77494683  15652092  35300  544  33539  35595  2242  1518  91452711  
1439589403  269716231  0  580952796  115274  31418  0  280934  154  74102  1666  669838337  2147483647  0  48655  0  0  0  205  831601  2147483647  0  63304  205  2147483647  0  75687  0  80235212  15652092  76344  544  33539  108159  2242  1518  232619990  
1439589413  353798991  0  1139048203  115274  31418  0  352811  154  134527  1666  681888623  2147483647  0  48655  0  0  0  205  843019  2147483647  0  64592  205  2147483647  0  75687  0  82585604  15652092  136769  544  33539  108159  2242  1518  443348628  
1439589423  438112657  0  1807793337  115274  53754  0  425958  154  208370  1666  682560857  2147483647  0  48655  0  0  0  205  843386  2147483647  0  66786  205  2147483647  0  75687  0  87029184  15652092  210609  544  33539  108159  2242  1518  691784953  
1439589433  531739334  0  2546032994  115274  57052  0  503531  154  286474  1666  683370346  2147483647  0  48655  0  0  0  205  843798  2147483647  0  68438  205  2147483647  0  75687  0  89978179  15652092  288713  544  33539  108159  2242  1518  965136932  
1439589443  606719802  0  3136166708  115274  57052  0  568713  154  351757  1666  684110364  2147483647  0  48655  0  0  0  205  844264  2147483647  0  70316  205  2147483647  0  75687  0  93517460  15968027  354039  544  33539  108159  2285  1518  1184609836  
1439589453  687659712  0  3778818947  115274  57052  0  636637  154  420533  1666  684764631  2147483647  0  48655  0  0  0  205  844629  2147483647  0  72555  205  2147483647  0  75687  0  97234776  16409927  422861  544  33539  108159  2332  1518  1421360001  
1439589463  758816312  0  4333710553  115274  57052  0  695541  154  479121  1666  685354207  2147483647  0  48655  0  0  0  205  844924  2147483647  0  74462  205  2147483647  0  75687  0  100782332  16457605  481452  544  33539  108159  2335  1518  1624490793  
1439589473  823386422  0  4827510558  115274  57052  0  747160  154  530971  1666  686044764  2147483647  0  48655  0  0  0  205  845373  2147483647  0  76640  205  2147483647  0  75687  0  105139458  16488899  533307  544  33539  108159  2340  1518  1804533694  
1439589483  895301150  0  5396183530  115274  57052  0  808040  154  591857  1666  686680484  2147483647  0  48655  0  0  0  205  845720  2147483647  0  78821  205  2147483647  0  75687  0  108515735  16510552  594194  544  33539  108159  2341  1518  2011716493  
1439589493  966711003  0  5953929583  115274  57052  0  866898  154  651135  1666  687295769  2147483647  0  48655  0  0  0  205  846055  2147483647  0  81082  205  2147483647  0  75687  0  112228029  16510552  653471  544  33539  108159  2341  1518  2215099140  
1439589503  1043928583  0  6569376404  115274  57052  0  932502  154  717203  1666  688002517  2147483647  0  48655  0  0  0  205  846470  2147483647  0  83604  205  2147483647  0  75687  0  117251264  16528284  719540  544  33539  108159  2342  1518  2441630430  
1439589513  1119252182  0  7181999991  115274  57052  0  998996  154  783992  1666  688713457  2147483647  0  48655  0  0  0  205  846886  2147483647  0  86439  205  2147483647  0  75687  0  122377307  16664264  786346  544  33539  108159  2359  1518  2667659971  
1439589523  1193677439  0  7772803926  115274  57052  0  1061243  154  846415  1666  689295090  2147483647  0  48655  0  0  0  205  847253  2147483647  0  88335  205  2147483647  0  75687  0  126238342  16664264  848769  544  33539  108159  2359  1518  2884192387  
1439589533  1270350852  0  8396071068  115274  57052  0  1126928  154  912791  1666  689967156  2147483647  0  48655  0  0  0  205  847601  2147483647  0  90316  205  2147483647  0  75687  0  129859281  16664264  915144  544  33539  108159  2359  1518  3111649362  
1439589543  1349171088  0  9019383184  115274  57052  0  1193468  154  979263  1666  690726577  2147483647  0  48655  0  0  0  205  848070  2147483647  0  93660  205  2147483647  0  75687  0  136616748  16835154  981639  544  33539  108159  2382  1518  3338861198  
1439589553  1432476219  0  9683384945  115274  57052  0  1263934  154  1049785  1666  691304852  2147483647  0  48655  0  0  0  205  848400  2147483647  0  96259  205  2147483647  0  75687  0  141751544  17333033  1052227  544  33539  108159  2448  1518  3581591006  
1439589563  1515071329  0  10339990935  115274  57052  0  1333170  154  1119685  1666  691890515  2147483647  0  48655  0  0  0  205  848707  2147483647  0  98971  205  2147483647  0  75687  0  147110505  17617658  1122153  544  33539  108159  2474  1518  3822611480  
1439589573  1586015196  0  10909796509  115274  57052  0  1391697  154  1178107  1666  692318771  2147483647  0  48655  0  0  0  205  848947  2147483647  0  100681  205  2147483647  0  75687  0  150537050  17617658  1180574  544  33539  108159  2474  1518  4028213837  
1439589583  1676516658  0  11640286962  115274  57052  0  1467391  154  1254258  1666  693100166  2147483647  0  48655  0  0  0  205  849531  2147483647  0  103901  205  2147483647  0  75687  0  156246714  18130721  1256785  496  33539  108159  2534  1518  4295646124  
1439589593  1751521264  0  12226083323  115274  57052  0  1529903  154  1316365  1636  693777340  2147483647  0  48655  0  0  0  205  849906  2147483647  0  106496  205  2147483647  0  75687  0  160902336  18779933  1318967  496  33539  108159  2609  1518  4509155338  
1439589603  1823666546  0  12801714169  115274  57052  0  1589494  154  1376798  1636  694183444  2147483647  0  48655  0  0  0  205  850111  2147483647  0  109454  205  2147483647  0  113910  0  167136654  19233910  1379444  496  33539  108159  2653  1518  4717933328  
1439589613  1885958518  0  13283763263  115274  57052  0  1639843  154  1426688  1636  694803441  2147483647  0  48655  0  0  0  205  850551  2147483647  0  111339  205  2147483647  0  113910  0  170752514  19257020  1429334  496  33539  108159  2654  1518  4891028091  
1439589623  1963121976  0  13908369981  115274  57052  0  1705397  154  1492950  1636  695412447  2147483647  0  48655  0  0  0  205  850871  2147483647  0  114486  205  2147483647  0  113910  0  176703625  19569438  1495630  496  33539  108159  2689  1518  5118299196  
1439589633  2038195740  0  14506144969  115274  106748  0  1768721  154  1556704  1636  696182745  2147483647  0  48655  0  0  0  205  851332  2147483647  0  116971  205  2147483647  0  113910  0  181228246  19935390  1559435  496  33539  108159  2740  1518  5337194549  
1439589643  2131879710  0  15266959815  115274  106748  0  1848797  154  1636563  1636  697064586  2147483647  0  48655  0  0  0  205  851864  2147483647  0  120324  205  2147483647  0  113910  0  187474906  20354337  1639339  496  33539  108159  2785  1518  5615092633  
1439589653  2215210233  0  15936732044  115274  106748  0  1919260  154  1707276  1636  697846679  2147483647  0  48655  0  0  0  205  852279  2147483647  0  122953  205  2147483647  0  113910  0  192591826  21016404  1710129  496  33539  108159  2862  1518  5859759651  
1439589663  2301428714  0  16624517236  115274  106748  0  1992409  154  1780718  1636  698645313  2147483647  0  48655  0  0  0  205  852721  2147483647  0  125875  205  2147483647  0  113910  0  198031008  21496632  1783633  496  33539  108159  2924  1518  6111160741  
1439589673  2372011934  0  17182042019  115274  106748  0  2050251  154  1838663  1636  699238370  2147483647  0  48655  0  0  0  205  853072  2147483647  0  128375  205  2147483647  0  113910  0  202452636  21767679  1841612  496  33539  108159  2958  1518  6312854745  
1439589683  2442493918  0  17744201262  115274  106748  0  2108573  154  1896846  1636  699982835  2147483647  0  48655  0  0  0  205  853492  2147483647  0  130802  205  2147483647  0  113910  0  206616802  22389445  1899860  496  33539  108159  3023  1518  6516548655  
1439589693  2509139313  0  18269874293  115274  106748  0  2162497  154  1951371  1636  700525566  2147483647  0  48655  0  0  0  205  853779  2147483647  0  133021  205  2147483647  0  113910  0  211408798  22699763  1954430  496  33539  108159  3068  1518  6706019312  
1439589703  2585549030  0  18870596697  115274  106748  0  2227187  154  2016172  1636  700841313  2147483647  0  48655  0  0  0  205  853955  2147483647  0  135957  205  2147483647  0  113910  0  216921129  22699763  2019231  496  33539  108159  3068  1518  6925838292  
1439589713  2678863396  0  19623383446  115274  106748  0  2305206  154  2094161  1636  701734631  2147483647  0  48655  0  0  0  205  854546  2147483647  0  138667  205  2147483647  0  113910  0  222168235  23030671  2097256  496  33539  108159  3104  1518  7198550839  
1439589723  2742698710  0  20124900868  115274  106748  0  2358766  154  2148491  1636  702238698  2147483647  0  48655  0  0  0  205  854882  2147483647  0  140772  205  2147483647  0  113910  0  226030665  23364449  2151615  496  33539  108159  3133  1518  7380665309  
1439589733  2814406478  0  20698798633  115274  106748  0  2419938  154  2209326  1636  702943399  2147483647  0  48655  0  0  0  205  855293  2147483647  0  143704  205  2147483647  0  113910  0  230627653  23739673  2212494  496  33539  108159  3177  1518  7588304979  
1439589743  2888045392  0  21302385740  115274  106748  0  2483349  154  2273265  1636  703567923  2147483647  0  48655  0  0  0  205  855678  2147483647  0  146728  205  2147483647  0  113910  0  235888889  24426218  2276534  496  33539  108159  3279  1518  7807843773  
1439589753  2957466879  0  21862174365  115274  106748  0  2540607  154  2330726  1636  704131605  2147483647  0  48655  0  0  0  205  856002  2147483647  0  149070  205  2147483647  0  113910  0  240743832  24426218  2333995  496  33539  108159  3279  1518  8011181543  
1439589763  3034678889  0  22475168870  115274  106748  0  2605393  154  2395696  1636  704850172  2147483647  0  48655  0  0  0  205  856418  2147483647  0  151369  205  2147483647  0  113910  0  245189605  24913914  2399035  496  33539  108159  3349  1518  8232732342  
1439589773  3126357123  0  23197244352  115274  106748  0  2682946  154  2473103  1636  705566564  2147483647  0  48655  0  0  0  205  856823  2147483647  0  154476  205  2147483647  0  113910  0  250616242  25290807  2476493  496  33539  108159  3400  1518  8490713018  
1439589783  3209447118  0  23856095738  115274  106748  0  2754776  154  2545582  1636  706291614  2147483647  0  48655  0  0  0  205  857259  2147483647  0  157485  205  2147483647  0  113910  0  255947492  25601072  2549009  496  33539  108159  3437  1518  8727110518  
1439589793  3277472397  0  24371341125  115274  106748  0  2811188  154  2601594  1636  706919896  2147483647  0  48655  0  0  0  205  857596  2147483647  0  159699  205  2147483647  0  113910  0  259956884  25957230  2605065  496  33539  108159  3481  1518  8911029413  
1439589803  3360974183  0  25038730863  115274  106748  0  2881299  154  2672643  1636  707477599  2147483647  0  48655  0  0  0  205  857932  2147483647  0  163160  205  2147483647  0  113910  0  266504336  26506499  2676212  496  33539  108159  3580  1518  9148753445  
1439589813  3437546212  0  25649711150  115274  106748  0  2946379  154  2737878  1636  707948895  2147483647  0  48655  0  0  0  205  858210  2147483647  0  165402  205  2147483647  0  113910  0  270638750  26849640  2741481  496  33539  108159  3615  1518  9367126672  
1439589823  3521774149  0  26317354510  115274  106748  0  3018300  154  2809744  1636  708995061  2147483647  0  48655  0  0  0  205  858892  2147483647  0  168719  205  2147483647  0  113910  0  277019798  26896047  2813350  496  33539  108159  3618  1518  9607440390  
1439589833  3617715668  0  27077242582  115274  106748  0  3100544  154  2892282  1636  709726545  2147483647  0  48655  0  0  0  205  859283  2147483647  0  172060  205  2147483647  0  113910  0  282620701  27302784  2895939  496  33539  108159  3669  1518  9880063008  
1439589843  3684978567  0  27594865343  115274  106748  0  3156352  154  2947913  1636  710274487  2147483647  0  48655  0  0  0  205  859571  2147483647  0  174978  205  2147483647  0  113910  0  287067218  27382841  2951575  496  33539  108159  3674  1518  10062846089  
1439589853  3743771844  0  28038263785  115274  106748  0  3204992  154  2997244  1636  710846029  2147483647  0  48655  0  0  0  205  859939  2147483647  0  176765  205  2147483647  0  113910  0  290575150  27508935  3000915  496  33539  108159  3683  1518  10219512522  
1439589863  3813438824  0  28566452205  115274  106748  0  3261922  154  3054243  1636  711422042  2147483647  0  48655  0  0  0  205  860281  2147483647  0  178997  205  2147483647  0  113910  0  295186759  28015537  3057978  496  33539  108159  3747  1518  10408246063  
1439589873  3883038764  0  29117022979  115274  106748  0  3322080  154  3114284  1636  712095898  2147483647  0  48655  0  0  0  205  860719  2147483647  0  181569  205  2147483647  0  113910  0  299886256  28035873  3118020  496  33539  108159  3748  1518  10604809845  
1439589883  3956570371  0  29701701650  115274  106748  0  3383788  154  3176742  1636  712719824  2147483647  0  48655  0  0  0  205  861083  2147483647  0  183685  205  2147483647  0  113910  0  304198003  28224285  3180515  478  33539  108159  3785  1518  10813911227  
1439589893  4040440665  0  30361148291  115274  106748  0  3456027  154  3248934  1636  713439097  2147483647  0  48655  0  0  0  205  861514  2147483647  0  186900  205  2147483647  0  113910  0  309255771  28317705  3252719  478  33539  108159  3797  1518  11051299590  
1439589903  4116568559  0  30955667271  115274  106748  0  3518588  154  3311247  1636  714068642  2147483647  0  48655  0  0  0  205  861845  2147483647  0  189172  205  2147483647  0  113910  0  313759289  28385115  3315036  478  33539  108159  3802  1518  11262527424  
1439589913  4199098241  0  31614229602  115274  106748  0  3587529  154  3380638  1636  714597299  2147483647  0  48655  0  0  0  205  862172  2147483647  0  192276  205  2147483647  0  113910  0  319365239  28697362  3384466  478  34751  108159  3841  1518  11497742323  
1439589923  4280029519  0  32248429282  115274  106748  0  3655908  154  3449371  1636  715289233  2147483647  0  48655  0  0  0  205  862743  2147483647  0  195015  205  2147483647  0  113910  0  324630062  29167251  3453251  478  34751  108159  3893  1518  11725469611  
1439589933  4353239527  0  32854473264  115274  106748  0  3718619  154  3512423  1636  715920088  2147483647  0  48655  0  0  0  205  863077  2147483647  0  197671  205  2147483647  0  113910  0  329266312  29737494  3516386  478  34751  108159  3977  1518  11939183008  
1439589943  4418410983  0  33372486882  115274  106748  0  3773427  154  3567080  1636  716463298  2147483647  0  48655  0  0  0  205  863391  2147483647  0  200314  205  2147483647  0  113910  0  333411240  29858997  3571051  478  34751  108159  3986  1518  12122471250  
1439589953  4504393025  0  34056742330  115274  106748  0  3846370  154  3640443  1636  717251182  2147483647  0  48655  0  0  0  205  863831  2147483647  0  202646  205  2147483647  0  113910  0  338012165  29994080  3644433  478  34751  108159  4005  1518  12366773148  
1439589963  4573365356  0  34598584807  115274  106748  0  3904926  154  3698797  1636  717830280  2147483647  0  48655  0  0  0  205  864177  2147483647  0  205748  205  2147483647  0  113910  0  343440417  30025623  3702788  478  34751  108159  4006  1518  12560610148  
1439589973  4649843954  0  35217989784  115274  106748  0  3970558  154  3765154  1636  718399866  2147483647  0  48655  0  0  0  205  864487  2147483647  0  208493  205  2147483647  0  113910  0  348578900  30629425  3769225  478  34751  108159  4086  1518  12782935659  
1439589984  4714226042  0  35712940414  115274  106748  0  4024800  154  3818796  1636  719017371  2147483647  0  48655  0  0  0  205  864889  2147483647  0  211034  205  2147483647  0  113910  0  353055325  31013185  3822911  478  34751  108159  4130  1518  12958783712  
1439589994  4780883468  0  36225729955  115274  106748  0  4080702  154  3875541  1636  719615465  2147483647  0  48655  0  0  0  205  865302  2147483647  0  213391  205  2147483647  0  172871  0  363865737  31107566  3879664  478  34751  108159  4138  1518  13145082954  
1439590004  4857078540  0  36825994946  115274  106748  0  4144681  154  3939311  1636  720318870  2147483647  0  48655  0  0  0  205  865721  2147483647  0  215704  205  2147483647  0  172871  0  368170740  31241420  3943451  478  34751  108159  4155  1518  13359861380  
1439590014  4936886925  0  37449858738  115274  106748  0  4211787  154  4006546  1636  720815080  2147483647  0  48655  0  0  0  205  866019  2147483647  0  218763  205  2147483647  0  172871  0  373780286  31667461  4010742  478  34751  108159  4211  1518  13582535306  
1439590024  5010605190  0  38043209322  115274  106748  0  4273574  154  4068896  1636  721288572  2147483647  0  48655  0  0  0  205  866316  2147483647  0  220713  205  2147483647  0  172871  0  377383274  31688045  4073093  478  34751  108159  4212  1518  13791121491  
1439590034  5080980173  0  38605410572  115274  106748  0  4332930  154  4127652  1636  722219334  2147483647  0  48655  0  0  0  205  866905  2147483647  0  223308  205  2147483647  0  172871  0  381863228  31779308  4131858  478  34751  108159  4221  1518  13991382881  
1439590044  5152778375  0  39171390373  115274  106748  0  4392427  154  4188032  1636  722781400  2147483647  0  48655  0  0  0  205  867185  2147483647  0  225927  205  2147483647  0  172871  0  386774892  31954970  4192257  478  34751  108159  4240  1518  14192622508  
1439590054  5247433859  0  39935363737  115274  106748  0  4476016  154  4271777  1636  723375182  2147483647  0  48655  0  0  0  205  867543  2147483647  0  229325  205  2147483647  0  172871  0  392752247  32551700  4276068  478  34751  108159  4306  1518  14468506050  
1439590064  5328234004  0  40605129941  115274  106748  0  4546447  154  4342633  1636  724200081  2147483647  0  48655  0  0  0  205  868101  2147483647  0  232046  205  2147483647  0  172871  0  397766612  32909361  4346964  478  34751  108159  4346  1518  14704944557  
1439590074  5410160541  0  41246586668  115274  106748  0  4614630  154  4410654  1636  724931116  2147483647  0  48655  0  0  0  205  868488  2147483647  0  234871  205  2147483647  0  172871  0  402099916  32909361  4414985  478  34751  108159  4346  1518  14932945255  
1439590084  5470973884  0  41730229938  115274  106748  0  4665898  154  4462318  1636  725512524  2147483647  0  48655  0  0  0  205  868821  2147483647  0  237402  205  2147483647  0  172871  0  406070565  33173711  4466681  478  34751  108159  4378  1518  15105182044  
1439590094  5548451013  0  42338584328  115274  106748  0  4730798  154  4527170  1636  726204602  2147483647  0  48655  0  0  0  205  869239  2147483647  0  240097  205  2147483647  0  172871  0  411227949  33438730  4531559  478  37215  108159  4404  1518  15321803090  
1439590104  5614250065  0  42857918222  115274  106748  0  4786108  154  4582596  1636  726811990  2147483647  0  48655  0  0  0  205  869620  2147483647  0  242136  205  2147483647  0  172871  0  414600131  33871366  4587031  478  37215  108159  4451  1518  15505830337  
1439590114  5671478141  0  43301885484  115274  106748  0  4833123  154  4629439  1636  727308332  2147483647  0  48655  0  0  0  205  869878  2147483647  0  244419  205  2147483647  0  172871  0  419072962  33895810  4633875  478  37215  108159  4452  1518  15663262068  
1439590124  5748298200  0  43916033607  115274  106748  0  4896221  154  4693346  1636  727941215  2147483647  0  48655  0  0  0  205  870248  2147483647  0  247168  205  2147483647  0  172871  0  424394544  34510933  4697860  478  37215  108159  4530  1518  15882300909  
1439590134  5835393829  0  44597310275  115274  106748  0  4971479  154  4768639  1636  728810495  2147483647  0  48655  0  0  0  205  870841  2147483647  0  250139  205  2147483647  0  172871  0  430052108  34780880  4773187  478  37215  108159  4564  1518  16126801145  
1439590144  5922681777  0  45298953958  115274  106748  0  5045064  154  4841961  1636  729549370  2147483647  0  48655  0  0  0  205  871230  2147483647  0  252879  205  2147483647  0  172871  0  434748510  35493162  4846590  478  37215  108159  4645  1518  16375966178  
1439590154  6006851196  0  45992473589  115274  106748  0  5118000  154  4915409  1636  730062283  2147483647  0  48655  0  0  0  205  871503  2147483647  0  256615  205  2147483647  0  172871  0  442522497  36372616  4920150  478  37215  108159  4758  1518  16622632510  
1439590164  6087023603  0  46626805448  115274  106748  0  5187130  154  4984843  1636  730496293  2147483647  0  48655  0  0  0  205  871884  2147483647  0  259811  205  2147483647  0  172871  0  448505280  36770572  4989630  478  37215  108159  4804  1518  16850001894  
1439590174  6163626788  0  47232339981  115274  106748  0  5251266  154  5049045  1636  731279913  2147483647  0  48655  0  0  0  205  872396  2147483647  0  262344  205  2147483647  0  172871  0  452542754  36987015  5053861  478  37215  108159  4835  1518  17064742174  
1439590184  6239069753  0  47836447263  115274  106748  0  5314655  154  5112295  1636  731858070  2147483647  0  48655  0  0  0  205  872704  2147483647  0  264928  205  2147483647  0  172871  0  456856096  37015644  5117111  478  37215  108159  4836  1518  17277380522  
1439590194  6318086860  0  48465090374  115274  106748  0  5379742  154  5177969  1636  732501516  2147483647  0  48655  0  0  0  205  873079  2147483647  0  267567  205  2147483647  0  172871  0  461940520  37135878  5182797  478  37215  108159  4848  1518  17499999931  
1439590204  6382722410  0  48966186340  115274  106748  0  5431548  154  5229680  1636  733171882  2147483647  0  48655  0  0  0  205  873550  2147483647  0  269477  205  2147483647  0  172871  0  465723677  37285296  5234522  478  37215  108159  4862  1518  17677515848  
1439590214  6454119527  0  49526544204  115274  106748  0  5490075  154  5288597  1636  733729659  2147483647  0  48655  0  0  0  205  873848  2147483647  0  271938  205  2147483647  0  172871  0  469827170  37326309  5293441  478  37215  108159  4864  1518  17876607497  
1439590224  6514237142  0  49989458410  115274  106748  0  5538881  154  5337362  1636  734218371  2147483647  0  48655  0  0  0  205  874116  2147483647  0  273904  205  2147483647  0  172871  0  473542523  37368637  5342210  478  37215  108159  4868  1518  18038396403  
1439590234  6580048685  0  50508874798  115274  106748  0  5593486  154  5392262  1636  734802066  2147483647  0  48655  0  0  0  205  874479  2147483647  0  276308  205  2147483647  0  172871  0  477709923  37401202  5397111  478  37215  108159  4869  1518  18222531433  
1439590244  6657752613  0  51135305746  115274  106748  0  5661884  154  5460868  1636  735579955  2147483647  0  48655  0  0  0  205  874988  2147483647  0  279464  205  2147483647  0  172871  0  483286408  37611143  5465752  478  37215  108159  4904  1518  18445841011  
1439590254  6763460445  0  51980824178  115274  106748  0  5750171  154  5549138  1636  736881190  2147483647  0  48655  0  0  0  205  875893  2147483647  0  282509  205  2147483647  0  172871  0  489406114  38199162  5554091  478  37215  108159  4973  1518  18749278504  
1439590264  6837344997  0  52557448795  125591  106748  0  5811204  154  5610146  1636  737095566  2147483647  0  48655  0  0  0  205  876017  2147483647  0  285679  205  2147483647  0  172871  0  495700603  38939439  5615182  478  37215  108159  5056  1518  18953672420  
