#Type:X;CI:3;ww:0;ca:0;co:0;fr:0;Type:X;CI:3;PI:0;PT:EP;U0:0;U1:0;Type:X;CI:3;PI:1;PT:EP;U0:0;U1:0;
#time  Pp  gt  gs  cn  cm  cb  Nc  Pc  cp  Tc  Nm  pr  ps  pt  px  pd  Pm  Om  fs  ft  Oc  Em  Gp  Ec  Ge  ot  os  Total_cycles_diff  Successful_get_diff  Total_get_diff  succ_put_diff  total_put_diff  get_hit  
1439589252  0  0  0  0  0  0  0  0  0  4272921  0  0  0  0  0  0  0  0  0  21  0  0  0  0  0  46  0  4272921  0  0  0  0  
1439589262  0  0  0  0  0  0  0  0  0  4274769  0  0  0  0  0  0  0  0  0  21  0  0  0  0  0  46  0  1848  0  0  0  0  0 
1439589272  0  494  323  0  0  0  179  2645  0  30830107  223  0  3318  3318  0  0  3318  340  0  105  188  3318  0  2645  323  8608  114  26555338  323  494  3318  3318  65.3846153846  
1439589282  0  540  333  0  0  0  178  2635  0  30986718  223  0  3318  3318  0  0  3318  340  0  105  187  3318  0  2635  333  8608  114  156611  10  46  0  0  61.6666666667  
1439589292  0  541  334  0  0  0  178  2634  0  31015036  223  0  3318  3318  0  0  3318  340  0  105  186  3318  0  2634  334  8608  114  28318  1  1  0  0  61.7375231054  
1439589302  0  541  334  0  0  0  207  3053  0  36038885  223  0  3737  3737  0  0  3318  340  0  2703  211  3318  0  3053  334  8608  114  5023849  0  0  419  419  61.7375231054  
1439589312  0  541  334  0  0  0  165  2731  0  61467412  223  0  3737  3737  0  0  3318  340  0  28101  163  3318  0  2731  334  8705  162  25428527  0  0  0  0  61.7375231054  
1439589322  0  541  334  0  0  0  112  1904  0  89814016  223  0  3769  3769  0  0  3318  340  0  57890  79  3318  0  1904  334  8972  262  28346604  0  0  32  32  61.7375231054  
1439589333  0  553  334  0  0  0  109  2630  0  123204505  223  0  4546  4546  0  0  3318  340  0  84066  62  3318  0  2630  334  10689  281  33390489  0  12  777  777  60.3978300181  
1439589343  0  609  334  0  0  0  109  2630  0  145740878  223  0  4546  4546  0  0  3318  340  0  107909  62  3318  0  2630  334  11118  281  22536373  0  56  0  0  54.8440065681  
1439589353  0  780  473  0  0  0  107  2482  0  165133722  223  0  4546  4546  0  0  3318  340  0  132326  59  3318  0  2482  473  11929  284  19392844  139  171  0  0  60.641025641  
1439589363  0  1239  538  0  0  0  108  2426  0  172793674  223  0  4563  4563  0  0  3318  340  0  157904  57  3318  0  2426  538  12861  286  7659952  65  459  17  17  43.4221146086  
1439589373  0  23148  538  0  0  0  276  4999  0  220010653  276  0  7136  7136  0  0  4999  340  0  177205  216  4999  0  4999  538  13500  286  47216979  0  21909  2573  2573  2.32417487472  
1439589383  0  29860  544  0  0  0  326  5823  0  242137974  326  0  7966  7966  0  0  5823  340  0  183021  264  5823  0  5823  544  13806  286  22127321  6  6712  830  830  1.82183523108  
1439589393  0  53907  561  0  0  0  494  8702  0  319096128  494  0  10862  10862  0  0  8702  423  0  203746  423  8702  0  8702  561  14470  286  76958154  17  24047  2896  2896  1.04068117313  
1439589403  0  64530  561  0  0  0  677  12264  0  372232482  677  0  14424  14424  0  0  12264  589  0  210662  589  12264  0  12264  561  14882  286  53136354  0  10623  3562  3562  0.869363086936  
1439589413  0  75521  561  0  0  0  1179  22717  0  483442797  1179  0  25366  25366  0  0  22868  1051  0  210729  1051  22868  0  22717  561  15266  286  111210315  0  10991  10942  10942  0.74283973994  
1439589423  0  89907  561  0  0  0  1169  24456  0  623676387  1212  0  39595  39595  0  0  24456  1121  0  210809  1084  24456  0  24456  561  15909  286  140233590  0  14386  14229  14229  0.623978110714  
1439589433  0  116994  561  0  0  0  1702  35085  0  905837914  1702  0  66824  66824  0  0  35085  1571  0  210960  1571  35085  0  35085  561  16707  286  282161527  0  27087  27229  27229  0.479511769834  
1439589443  0  130272  592  0  0  0  1844  37481  0  1038847925  1886  0  80267  80267  0  0  38264  1730  0  211043  1687  38264  0  37481  592  17052  286  133010011  31  13278  13443  13443  0.454433800049  
1439589453  0  147734  639  0  0  0  1453  29902  0  1231619871  2022  0  97926  97926  0  0  41409  1861  0  211130  1322  41409  0  29902  639  17866  286  192771946  47  17462  17659  17659  0.432534149214  
1439589463  0  160238  641  0  0  0  1341  28310  0  1364286911  2022  0  110209  110209  0  0  41409  1861  0  211187  1250  41409  0  28310  641  18250  286  132667040  2  12504  12283  12283  0.400029955441  
1439589473  0  168838  641  0  0  0  1069  22687  0  1453517036  2022  0  118871  118871  0  0  41409  1861  0  211273  997  41409  0  22687  641  18672  286  89230125  0  8600  8662  8662  0.37965386939  
1439589483  0  190450  641  0  0  0  1595  32532  0  1677732287  2022  0  140424  140424  0  0  41409  1861  0  211423  1466  41409  0  32532  641  19780  286  224215251  0  21612  21553  21553  0.336571278551  
1439589493  0  210714  641  0  0  0  2062  42622  0  1897359014  2082  0  160900  160900  0  0  42940  1904  0  211544  1889  42940  0  42622  641  20473  286  219626727  0  20264  20476  20476  0.30420380231  
1439589503  0  230524  642  0  0  0  1877  39527  0  2104211157  2610  0  180832  180832  0  0  54231  2403  0  211695  1717  54231  0  39527  642  21367  286  206852143  1  19810  19932  19932  0.278495948361  
1439589513  0  244608  659  0  0  0  1458  30357  0  2249551755  2610  0  195004  195004  0  0  54231  2403  0  211767  1346  54231  0  30357  659  21892  286  145340598  17  14084  14172  14172  0.269410648875  
1439589523  0  256019  659  0  0  0  1172  24772  0  2360214166  2610  0  206342  206342  0  0  54231  2403  0  211824  1083  54231  0  24772  659  22246  286  110662411  0  11411  11338  11338  0.257402770888  
1439589533  0  270865  659  0  0  0  1094  22996  0  2515784076  2610  0  221373  221373  0  0  54231  2403  0  211902  1009  54231  0  22996  659  22908  286  155569910  0  14846  15031  15031  0.243294630166  
1439589543  0  292903  680  0  0  0  1639  33350  0  2738416413  2610  0  243416  243416  0  0  54231  2403  0  212075  1521  54231  0  33350  680  24199  286  222632337  21  22038  22043  22043  0.232158769285  
1439589553  0  312765  746  0  0  0  1587  33318  0  2941429439  2610  0  263386  263386  0  0  54231  2403  0  212171  1441  54231  0  33318  746  24896  286  203013026  66  19862  19970  19970  0.238517736959  
1439589563  0  321531  763  0  0  0  1181  23889  0  3029649504  2610  0  272058  272058  0  0  54231  2403  0  212213  1084  54231  0  23889  763  25485  286  88220065  17  8766  8672  8672  0.23730215749  
1439589573  0  327350  763  0  0  0  673  13798  0  3091320986  2610  0  277712  277712  0  0  54231  2403  0  212298  625  54231  0  13798  763  25485  286  61671482  0  5819  5654  5654  0.233083855201  
1439589583  0  352644  817  0  0  0  1438  30253  0  3357660648  2610  0  303256  303256  0  0  54231  2403  0  212426  1323  54231  0  30253  817  26793  286  266339662  54  25294  25544  25544  0.231678406552  
1439589593  0  375134  877  0  0  0  2108  44288  0  3590779801  2610  0  325476  325476  0  0  54231  2403  0  212543  1945  54231  0  44288  877  27755  286  233119153  60  22490  22220  22220  0.233783128162  
1439589603  0  400425  919  0  0  0  2300  47732  0  3870291622  2610  0  351068  351068  0  0  54231  2403  0  212598  2114  54231  0  47732  919  29227  300  279511821  42  25291  25592  25592  0.229506149716  
1439589613  0  418770  920  0  0  0  2327  47749  0  4067110467  2610  0  369154  369154  0  0  54231  2403  0  212834  2140  54231  0  47749  920  29888  305  196818845  1  18345  18086  18086  0.219690999833  
1439589623  0  441506  951  0  0  0  2078  43189  0  4307709597  2610  0  392231  392231  0  0  54231  2403  0  212930  1917  54231  0  43189  951  31025  305  240599130  31  22736  23077  23077  0.215399111224  
1439589633  0  457353  1002  0  0  0  1704  36094  0  4475764816  2610  0  408157  408157  0  0  54231  2403  0  213045  1555  54231  0  36094  1002  31309  305  168055219  51  15847  15926  15926  0.219086788542  
1439589643  0  472176  1047  0  0  0  1205  25300  0  4634634878  2610  0  422835  422835  0  0  54231  2403  0  213197  1106  54231  0  25300  1047  31856  305  158870062  45  14823  14678  14678  0.221739351428  
1439589653  0  498520  1116  0  0  0  1807  37236  0  4920094942  2610  0  449118  449118  0  0  54231  2403  0  213332  1678  54231  0  37236  1116  32863  305  285460064  69  26344  26283  26283  0.223862633395  
1439589663  0  526654  1178  0  0  0  2349  48292  0  5224247538  2610  0  477547  477547  0  0  54231  2403  0  213494  2161  54231  0  48292  1178  34144  305  304152596  62  28134  28429  28429  0.223676265632  
1439589673  0  538418  1212  0  0  0  1931  38896  0  5350118928  2610  0  489085  489085  0  0  54231  2403  0  213649  1778  54231  0  38896  1212  34782  305  125871390  34  11764  11538  11538  0.225103915545  
1439589683  0  551668  1265  0  0  0  1382  27991  0  5498076739  2610  0  502567  502567  0  0  54231  2403  0  213702  1264  54231  0  27991  1265  35595  305  147957811  53  13250  13482  13482  0.229304581741  
1439589693  0  560401  1306  0  0  0  1113  23399  0  5590633603  2610  0  511354  511354  0  0  54231  2403  0  213726  1030  54231  0  23399  1306  35595  305  92556864  41  8733  8787  8787  0.233047407125  
1439589703  0  576299  1306  0  0  0  1168  25133  0  5754559709  2610  0  527138  527138  0  0  54231  2403  0  213791  1087  54231  0  25133  1306  36214  305  163926106  0  15898  15784  15784  0.226618474091  
1439589713  0  602370  1326  0  0  0  1828  37898  0  6039853180  2610  0  553241  553241  0  0  54231  2403  0  213941  1666  54231  0  37898  1326  37327  305  285293471  20  26071  26103  26103  0.220130484586  
1439589723  0  622588  1334  0  0  0  2159  44840  0  6251183769  2610  0  573697  573697  0  0  54231  2403  0  214059  1994  54231  0  44840  1334  38097  305  211330589  8  20218  20456  20456  0.214266898816  
1439589733  0  638913  1376  0  0  0  1997  41660  0  6435815707  2610  0  590018  590018  0  0  54231  2403  0  214154  1853  54231  0  41660  1376  38986  305  184631938  42  16325  16321  16321  0.215365785326  
1439589743  0  655530  1461  0  0  0  1497  31356  0  6608455504  2610  0  606640  606640  0  0  54231  2403  0  214311  1380  54231  0  31356  1461  39585  305  172639797  85  16617  16622  16622  0.222873095053  
1439589753  0  659926  1461  0  0  0  1009  21062  0  6656506838  2610  0  611165  611165  0  0  54231  2403  0  214322  928  54231  0  21062  1461  39877  305  48051334  0  4396  4525  4525  0.221388458706  
1439589763  0  675756  1525  0  0  0  1000  20286  0  6825555519  2610  0  626990  626990  0  0  54231  2403  0  214437  922  54231  0  20286  1525  40190  305  169048681  64  15830  15825  15825  0.225673171973  
1439589773  0  699592  1565  0  0  0  1508  31182  0  7089958404  2610  0  650930  650930  0  0  54231  2403  0  214548  1377  54231  0  31182  1565  41093  305  264402885  40  23836  23940  23940  0.223701814772  
1439589783  0  722630  1602  0  0  0  2132  44299  0  7332470868  2610  0  673925  673925  0  0  54231  2403  0  214685  1958  54231  0  44299  1602  42291  305  242512464  37  23038  22995  22995  0.221690214909  
1439589793  0  733247  1645  0  0  0  1569  32484  0  7441683166  2610  0  684461  684461  0  0  54231  2403  0  214732  1450  54231  0  32484  1645  42529  305  109212298  43  10617  10536  10536  0.224344593295  
1439589803  0  748281  1744  0  0  0  1258  25683  0  7597147777  2610  0  699748  699748  0  0  54231  2403  0  214799  1162  54231  0  25683  1744  43534  305  155464611  99  15034  15287  15287  0.233067524099  
1439589813  0  761740  1751  0  0  0  1152  24231  0  7746793521  2610  0  713210  713210  0  0  54231  2403  0  214911  1081  54231  0  24231  1751  43881  305  149645744  7  13459  13462  13462  0.229868459054  
1439589823  0  772602  1751  0  0  0  1101  23162  0  7856184283  2610  0  723992  723992  0  0  54231  2403  0  214985  1030  54231  0  23162  1751  44200  305  109390762  0  10862  10782  10782  0.226636741815  
1439589833  0  803499  1801  0  0  0  1818  38294  0  8188260867  2610  0  755080  755080  0  0  54231  2403  0  215153  1656  54231  0  38294  1801  45487  305  332076584  50  30897  31088  31088  0.224144647349  
1439589843  0  821336  1803  0  0  0  1991  41883  0  8380232425  2610  0  772678  772678  0  0  54231  2403  0  215224  1835  54231  0  41883  1803  46637  305  191971558  2  17837  17598  17598  0.219520391168  
1439589853  0  833950  1803  0  0  0  1627  34177  0  8513571663  2610  0  785577  785577  0  0  54231  2403  0  215372  1493  54231  0  34177  1803  46938  305  133339238  0  12614  12899  12899  0.216200011991  
1439589863  0  839388  1861  0  0  0  1023  21677  0  8573565240  2610  0  791054  791054  0  0  54231  2403  0  215418  941  54231  0  21677  1861  47267  305  59993577  58  5438  5477  5477  0.22170915  
1439589873  0  858816  1861  0  0  0  1274  26452  0  8766517437  2610  0  810477  810477  0  0  54231  2403  0  215551  1170  54231  0  26452  1861  47928  305  192952197  0  19428  19423  19423  0.216693680602  
1439589883  0  869020  1897  0  0  0  1429  29692  0  8863867536  2610  0  820782  820782  0  0  54231  2403  0  215652  1330  54231  0  29692  1897  48208  305  97350099  36  10204  10305  10305  0.218291869002  
1439589893  0  882850  1909  0  0  0  914  18401  0  9004368039  2610  0  834413  834413  0  0  54231  2403  0  215735  861  54231  0  18401  1909  48809  305  140500503  12  13830  13631  13631  0.216231522909  
1439589903  0  886711  1909  0  0  0  657  12978  0  9044120224  2610  0  838377  838377  0  0  54231  2403  0  215753  608  54231  0  12978  1909  48809  305  39752185  0  3861  3964  3964  0.21528998738  
1439589913  0  899952  1947  0  0  0  808  16635  0  9174477700  2610  0  851459  851459  0  0  54231  2403  0  215808  732  54231  0  16635  1947  49531  305  130357476  38  13241  13082  13082  0.216344871726  
1439589923  0  911920  1950  0  0  0  1173  24027  0  9292704490  2610  0  863743  863743  0  0  54231  2403  0  215897  1077  54231  0  24027  1950  49829  305  118226790  3  11968  12284  12284  0.21383454689  
1439589933  0  926485  2031  0  0  0  1175  23334  0  9439522755  2610  0  878154  878154  0  0  54231  2403  0  215985  1091  54231  0  23334  2031  50532  305  146818265  81  14565  14411  14411  0.219215637598  
1439589943  0  939823  2040  0  0  0  1360  27942  0  9579963930  2610  0  891775  891775  0  0  54231  2403  0  216035  1266  54231  0  27942  2040  51182  305  140441175  9  13338  13621  13621  0.217062148937  
1439589953  0  951191  2059  0  0  0  1155  24308  0  9693980655  2610  0  903131  903131  0  0  54231  2403  0  216138  1063  54231  0  24308  2059  51518  305  114016725  19  11368  11356  11356  0.216465462772  
1439589963  0  964951  2059  0  0  0  1102  23396  0  9832261028  2610  0  916590  916590  0  0  54231  2403  0  216199  1026  54231  0  23396  2059  52247  305  138280373  0  13760  13459  13459  0.213378710422  
1439589973  0  989381  2127  0  0  0  1814  38129  0  10092073734  2610  0  941328  941328  0  0  54231  2403  0  216316  1674  54231  0  38129  2127  53280  305  259812706  68  24430  24738  24738  0.214982903452  
1439589983  0  1015064  2170  0  0  0  2463  50731  0  10359180657  2610  0  966772  966772  0  0  54231  2403  0  216428  2257  54231  0  50731  2170  54753  305  267106923  43  25683  25444  25444  0.213779623748  
1439589994  0  1038014  2170  0  0  0  2726  56341  0  10607377333  2941  0  990007  990007  0  0  61477  2694  0  216657  2511  61477  0  56341  2170  55868  613  248196676  0  22950  23235  23235  0.209053057088  
1439590004  0  1049727  2187  0  0  0  1734  36405  0  10732839996  2941  0  1001746  1001746  0  0  61477  2694  0  216743  1609  61477  0  36405  2187  56242  613  125462663  17  11713  11739  11739  0.208339882655  
1439590014  0  1058630  2235  0  0  0  931  19734  0  10817725763  2941  0  1010417  1010417  0  0  61477  2694  0  216762  859  61477  0  19734  2235  56532  613  84885767  48  8903  8671  8671  0.211121921729  
1439590024  0  1073697  2236  0  0  0  1124  23645  0  10975572585  2941  0  1025804  1025804  0  0  61477  2694  0  216896  1030  61477  0  23645  2236  56844  613  157846822  1  15067  15387  15387  0.208252421307  
1439590034  0  1085907  2245  0  0  0  1341  27312  0  11104060855  2941  0  1037739  1037739  0  0  61477  2694  0  216964  1247  61477  0  27312  2245  57453  613  128488270  9  12210  11935  11935  0.206739619507  
1439590044  0  1101014  2262  0  0  0  1336  27403  0  11266652043  2941  0  1053233  1053233  0  0  61477  2694  0  217025  1229  61477  0  27403  2262  58015  613  162591188  17  15107  15494  15494  0.205446978876  
1439590054  0  1121516  2303  0  0  0  1418  29445  0  11461607471  2941  0  1073493  1073493  0  0  61477  2694  0  217116  1309  61477  0  29445  2303  58662  613  194955428  41  20502  20260  20260  0.205347048103  
1439590064  0  1142928  2333  0  0  0  1421  29481  0  11691017355  2941  0  1095257  1095257  0  0  61477  2694  0  217285  1325  61477  0  29481  2333  59769  613  229409884  30  21412  21764  21764  0.20412484426  
1439590074  0  1157290  2333  0  0  0  1467  30921  0  11843616471  2941  0  1109568  1109568  0  0  61477  2694  0  217350  1360  61477  0  30921  2333  60257  613  152599116  0  14362  14311  14311  0.201591649457  
1439590084  0  1171999  2365  0  0  0  1400  29837  0  12002402825  2941  0  1124402  1124402  0  0  61477  2694  0  217420  1299  61477  0  29837  2365  61009  613  158786354  32  14709  14834  14834  0.201791981051  
1439590094  0  1195062  2390  0  0  0  1987  41515  0  12250293848  2941  0  1147179  1147179  0  0  61477  2694  0  217608  1834  61477  0  41515  2390  62125  613  247891023  25  23063  22777  22777  0.199989623969  
1439590104  0  1214712  2437  0  0  0  2121  43693  0  12468464804  2941  0  1167024  1167024  0  0  61477  2694  0  217746  1935  61477  0  43693  2437  62782  613  218170956  47  19650  19845  19845  0.200623686932  
1439590114  0  1228788  2437  0  0  0  1969  40826  0  12616712562  2941  0  1180917  1180917  0  0  61477  2694  0  217804  1815  61477  0  40826  2437  63430  613  148247758  0  14076  13893  13893  0.198325504481  
1439590124  0  1240129  2487  0  0  0  1222  25571  0  12742864598  2941  0  1192644  1192644  0  0  61477  2694  0  217846  1126  61477  0  25571  2487  64114  613  126152036  50  11341  11727  11727  0.20054365312  
1439590134  0  1267589  2521  0  0  0  1629  34326  0  13019643040  2941  0  1220083  1220083  0  0  61477  2694  0  218052  1506  61477  0  34326  2521  64983  613  276778442  34  27460  27439  27439  0.198881498656  
1439590144  0  1294100  2589  0  0  0  2229  46004  0  13313405623  2941  0  1246559  1246559  0  0  61477  2694  0  218200  2063  61477  0  46004  2589  66137  613  293762583  68  26511  26476  26476  0.200061819025  
1439590154  0  1311018  2701  0  0  0  2013  41440  0  13484514674  2941  0  1263396  1263396  0  0  61477  2694  0  218228  1870  61477  0  41440  2701  67146  613  171109051  112  16918  16837  16837  0.206023105709  
1439590164  0  1331875  2711  0  0  0  1592  32698  0  13703039519  2941  0  1284353  1284353  0  0  61477  2694  0  218444  1479  61477  0  32698  2711  68322  613  218524845  10  20857  20957  20957  0.203547630221  
1439590174  0  1343581  2742  0  0  0  1447  30085  0  13834311432  2941  0  1296056  1296056  0  0  61477  2694  0  218498  1343  61477  0  30085  2742  68706  613  131271913  31  11706  11703  11703  0.204081480759  
1439590184  0  1356400  2742  0  0  0  1136  23892  0  13974829051  2941  0  1309037  1309037  0  0  61477  2694  0  218552  1048  61477  0  23892  2742  69056  613  140517619  0  12819  12981  12981  0.202152757299  
1439590194  0  1365233  2742  0  0  0  820  18444  0  14072138170  2941  0  1317954  1317954  0  0  61477  2694  0  218595  762  61477  0  18444  2742  69399  613  97309119  0  8833  8917  8917  0.200844837475  
1439590204  0  1375265  2742  0  0  0  928  20287  0  14181210858  2941  0  1327862  1327862  0  0  61477  2694  0  218679  860  61477  0  20287  2742  69748  613  109072688  0  10032  9908  9908  0.199379755902  
1439590214  0  1393307  2742  0  0  0  1428  29839  0  14364168009  2941  0  1345877  1345877  0  0  61477  2694  0  218759  1307  61477  0  29839  2742  70354  613  182957151  0  18042  18015  18015  0.196797977761  
1439590224  0  1411951  2746  0  0  0  2039  42287  0  14557914177  2941  0  1364648  1364648  0  0  61477  2694  0  218843  1857  61477  0  42287  2746  71336  613  193746168  4  18644  18771  18771  0.194482669724  
1439590234  0  1430838  2746  0  0  0  2245  45669  0  14761656805  2941  0  1383792  1383792  0  0  61477  2694  0  218987  2058  61477  0  45669  2746  71875  613  203742628  0  18887  19144  19144  0.191915506857  
1439590244  0  1452387  2781  0  0  0  1955  39960  0  14975592781  2941  0  1405290  1405290  0  0  61477  2694  0  219147  1797  61477  0  39960  2781  72964  613  213935976  35  21549  21498  21498  0.191477891223  
1439590254  0  1477921  2850  0  0  0  1739  36533  0  15256606250  2941  0  1430864  1430864  0  0  61477  2694  0  219290  1606  61477  0  36533  2850  73811  613  281013469  69  25534  25574  25574  0.192838453476  
1439590264  0  1501554  2931  0  0  0  2271  47016  0  15510306464  2941  0  1454620  1454620  0  0  61477  2694  0  219293  2089  61477  0  47016  2931  75252  613  253700214  81  23633  23756  23756  0.195197775105  
