#type:G;
#time  Rt  Nm  Tt  Nc  Rx  Gz  Pc  Pf  Ra  Te  Pm  Fp  Fc  Ta  Fm  Om  Lm  Oc  Sm  Sc  Em  Af  Ea  Cf  Ec  Gd  Zt  Et  Ep  dedup_put_diff  total_eph_put_diff  dedup_factor  dedup_curr  compression_saving  tze_saving  
1438408584  0  0  2578  0  0  0  0  0  0  2505  0  0  0  0  0  0  0  0  0  0  0  0  0  0  0  0  0  0  0  0  0  0 0 0 0 
1438408594  0  0  2587  0  0  0  0  0  0  2505  0  0  0  0  0  0  0  0  0  0  0  0  0  0  0  0  0  0  0  0  0  0 0 0 0 
1438408604  0  803  147454  803  0  0  33462  0  0  80593  33462  0  33462  0  33462  275  0  275  0  0  33462  0  0  0  33462  0  0  0  33462  0  33462  0.0  100.0  0 0 
1438408614  0  2682  378569  2577  0  0  134452  0  0  80593  134452  0  134452  0  134452  275  0  28  0  0  134452  0  10552  0  134452  0  0  10552  149117  0  115655  0.0  100.0  0 0 
1438408624  0  2839  2451866  2806  0  0  134045  0  0  80593  134453  0  134045  321  134453  275  0  194  0  0  134453  0  54488  0  134045  0  0  54488  1196459  0  1047342  0.0  100.0  0 0 
1438408634  0  2843  5801671  2690  0  0  134304  0  0  80593  134453  0  134304  69  134453  275  0  2  0  0  134453  0  95003  0  134304  0  0  95003  2887659  0  1691200  0.0  100.0  0 0 
1438408644  0  2843  9292079  2667  0  0  134292  0  0  80593  134453  0  134292  89  134453  275  0  5  0  0  134453  0  136014  0  134292  0  0  136014  4646436  0  1758777  0.0  100.0  0 0 
1438408654  0  2843  12650538  2653  0  0  134323  0  0  80593  134453  0  134323  62  134453  275  0  2  0  0  134453  0  173480  0  134323  0  0  173480  6337823  0  1691387  0.0  100.0  0 0 
1438408664  0  2843  15952778  2699  0  0  134313  0  0  80593  134453  0  134313  82  134453  275  0  2  0  0  134453  0  209325  0  134313  0  0  209325  8001076  0  1663253  0.0  100.0  0 0 
1438408674  0  2843  19085489  2646  0  0  134138  0  0  80593  134453  0  134138  265  134453  275  0  5  0  0  134453  0  242630  0  134138  0  0  242630  9578768  0  1577692  0.0  100.0  0 0 
1438408684  0  2843  22184129  2657  0  0  134379  0  0  80593  134453  0  134379  31  134453  275  0  6  0  0  134453  0  277561  0  134379  0  0  277561  11139902  0  1561134  0.0  100.0  0 0 
1438408694  0  2843  25480379  2660  0  0  134226  0  0  80593  134453  0  134226  189  134453  275  0  3  0  0  134453  0  314678  0  134226  0  0  314678  12800038  0  1660136  0.0  100.0  0 0 
1438408704  0  2843  28654858  2637  0  0  134190  0  0  80593  134453  0  134190  230  134453  275  0  4  0  0  134453  0  348615  0  134190  0  0  348615  14399618  0  1599580  0.0  100.0  0 0 
1438408714  0  2843  31377324  2763  0  0  134372  0  0  80593  134453  0  134372  54  134453  275  0  5  0  0  134453  0  380734  0  134372  0  0  380734  15770889  0  1371271  0.0  100.0  0 0 
1438408724  0  2843  33867599  2646  0  0  134426  0  0  80593  134453  0  134426  1  134453  275  0  2  0  0  134453  0  410990  0  134426  0  0  410990  17023556  0  1252667  0.0  100.0  0 0 
1438408734  0  2843  37124100  2672  0  0  134279  0  0  80593  134453  0  134279  149  134453  275  0  2  0  0  134453  0  448410  0  134279  0  0  448411  18661136  0  1637580  0.0  100.0  0 0 
1438408744  0  2843  39900766  2703  0  0  134310  0  0  80593  134453  0  134310  118  134453  275  0  6  0  0  134453  0  475869  0  134310  0  0  475871  20057307  0  1396171  0.0  100.0  0 0 
1438408754  0  2843  42981173  2668  0  0  134188  0  0  80593  134453  0  134188  245  134453  275  0  4  0  0  134453  0  510030  0  134188  0  0  510032  21609163  0  1551856  0.0  100.0  0 0 
1438408764  0  2843  46083529  2677  0  0  134351  0  0  80593  134453  0  134351  83  134453  275  0  2  0  0  134453  0  547209  0  134351  0  0  547211  23171854  0  1562691  0.0  100.0  0 0 
1438408774  0  2843  49262398  2686  0  0  134163  0  0  80593  134453  0  134163  271  134453  275  0  5  0  0  134453  0  580049  0  134163  0  0  580051  24773584  0  1601730  0.0  100.0  0 0 
1438408784  0  2843  52542981  2665  0  0  134370  0  0  80593  134453  0  134370  64  134453  275  0  2  0  0  134453  0  615812  0  134370  0  0  615814  26426201  0  1652617  0.0  100.0  0 0 
1438408794  0  2843  55924906  2651  0  0  134240  0  0  80593  134453  0  134240  194  134453  275  0  2  0  0  134453  0  652895  0  134240  0  0  652897  28130127  0  1703926  0.0  100.0  0 0 
1438408804  0  2843  59158392  2653  0  0  134349  0  0  80593  134453  0  134349  85  134453  275  0  6  0  0  134453  0  682322  0  134349  0  0  682324  29759356  0  1629229  0.0  100.0  0 0 
1438408814  0  2843  62686682  2679  0  0  134239  0  0  80593  134453  0  134239  195  134453  275  0  2  0  0  134453  0  724387  0  134239  0  0  724389  31536949  0  1777593  0.0  100.0  0 0 
1438408824  0  2843  65993155  2698  0  0  134106  0  0  80593  134453  0  134106  328  134453  275  0  2  0  0  134453  0  760059  0  134106  0  0  760061  33202855  0  1665906  0.0  100.0  0 0 
1438408834  0  2843  69246276  2669  0  0  133935  0  0  80593  134453  0  133935  499  134453  275  0  5  0  0  134453  0  790995  0  133935  0  0  790997  34841371  0  1638516  0.0  100.0  0 0 
1438408844  0  2843  72647318  2699  0  0  134420  0  0  80593  134453  0  134420  11  134453  275  0  5  0  0  134453  0  827615  0  134420  0  0  827617  36555098  0  1713727  0.0  100.0  0 0 
1438408854  0  2843  75788890  2696  0  0  134431  0  0  80593  134453  0  134431  1  134453  275  0  2  0  0  134453  0  865063  0  134431  0  0  865065  38138134  0  1583036  0.0  100.0  0 0 
1438408864  0  2843  78888710  2655  0  0  134200  0  0  80593  134453  0  134200  232  134453  275  0  6  0  0  134453  0  895479  0  134200  0  0  895481  39699682  0  1561548  0.0  100.0  0 0 
1438408874  0  2843  82003701  2679  0  0  134323  0  0  80593  134453  0  134323  110  134453  275  0  6  0  0  134453  0  929493  0  134323  0  0  929495  41269288  0  1569606  0.0  100.0  0 0 
1438408884  0  2843  85316814  2686  0  0  134381  0  0  80593  134453  0  134381  54  134453  275  0  2  0  0  134453  0  968602  0  134381  0  0  968604  42938307  0  1669019  0.0  100.0  0 0 
1438408894  0  2843  88561854  2689  0  0  134195  0  0  80593  134453  0  134195  240  134453  275  0  2  0  0  134453  0  1008394  0  134195  0  0  1008396  44572947  0  1634640  0.0  100.0  0 0 
1438408904  0  2843  92063925  2691  0  0  134407  0  0  80593  134453  0  134407  30  134453  275  0  5  0  0  134453  0  1045822  0  134407  0  0  1045824  46337556  0  1764609  0.0  100.0  0 0 
1438408914  0  2843  95262603  2652  0  0  134312  0  0  80593  134453  0  134312  124  134453  275  0  2  0  0  134453  0  1081893  0  134312  0  0  1081895  47948699  0  1611143  0.0  100.0  0 0 
1438408924  0  2843  98542705  2669  0  0  134132  0  0  80593  134453  0  134132  303  134453  275  0  4  0  0  134453  0  1116287  0  134132  0  0  1116289  49601049  0  1652350  0.0  100.0  0 0 
1438408934  0  2843  101744141  2666  0  0  134316  0  0  80593  134453  0  134316  119  134453  275  0  5  0  0  134453  0  1154193  0  134316  0  0  1154195  51213797  0  1612748  0.0  100.0  0 0 
1438408945  0  2843  105111541  2678  0  0  134325  0  0  80593  134453  0  134325  112  134453  275  0  2  0  0  134453  0  1189607  0  134325  0  0  1189609  52910078  0  1696281  0.0  100.0  0 0 
1438408955  0  2843  108346156  2684  0  0  134265  0  0  80593  134453  0  134265  171  134453  275  0  2  0  0  134453  0  1226299  0  134265  0  0  1226301  54539165  0  1629087  0.0  100.0  0 0 
1438408965  0  2843  111422441  2693  0  0  134234  0  0  80593  134453  0  134234  197  134453  275  0  5  0  0  134453  0  1259579  0  134234  0  0  1259581  56088489  0  1549324  0.0  100.0  0 0 
1438408975  0  2843  114821102  2694  0  0  134402  0  0  80593  134453  0  134402  31  134453  275  0  2  0  0  134453  0  1295746  0  134402  0  0  1295748  57799646  0  1711157  0.0  100.0  0 0 
1438408985  0  2843  118403058  2709  0  0  134261  0  0  80593  134453  0  134261  173  134453  275  0  4  0  0  134453  0  1332073  0  134261  0  0  1332075  59602999  0  1803353  0.0  100.0  0 0 
1438408995  0  2843  121744338  2699  0  0  134369  0  0  80593  134453  0  134369  65  134453  275  0  6  0  0  134453  0  1366403  0  134369  0  0  1366405  61285491  0  1682492  0.0  100.0  0 0 
1438409005  0  2843  125158598  2701  0  0  134373  0  0  80593  134453  0  134373  61  134453  275  0  2  0  0  134453  0  1403198  0  134373  0  0  1403200  63004793  0  1719302  0.0  100.0  0 0 
1438409015  0  2843  128496969  2675  0  0  134276  0  0  80593  134453  0  134276  159  134453  275  0  2  0  0  134453  0  1436666  0  134276  0  0  1436668  64685529  0  1680736  0.0  100.0  0 0 
1438409025  0  2843  131794615  2687  0  0  134388  0  0  80593  134453  0  134388  47  134453  275  0  5  0  0  134453  0  1473113  0  134388  0  0  1473115  66346122  0  1660593  0.0  100.0  0 0 
1438409035  0  2843  135203619  2678  0  0  134204  0  0  80593  134453  0  134204  230  134453  275  0  5  0  0  134453  0  1510807  0  134204  0  0  1510809  68062794  0  1716672  0.0  100.0  0 0 
1438409045  0  2843  138866250  2670  0  0  134089  0  0  80593  134453  0  134089  346  134453  275  0  4  0  0  134453  0  1546463  0  134089  0  0  1546465  69906737  0  1843943  0.0  100.0  0 0 
1438409055  0  2843  142245512  2652  0  0  134433  0  0  80593  134453  0  134433  1  134453  275  0  5  0  0  134453  0  1581356  0  134433  0  0  1581358  71608146  0  1701409  0.0  100.0  0 0 
1438409065  0  2843  145639691  2705  0  0  134363  0  0  80593  134453  0  134363  73  134453  275  0  5  0  0  134453  0  1619358  0  134363  0  0  1619360  73317316  0  1709170  0.0  100.0  0 0 
1438409075  0  2843  148974132  2628  0  0  134224  0  0  80593  134453  0  134224  214  134453  275  0  2  0  0  134453  0  1655685  0  134224  0  0  1655687  74996669  0  1679353  0.0  100.0  0 0 
1438409085  0  2843  152301839  2667  0  0  134171  0  0  80593  134453  0  134171  263  134453  275  0  2  0  0  134453  0  1689240  0  134171  0  0  1689242  76672100  0  1675431  0.0  100.0  0 0 
1438409095  0  2843  155531269  2651  0  0  134207  0  0  80593  134453  0  134207  227  134453  275  0  5  0  0  134453  0  1723496  0  134207  0  0  1723498  78298132  0  1626032  0.0  100.0  0 0 
1438409105  0  2843  158652790  2692  0  0  134423  0  0  80593  134453  0  134423  12  134453  275  0  4  0  0  134453  0  1755501  0  134423  0  0  1755503  79869932  0  1571800  0.0  100.0  0 0 
1438409115  0  2843  162066704  2659  0  0  134319  0  0  80593  134453  0  134319  112  134453  275  0  3  0  0  134453  0  1793854  0  134319  0  0  1793856  81588764  0  1718832  0.0  100.0  0 0 
1438409125  0  2843  165701958  2663  0  0  134181  0  0  80593  134453  0  134181  251  134453  275  0  5  0  0  134453  0  1831661  0  134181  0  0  1831663  83419285  0  1830521  0.0  100.0  0 0 
1438409135  0  2843  169048819  2683  0  0  134406  0  0  80593  134453  0  134406  28  134453  275  0  2  0  0  134453  0  1867274  0  134406  0  0  1867276  85104263  0  1684978  0.0  100.0  0 0 
1438409145  0  2843  172293480  2668  0  0  134226  0  0  80593  134453  0  134226  209  134453  275  0  2  0  0  134453  0  1902998  0  134226  0  0  1903000  86737870  0  1633607  0.0  100.0  0 0 
1438409155  0  2843  175330356  2654  0  0  134363  0  0  80593  134453  0  134363  72  134453  275  0  5  0  0  134453  0  1935130  0  134363  0  0  1935132  88266848  0  1528978  0.0  100.0  0 0 
1438409165  0  2843  178569846  2686  0  0  134334  0  0  80593  134453  0  134334  103  134453  275  0  4  0  0  134453  0  1968530  0  134334  0  0  1968532  89897498  0  1630650  0.0  100.0  0 0 
1438409175  0  2843  181932152  2660  0  0  134309  0  0  80593  134453  0  134309  128  134453  275  0  2  0  0  134453  0  2005910  0  134309  0  0  2005912  91590296  0  1692798  0.0  100.0  0 0 
1438409185  0  2843  185079833  2685  0  0  134235  0  0  80593  134453  0  134235  201  134453  275  0  5  0  0  134453  0  2043633  0  134235  0  0  2043635  93174987  0  1584691  0.0  100.0  0 0 
1438409195  0  2843  188645249  2658  0  0  134340  0  0  80593  134453  0  134340  94  134453  275  0  2  0  0  134453  0  2082875  0  134340  0  0  2082877  94970322  0  1795335  0.0  100.0  0 0 
1438409205  0  2843  192033763  2666  0  0  134283  0  0  80593  134453  0  134283  152  134453  275  0  2  0  0  134453  0  2117808  0  134283  0  0  2117810  96676486  0  1706164  0.0  100.0  0 0 
1438409215  0  2843  194601611  2753  0  0  134431  0  0  80593  134453  0  134431  1  134453  275  0  7  0  0  134453  0  2147829  0  134431  0  0  2147831  97969137  0  1292651  0.0  100.0  0 0 
