#Type:X;CI:1;ww:0;ca:0;co:1;fr:0;Type:X;CI:1;PI:0;PT:EP;U0:0;U1:0;Type:X;CI:1;PI:1;PT:EP;U0:0;U1:0;
#time  Pp  gt  gs  cn  cm  cb  Nc  Pc  cp  Tc  Nm  pr  ps  pt  px  pd  Pm  Om  fs  ft  Oc  Em  Gp  Ec  Ge  ot  os  Total_cycles_diff  Successful_get_diff  Total_get_diff  succ_put_diff  total_put_diff  get_hit  
1439628368  0  0  0  0  0  0  0  0  0  1270708  0  0  0  0  0  0  0  0  0  21  0  0  0  0  0  46  0  1270708  0  0  0  0  
1439628378  0  0  0  0  0  0  0  0  0  1273920  0  0  0  0  0  0  0  0  0  21  0  0  0  0  0  46  0  3212  0  0  0  0  0 
1439628388  0  317  247  13  5  6418162  179  2708  2699  267237687  232  0  3388  3393  5  0  3388  350  0  103  187  3388  0  2708  247  12834  125  265963767  247  317  3388  3393  77.9179810726  
1439628398  0  541  329  13  5  6201337  175  2626  2620  273168689  232  0  3388  3393  5  0  3388  350  0  103  185  3388  0  2626  329  12834  125  5931002  82  224  0  0  60.8133086876  
1439628408  0  541  329  13  5  6201337  175  2626  2620  273168689  232  0  3388  3393  5  0  3388  350  0  103  185  3388  0  2626  329  12834  125  0  0  0  0  0  60.8133086876  
1439628418  0  541  329  37  19  6842966  176  2852  2822  326345419  232  0  3792  3811  19  0  3388  350  0  23999  173  3388  0  2852  329  12917  163  53176730  0  0  404  418  60.8133086876  
1439628428  0  595  369  37  19  4408837  104  1818  1788  367693979  232  0  3809  3828  19  0  3388  350  0  55292  62  3388  0  1818  369  13157  273  41348560  40  54  17  17  62.0168067227  
1439628438  0  678  447  39  20  5983448  103  2458  2426  574603585  232  0  4543  4563  20  0  3388  350  0  80890  62  3388  0  2458  447  14192  275  206909606  78  83  734  735  65.9292035398  
1439628448  0  753  447  42  20  6213221  103  2547  2512  616783211  232  0  4651  4671  20  0  3388  350  0  102881  57  3388  0  2547  447  14802  281  42179626  0  75  108  108  59.3625498008  
1439628458  0  770  464  42  20  6186463  104  2535  2500  644798364  232  0  4673  4693  20  0  3388  350  0  127452  53  3388  0  2535  464  15928  286  28015153  17  17  22  22  60.2597402597  
1439628468  0  824  469  42  20  6292342  109  2580  2545  669978045  232  0  4723  4743  20  0  3388  350  0  146181  64  3388  0  2580  469  16544  286  25179681  5  54  50  50  56.9174757282  
1439628478  0  824  469  42  20  6316896  114  2595  2560  701921694  232  0  4738  4758  20  0  3388  350  0  176688  67  3388  0  2595  469  17938  286  31943649  0  0  15  15  56.9174757282  
1439628488  0  847  474  42  20  6330350  114  2602  2567  720453224  232  0  4754  4774  20  0  3388  350  0  206320  71  3388  0  2602  474  18897  290  18531530  5  23  16  16  55.9622195986  
1439628498  0  847  474  42  20  6335238  115  2605  2570  727333413  232  0  4758  4778  20  0  3388  350  0  212592  71  3388  0  2605  474  19194  291  6880189  0  0  4  4  55.9622195986  
1439628508  0  847  474  42  20  6339245  115  2607  2572  742198915  232  0  4760  4780  20  0  3388  350  0  231006  71  3388  0  2607  474  19985  291  14865502  0  0  2  2  55.9622195986  
1439628518  0  1797  695  42  20  5791077  114  2441  2406  762173203  232  0  4840  4860  20  0  3388  350  0  259651  54  3388  0  2441  695  21759  303  19974288  221  950  80  80  38.6755703951  
1439628528  0  12043  695  42  20  5848816  155  3041  3006  804263800  232  0  5440  5460  20  0  3388  350  0  269163  91  3388  0  3041  695  22250  303  42090597  0  10246  600  600  5.77098729552  
1439628538  0  35063  695  42  20  6005795  374  6659  6624  947334090  374  0  9058  9078  20  0  6659  350  0  288481  300  6659  0  6659  695  23115  303  143070290  0  23020  3618  3618  1.98214642215  
1439628548  0  51368  695  42  20  6124037  505  8913  8878  1048470820  505  0  11312  11332  20  0  8913  426  0  302293  426  8913  0  8913  695  24003  303  101136730  0  16305  2254  2254  1.3529824015  
1439628558  0  68344  695  42  22  6925555  872  16285  16250  1321583639  872  0  18684  18706  22  0  16285  762  0  311442  762  16285  0  16285  695  24356  303  273112819  0  16976  7372  7374  1.01691443287  
1439628568  0  76694  695  42  22  7282487  1260  24898  24863  1474509745  1260  0  27297  27319  22  0  24898  1126  0  311486  1126  24898  0  24898  695  24674  303  152926106  0  8350  8613  8613  0.906198659608  
1439628578  0  80882  695  42  22  7441804  1430  28874  28839  1589807039  1430  0  31273  31295  22  0  28874  1278  0  311503  1278  28874  0  28874  695  24674  303  115297294  0  4188  3976  3976  0.859276476843  
1439628588  0  101375  709  42  22  8260596  2340  49749  49714  2170537121  2340  0  52162  52184  22  0  49749  2095  0  311595  2095  49749  0  49749  709  25236  303  580730082  14  20493  20889  20889  0.699383477189  
1439628598  0  114618  709  42  22  8802274  2900  63112  63077  2524594624  2900  0  65525  65547  22  0  63112  2611  0  311690  2611  63112  0  63112  709  25407  303  354057503  0  13243  13363  13363  0.618576488859  
1439628608  0  144054  750  42  22  9593071  3739  82125  82090  3410844347  4027  0  94906  94928  22  0  88336  3647  0  311811  3372  88336  0  82125  750  26622  744  886249723  41  29436  29381  29381  0.520638094048  
1439628618  0  161946  775  42  22  9818804  3980  88313  88278  3888043421  4174  0  113055  113077  22  0  92763  3787  0  311891  3615  92763  0  88313  775  27120  1219  477199074  25  17892  18149  18149  0.478554579922  
1439628628  0  175303  805  42  22  10058784  4277  95102  95067  4236589318  4317  0  126478  126500  22  0  96524  3910  0  311977  3876  96524  0  95102  805  27393  1473  348545897  30  13357  13423  13423  0.459204919482  
1439628638  0  194246  834  42  22  10128090  4386  97662  97627  4768450660  4488  0  145480  145502  22  0  99736  4052  0  312064  3966  99736  0  97662  834  28091  2131  531861342  29  18943  19002  19002  0.429352470579  
1439628648  0  209398  834  42  22  10195997  4421  99728  99693  5211263445  4569  0  160642  160664  22  0  102876  4134  0  312131  3992  102876  0  99728  834  28671  2684  442812785  0  15152  15162  15162  0.398284606348  
1439628658  0  214863  839  42  22  9985712  4189  94667  94632  5371659085  4628  0  166088  166110  22  0  104458  4178  0  312160  3781  104458  0  94667  839  29108  3099  160395640  5  5465  5446  5446  0.390481376505  
1439628668  0  218650  839  42  22  10135745  4339  98407  98372  5443589864  4628  0  169828  169850  22  0  104458  4178  0  312207  3928  104458  0  98407  839  29108  3099  71930779  0  3787  3740  3740  0.38371827121  
1439628678  0  232382  843  42  22  10128473  4311  98055  98020  5839043605  4628  0  183531  183553  22  0  104458  4178  0  312275  3885  104458  0  98055  843  29710  3678  395453741  4  13732  13703  13703  0.362764758028  
1439628688  0  240921  843  42  22  10201994  4390  99735  99700  6090624700  4662  0  192343  192365  22  0  106282  4212  0  312308  3967  106282  0  99735  843  29993  3944  251581095  0  8539  8812  8812  0.349907231001  
1439628698  0  249722  843  42  22  9993448  4191  94425  94390  6336900252  4749  0  201117  201139  22  0  107973  4284  0  312365  3776  107973  0  94425  843  30555  4473  246275552  0  8801  8774  8774  0.337575383827  
1439628708  0  255950  853  42  22  10257459  4444  100607  100572  6515130582  4749  0  207309  207331  22  0  107973  4284  0  312401  4005  107973  0  100607  853  30555  4473  178230330  10  6228  6192  6192  0.333268216449  
1439628718  0  267147  853  42  22  10256918  4422  100363  100328  6836997611  4749  0  218618  218640  22  0  107973  4284  0  312487  3994  107973  0  100363  853  31048  4938  321867029  0  11197  11309  11309  0.319299861125  
1439628728  0  293042  853  42  22  10580295  4709  106748  106713  7576810637  4998  0  244638  244660  22  0  113554  4556  0  312590  4288  113554  0  106748  853  31846  5700  739813026  0  25895  26020  26020  0.291084554432  
1439628738  0  321558  861  42  22  10792007  4918  111919  111884  8458094871  5129  0  273335  273357  22  0  116523  4669  0  312743  4474  116523  0  111919  861  32823  6631  881284234  8  28516  28697  28697  0.267758849103  
1439628748  0  346089  863  42  22  10896373  5039  114121  114086  9175579810  5377  0  297947  297969  22  0  122268  4912  0  312860  4599  122268  0  114121  863  33763  7511  717484939  2  24531  24612  24612  0.249357824144  
1439628758  0  360888  863  42  22  11100650  5247  118768  118733  9592161653  5377  0  312630  312652  22  0  122268  4913  0  312912  4801  122268  0  118768  863  34162  7892  416581843  0  14799  14683  14683  0.239132362395  
1439628768  0  384595  863  42  22  11153548  5314  119466  119431  10299674889  5455  0  336538  336560  22  0  122410  5000  0  313122  4855  122410  0  119466  863  35135  8818  707513236  0  23707  23908  23908  0.22439189277  
1439628778  0  401445  863  42  22  11087639  5267  117479  117444  10810305977  5460  0  353245  353267  22  0  122461  5000  0  313202  4800  122461  0  117479  863  35902  9553  510631088  0  16850  16707  16707  0.214973408562  
1439628788  0  411817  876  42  22  11196280  5399  120402  120367  11109815160  5460  0  363471  363493  22  0  122461  5000  0  313261  4935  122461  0  120402  876  36192  9833  299509183  13  10372  10226  10226  0.212715842231  
1439628799  0  420317  876  42  22  11279277  5512  122047  122012  11353753620  5512  0  372101  372123  22  0  122461  5053  0  313300  5053  122461  0  122047  876  36467  10090  243938460  0  8500  8630  8630  0.208414125529  
1439628809  0  428182  885  42  22  11258894  5470  121598  121563  11567336314  5578  0  380212  380234  22  0  123482  5118  0  313349  5019  123482  0  121598  885  36831  10437  213582694  9  7865  8111  8111  0.206687810324  
1439628819  0  446929  908  42  22  11072519  5302  118142  118107  12153114474  5585  0  398699  398721  22  0  124028  5118  0  313421  4836  124028  0  118142  908  37785  11346  585778160  23  18747  18487  18487  0.20316426099  
1439628829  0  465318  933  42  22  11113176  5348  120337  120302  12682222253  5626  0  417155  417177  22  0  126112  5139  0  313493  4867  126112  0  120337  933  38476  12005  529107779  25  18389  18456  18456  0.200508039663  
1439628839  0  487877  959  42  22  11031628  5300  119468  119433  13335536639  5626  0  439962  439984  22  0  126112  5139  0  313636  4785  126112  0  119468  959  39511  12979  653314386  26  22559  22807  22807  0.196565937726  
1439628849  0  496734  983  42  22  11049041  5353  120453  120418  13601282321  5626  0  448826  448848  22  0  126523  5139  0  313684  4840  126523  0  120453  983  39828  13279  265745682  24  8857  8864  8864  0.19789263469  
1439628859  0  504136  983  42  22  11009654  5280  119580  119545  13823080482  5626  0  456185  456207  22  0  126849  5139  0  313709  4790  126849  0  119580  983  40167  13598  221798161  0  7402  7359  7359  0.194987066982  
1439628869  0  509696  983  42  22  11236046  5529  125123  125088  13972454001  5626  0  461728  461750  22  0  126849  5139  0  313735  5015  126849  0  125123  983  40167  13598  149373519  0  5560  5543  5543  0.19286005776  
1439628879  0  534052  992  42  22  11186624  5462  123697  123662  14692992178  5626  0  486326  486348  22  0  127246  5139  0  313866  4947  127246  0  123697  992  41288  14663  720538177  9  24356  24598  24598  0.185749702276  
1439628889  0  548544  992  42  22  11109882  5361  121720  121685  15105894694  5626  0  500562  500584  22  0  127246  5139  0  313924  4865  127246  0  121720  992  41950  15300  412902516  0  14492  14236  14236  0.180842375452  
1439628899  0  568280  1007  42  22  11340584  5569  126934  126899  15709043357  5626  0  520557  520579  22  0  127871  5139  0  313995  5046  127871  0  126934  1007  42574  15892  603148663  15  19736  19995  19995  0.177201379602  
1439628909  0  587840  1012  42  22  11185453  5373  121494  121459  16307922297  5693  0  540164  540186  22  0  129423  5172  0  314105  4895  129423  0  121494  1012  43574  16834  598878940  5  19560  19607  19607  0.172155688623  
1439628919  0  610687  1019  42  22  11142370  5311  121010  120975  16991764175  5693  0  563184  563206  22  0  129423  5172  0  314195  4838  129423  0  121010  1019  44558  17766  683841878  7  22847  23020  23020  0.166861256257  
1439628929  0  638242  1022  42  22  11156237  5303  120834  120799  17837897663  5696  0  590530  590552  22  0  129917  5198  0  314346  4843  129917  0  120834  1022  45704  18858  846133488  3  27555  27346  27346  0.160127349814  
1439628939  0  659229  1030  42  22  11196365  5374  121371  121336  18449555823  5696  0  611788  611810  22  0  129917  5198  0  314360  4923  129917  0  121371  1030  46571  19672  611658160  8  20987  21258  21258  0.15624312644  
1439628949  0  668050  1032  42  22  11248678  5458  122410  122375  18719204946  5728  0  620380  620402  22  0  129917  5249  0  314545  5003  129917  0  122410  1032  46867  19956  269649123  2  8821  8592  8592  0.154479455131  
1439628959  0  677094  1032  42  22  11349228  5579  124525  124490  19002512312  5801  0  629859  629881  22  0  129923  5319  0  314599  5119  129923  0  124525  1032  47169  20247  283307366  0  9044  9479  9479  0.152416060399  
1439628969  0  691075  1032  42  22  11605022  5845  130732  130697  19433992884  5845  0  643552  643574  22  0  130732  5366  0  314668  5353  130732  0  130732  1032  47492  20556  431480572  0  13981  13693  13693  0.149332561589  
1439628979  0  705729  1045  42  22  11482861  5720  128081  128046  19894593535  5862  0  658502  658524  22  0  131080  5368  0  314760  5226  131080  0  128081  1045  48240  21265  460600651  13  14654  14950  14950  0.148073835707  
1439628989  0  717241  1045  42  22  11301890  5534  123268  123233  20268569964  5862  0  670010  670032  22  0  131080  5368  0  314819  5066  131080  0  123268  1045  48878  21880  373976429  0  11512  11508  11508  0.145697192436  
1439628999  0  744025  1077  42  22  11456838  5731  127319  127284  21086150210  5892  0  696793  696815  22  0  131336  5389  0  314952  5243  131336  0  127319  1077  49823  22777  817580246  32  26784  26783  26783  0.144753200497  
1439629009  0  763360  1101  42  22  11464519  5737  128583  128548  21646074958  5900  0  716340  716362  22  0  131535  5395  0  315036  5244  131535  0  128583  1101  50618  23532  559924748  24  19335  19547  19547  0.144230769231  
1439629019  0  784354  1129  42  22  11371894  5699  127366  127331  22214964346  5900  0  737206  737228  22  0  131535  5395  0  315163  5180  131535  0  127366  1129  51557  24425  568889388  28  20994  20866  20866  0.143940108675  
1439629029  0  801944  1151  42  22  11443279  5774  130432  130397  22697813296  5924  0  754712  754734  22  0  132825  5395  0  315250  5216  132825  0  130432  1151  52228  25060  482848950  22  17590  17506  17506  0.143526231258  
1439629039  0  811043  1151  42  22  11371526  5692  128477  128442  22955140549  5924  0  764006  764028  22  0  133995  5395  0  315311  5153  133995  0  128477  1151  52673  25479  257327253  0  9099  9294  9294  0.141916026647  
1439629049  0  834166  1160  42  22  11430608  5738  129703  129668  23621218550  5924  0  787250  787272  22  0  133995  5395  0  315455  5199  133995  0  129703  1160  53599  26362  666078001  9  23123  23244  23244  0.139061050199  
1439629059  0  847731  1160  42  22  11360358  5619  127935  127900  24027420989  5924  0  800855  800877  22  0  133995  5395  0  315519  5102  133995  0  127935  1160  54254  26983  406202439  0  13565  13605  13605  0.136835859488  
1439629069  0  856333  1168  42  22  11407556  5619  128672  128637  24263422100  5924  0  809333  809355  22  0  134378  5395  0  315549  5088  134378  0  128672  1168  54591  27306  236001111  8  8602  8478  8478  0.136395537717  
1439629079  0  871924  1168  42  22  11226356  5442  123952  123917  24720682697  5924  0  825100  825122  22  0  134845  5395  0  315633  4940  134845  0  123952  1168  55414  28087  457260597  0  15591  15767  15767  0.133956629248  
1439629089  0  904513  1173  42  22  11398076  5593  126896  126861  25686138434  5924  0  857526  857548  22  0  134845  5395  0  315798  5098  134845  0  126896  1173  56630  29235  965455737  5  32589  32426  32426  0.129683044909  
1439629099  0  914380  1180  42  22  11503363  5689  129477  129442  25983358109  5924  0  867766  867788  22  0  134845  5395  0  315851  5174  134845  0  129477  1180  56964  29547  297219675  7  9867  10240  10240  0.129049191802  
1439629109  0  919807  1187  42  22  11254628  5433  123330  123295  26142626586  5924  0  873162  873184  22  0  134845  5395  0  315877  4943  134845  0  123330  1187  57421  29985  159268477  7  5427  5396  5396  0.129048811327  
1439629119  0  931932  1187  42  22  11418792  5586  127528  127493  26504228230  5924  0  885165  885187  22  0  134845  5395  0  315968  5085  134845  0  127528  1187  57759  30309  361601644  0  12125  12003  12003  0.127369808098  
1439629129  0  962953  1188  42  22  11480999  5645  128681  128646  27441563774  5924  0  916299  916321  22  0  134845  5395  0  316124  5167  134845  0  128681  1188  58975  31458  937335544  1  31021  31134  31134  0.123370507179  
1439629139  0  985013  1188  42  22  11324382  5516  123967  123932  28082992004  5924  0  938523  938545  22  0  134845  5395  0  316263  5040  134845  0  123967  1188  60110  32536  641428230  0  22060  22224  22224  0.120607545281  
1439629149  0  1008121  1201  42  22  11363518  5578  125001  124966  28776989630  5924  0  961816  961838  22  0  134845  5395  0  316276  5095  134845  0  125001  1201  61027  33413  693997626  13  23108  23293  23293  0.119132524766  
1439629159  0  1018150  1201  42  22  11426219  5649  126434  126399  29043150663  5924  0  971563  971585  22  0  134845  5395  0  316477  5163  134845  0  126434  1201  61357  33730  266161033  0  10029  9747  9747  0.117959043363  
1439629169  0  1042528  1233  42  22  11326017  5578  124749  124714  29737620161  5924  0  995908  995930  22  0  134845  5395  0  316591  5089  134845  0  124749  1233  62455  34777  694469498  32  24378  24345  24345  0.118270204733  
1439629179  0  1068767  1257  42  22  11458022  5735  128863  128828  30475289491  5924  0  1022405  1022427  22  0  134845  5395  0  316706  5233  134845  0  128863  1257  63399  35673  737669330  24  26239  26497  26497  0.117612164298  
1439629189  0  1091763  1279  42  22  11240843  5514  124703  124668  31139600187  5924  0  1045490  1045512  22  0  134845  5395  0  316861  5007  134845  0  124703  1279  64581  36794  664310696  22  22996  23085  23085  0.11714996753  
1439629199  0  1104004  1297  42  22  11427851  5726  129956  129921  31497263561  5924  0  1057828  1057850  22  0  134845  5395  0  316898  5199  134845  0  129956  1297  64878  37075  357663374  18  12241  12338  12338  0.117481458401  
1439629209  0  1117038  1297  42  22  11363965  5660  128156  128121  31883736444  5924  0  1070842  1070864  22  0  134845  5395  0  316957  5144  134845  0  128156  1297  65496  37662  386472883  0  13034  13014  13014  0.11611064261  
1439629219  0  1133892  1304  42  22  11452191  5721  130243  130208  32364962299  5924  0  1087602  1087624  22  0  134845  5395  0  317080  5189  134845  0  130243  1304  66142  38273  481225855  7  16854  16760  16760  0.115002134242  
1439629229  0  1150700  1304  42  22  11379640  5628  128398  128363  32837654800  5924  0  1104352  1104374  22  0  134845  5395  0  317163  5108  134845  0  128398  1304  66925  39017  472692501  0  16808  16750  16750  0.113322325541  
1439629239  0  1161824  1312  42  22  11505816  5722  131129  131094  33146348616  5924  0  1115430  1115452  22  0  134845  5395  0  317220  5184  134845  0  131129  1312  67275  39355  308693816  8  11124  11078  11078  0.112925882061  
1439629249  0  1174574  1312  42  22  11442443  5668  129410  129375  33511594920  5924  0  1128415  1128437  22  0  134845  5395  0  317288  5148  134845  0  129410  1312  67873  39921  365246304  0  12750  12985  12985  0.111700071686  
1439629259  0  1200477  1317  42  22  11595843  5805  132036  132001  34290804181  5924  0  1154340  1154362  22  0  134845  5395  0  317438  5283  134845  0  132036  1317  68834  40827  779209261  5  25903  25925  25925  0.109706391709  
1439629269  0  1222852  1324  42  22  11446582  5649  128032  127997  35000052756  5924  0  1176956  1176978  22  0  134845  5395  0  317521  5141  134845  0  128032  1324  69927  41864  709248575  7  22375  22616  22616  0.108271483385  
1439629279  0  1237690  1327  42  22  11469530  5656  128551  128516  35450078953  5924  0  1191777  1191799  22  0  134845  5395  0  317565  5162  134845  0  128551  1327  70537  42447  450026197  3  14838  14821  14821  0.107215861807  
1439629289  0  1264493  1328  42  22  11499770  5705  128829  128794  36233866182  5924  0  1218699  1218721  22  0  134845  5406  0  317778  5222  134845  0  128829  1328  71643  43487  783787229  1  26803  26922  26922  0.105022329107  
1439629299  0  1276940  1328  42  22  11391997  5595  125583  125548  36589717476  5924  0  1230894  1230916  22  0  134845  5406  0  317864  5129  134845  0  125583  1328  72266  44079  355851294  0  12447  12195  12195  0.103998621705  
1439629309  0  1288162  1328  42  22  11556540  5774  129524  129489  36921346068  5924  0  1242198  1242220  22  0  134845  5406  0  317903  5289  134845  0  129524  1328  72567  44365  331628592  0  11222  11304  11304  0.103092623443  
1439629319  0  1292417  1328  42  22  11438993  5652  126682  126647  37017335006  5924  0  1246716  1246738  22  0  134845  5425  0  317918  5170  134845  0  126682  1328  72882  44670  95988938  0  4255  4518  4518  0.102753213553  
1439629330  0  1316695  1341  42  22  11258643  5482  122492  122457  37748505077  5948  0  1270758  1270780  22  0  134845  5429  0  318054  4996  134845  0  122492  1341  74047  45786  731170071  13  24278  24042  24042  0.101845909645  
1439629340  0  1346858  1373  42  22  11619866  5991  131764  131729  38632588844  5991  0  1301239  1301261  22  0  134845  5469  0  318206  5469  134845  0  131764  1373  74931  46626  884083767  32  30163  30481  30481  0.101940961853  
1439629350  0  1357570  1373  42  22  11431074  5726  127356  127321  38976584254  6006  0  1312043  1312065  22  0  134845  5483  0  318233  5224  134845  0  127356  1373  75576  47241  343995410  0  10712  10804  10804  0.101136589642  
1439629360  0  1366933  1448  42  22  11294738  5745  128232  128197  39231127391  6006  0  1321340  1321362  22  0  134845  5483  0  318373  5253  134845  0  128232  1448  75916  47560  254543137  75  9363  9297  9297  0.105930575968  
1439629370  0  1377980  1466  42  22  11278488  5717  128241  128206  39550642962  6006  0  1332102  1332124  22  0  134845  5483  0  318419  5195  134845  0  128241  1466  76396  48019  319515571  18  11047  10762  10762  0.106387610851  
1439629380  0  1390307  1467  42  22  11186086  5637  125845  125810  39936432972  6006  0  1344669  1344691  22  0  134845  5483  0  318476  5119  134845  0  125845  1467  77026  48616  385790010  1  12327  12567  12567  0.105516263674  
1439629390  0  1409842  1486  42  22  11337989  5767  130539  130504  40514615796  6006  0  1364189  1364211  22  0  134845  5483  0  318576  5233  134845  0  130539  1486  77661  49219  578182824  19  19535  19520  19520  0.105401881913  
1439629400  0  1438996  1516  42  22  11272678  5552  125945  125910  41416401507  6006  0  1393602  1393624  22  0  134845  5483  0  318726  5027  134845  0  125945  1516  79114  50595  901785711  30  29154  29413  29413  0.105351230997  
1439629410  0  1460151  1516  42  22  11554618  5807  132405  132370  42022363444  6006  0  1414631  1414653  22  0  134845  5483  0  318767  5250  134845  0  132405  1516  79721  51177  605961937  0  21155  21029  21029  0.103824878386  
1439629420  0  1482811  1718  42  22  11109070  5763  131552  131517  42749102425  6006  0  1437603  1437625  22  0  134845  5483  0  319267  5250  134845  0  131552  1718  80717  52117  726738981  202  22660  22972  22972  0.115861023421  
1439629430  0  1483248  2131  42  22  10098908  5754  131139  131104  42790315360  6006  0  1437603  1437625  22  0  134845  5483  0  319267  5245  134845  0  131139  2131  80717  52117  41212935  413  437  0  0  0.143671186477  
1439629440  0  1483248  2131  42  22  10098908  5754  131139  131104  42790315360  6006  0  1437603  1437625  22  0  134845  5483  0  319267  5245  134845  0  131139  2131  80717  52117  0  0  0  0  0  0.143671186477  
1439629450  0  1483248  2131  42  22  10098908  5754  131139  131104  42790315360  6006  0  1437603  1437625  22  0  134845  5483  0  319267  5245  134845  0  131139  2131  80717  52117  0  0  0  0  0  0.143671186477  
1439629460  0  1483248  2131  42  22  10098908  5754  131139  131104  42790315360  6006  0  1437603  1437625  22  0  134845  5483  0  319267  5245  134845  0  131139  2131  80717  52117  0  0  0  0  0  0.143671186477  
1439629470  0  1483248  2131  42  22  10098908  5754  131139  131104  42790315360  6006  0  1437603  1437625  22  0  134845  5483  0  319267  5245  134845  0  131139  2131  80717  52117  0  0  0  0  0  0.143671186477  
