#Type:X;CI:2;ww:0;ca:0;co:1;fr:0;Type:X;CI:2;PI:0;PT:EP;U0:0;U1:0;Type:X;CI:2;PI:1;PT:EP;U0:0;U1:0;
#time  Pp  gt  gs  cn  cm  cb  Nc  Pc  cp  Tc  Nm  pr  ps  pt  px  pd  Pm  Om  fs  ft  Oc  Em  Gp  Ec  Ge  ot  os  Total_cycles_diff  Successful_get_diff  Total_get_diff  succ_put_diff  total_put_diff  get_hit  
1438971783  0  0  0  0  0  0  0  0  0  4261757  0  0  0  0  0  0  0  0  0  21  0  0  0  0  0  46  0  4261757  0  0  0  0  
1438971793  0  0  0  0  0  0  0  0  0  4264714  0  0  0  0  0  0  0  0  0  21  0  0  0  0  0  46  0  2957  0  0  0  0  0 
1438971803  0  48832  0  45215  5  6526529  1070  48046  2831  5310623336  1070  0  48046  48051  5  0  48046  272  0  88  272  48046  0  48046  0  46  0  5306358622  0  48832  48046  48051  0.0  
1438971813  0  142176  0  137809  5  1975497  1862  88882  834  16671694295  1872  0  141474  141479  5  0  89746  272  0  88  30  89746  0  88882  0  46  0  11361070959  0  93344  93428  93428  0.0  
1438971823  0  227433  5346  222867  5  88457  2149  88262  53  27764089839  2182  0  226585  226590  5  0  89746  272  0  88  3  89746  0  88262  5346  46  0  11092395544  5346  85257  85111  85111  2.35058236931  
1438971833  0  264828  21868  258308  5  100327  2218  88532  59  32763349128  2241  0  262032  262037  5  0  89746  272  0  88  3  89746  0  88532  21868  46  0  4999259289  16522  37395  35447  35447  8.25743501442  
1438971843  0  295145  36288  288558  5  129474  2183  88622  69  37143535502  2241  0  292292  292297  5  0  89746  272  0  88  4  89746  0  88622  36288  46  0  4380186374  14420  30317  30260  30260  12.294973657  
1438971853  0  329354  49953  322648  5  362435  2235  88856  182  42104017629  2241  0  326495  326500  5  0  89746  272  0  88  6  89746  0  88856  49953  46  0  4960482127  13665  34209  34203  34203  15.1669632068  
1438971863  0  371530  66650  364763  5  278216  2207  88915  131  47951230486  2241  0  368618  368623  5  0  89746  272  0  88  7  89746  0  88915  66650  46  0  5847212857  16697  42176  42123  42123  17.9393319517  
1438971873  0  425348  87929  418586  5  23955  2217  88854  11  55601507663  2241  0  422444  422449  5  0  89746  272  0  88  5  89746  0  88854  87929  46  0  7650277177  21279  53818  53826  53826  20.6722495463  
1438971883  0  469183  107058  461012  5  1815688  2256  88913  754  62229265523  2299  0  465614  465619  5  0  89746  272  0  108  180  89746  0  88913  107058  46  0  6627757860  19129  43835  43170  43170  22.8179622876  
1438971893  0  515163  127233  507354  5  1799580  2276  89179  746  68786137032  2299  0  511956  511961  5  0  89746  272  0  108  179  89746  0  89179  127233  46  0  6556871509  20175  45980  46342  46342  24.6976199766  
1438971903  0  563843  150284  556033  5  0  2178  88704  0  75632125565  2299  0  560635  560640  5  0  89746  272  0  108  2  89746  0  88704  150284  46  0  6845988533  23051  48680  48679  48679  26.6535187987  
1438971913  0  616175  174996  607963  5  0  2209  88572  0  82916033108  2299  0  612565  612570  5  0  89746  272  0  108  2  89746  0  88572  174996  46  0  7283907543  24712  52332  51930  51930  28.4003732706  
1438971923  0  663088  197214  655013  5  10551  2222  88836  5  89545374220  2299  0  659620  659625  5  0  89746  272  0  108  3  89746  0  88836  197214  46  0  6629341112  22218  46913  47055  47055  29.741753734  
1438971933  0  708784  218206  701002  5  16840  2230  88884  7  96283845250  2299  0  705611  705616  5  0  89746  272  0  108  3  89746  0  88884  218206  46  0  6738471030  20992  45696  45991  45991  30.7859658232  
1438971944  0  752646  239295  744059  5  1578066  2282  88979  588  102102869777  2303  0  749254  749259  5  0  89746  272  0  108  40  89746  0  88979  239295  46  0  5819024527  21089  43862  43643  43643  31.793831363  
1438971954  0  798168  260306  789720  5  1571777  2283  89011  586  108599853368  2303  0  794915  794920  5  0  89746  272  0  108  40  89746  0  89011  260306  46  0  6496983591  21011  45522  45661  45661  32.612933618  
1438971964  0  830479  275495  822102  5  1571777  2274  89018  586  113675107128  2303  0  827297  827302  5  0  89746  272  0  108  40  89746  0  89018  275495  46  0  5075253760  15189  32311  32382  32382  33.1730242426  
1438971974  0  875014  294908  866255  5  0  2195  88396  0  120243353937  2303  0  871450  871455  5  0  89746  272  0  108  2  89746  0  88396  294908  46  0  6568246809  19413  44535  44153  44153  33.7032321769  
1438971984  0  921375  315731  912915  5  11662  2205  88705  6  127203804464  2303  0  918116  918121  5  0  89746  272  0  108  3  89746  0  88705  315731  46  0  6960450527  20823  46361  46666  46666  34.267372134  
1438971994  0  958601  332984  950178  5  17951  2224  88763  8  132797835395  2303  0  955381  955386  5  0  89746  272  0  108  3  89746  0  88763  332984  46  0  5594030931  17253  37226  37265  37265  34.736454479  
1438972004  0  1012955  355187  1004531  5  6289  2218  88860  2  140732812435  2303  0  1009734  1009739  5  0  89746  272  0  108  3  89746  0  88860  355187  46  0  7934977040  22203  54354  54353  54353  35.0644401775  
1438972014  0  1051402  372894  1042798  5  0  2219  88878  0  146348811054  2303  0  1048001  1048006  5  0  89746  272  0  108  2  89746  0  88878  372894  46  0  5615998619  17707  38447  38267  38267  35.4663582531  
1438972024  0  1092051  387530  1083643  5  0  2193  88897  0  152571405664  2303  0  1088846  1088851  5  0  89746  272  0  108  2  89746  0  88897  387530  46  0  6222594610  14636  40649  40845  40845  35.4864379045  
1438972034  0  1139754  407833  1131343  5  0  2228  88905  0  159887643517  2303  0  1136546  1136551  5  0  89746  272  0  108  2  89746  0  88905  407833  46  0  7316237853  20303  47703  47700  47700  35.7825460582  
1438972044  0  1178367  424159  1169845  5  11662  2208  88914  6  165781308954  2303  0  1175054  1175059  5  0  89746  272  0  108  3  89746  0  88914  424159  46  0  5893665437  16326  38613  38508  38508  35.9954920666  
1438972054  0  1230613  445399  1222184  5  19509  2200  88919  9  173306090289  2303  0  1227396  1227401  5  0  89746  272  0  108  3  89746  0  88919  445399  46  0  7524781335  21240  52246  52342  52342  36.1932630323  
1438972064  0  1266103  460838  1257681  5  19509  2224  88919  9  178523333557  2303  0  1262893  1262898  5  0  89746  272  0  108  3  89746  0  88919  460838  46  0  5217243268  15439  35490  35497  35497  36.3981445427  
1438972074  0  1312059  480208  1303502  5  9405  2215  88914  4  185057252504  2303  0  1308715  1308720  5  0  89746  272  0  108  3  89746  0  88914  480208  46  0  6533918947  19370  45956  45822  45822  36.5995736472  
1438972084  0  1346500  494902  1337875  5  1558  2226  88826  1  190167550040  2303  0  1343088  1343093  5  0  89746  272  0  108  2  89746  0  88826  494902  46  0  5110297536  14694  34441  34373  34373  36.7546973635  
1438972094  0  1401175  518043  1392759  5  11662  2224  88916  6  198155060108  2303  0  1397978  1397983  5  0  89746  272  0  108  3  89746  0  88916  518043  46  0  7987510068  23141  54675  54890  54890  36.9720413225  
1438972104  0  1440003  534498  1431562  5  11662  2228  88918  6  203942342156  2303  0  1436781  1436786  5  0  89746  272  0  108  3  89746  0  88918  534498  46  0  5787282048  16455  38828  38803  38803  37.1178393378  
1438972114  0  1493608  556903  1485178  5  17951  2211  88938  8  211779244513  2303  0  1490399  1490404  5  0  89746  272  0  108  3  89746  0  88938  556903  46  0  7836902357  22405  53605  53618  53618  37.2857536917  
1438972124  0  1541122  577698  1532469  5  6289  2233  88880  2  218624612531  2303  0  1537690  1537695  5  0  89746  272  0  108  3  89746  0  88880  577698  46  0  6845368018  20795  47514  47291  47291  37.4855462449  
1438972134  0  1598007  601250  1589604  5  0  2221  88931  0  226823172118  2303  0  1594825  1594830  5  0  89746  272  0  108  2  89746  0  88931  601250  46  0  8198559587  23552  56885  57135  57135  37.6249916302  
1438972144  0  1641230  619319  1632835  5  0  2243  88932  0  233300510179  2303  0  1638056  1638061  5  0  89746  272  0  108  2  89746  0  88932  619319  46  0  6477338061  18069  43223  43231  43231  37.7350523693  
1438972154  0  1678316  634227  1669915  5  0  2205  88932  0  238715317111  2303  0  1675136  1675141  5  0  89746  272  0  108  2  89746  0  88932  634227  46  0  5414806932  14908  37086  37080  37080  37.7894866044  
1438972164  0  1726943  656670  1718533  5  11662  2214  88940  6  245867061682  2303  0  1723760  1723765  5  0  89746  272  0  108  3  89746  0  88940  656670  46  0  7151744571  22443  48627  48624  48624  38.0249956136  
1438972174  0  1762405  673373  1753984  5  11662  2180  88940  6  251308127516  2303  0  1759211  1759216  5  0  89746  272  0  108  3  89746  0  88940  673373  46  0  5441065834  16703  35462  35451  35451  38.2076197015  
1438972184  0  1819420  699718  1810991  5  39796  2236  88941  15  259368970781  2303  0  1816241  1816246  5  0  89746  272  0  108  4  89746  0  88941  699718  46  0  8060843265  26345  57015  57030  57030  38.4582998978  
1438972194  0  1880658  727376  1871976  5  418098  2235  88985  178  268081258376  2303  0  1877431  1877436  5  0  89746  272  0  108  5  89746  0  88985  727376  46  0  8712287595  27658  61238  61190  61190  38.6766759294  
1438972204  0  1924303  746435  1915575  5  610745  2217  88996  246  274374939811  2303  0  1921100  1921105  5  0  89746  272  0  108  4  89746  0  88996  746435  46  0  6293681435  19059  43645  43669  43669  38.7898891183  
1438972214  0  1972650  766989  1963917  5  446121  2239  88953  184  281470322666  2303  0  1969447  1969452  5  0  89746  272  0  108  4  89746  0  88953  766989  46  0  7095382855  20554  48347  48347  48347  38.8811497225  
1438972224  0  2018956  788874  2009959  5  190755  2221  88919  70  288470348547  2303  0  2015495  2015500  5  0  89746  272  0  108  5  89746  0  88919  788874  46  0  7000025881  21885  46306  46048  46048  39.0733626686  
1438972234  0  2061515  805305  2052764  5  23254  2218  88899  10  295101762509  2303  0  2058302  2058307  5  0  89746  272  0  108  5  89746  0  88899  805305  46  0  6631413962  16431  42559  42807  42807  39.0637468076  
1438972244  0  2106470  824890  2097737  5  17951  2264  88908  8  301515698728  2303  0  2103275  2103280  5  0  89746  272  0  108  3  89746  0  88908  824890  46  0  6413936219  19585  44955  44973  44973  39.1598266294  
1438972254  0  2154486  844611  2145752  5  6289  2193  88915  2  308814777558  2303  0  2151290  2151295  5  0  89746  272  0  108  3  89746  0  88915  844611  46  0  7299078830  19721  48016  48015  48015  39.2024362191  
1438972264  0  2202405  864875  2193708  5  0  2215  88921  0  315806764121  2303  0  2199246  2199251  5  0  89746  272  0  108  2  89746  0  88921  864875  46  0  6991986563  20264  47919  47956  47956  39.2695712187  
1438972274  0  2254228  888517  2245107  5  34042  2194  88725  14  323384533305  2303  0  2250659  2250664  5  0  89746  272  0  108  5  89746  0  88725  888517  46  0  7577769184  23642  51823  51413  51413  39.4155781935  
1438972284  0  2309010  912940  2300260  5  34042  2207  88947  14  331141138812  2303  0  2305812  2305817  5  0  89746  272  0  108  5  89746  0  88947  912940  46  0  7756605507  24423  54782  55153  55153  39.5381570457  
1438972294  0  2349301  931911  2340519  5  2561  2221  88938  1  337123293041  2303  0  2346071  2346076  5  0  89746  272  0  108  3  89746  0  88938  931911  46  0  5982154229  18971  40291  40259  40259  39.667586231  
1438972304  0  2394306  953244  2385590  5  0  2203  88938  0  343736927005  2303  0  2391142  2391147  5  0  89746  272  0  108  2  89746  0  88938  953244  46  0  6613633964  21333  45005  45071  45071  39.8129562387  
1438972314  0  2432628  970241  2423852  5  0  2213  88938  0  349820489947  2303  0  2429404  2429409  5  0  89746  272  0  108  2  89746  0  88938  970241  46  0  6083562942  16997  38322  38262  38262  39.8844788435  
1438972324  0  2481941  991848  2473227  5  5612  2213  88940  2  357262489428  2303  0  2478781  2478786  5  0  89746  272  0  108  3  89746  0  88940  991848  46  0  7441999481  21607  49313  49377  49377  39.9625937925  
1438972334  0  2531461  1013751  2522724  5  17274  2217  88949  8  364453105229  2303  0  2528284  2528289  5  0  89746  272  0  108  4  89746  0  88949  1013751  46  0  7190615801  21903  49520  49503  49503  40.0460840598  
1438972344  0  2576265  1031903  2567382  5  11662  2220  88901  6  371061704344  2303  0  2572942  2572947  5  0  89746  272  0  108  3  89746  0  88901  1031903  46  0  6608599115  18152  44804  44658  44658  40.0542257881  
1438972354  0  2619739  1049967  2610956  5  17951  2197  88960  8  377523122238  2303  0  2616518  2616523  5  0  89746  272  0  108  3  89746  0  88960  1049967  46  0  6461417894  18064  43474  43576  43576  40.0790689454  
1438972364  0  2663458  1069187  2654635  5  6289  2227  88954  2  384033491848  2303  0  2660197  2660202  5  0  89746  272  0  108  3  89746  0  88954  1069187  46  0  6510369610  19220  43719  43679  43679  40.1428143414  
1438972374  0  2700083  1084226  2691277  5  0  2224  88952  0  389621246685  2303  0  2696839  2696844  5  0  89746  272  0  108  2  89746  0  88952  1084226  46  0  5587754837  15039  36625  36642  36642  40.1552841153  
1438972384  0  2746607  1102137  2737584  5  0  2252  88854  0  396538155047  2303  0  2743146  2743151  5  0  89746  272  0  108  2  89746  0  88854  1102137  46  0  6916908362  17911  46524  46307  46307  40.127218783  
1438972394  0  2789412  1120653  2780409  5  0  2224  88898  0  402918431389  2303  0  2785971  2785976  5  0  89746  272  0  108  2  89746  0  88898  1120653  46  0  6380276342  18516  42805  42825  42825  40.1752412336  
1438972404  0  2829004  1138238  2820204  5  11662  2261  88958  6  409089512771  2303  0  2825772  2825777  5  0  89746  272  0  108  3  89746  0  88958  1138238  46  0  6171081382  17585  39592  39801  39801  40.2345843272  
1438972414  0  2871757  1153840  2863032  5  17951  2229  88957  8  415857948712  2303  0  2868602  2868607  5  0  89746  272  0  108  3  89746  0  88957  1153840  46  0  6768435941  15602  42753  42830  42830  40.1788870019  
1438972424  0  2901215  1165902  2892411  5  17951  2230  88957  8  420352355473  2303  0  2897981  2897986  5  0  89746  272  0  108  3  89746  0  88957  1165902  46  0  4494406761  12062  29458  29379  29379  40.186680408  
1438972434  0  2902181  1165902  2892797  5  17951  2229  88957  8  420397897909  2303  0  2898367  2898372  5  0  89746  272  0  108  3  89746  0  88957  1165902  46  0  45542436  0  966  386  386  40.1733041461  
1438972444  0  2902475  1165910  2893359  5  0  2228  88951  0  420540127482  2303  0  2898929  2898934  5  0  89746  272  0  108  2  89746  0  88951  1165910  46  0  142229573  8  294  562  562  40.169510504  
1438972454  0  2902747  1165910  2893774  5  0  2231  88951  0  420598485684  2303  0  2899344  2899349  5  0  89746  272  0  108  2  89746  0  88951  1165910  46  0  58358202  0  272  415  415  40.1657464464  
