#Type:X;CI:4;ww:0;ca:0;co:1;fr:0;Type:X;CI:4;PI:0;PT:EP;U0:0;U1:0;Type:X;CI:4;PI:1;PT:EP;U0:0;U1:0;
#time  Pp  gt  gs  cn  cm  cb  Nc  Pc  cp  Tc  Nm  pr  ps  pt  px  pd  Pm  Om  fs  ft  Oc  Em  Gp  Ec  Ge  ot  os  Total_cycles_diff  Successful_get_diff  Total_get_diff  succ_put_diff  total_put_diff  get_hit  
1439249453  0  0  0  0  0  0  0  0  0  0  0  0  0  0  0  0  0  0  0  0  0  0  0  0  0  0  0  0  0  0  0  0  
1439249463  0  0  0  0  0  0  0  0  0  0  0  0  0  0  0  0  0  0  0  0  0  0  0  0  0  0  0  0  0  0  0  0  0 
1439249473  0  94  90  13  5  3976250  99  1642  1633  228460111  233  0  3455  3460  5  0  3455  352  0  88  50  3455  0  1642  90  2906  297  228460111  90  94  3455  3460  95.7446808511  
1439249483  0  94  90  13  5  3976250  99  1642  1633  228460111  233  0  3455  3460  5  0  3455  352  0  88  50  3455  0  1642  90  2906  297  0  0  0  0  0  95.7446808511  
1439249493  0  94  90  13  5  3976250  99  1642  1633  228460111  233  0  3455  3460  5  0  3455  352  0  88  50  3455  0  1642  90  2906  297  0  0  0  0  0  95.7446808511  
1439249503  0  94  90  13  5  3976250  99  1642  1633  228460111  233  0  3455  3460  5  0  3455  352  0  88  50  3455  0  1642  90  2906  297  0  0  0  0  0  95.7446808511  
1439249513  0  94  90  13  5  3976250  99  1642  1633  228460111  233  0  3455  3460  5  0  3455  352  0  88  50  3455  0  1642  90  2906  297  0  0  0  0  0  95.7446808511  
1439249523  0  94  90  13  5  3976250  99  1642  1633  228460111  233  0  3455  3460  5  0  3455  352  0  88  50  3455  0  1642  90  2906  297  0  0  0  0  0  95.7446808511  
1439249533  0  94  90  13  5  3976250  99  1642  1633  228460111  233  0  3455  3460  5  0  3455  352  0  88  50  3455  0  1642  90  2906  297  0  0  0  0  0  95.7446808511  
1439249543  0  94  90  13  5  3976250  99  1642  1633  228460111  233  0  3455  3460  5  0  3455  352  0  88  50  3455  0  1642  90  2906  297  0  0  0  0  0  95.7446808511  
1439249553  0  94  90  13  5  3976250  99  1642  1633  228460111  233  0  3455  3460  5  0  3455  352  0  88  50  3455  0  1642  90  2906  297  0  0  0  0  0  95.7446808511  
1439249563  0  94  90  13  5  3976250  99  1642  1633  228460111  233  0  3455  3460  5  0  3455  352  0  88  50  3455  0  1642  90  2906  297  0  0  0  0  0  95.7446808511  
1439249573  0  94  90  13  5  3976250  99  1642  1633  228460111  233  0  3455  3460  5  0  3455  352  0  88  50  3455  0  1642  90  2906  297  0  0  0  0  0  95.7446808511  
1439249583  0  94  90  13  5  3976250  99  1642  1633  228460111  233  0  3455  3460  5  0  3455  352  0  88  50  3455  0  1642  90  2906  297  0  0  0  0  0  95.7446808511  
1439249593  0  94  90  13  5  3976250  99  1642  1633  228460111  233  0  3455  3460  5  0  3455  352  0  88  50  3455  0  1642  90  2906  297  0  0  0  0  0  95.7446808511  
1439249603  0  94  90  13  5  3976250  99  1642  1633  228460111  233  0  3455  3460  5  0  3455  352  0  88  50  3455  0  1642  90  2906  297  0  0  0  0  0  95.7446808511  
1439249613  0  94  90  13  5  3976250  99  1642  1633  228460111  233  0  3455  3460  5  0  3455  352  0  88  50  3455  0  1642  90  2906  297  0  0  0  0  0  95.7446808511  
1439249623  0  94  90  13  5  3976250  99  1642  1633  228460111  233  0  3455  3460  5  0  3455  352  0  88  50  3455  0  1642  90  2906  297  0  0  0  0  0  95.7446808511  
1439249633  0  94  90  13  5  3976250  99  1642  1633  228460111  233  0  3455  3460  5  0  3455  352  0  88  50  3455  0  1642  90  2906  297  0  0  0  0  0  95.7446808511  
1439249643  0  94  90  13  5  3976250  99  1642  1633  228460111  233  0  3455  3460  5  0  3455  352  0  88  50  3455  0  1642  90  2906  297  0  0  0  0  0  95.7446808511  
1439249653  0  94  90  13  5  3976250  99  1642  1633  228460111  233  0  3455  3460  5  0  3455  352  0  88  50  3455  0  1642  90  2906  297  0  0  0  0  0  95.7446808511  
1439249663  0  94  90  13  5  3976250  99  1642  1633  228460111  233  0  3455  3460  5  0  3455  352  0  88  50  3455  0  1642  90  2906  297  0  0  0  0  0  95.7446808511  
1439249673  0  94  90  13  5  3976250  99  1642  1633  228460111  233  0  3455  3460  5  0  3455  352  0  88  50  3455  0  1642  90  2906  297  0  0  0  0  0  95.7446808511  
1439249683  0  94  90  13  5  3976250  99  1642  1633  228460111  233  0  3455  3460  5  0  3455  352  0  88  50  3455  0  1642  90  2906  297  0  0  0  0  0  95.7446808511  
1439249693  0  94  90  13  5  3976250  99  1642  1633  228460111  233  0  3455  3460  5  0  3455  352  0  88  50  3455  0  1642  90  2906  297  0  0  0  0  0  95.7446808511  
1439249703  0  94  90  13  5  3976250  99  1642  1633  228460111  233  0  3455  3460  5  0  3455  352  0  88  50  3455  0  1642  90  2906  297  0  0  0  0  0  95.7446808511  
1439249713  0  94  90  13  5  3976250  99  1642  1633  228460111  233  0  3455  3460  5  0  3455  352  0  88  50  3455  0  1642  90  2906  297  0  0  0  0  0  95.7446808511  
1439249723  0  94  90  13  5  3976250  99  1642  1633  228460111  233  0  3455  3460  5  0  3455  352  0  88  50  3455  0  1642  90  2906  297  0  0  0  0  0  95.7446808511  
1439249733  0  94  90  13  5  3976250  99  1642  1633  228460111  233  0  3455  3460  5  0  3455  352  0  88  50  3455  0  1642  90  2906  297  0  0  0  0  0  95.7446808511  
1439249743  0  94  90  13  5  3976250  99  1642  1633  228460111  233  0  3455  3460  5  0  3455  352  0  88  50  3455  0  1642  90  2906  297  0  0  0  0  0  95.7446808511  
1439249753  0  94  90  13  5  3976250  99  1642  1633  228460111  233  0  3455  3460  5  0  3455  352  0  88  50  3455  0  1642  90  2906  297  0  0  0  0  0  95.7446808511  
1439249763  0  94  90  13  5  3976250  99  1642  1633  228460111  233  0  3455  3460  5  0  3455  352  0  88  50  3455  0  1642  90  2906  297  0  0  0  0  0  95.7446808511  
1439249773  0  94  90  13  5  3976250  99  1642  1633  228460111  233  0  3455  3460  5  0  3455  352  0  88  50  3455  0  1642  90  2906  297  0  0  0  0  0  95.7446808511  
1439249783  0  94  90  13  5  3976250  99  1642  1633  228460111  233  0  3455  3460  5  0  3455  352  0  88  50  3455  0  1642  90  2906  297  0  0  0  0  0  95.7446808511  
1439249793  0  94  90  13  5  3976250  99  1642  1633  228460111  233  0  3455  3460  5  0  3455  352  0  88  50  3455  0  1642  90  2906  297  0  0  0  0  0  95.7446808511  
1439249803  0  94  90  13  5  3976250  99  1642  1633  228460111  233  0  3455  3460  5  0  3455  352  0  88  50  3455  0  1642  90  2906  297  0  0  0  0  0  95.7446808511  
1439249813  0  94  90  13  5  3976250  99  1642  1633  228460111  233  0  3455  3460  5  0  3455  352  0  88  50  3455  0  1642  90  2906  297  0  0  0  0  0  95.7446808511  
1439249823  0  94  90  13  5  3976250  99  1642  1633  228460111  233  0  3455  3460  5  0  3455  352  0  88  50  3455  0  1642  90  2906  297  0  0  0  0  0  95.7446808511  
1439249833  0  94  90  13  5  3976250  99  1642  1633  228460111  233  0  3455  3460  5  0  3455  352  0  88  50  3455  0  1642  90  2906  297  0  0  0  0  0  95.7446808511  
1439249843  0  94  90  13  5  3976250  99  1642  1633  228460111  233  0  3455  3460  5  0  3455  352  0  88  50  3455  0  1642  90  2906  297  0  0  0  0  0  95.7446808511  
1439249853  0  94  90  13  5  3976250  99  1642  1633  228460111  233  0  3455  3460  5  0  3455  352  0  88  50  3455  0  1642  90  2906  297  0  0  0  0  0  95.7446808511  
1439249863  0  94  90  13  5  3976250  99  1642  1633  228460111  233  0  3455  3460  5  0  3455  352  0  88  50  3455  0  1642  90  2906  297  0  0  0  0  0  95.7446808511  
1439249873  0  94  90  13  5  3976250  99  1642  1633  228460111  233  0  3455  3460  5  0  3455  352  0  88  50  3455  0  1642  90  2906  297  0  0  0  0  0  95.7446808511  
1439249883  0  94  90  13  5  3976250  99  1642  1633  228460111  233  0  3455  3460  5  0  3455  352  0  88  50  3455  0  1642  90  2906  297  0  0  0  0  0  95.7446808511  
1439249893  0  94  90  13  5  3976250  99  1642  1633  228460111  233  0  3455  3460  5  0  3455  352  0  88  50  3455  0  1642  90  2906  297  0  0  0  0  0  95.7446808511  
1439249903  0  94  90  13  5  3976250  99  1642  1633  228460111  233  0  3455  3460  5  0  3455  352  0  88  50  3455  0  1642  90  2906  297  0  0  0  0  0  95.7446808511  
1439249913  0  94  90  13  5  3976250  99  1642  1633  228460111  233  0  3455  3460  5  0  3455  352  0  88  50  3455  0  1642  90  2906  297  0  0  0  0  0  95.7446808511  
1439249923  0  94  90  13  5  3976250  99  1642  1633  228460111  233  0  3455  3460  5  0  3455  352  0  88  50  3455  0  1642  90  2906  297  0  0  0  0  0  95.7446808511  
1439249934  0  94  90  13  5  3976250  99  1642  1633  228460111  233  0  3455  3460  5  0  3455  352  0  88  50  3455  0  1642  90  2906  297  0  0  0  0  0  95.7446808511  
1439249944  0  94  90  13  5  3976250  99  1642  1633  228460111  233  0  3455  3460  5  0  3455  352  0  88  50  3455  0  1642  90  2906  297  0  0  0  0  0  95.7446808511  
1439249954  0  94  90  13  5  3976250  99  1642  1633  228460111  233  0  3455  3460  5  0  3455  352  0  88  50  3455  0  1642  90  2906  297  0  0  0  0  0  95.7446808511  
1439249964  0  94  90  13  5  3976250  99  1642  1633  228460111  233  0  3455  3460  5  0  3455  352  0  88  50  3455  0  1642  90  2906  297  0  0  0  0  0  95.7446808511  
1439249974  0  94  90  13  5  3976250  99  1642  1633  228460111  233  0  3455  3460  5  0  3455  352  0  88  50  3455  0  1642  90  2906  297  0  0  0  0  0  95.7446808511  
1439249984  0  94  90  13  5  3976250  99  1642  1633  228460111  233  0  3455  3460  5  0  3455  352  0  88  50  3455  0  1642  90  2906  297  0  0  0  0  0  95.7446808511  
1439249994  0  94  90  13  5  3976250  99  1642  1633  228460111  233  0  3455  3460  5  0  3455  352  0  88  50  3455  0  1642  90  2906  297  0  0  0  0  0  95.7446808511  
1439250004  0  94  90  13  5  3976250  99  1642  1633  228460111  233  0  3455  3460  5  0  3455  352  0  88  50  3455  0  1642  90  2906  297  0  0  0  0  0  95.7446808511  
1439250014  0  94  90  13  5  3976250  99  1642  1633  228460111  233  0  3455  3460  5  0  3455  352  0  88  50  3455  0  1642  90  2906  297  0  0  0  0  0  95.7446808511  
1439250024  0  94  90  13  5  3976250  99  1642  1633  228460111  233  0  3455  3460  5  0  3455  352  0  88  50  3455  0  1642  90  2906  297  0  0  0  0  0  95.7446808511  
1439250034  0  94  90  13  5  3976250  99  1642  1633  228460111  233  0  3455  3460  5  0  3455  352  0  88  50  3455  0  1642  90  2906  297  0  0  0  0  0  95.7446808511  
1439250044  0  94  90  13  5  3976250  99  1642  1633  228460111  233  0  3455  3460  5  0  3455  352  0  88  50  3455  0  1642  90  2906  297  0  0  0  0  0  95.7446808511  
1439250054  0  94  90  13  5  3976250  99  1642  1633  228460111  233  0  3455  3460  5  0  3455  352  0  88  50  3455  0  1642  90  2906  297  0  0  0  0  0  95.7446808511  
1439250064  0  94  90  13  5  3976250  99  1642  1633  228460111  233  0  3455  3460  5  0  3455  352  0  88  50  3455  0  1642  90  2906  297  0  0  0  0  0  95.7446808511  
1439250074  0  94  90  13  5  3976250  99  1642  1633  228460111  233  0  3455  3460  5  0  3455  352  0  88  50  3455  0  1642  90  2906  297  0  0  0  0  0  95.7446808511  
1439250084  0  94  90  13  5  3976250  99  1642  1633  228460111  233  0  3455  3460  5  0  3455  352  0  88  50  3455  0  1642  90  2906  297  0  0  0  0  0  95.7446808511  
1439250094  0  94  90  13  5  3976250  99  1642  1633  228460111  233  0  3455  3460  5  0  3455  352  0  88  50  3455  0  1642  90  2906  297  0  0  0  0  0  95.7446808511  
1439250104  0  94  90  13  5  3976250  99  1642  1633  228460111  233  0  3455  3460  5  0  3455  352  0  88  50  3455  0  1642  90  2906  297  0  0  0  0  0  95.7446808511  
1439250114  0  94  90  13  5  3976250  99  1642  1633  228460111  233  0  3455  3460  5  0  3455  352  0  88  50  3455  0  1642  90  2906  297  0  0  0  0  0  95.7446808511  
1439250124  0  94  90  13  5  3976250  99  1642  1633  228460111  233  0  3455  3460  5  0  3455  352  0  88  50  3455  0  1642  90  2906  297  0  0  0  0  0  95.7446808511  
1439250134  0  94  90  13  5  3976250  99  1642  1633  228460111  233  0  3455  3460  5  0  3455  352  0  88  50  3455  0  1642  90  2906  297  0  0  0  0  0  95.7446808511  
1439250144  0  166  162  13  5  3768173  99  1570  1561  237160661  233  0  3455  3460  5  0  3455  352  0  88  50  3455  0  1570  162  2906  297  8700550  72  72  0  0  97.5903614458  
1439250154  0  166  162  13  5  3768173  99  1570  1561  237160661  233  0  3455  3460  5  0  3455  352  0  88  50  3455  0  1570  162  2906  297  0  0  0  0  0  97.5903614458  
1439250164  0  166  162  13  5  3768173  99  1570  1561  237160661  233  0  3455  3460  5  0  3455  352  0  88  50  3455  0  1570  162  2906  297  0  0  0  0  0  97.5903614458  
1439250174  0  166  162  13  5  3768173  99  1570  1561  237160661  233  0  3455  3460  5  0  3455  352  0  88  50  3455  0  1570  162  2906  297  0  0  0  0  0  97.5903614458  
1439250184  0  166  162  13  5  3768173  99  1570  1561  237160661  233  0  3455  3460  5  0  3455  352  0  88  50  3455  0  1570  162  2906  297  0  0  0  0  0  97.5903614458  
1439250194  0  166  162  13  5  3768173  99  1570  1561  237160661  233  0  3455  3460  5  0  3455  352  0  88  50  3455  0  1570  162  2906  297  0  0  0  0  0  97.5903614458  
1439250204  0  166  162  13  5  3768173  99  1570  1561  237160661  233  0  3455  3460  5  0  3455  352  0  88  50  3455  0  1570  162  2906  297  0  0  0  0  0  97.5903614458  
1439250214  0  166  162  13  5  3768173  99  1570  1561  237160661  233  0  3455  3460  5  0  3455  352  0  88  50  3455  0  1570  162  2906  297  0  0  0  0  0  97.5903614458  
1439250224  0  166  162  13  5  3768173  99  1570  1561  237160661  233  0  3455  3460  5  0  3455  352  0  88  50  3455  0  1570  162  2906  297  0  0  0  0  0  97.5903614458  
1439250234  0  166  162  13  5  3768173  99  1570  1561  237160661  233  0  3455  3460  5  0  3455  352  0  88  50  3455  0  1570  162  2906  297  0  0  0  0  0  97.5903614458  
1439250244  0  166  162  13  5  3768173  99  1570  1561  237160661  233  0  3455  3460  5  0  3455  352  0  88  50  3455  0  1570  162  2906  297  0  0  0  0  0  97.5903614458  
1439250254  0  166  162  13  5  3768173  99  1570  1561  237160661  233  0  3455  3460  5  0  3455  352  0  88  50  3455  0  1570  162  2906  297  0  0  0  0  0  97.5903614458  
1439250264  0  166  162  13  5  3768173  99  1570  1561  237160661  233  0  3455  3460  5  0  3455  352  0  88  50  3455  0  1570  162  2906  297  0  0  0  0  0  97.5903614458  
1439250274  0  166  162  13  5  3768173  99  1570  1561  237160661  233  0  3455  3460  5  0  3455  352  0  88  50  3455  0  1570  162  2906  297  0  0  0  0  0  97.5903614458  
1439250284  0  166  162  13  5  3768173  99  1570  1561  237160661  233  0  3455  3460  5  0  3455  352  0  88  50  3455  0  1570  162  2906  297  0  0  0  0  0  97.5903614458  
1439250294  0  166  162  13  5  3768173  99  1570  1561  237160661  233  0  3455  3460  5  0  3455  352  0  88  50  3455  0  1570  162  2906  297  0  0  0  0  0  97.5903614458  
1439250304  0  166  162  13  5  3768173  99  1570  1561  237160661  233  0  3455  3460  5  0  3455  352  0  88  50  3455  0  1570  162  2906  297  0  0  0  0  0  97.5903614458  
1439250314  0  166  162  13  5  3768173  99  1570  1561  237160661  233  0  3455  3460  5  0  3455  352  0  88  50  3455  0  1570  162  2906  297  0  0  0  0  0  97.5903614458  
1439250324  0  166  162  13  5  3768173  99  1570  1561  237160661  233  0  3455  3460  5  0  3455  352  0  88  50  3455  0  1570  162  2906  297  0  0  0  0  0  97.5903614458  
1439250334  0  166  162  13  5  3768173  99  1570  1561  237160661  233  0  3455  3460  5  0  3455  352  0  88  50  3455  0  1570  162  2906  297  0  0  0  0  0  97.5903614458  
1439250344  0  166  162  13  5  3768173  99  1570  1561  237160661  233  0  3455  3460  5  0  3455  352  0  88  50  3455  0  1570  162  2906  297  0  0  0  0  0  97.5903614458  
1439250354  0  166  162  13  5  3768173  99  1570  1561  237160661  233  0  3455  3460  5  0  3455  352  0  88  50  3455  0  1570  162  2906  297  0  0  0  0  0  97.5903614458  
1439250364  0  166  162  13  5  3768173  99  1570  1561  237160661  233  0  3455  3460  5  0  3455  352  0  88  50  3455  0  1570  162  2906  297  0  0  0  0  0  97.5903614458  
1439250374  0  166  162  13  5  3768173  99  1570  1561  237160661  233  0  3455  3460  5  0  3455  352  0  88  50  3455  0  1570  162  2906  297  0  0  0  0  0  97.5903614458  
1439250384  0  166  162  13  5  3768173  99  1570  1561  237160661  233  0  3455  3460  5  0  3455  352  0  88  50  3455  0  1570  162  2906  297  0  0  0  0  0  97.5903614458  
1439250394  0  166  162  13  5  3768173  99  1570  1561  237160661  233  0  3455  3460  5  0  3455  352  0  88  50  3455  0  1570  162  2906  297  0  0  0  0  0  97.5903614458  
1439250404  0  166  162  13  5  3768173  99  1570  1561  237160661  233  0  3455  3460  5  0  3455  352  0  88  50  3455  0  1570  162  2906  297  0  0  0  0  0  97.5903614458  
