#type:G;
#time  Rt  Nm  Tt  Nc  Rx  Gz  Pc  Pf  Ra  Te  Pm  Fp  Fc  Ta  Fm  Om  Lm  Oc  Sm  Sc  Em  Af  Ea  Cf  Ec  Gd  Zt  Et  Ep  dedup_put_diff  total_eph_put_diff  dedup_factor  dedup_curr  compression_saving  tze_saving  
1438632020  0  0  2584  0  0  0  0  0  0  2505  0  0  0  0  0  0  0  0  0  0  0  0  0  0  0  0  0  0  0  0  0  0 0 0 0 
1438632030  0  0  2593  0  0  0  0  0  0  2505  0  0  0  0  0  0  0  0  0  0  0  0  0  0  0  0  0  0  0  0  0  0 0 0 0 
1438632040  0  232  9319  197  0  0  2945  0  0  2618  3404  0  2695  355  3004  350  0  208  3404  2945  3404  0  0  0  2945  0  11588552  0  3404  0  3404  0.0  0.0  100.0  3.9308547326  
1438632050  0  232  12423  197  0  0  2945  0  0  2618  3404  0  2695  355  3004  350  0  208  3404  2945  3404  0  0  0  2945  0  11588552  0  3404  0  0  0.0  0.0  100.0  3.9308547326  
1438632060  0  232  14226  190  0  0  2798  0  0  2618  3404  0  2553  507  3004  350  0  204  3404  2798  3404  0  0  0  2798  0  10994144  0  3404  0  0  0.0  0.0  100.0  4.07015055397  
1438632070  0  232  27093  179  0  0  2823  0  0  2618  3404  0  2605  484  3004  350  0  175  3404  2823  3404  0  0  0  2823  0  11173800  0  3819  0  415  0.0  0.0  100.0  3.36597535866  
1438632080  0  232  58717  111  0  0  1923  0  0  2618  3404  0  1824  1340  3004  350  0  70  3404  1923  3404  0  0  0  1923  0  7717752  0  3836  0  17  0.0  0.0  100.0  2.01680723479  
1438632090  0  232  108945  108  0  0  2630  0  0  2618  3404  0  2534  640  3004  350  0  65  3404  2630  3404  0  0  0  2630  0  10627864  0  4637  0  801  0.0  0.0  100.0  1.34245781844  
1438632100  0  232  173538  121  0  0  2565  0  0  2618  3404  0  2472  703  3004  350  0  68  3404  2565  3404  0  0  0  2565  0  9883024  0  4803  0  166  0.0  0.0  100.0  5.93186525341  
1438632110  0  533  258907  533  0  0  9069  0  0  2618  9069  0  8708  0  8708  453  0  453  9069  9069  9069  0  0  0  9069  0  10107088  0  11310  0  6507  0.0  0.0  100.0  72.7913686046  
1438632120  0  1966  329291  1966  0  0  40722  0  0  2618  40722  0  39085  0  39085  1789  0  1789  40722  40722  40722  0  0  0  40722  0  11745504  0  42964  0  31654  0.0  0.0  100.0  92.9582174562  
1438632130  0  3590  406488  3590  0  0  78691  0  0  2618  78691  0  75540  0  75540  3254  0  3254  78691  78691  78691  0  0  0  78691  0  13230352  0  80951  0  37987  0.0  0.0  100.0  95.8952530706  
1438632140  0  3961  494815  0  0  0  0  27034  27034  55939  86643  0  88894  1  88894  3608  0  0  86643  0  86643  0  422576  0  0  0  0  95231  97518  0  16567  0.0  0 0 0 
1438632150  0  3961  563045  0  0  0  0  60362  60362  122450  86643  0  88894  1  88894  3608  0  0  86643  0  86643  0  822512  0  0  0  0  95231  97518  0  0  0.0  0 0 0 
1438632160  0  3961  648157  0  0  0  0  102062  102062  204833  86643  0  88894  1  88894  3608  0  0  86643  0  86643  0  1322912  0  0  0  0  95231  97518  0  0  0.0  0 0 0 
1438632170  0  3961  750138  0  0  0  0  152343  152343  303618  86643  0  88894  1  88894  3608  0  0  86643  0  86643  0  1926284  0  0  0  0  95231  97518  0  0  0.0  0 0 0 
1438632180  0  3961  834415  0  0  0  0  193839  193839  385540  86643  0  88894  1  88894  3608  0  0  86643  0  86643  0  2424236  0  0  0  0  95231  97518  0  0  0.0  0 0 0 
1438632190  0  3961  894337  0  0  0  0  222563  222563  442948  86643  0  88894  1  88894  3608  0  0  86643  0  86643  0  2768924  0  0  0  0  95231  97518  0  0  0.0  0 0 0 
1438632200  0  3961  987586  0  0  0  0  268216  268216  533380  86643  0  88894  1  88894  3608  0  0  86643  0  86643  0  3316760  0  0  0  0  95231  97518  0  0  0.0  0 0 0 
1438632210  0  3961  1079389  0  0  0  0  313484  313484  622601  86643  0  88894  1  88894  3608  0  0  86643  0  86643  0  3859976  0  0  0  0  95231  97518  0  0  0.0  0 0 0 
1438632220  0  3961  1164381  0  0  0  0  354737  354737  704541  86643  0  88894  1  88894  3608  0  0  86643  0  86643  0  4355012  0  0  0  0  95231  97518  0  0  0.0  0 0 0 
1438632230  0  3961  1230288  0  0  0  0  387096  387096  768593  86643  0  88894  1  88894  3608  0  0  86643  0  86643  0  4743320  0  0  0  0  95231  97518  0  0  0.0  0 0 0 
1438632240  0  3961  1304055  0  0  0  0  423259  423259  840055  86643  0  88894  1  88894  3608  0  0  86643  0  86643  0  5177276  0  0  0  0  95231  97518  0  0  0.0  0 0 0 
1438632250  0  3961  1385494  0  0  0  0  462907  462907  918610  86643  0  88894  1  88894  3608  0  0  86643  0  86643  0  5653052  0  0  0  0  95231  97518  0  0  0.0  0 0 0 
1438632260  0  3961  1483234  0  0  0  0  510631  510631  1013132  86643  0  88894  1  88894  3608  0  0  86643  0  86643  0  6225740  0  0  0  0  95231  97518  0  0  0.0  0 0 0 
1438632270  0  3961  1569848  0  0  0  0  553412  553412  1097359  86643  0  88894  1  88894  3608  0  0  86643  0  86643  0  6739112  0  0  0  0  95231  97518  0  0  0.0  0 0 0 
1438632280  0  3961  1630769  0  0  0  0  583506  583506  1156681  86643  0  88894  1  88894  3608  0  0  86643  0  86643  0  7100240  0  0  0  0  95231  97518  0  0  0.0  0 0 0 
1438632290  0  3961  1719567  0  0  0  0  626421  626421  1242256  86643  0  88894  1  88894  3608  0  0  86643  0  86643  0  7615220  0  0  0  0  95231  97518  0  0  0.0  0 0 0 
1438632300  0  3961  1813660  0  0  0  0  672547  672547  1333443  86643  0  88894  1  88894  3608  0  0  86643  0  86643  0  8168732  0  0  0  0  95231  97518  0  0  0.0  0 0 0 
1438632310  0  3961  1901687  0  0  0  0  716001  716001  1419066  86643  0  88894  1  88894  3608  0  0  86643  0  86643  0  8690180  0  0  0  0  95231  97518  0  0  0.0  0 0 0 
1438632320  0  3961  1966232  0  0  0  0  747034  747034  1481210  86643  0  88894  1  88894  3608  0  0  86643  0  86643  0  9062576  0  0  0  0  95231  97518  0  0  0.0  0 0 0 
1438632330  0  3961  2053179  0  0  0  0  789675  789675  1565418  86643  0  88894  1  88894  3608  0  0  86643  0  86643  0  9574268  0  0  0  0  95231  97518  0  0  0.0  0 0 0 
1438632340  0  3961  2135402  0  0  0  0  830197  830197  1645446  86643  0  88894  1  88894  3608  0  0  86643  0  86643  0  10060532  0  0  0  0  95231  97518  0  0  0.0  0 0 0 
1438632350  0  3961  2221609  0  0  0  0  872532  872532  1728940  86643  0  88894  1  88894  3608  0  0  86643  0  86643  0  10568552  0  0  0  0  95231  97518  0  0  0.0  0 0 0 
1438632360  0  3961  2296868  0  0  0  0  908930  908930  1801543  86643  0  88894  1  88894  3608  0  0  86643  0  86643  0  11005328  0  0  0  0  95231  97518  0  0  0.0  0 0 0 
1438632370  0  3961  2358800  0  0  0  0  939233  939233  1861533  86643  0  88894  1  88894  3608  0  0  86643  0  86643  0  11368964  0  0  0  0  95231  97518  0  0  0.0  0 0 0 
1438632380  0  3961  2448686  0  0  0  0  983537  983537  1948943  86643  0  88894  1  88894  3608  0  0  86643  0  86643  0  11900612  0  0  0  0  95231  97518  0  0  0.0  0 0 0 
1438632390  0  3961  2545213  0  0  0  0  1030436  1030436  2042086  86643  0  88894  1  88894  3608  0  0  86643  0  86643  0  12463400  0  0  0  0  95231  97518  0  0  0.0  0 0 0 
1438632400  0  3961  2629886  0  0  0  0  1071971  1071971  2124196  86643  0  88894  1  88894  3608  0  0  86643  0  86643  0  12961820  0  0  0  0  95231  97518  0  0  0.0  0 0 0 
1438632410  0  3961  2690573  0  0  0  0  1101794  1101794  2183207  86643  0  88894  1  88894  3608  0  0  86643  0  86643  0  13319696  0  0  0  0  95231  97518  0  0  0.0  0 0 0 
1438632420  0  3961  2776775  0  0  0  0  1144223  1144223  2266902  86643  0  88894  1  88894  3608  0  0  86643  0  86643  0  13828844  0  0  0  0  95231  97518  0  0  0.0  0 0 0 
1438632430  0  3961  2865960  0  0  0  0  1187413  1187413  2352656  86643  0  88894  1  88894  3608  0  0  86643  0  86643  0  14347124  0  0  0  0  95231  97518  0  0  0.0  0 0 0 
1438632440  0  3961  2945900  0  0  0  0  1226647  1226647  2430147  86643  0  88894  1  88894  3608  0  0  86643  0  86643  0  14817932  0  0  0  0  95231  97518  0  0  0.0  0 0 0 
1438632450  0  3961  3021175  0  0  0  0  1263796  1263796  2503587  86643  0  88894  1  88894  3608  0  0  86643  0  86643  0  15263720  0  0  0  0  95231  97518  0  0  0.0  0 0 0 
1438632460  0  3961  3092916  0  0  0  0  1298546  1298546  2572887  86643  0  88894  1  88894  3608  0  0  86643  0  86643  0  15680720  0  0  0  0  95231  97518  0  0  0.0  0 0 0 
1438632470  0  3961  3167048  0  0  0  0  1334711  1334711  2644516  86643  0  88894  1  88894  3608  0  0  86643  0  86643  0  16114700  0  0  0  0  95231  97518  0  0  0.0  0 0 0 
1438632480  0  3961  3271318  0  0  0  0  1386076  1386076  2745918  86643  0  88894  1  88894  3608  0  0  86643  0  86643  0  16731080  0  0  0  0  95231  97518  0  0  0.0  0 0 0 
1438632490  0  3961  3353223  0  0  0  0  1426338  1426338  2825396  86643  0  88894  1  88894  3608  0  0  86643  0  86643  0  17214224  0  0  0  0  95231  97518  0  0  0.0  0 0 0 
1438632500  0  3961  3412355  0  0  0  0  1454799  1454799  2882246  86643  0  88894  1  88894  3608  0  0  86643  0  86643  0  17555756  0  0  0  0  95231  97518  0  0  0.0  0 0 0 
1438632510  0  3961  3495917  0  0  0  0  1495772  1495772  2963262  86643  0  88894  1  88894  3608  0  0  86643  0  86643  0  18047432  0  0  0  0  95231  97518  0  0  0.0  0 0 0 
1438632520  0  3961  3579886  0  0  0  0  1537096  1537096  3044772  86643  0  88894  1  88894  3608  0  0  86643  0  86643  0  18543320  0  0  0  0  95231  97518  0  0  0.0  0 0 0 
1438632530  0  3961  3669090  0  0  0  0  1580378  1580378  3131047  86643  0  88894  1  88894  3608  0  0  86643  0  86643  0  19062704  0  0  0  0  95231  97518  0  0  0.0  0 0 0 
1438632540  0  3961  3744192  0  0  0  0  1617067  1617067  3203703  86643  0  88894  1  88894  3608  0  0  86643  0  86643  0  19502972  0  0  0  0  95231  97518  0  0  0.0  0 0 0 
1438632550  0  3961  3816206  0  0  0  0  1652533  1652533  3274034  86643  0  88894  1  88894  3608  0  0  86643  0  86643  0  19928564  0  0  0  0  95231  97518  0  0  0.0  0 0 0 
1438632560  0  3961  3892906  0  0  0  0  1690391  1690391  3348552  86643  0  88894  1  88894  3608  0  0  86643  0  86643  0  20382860  0  0  0  0  95231  97518  0  0  0.0  0 0 0 
1438632570  0  3961  3993216  0  0  0  0  1738955  1738955  3445248  86643  0  88894  1  88894  3608  0  0  86643  0  86643  0  20965628  0  0  0  0  95231  97518  0  0  0.0  0 0 0 
1438632580  0  3961  4080637  0  0  0  0  1781882  1781882  3530187  86643  0  88894  1  88894  3608  0  0  86643  0  86643  0  21480752  0  0  0  0  95231  97518  0  0  0.0  0 0 0 
1438632590  0  3961  4141892  0  0  0  0  1811913  1811913  3589652  86643  0  88894  1  88894  3608  0  0  86643  0  86643  0  21841124  0  0  0  0  95231  97518  0  0  0.0  0 0 0 
1438632600  0  3961  4223305  0  0  0  0  1851342  1851342  3668005  86643  0  88894  1  88894  3608  0  0  86643  0  86643  0  22314272  0  0  0  0  95231  97518  0  0  0.0  0 0 0 
1438632611  0  3961  4319799  0  0  0  0  1898702  1898702  3761384  86643  0  88894  1  88894  3608  0  0  86643  0  86643  0  22882592  0  0  0  0  95231  97518  0  0  0.0  0 0 0 
1438632621  0  3961  4409604  0  0  0  0  1943167  1943167  3848962  86643  0  88894  1  88894  3608  0  0  86643  0  86643  0  23416172  0  0  0  0  95231  97518  0  0  0.0  0 0 0 
1438632631  0  3961  4471426  0  0  0  0  1973302  1973302  3908960  86643  0  88894  1  88894  3608  0  0  86643  0  86643  0  23777792  0  0  0  0  95231  97518  0  0  0.0  0 0 0 
1438632641  0  3961  4565744  0  0  0  0  2018954  2018954  3999830  86643  0  88894  1  88894  3608  0  0  86643  0  86643  0  24325616  0  0  0  0  95231  97518  0  0  0.0  0 0 0 
1438632651  0  3961  4642742  0  0  0  0  2056832  2056832  4074492  86643  0  88894  1  88894  3608  0  0  86643  0  86643  0  24780152  0  0  0  0  95231  97518  0  0  0.0  0 0 0 
1438632661  0  3961  4724095  0  0  0  0  2096851  2096851  4153541  86643  0  88894  1  88894  3608  0  0  86643  0  86643  0  25260380  0  0  0  0  95231  97518  0  0  0.0  0 0 0 
1438632671  0  3961  4806662  0  0  0  0  2136758  2136758  4233131  86643  0  88894  1  88894  3608  0  0  86643  0  86643  0  25739264  0  0  0  0  95231  97518  0  0  0.0  0 0 0 
1438632681  0  3961  4867683  0  0  0  0  2166680  2166680  4292439  86643  0  88894  1  88894  3608  0  0  86643  0  86643  0  26098328  0  0  0  0  95231  97518  0  0  0.0  0 0 0 
1438632691  0  3961  4962019  0  0  0  0  2213045  2213045  4384163  86643  0  88894  1  88894  3608  0  0  86643  0  86643  0  26654708  0  0  0  0  95231  97518  0  0  0.0  0 0 0 
1438632701  0  3961  5056810  0  0  0  0  2259695  2259695  4476198  86643  0  88894  1  88894  3608  0  0  86643  0  86643  0  27214508  0  0  0  0  95231  97518  0  0  0.0  0 0 0 
1438632711  0  3961  5145181  0  0  0  0  2302361  2302361  4561180  86643  0  88894  1  88894  3608  0  0  86643  0  86643  0  27726500  0  0  0  0  95231  97518  0  0  0.0  0 0 0 
1438632721  0  3961  5200891  0  0  0  0  2329619  2329619  4615325  86643  0  88894  1  88894  3608  0  0  86643  0  86643  0  28053596  0  0  0  0  95231  97518  0  0  0.0  0 0 0 
1438632731  0  3961  5287395  0  0  0  0  2372122  2372122  4699380  86643  0  88894  1  88894  3608  0  0  86643  0  86643  0  28563632  0  0  0  0  95231  97518  0  0  0.0  0 0 0 
1438632741  0  3961  5372833  0  0  0  0  2413584  2413584  4781460  86643  0  88894  1  88894  3608  0  0  86643  0  86643  0  29061176  0  0  0  0  95231  97518  0  0  0.0  0 0 0 
1438632751  0  3961  5446428  0  0  0  0  2449715  2449715  4853085  86643  0  88894  1  88894  3608  0  0  86643  0  86643  0  29494748  0  0  0  0  95231  97518  0  0  0.0  0 0 0 
1438632761  0  3961  5534809  0  0  0  0  2493172  2493172  4938758  86643  0  88894  1  88894  3608  0  0  86643  0  86643  0  30016232  0  0  0  0  95231  97518  0  0  0.0  0 0 0 
1438632771  0  3961  5596429  0  0  0  0  2523371  2523371  4998557  86643  0  88894  1  88894  3608  0  0  86643  0  86643  0  30378620  0  0  0  0  95231  97518  0  0  0.0  0 0 0 
1438632781  0  3961  5680951  0  0  0  0  2564162  2564162  5079957  86643  0  88894  1  88894  3608  0  0  86643  0  86643  0  30868112  0  0  0  0  95231  97518  0  0  0.0  0 0 0 
1438632791  0  3961  5783757  0  0  0  0  2614726  2614726  5179611  86643  0  88894  1  88894  3608  0  0  86643  0  86643  0  31474880  0  0  0  0  95231  97518  0  0  0.0  0 0 0 
1438632801  0  3961  5867490  0  0  0  0  2655963  2655963  5260940  86643  0  88894  1  88894  3608  0  0  86643  0  86643  0  31969724  0  0  0  0  95231  97518  0  0  0.0  0 0 0 
1438632811  0  3961  5924776  0  0  0  0  2683453  2683453  5315810  86643  0  88894  1  88894  3608  0  0  86643  0  86643  0  32299604  0  0  0  0  95231  97518  0  0  0.0  0 0 0 
1438632821  0  3961  6009478  0  0  0  0  2724832  2724832  5397849  86643  0  88894  1  88894  3608  0  0  86643  0  86643  0  32796152  0  0  0  0  95231  97518  0  0  0.0  0 0 0 
1438632831  0  3961  6086538  0  0  0  0  2762748  2762748  5472607  86643  0  88894  1  88894  3608  0  0  86643  0  86643  0  33251144  0  0  0  0  95231  97518  0  0  0.0  0 0 0 
1438632841  0  3961  6168062  0  0  0  0  2802905  2802905  5551719  86643  0  88894  1  88894  3608  0  0  86643  0  86643  0  33733028  0  0  0  0  95231  97518  0  0  0.0  0 0 0 
1438632851  0  3961  6258875  0  0  0  0  2846827  2846827  5638982  86643  0  88894  1  88894  3608  0  0  86643  0  86643  0  34260092  0  0  0  0  95231  97518  0  0  0.0  0 0 0 
1438632861  0  3961  6320838  0  0  0  0  2877288  2877288  5699536  86643  0  88894  1  88894  3608  0  0  86643  0  86643  0  34625624  0  0  0  0  95231  97518  0  0  0.0  0 0 0 
1438632871  0  3961  6402294  0  0  0  0  2917353  2917353  5778563  86643  0  88894  1  88894  3608  0  0  86643  0  86643  0  35106404  0  0  0  0  95231  97518  0  0  0.0  0 0 0 
1438632881  0  3961  6507965  0  0  0  0  2968697  2968697  5880444  86643  0  88894  1  88894  3608  0  0  86643  0  86643  0  35722532  0  0  0  0  95231  97518  0  0  0.0  0 0 0 
1438632891  0  3961  6589772  0  0  0  0  3008843  3008843  5959863  86643  0  88894  1  88894  3608  0  0  86643  0  86643  0  36204284  0  0  0  0  95231  97518  0  0  0.0  0 0 0 
1438632901  0  3961  6651342  0  0  0  0  3039038  3039038  6019699  86643  0  88894  1  88894  3608  0  0  86643  0  86643  0  36566624  0  0  0  0  95231  97518  0  0  0.0  0 0 0 
1438632911  0  3961  6735425  0  0  0  0  3080376  3080376  6101407  86643  0  88894  1  88894  3608  0  0  86643  0  86643  0  37062680  0  0  0  0  95231  97518  0  0  0.0  0 0 0 
1438632921  0  3961  6819106  0  0  0  0  3120938  3120938  6182136  86643  0  88894  1  88894  3608  0  0  86643  0  86643  0  37549424  0  0  0  0  95231  97518  0  0  0.0  0 0 0 
1438632931  0  3961  6913348  0  0  0  0  3167292  3167292  6273591  86643  0  88894  1  88894  3608  0  0  86643  0  86643  0  38105672  0  0  0  0  95231  97518  0  0  0.0  0 0 0 
1438632941  0  3961  6985044  0  0  0  0  3202511  3202511  6343442  86643  0  88894  1  88894  3608  0  0  86643  0  86643  0  38528300  0  0  0  0  95231  97518  0  0  0.0  0 0 0 
1438632951  0  3961  7058918  0  0  0  0  3238159  3238159  6414564  86643  0  88894  1  88894  3608  0  0  86643  0  86643  0  38956076  0  0  0  0  95231  97518  0  0  0.0  0 0 0 
1438632961  0  3961  7127376  0  0  0  0  3271832  3271832  6481075  86643  0  88894  1  88894  3608  0  0  86643  0  86643  0  39360152  0  0  0  0  95231  97518  0  0  0.0  0 0 0 
1438632971  0  3961  7226019  0  0  0  0  3320397  3320397  6576876  86643  0  88894  1  88894  3608  0  0  86643  0  86643  0  39942932  0  0  0  0  95231  97518  0  0  0.0  0 0 0 
1438632981  0  3961  7308931  0  0  0  0  3360504  3360504  6656856  86643  0  88894  1  88894  3608  0  0  86643  0  86643  0  40424216  0  0  0  0  95231  97518  0  0  0.0  0 0 0 
1438632991  0  3961  7376009  0  0  0  0  3393408  3393408  6722065  86643  0  88894  1  88894  3608  0  0  86643  0  86643  0  40819064  0  0  0  0  95231  97518  0  0  0.0  0 0 0 
1438633001  0  3961  7458753  0  0  0  0  3434159  3434159  6802488  86643  0  88894  1  88894  3608  0  0  86643  0  86643  0  41308076  0  0  0  0  95231  97518  0  0  0.0  0 0 0 
1438633011  0  3961  7548281  0  0  0  0  3478108  3478108  6889272  86643  0  88894  1  88894  3608  0  0  86643  0  86643  0  41835464  0  0  0  0  95231  97518  0  0  0.0  0 0 0 
1438633021  0  3961  7625727  0  0  0  0  3515691  3515691  6964183  86643  0  88894  1  88894  3608  0  0  86643  0  86643  0  42286460  0  0  0  0  95231  97518  0  0  0.0  0 0 0 
1438633031  0  3961  7699698  0  0  0  0  3551832  3551832  7035817  86643  0  88894  1  88894  3608  0  0  86643  0  86643  0  42720152  0  0  0  0  95231  97518  0  0  0.0  0 0 0 
1438633041  0  3961  7779332  0  0  0  0  3591042  3591042  7113241  86643  0  88894  1  88894  3608  0  0  86643  0  86643  0  43190672  0  0  0  0  95231  97518  0  0  0.0  0 0 0 
1438633051  0  3961  7848967  0  0  0  0  3624675  3624675  7180335  86643  0  88894  1  88894  3608  0  0  86643  0  86643  0  43594268  0  0  0  0  95231  97518  0  0  0.0  0 0 0 
1438633061  0  3961  7950360  0  0  0  0  3674479  3674479  7278753  86643  0  88894  1  88894  3608  0  0  86643  0  86643  0  44191916  0  0  0  0  95231  97518  0  0  0.0  0 0 0 
1438633071  0  3961  8030886  0  0  0  0  3713987  3713987  7356879  86643  0  88894  1  88894  3608  0  0  86643  0  86643  0  44666012  0  0  0  0  95231  97518  0  0  0.0  0 0 0 
1438633081  0  3961  8091192  0  0  0  0  3743733  3743733  7415491  86643  0  88894  1  88894  3608  0  0  86643  0  86643  0  45022964  0  0  0  0  95231  97518  0  0  0.0  0 0 0 
1438633091  0  3961  8179509  0  0  0  0  3786515  3786515  7500655  86643  0  88894  1  88894  3608  0  0  86643  0  86643  0  45536348  0  0  0  0  95231  97518  0  0  0.0  0 0 0 
1438633101  0  3961  8273476  0  0  0  0  3832691  3832691  7591605  86643  0  88894  1  88894  3608  0  0  86643  0  86643  0  46090460  0  0  0  0  95231  97518  0  0  0.0  0 0 0 
1438633111  0  3961  8356648  0  0  0  0  3873591  3873591  7672452  86643  0  88894  1  88894  3608  0  0  86643  0  86643  0  46581260  0  0  0  0  95231  97518  0  0  0.0  0 0 0 
1438633121  0  3961  8426575  0  0  0  0  3907411  3907411  7739855  86643  0  88894  1  88894  3608  0  0  86643  0  86643  0  46987100  0  0  0  0  95231  97518  0  0  0.0  0 0 0 
1438633131  0  3961  8501478  0  0  0  0  3944016  3944016  7812596  86643  0  88894  1  88894  3608  0  0  86643  0  86643  0  47426360  0  0  0  0  95231  97518  0  0  0.0  0 0 0 
1438633141  0  3961  8597178  0  0  0  0  3990974  3990974  7905369  86643  0  88894  1  88894  3608  0  0  86643  0  86643  0  47989856  0  0  0  0  95231  97518  0  0  0.0  0 0 0 
1438633151  0  3961  8678645  0  0  0  0  4031073  4031073  7984500  86643  0  88894  1  88894  3608  0  0  86643  0  86643  0  48471044  0  0  0  0  95231  97518  0  0  0.0  0 0 0 
1438633161  0  3961  8759887  0  0  0  0  4070431  4070431  8062751  86643  0  88894  1  88894  3608  0  0  86643  0  86643  0  48943340  0  0  0  0  95231  97518  0  0  0.0  0 0 0 
1438633171  0  3961  8820176  0  0  0  0  4100053  4100053  8121675  86643  0  88894  1  88894  3608  0  0  86643  0  86643  0  49298804  0  0  0  0  95231  97518  0  0  0.0  0 0 0 
1438633181  0  3961  8900194  0  0  0  0  4139460  4139460  8199521  86643  0  88894  1  88894  3608  0  0  86643  0  86643  0  49771688  0  0  0  0  95231  97518  0  0  0.0  0 0 0 
1438633191  0  3961  9001082  0  0  0  0  4188267  4188267  8296442  86643  0  88894  1  88894  3608  0  0  86643  0  86643  0  50357372  0  0  0  0  95231  97518  0  0  0.0  0 0 0 
1438633201  0  3961  9092024  0  0  0  0  4232997  4232997  8384853  86643  0  88894  1  88894  3608  0  0  86643  0  86643  0  50894132  0  0  0  0  95231  97518  0  0  0.0  0 0 0 
1438633211  0  3961  9154359  0  0  0  0  4263620  4263620  8445269  86643  0  88894  1  88894  3608  0  0  86643  0  86643  0  51261608  0  0  0  0  95231  97518  0  0  0.0  0 0 0 
1438633221  0  3961  9237739  0  0  0  0  4304568  4304568  8526218  86643  0  88894  1  88894  3608  0  0  86643  0  86643  0  51752984  0  0  0  0  95231  97518  0  0  0.0  0 0 0 
1438633231  0  3961  9310060  0  0  0  0  4339644  4339644  8595904  86643  0  88894  1  88894  3608  0  0  86643  0  86643  0  52173896  0  0  0  0  95231  97518  0  0  0.0  0 0 0 
1438633241  0  3961  9397133  0  0  0  0  4382234  4382234  8680240  86643  0  88894  1  88894  3608  0  0  86643  0  86643  0  52684976  0  0  0  0  95231  97518  0  0  0.0  0 0 0 
1438633251  0  3961  9484166  0  0  0  0  4425170  4425170  8764992  86643  0  88894  1  88894  3608  0  0  86643  0  86643  0  53200208  0  0  0  0  95231  97518  0  0  0.0  0 0 0 
1438633261  0  3961  9545792  0  0  0  0  4454742  4454742  8824199  86643  0  88894  1  88894  3608  0  0  86643  0  86643  0  53555072  0  0  0  0  95231  97518  0  0  0.0  0 0 0 
1438633271  0  3961  9632569  0  0  0  0  4497309  4497309  8908428  86643  0  88894  1  88894  3608  0  0  86643  0  86643  0  54065876  0  0  0  0  95231  97518  0  0  0.0  0 0 0 
1438633281  0  3961  9723524  0  0  0  0  4541989  4541989  8996567  86643  0  88894  1  88894  3608  0  0  86643  0  86643  0  54602036  0  0  0  0  95231  97518  0  0  0.0  0 0 0 
1438633291  0  3961  9813241  0  0  0  0  4586267  4586267  9083818  86643  0  88894  1  88894  3608  0  0  86643  0  86643  0  55133372  0  0  0  0  95231  97518  0  0  0.0  0 0 0 
