#type:T;
#time  gt  cn  Pt  Px  gx  cx  gn  gm  Pn  Pm  Ft  cm  pt  Fx  px  ct  pn  Fm  Fn  pm  dn  On  Om  dm  dx  Ox  dt  Ot  Gt  Cn  Cm  Gx  Cx  Gn  Gm  Ct  
1439437002  9625429  0  0  0  30643  0  17125  154  0  2147483647  51389  2147483647  0  2247  0  0  0  214  84  2147483647  0  184  248  2147483647  0  8169  0  170650  0  0  2147483647  0  0  0  2147483647  0  
1439437012  9643277  0  0  0  30643  0  17129  154  0  2147483647  51389  2147483647  0  2247  0  0  0  214  84  2147483647  0  184  248  2147483647  0  8169  0  170650  0  0  2147483647  0  0  0  2147483647  0  
1439437022  10684065  0  27999115  34145  30643  0  17881  154  6816  2434  140133  2147483647  0  2852  0  0  0  211  329  2147483647  0  10541  242  2147483647  0  23500  0  15204642  5332502  7449  547  39733  32881  633  1572  15720885  
1439437032  10802884  0  31136211  34145  30643  0  17973  154  7273  2434  12253638  2147483647  0  29526  0  0  0  205  13865  2147483647  0  13544  242  2147483647  0  23500  0  19960628  5798317  7957  547  39733  32881  684  1572  17227728  
1439437042  10810629  0  34295499  34396  30643  0  17984  154  7731  2434  57272802  2147483647  0  37787  0  0  0  205  72394  2147483647  0  14388  242  2147483647  0  23500  0  21332623  5852909  8417  547  39733  32881  686  1572  18485900  
1439437052  11042589  0  53894776  38481  30643  0  18212  154  11921  2434  132265935  2147483647  0  51614  0  0  0  202  176743  2147483647  0  15057  208  2147483647  0  78384  0  24775928  8562908  12947  547  39733  36052  1026  1572  29521092  
1439437062  11129903  0  60827692  38481  30643  0  18294  154  12723  2434  204344081  2147483647  0  51614  0  0  0  202  258194  2147483647  0  16098  208  2147483647  0  78384  0  26530158  8714946  13763  547  39733  36052  1040  1572  32520319  
1439437072  11191965  0  60872971  38481  30643  0  18362  154  12730  2434  246389330  2147483647  0  51614  0  0  0  202  307872  2147483647  0  16970  208  2147483647  0  78384  0  27017313  10686242  14017  547  39733  36052  1287  1572  33323792  
1439437082  17025856  0  67607190  38481  30643  0  24418  154  13623  2434  301903126  2147483647  0  51614  0  0  0  202  389808  2147483647  0  18802  205  2147483647  0  78384  0  28841272  10931370  14934  547  39733  36052  1311  1572  36229658  
1439437092  31523088  0  86379127  42129  33248  0  38378  154  15708  2434  370502143  2147483647  0  51614  0  0  0  202  469394  2147483647  0  19763  205  2147483647  0  78384  0  30872840  11070739  17040  547  39733  36052  1332  1572  43719335  
1439437102  42823710  0  121150750  42129  33248  0  50551  154  20853  2434  427005110  2147483647  0  51614  0  0  0  202  536843  2147483647  0  21039  205  2147483647  0  78384  0  33266802  12666161  22371  547  39733  36052  1518  1572  58411702  
1439437112  55281793  0  215969223  44034  33248  0  64886  154  33604  2414  467345498  2147483647  0  51614  0  0  0  202  620518  2147483647  0  21960  205  2147483647  0  78384  0  34970654  13018497  35203  547  39733  42565  1599  1572  96952178  
1439437122  72906943  0  320039147  45647  33248  0  82382  154  45838  2414  512806837  2147483647  0  51614  0  0  0  202  674279  2147483647  0  23603  205  2147483647  0  78384  0  37954058  13043824  47438  547  39733  42565  1600  1572  137702174  
1439437132  87154651  0  387359403  45647  33248  0  95991  154  53159  2414  565190891  2147483647  0  51614  0  0  0  202  733097  2147483647  0  25275  205  2147483647  0  78384  0  40881931  13267333  54780  547  39733  42565  1621  1572  163452247  
1439437142  103423207  0  487863473  45647  33248  0  112169  154  64697  1636  600627926  2147483647  0  51614  0  0  0  202  771357  2147483647  0  26405  205  2147483647  0  365304  0  46123488  25099769  67700  505  39733  42565  3003  1572  208075175  
1439437152  117455081  0  637641402  45647  33248  0  125914  154  81895  1636  633022523  2147483647  0  51614  0  0  0  202  810401  2147483647  0  27705  205  2147483647  0  365304  0  53646858  33730058  85891  505  39733  42565  3997  1572  270820606  
1439437162  127836412  0  752430856  45647  33248  0  140538  154  101715  1636  652303746  2147483647  0  51614  0  0  0  202  839162  2147483647  0  29074  205  2147483647  0  365304  0  60604459  42985672  107373  505  39733  42565  5659  1572  324592638  
1439437172  142555750  0  886815127  47850  33248  0  158691  154  121566  1636  681518591  2147483647  0  51614  0  0  0  202  892872  2147483647  0  30617  205  2147483647  0  365304  0  72486702  54183159  128871  505  39733  45947  7308  1572  386469537  
1439437182  164020078  0  1039284229  47850  33248  0  179988  154  140645  1636  712049948  2147483647  0  51614  0  0  0  202  926231  2147483647  0  32235  205  2147483647  0  378944  0  85924230  71099675  149963  505  45245  45947  9321  1572  457206661  
1439437192  184255903  0  1146043608  49636  49523  0  198839  154  154198  1636  750943155  2147483647  0  51614  0  0  0  202  966181  2147483647  0  33848  205  2147483647  0  390213  0  102251070  89170814  165645  505  45245  47967  11450  1572  509254055  
1439437202  206470547  0  1316069648  49636  50019  0  219183  154  174206  1636  786104511  2147483647  0  51614  0  0  0  202  1000879  2147483647  0  35243  205  2147483647  0  390213  0  116972108  120667203  189379  505  45245  47967  15176  1572  590793903  
1439437212  223341819  0  1442114024  49636  50019  0  235035  154  189372  1636  815324716  2147483647  0  51614  0  0  0  202  1029993  2147483647  0  36731  205  2147483647  0  390213  0  131517843  137087216  206743  505  45245  47967  17374  1572  649852482  
1439437222  238164796  0  1590536450  49636  50019  0  249467  154  207452  1636  839640927  2147483647  0  51614  0  0  0  202  1054948  2147483647  0  37833  205  2147483647  0  390213  0  139041367  163418150  228054  505  45245  47967  20605  1572  721958592  
1439437232  258763913  0  1782786499  49636  50019  0  268854  154  231258  1636  866837215  2147483647  0  51614  0  0  0  202  1081936  2147483647  0  39057  205  2147483647  0  390213  0  153686767  186072969  254629  505  45245  47967  23374  1572  809453394  
1439437242  279192552  0  1994458896  110174  50019  0  288105  154  255986  1636  893466853  2147483647  0  53242  0  0  0  202  1107937  2147483647  0  40536  205  2147483647  0  444059  0  173791468  203618719  281341  505  45245  95898  25358  1572  901923632  
1439437252  296539464  0  2153692440  110174  50019  0  304098  154  275218  1636  919664611  2147483647  0  53242  0  0  0  202  1133595  2147483647  0  42186  205  2147483647  0  470022  0  207533664  213818190  301889  505  45245  95898  26674  1572  971045253  
1439437262  314504249  0  2284520248  110174  50019  0  321058  154  291817  1636  942384666  2147483647  0  53242  0  0  0  202  1156934  2147483647  0  43305  205  2147483647  0  470022  0  225358691  223639035  319740  505  45245  95898  27926  1572  1030526281  
1439437272  330980132  0  2413023224  110174  50019  0  336127  154  307479  1636  967559103  2147483647  0  53242  0  0  0  202  1181309  2147483647  0  44308  205  2147483647  0  470022  0  244351319  233816900  336584  505  45245  95898  29108  1572  1089154881  
1439437282  350842710  0  2584069709  110174  50019  0  354673  154  328222  1636  991827444  2147483647  0  53465  0  0  0  202  1206619  2147483647  0  45932  205  2147483647  0  470022  0  269347121  240579852  358210  505  45245  95898  29991  1572  1163500410  
1439437292  365571639  0  2695219598  110174  50019  0  368939  154  342144  1636  1012778767  2147483647  0  53465  0  0  0  202  1227809  2147483647  0  46980  205  2147483647  0  470022  0  282678696  245624036  372753  505  45245  95898  30612  1572  1212582806  
1439437302  383207093  0  2848101907  110174  50019  0  384818  154  359509  1636  1034709925  2147483647  0  53465  0  0  0  202  1250232  2147483647  0  48126  205  2147483647  0  645839  0  295679441  260638144  391803  505  45245  95898  32297  1572  1279465846  
1439437312  403119574  0  3016218708  110174  50019  0  404390  154  380758  1636  1060128718  2147483647  0  53465  0  0  0  202  1277477  2147483647  0  49549  205  2147483647  0  645839  0  314386830  271692425  414469  505  45245  95898  33714  1572  1353710895  
1439437322  419046772  0  3150802695  110174  50019  0  419706  154  397589  1636  1081379123  2147483647  0  53465  0  0  0  202  1298757  2147483647  0  50680  205  2147483647  0  645885  0  336430584  283055202  432629  505  45245  95898  35043  1572  1415294631  
1439437332  436747265  0  3302359604  110174  50019  0  436071  154  416390  1636  1103490189  2147483647  0  53465  0  0  0  202  1320834  2147483647  0  51999  205  2147483647  0  645885  0  353528500  293214037  452611  505  45245  95898  36224  1572  1482784858  
1439437343  456618542  0  3457016164  110174  50019  0  453839  154  435030  1636  1134311563  2147483647  0  53465  0  0  0  202  1350301  2147483647  0  53460  205  2147483647  0  645885  0  378827408  311676121  473349  505  45245  95898  38322  1572  1555325540  
1439437353  472353186  0  3603367517  110174  50019  0  469608  154  453809  1636  1157581576  2147483647  0  53465  0  0  0  202  1373538  2147483647  0  55012  205  2147483647  0  645885  0  407937223  316335191  492909  505  45245  95898  39103  1572  1618997879  
1439437363  489855093  0  3758273313  110174  50019  0  485785  154  472926  1636  1181310313  2147483647  0  53465  0  0  0  202  1396723  2147483647  0  56161  205  2147483647  0  645885  0  429649942  323783849  512993  505  45245  95898  40070  1572  1685440596  
1439437373  506201739  0  3880026701  110174  50019  0  501559  154  487866  1636  1205241850  2147483647  0  53465  0  0  0  202  1421409  2147483647  0  57448  205  2147483647  0  645885  0  449062930  331074828  528793  505  45245  95898  40930  1572  1740176157  
1439437383  523270748  0  4002079827  110174  50019  0  517462  154  502954  1636  1230081171  2147483647  0  53465  0  0  0  202  1445700  2147483647  0  58665  205  2147483647  0  645885  0  467556146  341309075  545197  505  45245  95898  42250  1572  1795546548  
1439437393  541226577  0  4144288057  110174  50019  0  534744  154  521753  1636  1252974639  2147483647  0  53465  0  0  0  202  1470389  2147483647  0  60025  205  2147483647  0  691517  0  492400034  355316646  565726  505  45245  95898  43980  1572  1861383091  
1439437403  557799707  0  4280838589  110174  50019  0  549835  154  538676  1636  1274508987  2147483647  0  53465  0  0  0  202  1491848  2147483647  0  61136  205  2147483647  0  691517  0  509910769  368553478  584262  505  45245  95898  45593  1572  1923924588  
1439437413  572385898  0  4427921219  110174  50019  0  563315  154  556145  1636  1294970695  2147483647  0  53465  0  0  0  202  1512664  2147483647  0  62124  205  2147483647  0  691517  0  521320544  382696459  603575  505  45245  95898  47437  1572  1988879291  
1439437423  591913876  0  4576320559  110174  50019  0  580672  154  573631  1636  1317959562  2147483647  0  53465  0  0  0  202  1535184  2147483647  0  63411  205  2147483647  0  691517  0  545432228  390718243  621922  505  45245  95898  48298  1572  2053393789  
1439437433  607889885  0  4721297441  110174  50019  0  595226  154  590584  1636  1342832436  2147483647  0  53465  0  0  0  202  1558176  2147483647  0  64727  205  2147483647  0  691517  0  567690610  400454720  640042  505  45245  95898  49465  1572  2117559032  
1439437443  622661391  0  4854407254  110174  50019  0  608454  154  605452  1636  1365624502  2147483647  0  53465  0  0  0  202  1579293  2147483647  0  65697  205  2147483647  0  691517  0  581751460  417704043  656923  505  45245  95898  51478  1572  2177680325  
1439437453  639870341  0  5008016417  110174  50019  0  624517  154  623851  1636  1391169873  2147483647  0  53465  0  0  0  202  1604097  2147483647  0  66866  205  2147483647  0  691517  0  598493353  428915984  676652  505  45245  95898  52808  1572  2244610178  
1439437463  655390375  0  5139843590  110174  50019  0  638462  154  639715  1636  1412380533  2147483647  0  53465  0  0  0  202  1624234  2147483647  0  67903  205  2147483647  0  691517  0  618725519  442622693  694132  505  45245  95898  54424  1572  2304922998  
1439437473  673604815  0  5295899431  110174  50019  0  655984  154  660362  1636  1437485267  2147483647  0  53465  0  0  0  202  1650794  2147483647  0  69318  205  2147483647  0  691517  0  638319658  452862959  716117  505  45245  95898  55762  1572  2375213399  
1439437483  687481625  0  5400378246  110174  50019  0  668902  154  673674  1636  1459127668  2147483647  0  53465  0  0  0  202  1672053  2147483647  0  70411  205  2147483647  0  691517  0  658037423  468762394  731369  505  45245  95898  57702  1572  2425855864  
1439437493  705736911  0  5536801295  110174  50019  0  685925  154  689835  1636  1484934051  2147483647  0  53465  0  0  0  202  1698293  2147483647  0  71799  205  2147483647  0  697887  0  676328173  474997081  748261  505  45245  95898  58434  1572  2484527469  
1439437503  718219901  0  5633772271  110174  50019  0  697421  154  701928  1636  1502293855  2147483647  0  53465  0  0  0  202  1717540  2147483647  0  72795  205  2147483647  0  731306  0  685532141  494361252  762714  505  45245  95898  60794  1572  2532946326  
1439437513  731298760  0  5747611974  110174  50019  0  709319  154  715744  1636  1519950283  2147483647  0  53465  0  0  0  202  1735212  2147483647  0  73847  205  2147483647  0  731306  0  696994628  501738449  777406  505  45245  95898  61670  1572  2582840009  
1439437523  748891996  0  5900163214  110174  50019  0  725665  154  734469  1636  1544537450  2147483647  0  53465  0  0  0  202  1758708  2147483647  0  75275  205  2147483647  0  731306  0  720007611  509746227  797049  505  45245  95898  62588  1572  2648943057  
1439437533  761188013  0  5998578918  110174  50019  0  737697  154  746895  1636  1561896095  2147483647  0  53465  0  0  0  202  1776082  2147483647  0  76337  205  2147483647  0  731306  0  739175551  516700389  810315  505  45245  95898  63428  1572  2692907163  
1439437543  775785372  0  6126998281  110174  50019  0  751861  154  763190  1636  1585327073  2147483647  0  53465  0  0  0  202  1799917  2147483647  0  77416  205  2147483647  0  731306  0  753607292  535638310  829053  505  45245  95898  65871  1572  2752602985  
1439437553  788269170  0  6227245495  110174  50019  0  763369  154  775843  1636  1602403958  2147483647  0  53465  0  0  0  202  1817694  2147483647  0  78416  205  2147483647  0  731306  0  765902635  543344581  842711  505  45245  95898  66876  1572  2797066084  
1439437563  803236882  0  6339858620  110174  55971  0  777370  154  789946  1636  1623998515  2147483647  0  53465  0  0  0  202  1839516  2147483647  0  79544  205  2147483647  0  731306  0  781821605  550455344  857799  505  45245  95898  67861  1572  2845554791  
1439437573  817396991  0  6457799275  110174  55971  0  790670  154  804641  1636  1641369583  2147483647  0  53465  0  0  0  202  1856332  2147483647  0  80263  205  2147483647  0  731306  0  793500762  557839366  873348  505  45245  95898  68715  1572  2897545916  
1439437583  833543477  0  6579424557  110174  55971  0  805849  154  819367  1636  1661185088  2147483647  0  53465  0  0  0  202  1877382  2147483647  0  81329  205  2147483647  0  731306  0  805288944  564900315  888895  505  45245  95898  69551  1572  2948584491  
1439437593  847909692  0  6720843119  110174  55971  0  819574  154  836479  1636  1681114343  2147483647  0  53465  0  0  0  202  1896960  2147483647  0  82334  205  2147483647  0  731306  0  821016342  575124877  907582  505  45245  95898  71126  1572  3009052728  
1439437603  862250252  0  6828717835  110174  55971  0  832501  154  849322  1636  1699739272  2147483647  0  53465  0  0  0  202  1914945  2147483647  0  83307  205  2147483647  0  731306  0  837887885  580154486  920991  505  45245  95898  71692  1572  3054955419  
1439437613  878162722  0  6949653646  110174  55971  0  848124  154  865244  1636  1720243821  2147483647  0  53465  0  0  0  202  1937459  2147483647  0  84765  205  2147483647  0  731306  0  860407424  584785138  937420  505  45245  95898  72199  1572  3107250540  
1439437623  890897977  0  7069702906  552441  55971  0  860313  154  880494  1636  1734957032  2147483647  0  53465  0  0  0  202  1953692  2147483647  0  85805  205  2147483647  0  731306  0  870049608  591259942  953550  505  45245  551474  73079  1572  3159209347  
1439437633  904114277  0  7171742604  552441  55971  0  872457  154  893368  1636  1751415824  2147483647  0  53465  0  0  0  202  1970996  2147483647  0  86791  205  2147483647  0  731306  0  882644978  596777169  967040  505  45245  551474  73695  1572  3204173701  
1439437643  920649136  0  7298571212  552441  55971  0  886937  154  908427  1636  1771776140  2147483647  0  53465  0  0  0  202  1990392  2147483647  0  87582  205  2147483647  0  731306  0  894947254  600980625  982645  505  45245  551474  74241  1572  3256306878  
1439437653  933017340  0  7379708389  552441  55971  0  898608  154  918860  1636  1789980635  2147483647  0  53465  0  0  0  202  2010090  2147483647  0  88523  205  2147483647  0  731306  0  907519361  609387162  994064  505  45245  551474  75227  1572  3293779194  
1439437663  948715739  0  7502397653  552441  55971  0  913231  154  933748  1636  1811267456  2147483647  0  53465  0  0  0  202  2030863  2147483647  0  89849  205  2147483647  0  731306  0  930218452  617065732  1009818  505  45245  551474  76093  1572  3345380744  
1439437673  962118934  0  7608501846  552441  55971  0  925543  154  947186  1636  1829717739  2147483647  0  53465  0  0  0  202  2050641  2147483647  0  90861  205  2147483647  0  731306  0  944858852  622779170  1023915  505  45245  551474  76752  1572  3391463297  
1439437683  973944329  0  7713853463  552441  55971  0  936661  154  959849  1636  1845976184  2147483647  0  53465  0  0  0  202  2067111  2147483647  0  91601  205  2147483647  0  731306  0  952517819  629307090  1037436  505  45245  551474  77610  1572  3436608949  
1439437693  986779169  0  7825308675  552441  55971  0  948595  154  973267  1636  1864490029  2147483647  0  53465  0  0  0  202  2085171  2147483647  0  92573  205  2147483647  0  731306  0  966368728  645805758  1052750  505  45245  551474  79506  1572  3487936724  
1439437703  1001069606  0  7957720450  552441  55971  0  962290  154  989519  1636  1886568210  2147483647  0  53465  0  0  0  202  2106721  2147483647  0  93937  205  2147483647  0  731306  0  989727890  656855881  1070423  505  45245  551474  80927  1572  3547075248  
1439437713  1014112068  0  8075198714  552441  55971  0  974217  154  1003464  1636  1905056209  2147483647  0  57406  0  0  0  202  2125426  2147483647  0  94701  205  2147483647  0  731306  0  1000666895  669886547  1085947  505  45245  551474  82506  1572  3599888828  
1439437723  1027365087  0  8183538827  552441  55971  0  985903  154  1016789  1636  1925378933  2147483647  0  57406  0  0  0  202  2144614  2147483647  0  95928  205  2147483647  0  731306  0  1023478276  677009398  1100159  505  45245  551474  83393  1572  3647527917  
1439437733  1044982873  0  8320519852  552441  55971  0  1002023  154  1033822  1636  1952067430  2147483647  0  57406  0  0  0  202  2169729  2147483647  0  97121  205  2147483647  0  731306  0  1046016383  688059687  1118504  505  45245  551474  84705  1572  3709369019  
1439437743  1058196606  0  8420139706  552441  55971  0  1014091  154  1046003  1636  1969920086  2147483647  0  57406  0  0  0  202  2187943  2147483647  0  98106  205  2147483647  0  731306  0  1058319071  699242540  1132020  505  45245  551474  86040  1572  3753656929  
1439437753  1073730700  0  8539255710  552441  55971  0  1028112  154  1060675  1636  1991536946  2147483647  0  57406  0  0  0  202  2209105  2147483647  0  98930  205  2147483647  0  731306  0  1071526344  712569762  1148343  505  45245  551474  87691  1572  3807461378  
1439437763  1088651001  0  8643705627  552441  55971  0  1041952  154  1073888  1636  2012134848  2147483647  0  57406  0  0  0  202  2229922  2147483647  0  100195  205  2147483647  0  731306  0  1091484058  719431401  1162382  505  45245  551474  88521  1572  3853353470  
1439437773  1103703384  0  8771828034  552441  55971  0  1056288  154  1090358  1636  2032989803  2147483647  0  57406  0  0  0  202  2250966  2147483647  0  101543  205  2147483647  0  731306  0  1111778792  729198109  1179936  505  45245  551474  89605  1572  3910571000  
1439437783  1117945292  0  8877394302  552441  55971  0  1069582  154  1104011  1636  2050806018  2147483647  0  57406  0  0  0  202  2268525  2147483647  0  102311  205  2147483647  0  731306  0  1123092335  733093283  1194021  505  45245  551474  90038  1572  3956065157  
1439437793  1132637088  0  8990828484  552441  55971  0  1083327  154  1118073  1636  2066714103  2147483647  0  57406  0  0  0  202  2285708  2147483647  0  103342  205  2147483647  0  731306  0  1136726064  736199152  1208426  505  45245  551474  90381  1572  4002713662  
1439437803  1144564985  0  9092908763  552441  55971  0  1094260  154  1129917  1636  2084156574  2147483647  0  57406  0  0  0  202  2303880  2147483647  0  104071  205  2147483647  0  731306  0  1144135738  740958404  1220806  505  45245  551474  90917  1572  4045339871  
1439437813  1159654562  0  9214579079  552441  55971  0  1108432  154  1145465  1636  2106037634  2147483647  0  57406  0  0  0  202  2325832  2147483647  0  105739  205  2147483647  0  731306  0  1169368254  750473554  1237561  505  45245  551474  92124  1572  4099331202  
1439437823  1172616752  0  9319537360  552441  55971  0  1121050  154  1158677  1636  2123348750  2147483647  0  57406  0  0  0  202  2343849  2147483647  0  106474  205  2147483647  0  731306  0  1180423762  755876977  1251394  505  45245  551474  92745  1572  4144114963  
1439437833  1186784494  0  9440314980  552441  55971  0  1134297  154  1173977  1636  2143228682  2147483647  0  57406  0  0  0  202  2363228  2147483647  0  107545  205  2147483647  0  731306  0  1193598371  763937913  1267629  505  45245  551474  93680  1572  4196828969  
1439437843  1199856335  0  9573266781  552441  55971  0  1146794  154  1188966  1636  2164360585  2147483647  0  57406  0  0  0  202  2383812  2147483647  0  108863  205  2147483647  0  731306  0  1218755033  771501143  1283637  505  45245  551474  94699  1572  4251535718  
1439437853  1214629527  0  9676773525  552441  55971  0  1160112  154  1201343  1636  2182703416  2147483647  0  57406  0  0  0  202  2401285  2147483647  0  109326  205  2147483647  0  731306  0  1224728472  781300233  1297100  505  45245  551474  95785  1572  4297855803  
1439437863  1229996652  0  9779357064  552441  55971  0  1173817  154  1214019  1636  2205423486  2147483647  0  57406  0  0  0  202  2423331  2147483647  0  110668  205  2147483647  0  731306  0  1245827655  789244343  1310712  505  45245  551474  96721  1572  4343214299  
1439437873  1243348341  0  9904109133  552441  55971  0  1185708  154  1228602  1636  2222605480  2147483647  0  57406  0  0  0  202  2439923  2147483647  0  111710  205  2147483647  0  731306  0  1260786917  795029669  1325975  505  45245  551474  97401  1572  4397015288  
1439437883  1257617426  0  10020451188  552441  55971  0  1199066  154  1242647  1636  2243038635  2147483647  0  57406  0  0  0  202  2461108  2147483647  0  112703  205  2147483647  0  731306  0  1273467251  802958356  1340982  505  45245  551474  98363  1572  4447386093  
1439437893  1272874332  0  10127508415  552441  55971  0  1212337  154  1255431  1636  2262459290  2147483647  0  57406  0  0  0  202  2479068  2147483647  0  113681  205  2147483647  0  737583  0  1291661295  815987253  1355212  505  45245  551474  99810  1572  4496464125  
1439437903  1287723694  0  10252944648  552441  55971  0  1225568  154  1270271  1636  2282325456  2147483647  0  57406  0  0  0  202  2497723  2147483647  0  114734  205  2147483647  0  737583  0  1309842962  824884218  1371063  505  45245  551474  100831  1572  4550296799  
1439437913  1304705230  0  10368889785  552441  55971  0  1240757  154  1284518  1636  2303207694  2147483647  0  57406  0  0  0  202  2517762  2147483647  0  115746  205  2147483647  0  737583  0  1327787520  832164442  1386168  505  45245  551474  101689  1572  4600660789  
1439437923  1314026010  0  10439791438  552441  55971  0  1249628  154  1293476  1636  2316292797  2147483647  0  57406  0  0  0  202  2530370  2147483647  0  116631  205  2147483647  0  737583  0  1344011357  836068594  1395604  505  45245  551474  102167  1572  4631425608  
1439437933  1333040197  0  10598177060  552441  55971  0  1266700  154  1312397  1636  2338477047  2147483647  0  57406  0  0  0  202  2551815  2147483647  0  117899  205  2147483647  0  737583  0  1365796646  842447958  1415281  505  45245  551474  102923  1572  4698401766  
1439437943  1346457984  0  10705008237  552441  55971  0  1279063  154  1325714  1636  2355694332  2147483647  0  57406  0  0  0  202  2569697  2147483647  0  119049  205  2147483647  0  737583  0  1386551012  848850001  1429307  505  45245  551474  103632  1572  4745346809  
1439437953  1360643294  0  10824314132  552441  55971  0  1292424  154  1340891  1636  2374556944  2147483647  0  57406  0  0  0  202  2588626  2147483647  0  120092  205  2147483647  0  737583  0  1405389257  865073442  1446356  505  45245  551474  105504  1572  4802038575  
1439437963  1376115903  0  10942947806  552441  55971  0  1306867  154  1355262  1636  2395270591  2147483647  0  57406  0  0  0  202  2608616  2147483647  0  120985  205  2147483647  0  737583  0  1418764139  873070992  1461717  505  45245  551474  106494  1572  4851464095  
1439437973  1390557176  0  11065715136  552441  55971  0  1320442  154  1370163  1636  2412886794  2147483647  0  57406  0  0  0  202  2626167  2147483647  0  122059  205  2147483647  0  737583  0  1438961533  879304781  1477328  505  45245  551474  107204  1572  4903673354  
1439437984  1403711127  0  11165501651  552441  55971  0  1332275  154  1382331  1636  2430122888  2147483647  0  57406  0  0  0  202  2642617  2147483647  0  123239  205  2147483647  0  737583  0  1460600587  880253959  1489584  505  45245  551474  107292  1572  4944583878  
1439437994  1417970483  0  11273322963  552441  55971  0  1345548  154  1395654  1636  2448596529  2147483647  0  57406  0  0  0  202  2660592  2147483647  0  124317  205  2147483647  0  737583  0  1475281047  880551660  1502937  505  45245  551474  107322  1572  4989040735  
1439438004  1430537014  0  11378252354  552441  55971  0  1356746  154  1407978  1636  2462621456  2147483647  0  57406  0  0  0  202  2674850  2147483647  0  125450  205  2147483647  0  737583  0  1495644756  880842043  1515289  505  45245  551474  107350  1572  5029929215  
1439438014  1444042049  0  11489939034  552441  55971  0  1369051  154  1421715  1636  2476976148  2147483647  0  57406  0  0  0  202  2688582  2147483647  0  126404  205  2147483647  0  737583  0  1512716594  880842043  1529026  505  45245  551474  107350  1572  5076249911  
1439438024  1455098713  0  11567813254  552441  55971  0  1378969  154  1431288  1636  2492512895  2147483647  0  57406  0  0  0  202  2703372  2147483647  0  127490  205  2147483647  0  737583  0  1532105240  881026121  1538619  505  45245  551474  107370  1572  5108566391  
1439438034  1467318549  0  11661002855  552441  55971  0  1389521  154  1442759  1636  2507610876  2147483647  0  57406  0  0  0  202  2718550  2147483647  0  128667  205  2147483647  0  737583  0  1549857843  881165034  1550106  505  45245  551474  107386  1572  5147102932  
1439438044  1481384950  0  11752756055  552441  55971  0  1402260  154  1454043  1636  2524729580  2147483647  0  57406  0  0  0  202  2735235  2147483647  0  129552  205  2147483647  0  737583  0  1566401477  881351186  1561415  505  45245  551474  107411  1572  5185131355  
1439438054  1494386070  0  11852726551  552441  55971  0  1413864  154  1466376  1636  2541141904  2147483647  0  57406  0  0  0  202  2751219  2147483647  0  130728  205  2147483647  0  737583  0  1587161964  881632956  1573777  505  45245  551474  107440  1572  5226900927  
1439438064  1507179624  0  11942843936  552441  55971  0  1425291  154  1477542  1636  2558741737  2147483647  0  57406  0  0  0  202  2768076  2147483647  0  131854  205  2147483647  0  737583  0  1606627282  881805181  1584988  505  45245  551474  107485  1572  5264051358  
1439438074  1513448260  0  11976525230  552441  55971  0  1430859  154  1481467  1636  2565231234  2147483647  0  57406  0  0  0  202  2774386  2147483647  0  133005  205  2147483647  0  737583  0  1616152676  881939457  1588930  505  45245  551474  107502  1572  5277903250  
1439438084  1513460652  0  11976525230  552441  55971  0  1430866  154  1481467  1636  2565231234  2147483647  0  57406  0  0  0  202  2774386  2147483647  0  134494  205  2147483647  0  737583  0  1623161036  881939457  1588930  505  45245  551474  107502  1572  5277903250  
1439438094  1514005767  0  11990037737  552441  55971  0  1431279  154  1485349  1636  2566388664  2147483647  0  57406  0  0  0  202  2775757  2147483647  0  134647  205  2147483647  0  737583  0  1623472849  885381705  1593166  505  45245  551474  107856  1572  5286075432  
1439438104  1514005767  0  11990037737  552441  55971  0  1431279  154  1485349  1636  2600077003  2147483647  0  57406  0  0  0  202  2813224  2147483647  0  134647  205  2147483647  0  737583  0  1623472849  885381705  1593166  505  45245  551474  107856  1572  5286075432  
1439438114  1514012035  0  11996624977  552441  55971  0  1431297  154  1486132  1636  2652623218  2147483647  0  57406  0  0  0  202  2873000  2147483647  0  134931  205  2147483647  0  737583  0  1625609201  885381705  1593949  505  45245  551474  107856  1572  5288871154  
1439438124  1514036815  0  11996752139  552441  55971  0  1431335  154  1486142  1636  2696840841  2147483647  0  57406  0  0  0  202  2923833  2147483647  0  136042  205  2147483647  0  737583  0  1627221596  885381705  1593959  505  45245  551474  107856  1572  5288909471  
1439438134  1514063575  0  11996863657  552441  55971  0  1431353  154  1486152  1636  2743475901  2147483647  0  97650  0  0  0  202  2985104  2147483647  0  137033  202  2147483647  0  737583  0  1628211665  886120935  1594049  505  45245  551474  107936  1572  5289246509  
1439438144  1527344130  0  12012665129  552441  55971  0  1444491  154  1488002  1636  2776796975  2147483647  0  97650  0  0  0  202  3039687  2147483647  0  138388  202  2147483647  0  737583  0  1629778302  887219049  1596044  505  45245  551474  108081  1572  5296110907  
1439438154  1542061272  0  12041666785  552441  55971  0  1458389  154  1491682  1636  2805784646  2147483647  0  97650  0  0  0  202  3070042  2147483647  0  139518  202  2147483647  0  737583  0  1632075243  887399145  1599743  505  45245  551474  108100  1572  5308398837  
1439438164  1557457700  0  12192980501  552441  55971  0  1472570  154  1507915  1636  2822127470  2147483647  0  97650  0  0  0  202  3086450  2147483647  0  140174  202  2147483647  0  737583  0  1633506599  887870359  1616022  505  45245  551474  108146  1572  5363675038  
1439438174  1569320004  0  12330091168  552441  55971  0  1483742  154  1522480  1636  2835111235  2147483647  0  97650  0  0  0  202  3099100  2147483647  0  140587  202  2147483647  0  737583  0  1634956642  887870359  1630587  505  45245  551474  108146  1572  5412930701  
1439438184  1582376458  0  12466041888  552441  55971  0  1495442  154  1537400  1636  2852199124  2147483647  0  97650  0  0  0  202  3114923  2147483647  0  141550  202  2147483647  0  737583  0  1645460687  888080134  1645524  505  45245  551474  108163  1572  5462483416  
1439438194  1597459531  0  12575424571  552441  55971  0  1508573  154  1549998  1636  2869109183  2147483647  0  97650  0  0  0  202  3130424  2147483647  0  142192  202  2147483647  0  737583  0  1656348588  889782856  1658315  505  45245  551474  108356  1572  5506384614  
1439438204  1616680512  0  12715443137  552441  55971  0  1525891  154  1566379  1636  2890152231  2147483647  0  97650  0  0  0  202  3153387  2147483647  0  143009  202  2147483647  0  737583  0  1666094910  897655774  1675610  505  45245  551474  109270  1572  5564887398  
1439438214  1630146388  0  12851606746  552441  55971  0  1537666  154  1582173  1636  2907106789  2147483647  0  97650  0  0  0  202  3169392  2147483647  0  143650  202  2147483647  0  737583  0  1677810034  907330727  1692771  505  45245  551474  110637  1572  5621104319  
1439438224  1643531660  0  12972013566  552441  55971  0  1549104  154  1595641  1636  2927624924  2147483647  0  97650  0  0  0  202  3187533  2147483647  0  144050  202  2147483647  0  737583  0  1685633695  929636660  1708827  505  45245  551474  113225  1572  5676025068  
1439438234  1657858223  0  13088909751  552441  55971  0  1561110  154  1609253  1636  2948193638  2147483647  0  97650  0  0  0  202  3206797  2147483647  0  144389  202  2147483647  0  737583  0  1693951017  950542566  1725026  505  45245  551474  115812  1572  5729500763  
1439438244  1669987123  0  13242738906  552441  55971  0  1571589  154  1627261  1636  2967582990  2147483647  0  97650  0  0  0  202  3224330  2147483647  0  144894  202  2147483647  0  737583  0  1703916079  987194034  1747549  505  45245  551474  120327  1572  5803847098  
1439438254  1686615774  0  13363871983  552441  55971  0  1586028  154  1641693  1636  2991605997  2147483647  0  97650  0  0  0  202  3246178  2147483647  0  145391  202  2147483647  0  737583  0  1716830825  1018701901  1765827  505  45245  551474  124173  1572  5864673589  
1439438264  1700814275  0  13495881603  552441  55971  0  1597592  154  1657005  1636  3008919024  2147483647  0  97650  0  0  0  202  3261569  2147483647  0  145880  202  2147483647  0  737583  0  1728110168  1035427418  1783151  505  45245  551474  126185  1572  5922340092  
1439438274  1715774803  0  13616941743  552441  55971  0  1610120  154  1671847  1636  3028796681  2147483647  0  97650  0  0  0  202  3280290  2147483647  0  146618  202  2147483647  0  737583  0  1751236112  1050468197  1799828  505  45245  551474  128020  1572  5978070328  
1439438284  1726179316  0  13691469400  552441  55971  0  1618838  154  1680941  1636  3044425063  2147483647  0  97650  0  0  0  202  3294150  2147483647  0  147057  202  2147483647  0  737583  0  1766728582  1067143910  1810881  505  45245  551474  129979  1572  6015020085  
1439438294  1738553521  0  13783056800  552441  55971  0  1629442  154  1692338  1636  3059510524  2147483647  0  97650  0  0  0  202  3307811  2147483647  0  147587  202  2147483647  0  737583  0  1785093178  1074668232  1823221  505  45245  551474  130922  1572  6055711880  
1439438304  1752812217  0  13897523885  552441  55971  0  1641390  154  1706627  1636  3077898257  2147483647  0  97650  0  0  0  202  3324045  2147483647  0  148181  202  2147483647  0  737583  0  1798190956  1094556507  1839752  505  45245  551474  133164  1572  6111006885  
1439438314  1769002718  0  14055544104  552441  55971  0  1655291  154  1726064  1636  3101614817  2147483647  0  97650  0  0  0  202  3345258  2147483647  0  149116  202  2147483647  0  743178  0  1828137814  1140436672  1864540  505  45245  551474  138515  1572  6194977292  
1439438324  1782868971  0  14165366745  552441  55971  0  1666883  154  1739675  1636  3119771424  2147483647  0  97650  0  0  0  202  3361628  2147483647  0  149618  202  2147483647  0  743178  0  1839682370  1160873828  1880602  505  45245  551474  140966  1572  6248373445  
1439438334  1793740507  0  14285598880  552441  55971  0  1676110  154  1754472  1636  3134918226  2147483647  0  97650  0  0  0  202  3375440  2147483647  0  150424  202  2147483647  0  743178  0  1859947825  1174817919  1897233  505  59241  551474  142800  1572  6303582232  
1439438344  1807870670  0  14373525372  552441  55971  0  1687677  154  1764898  1636  3154289721  2147483647  0  97650  0  0  0  202  3392847  2147483647  0  151251  202  2147483647  0  743178  0  1878666428  1184523304  1908776  505  59241  551474  143917  1572  6343374783  
1439438354  1820117951  0  14452691785  552441  55971  0  1697611  154  1773997  1636  3171652307  2147483647  0  97650  0  0  0  202  3407528  2147483647  0  151710  202  2147483647  0  743178  0  1894132525  1193987456  1918944  505  59241  551474  144986  1572  6379291926  
1439438364  1834027157  0  14581664878  552441  55971  0  1709440  154  1789840  1636  3189672481  2147483647  0  97650  0  0  0  202  3423981  2147483647  0  152418  202  2147483647  0  743178  0  1915645926  1203150764  1935856  505  59241  551474  146055  1572  6436282534  
1439438374  1847787926  0  14680997474  552441  55971  0  1721134  154  1802222  1636  3209056117  2147483647  0  97650  0  0  0  202  3442014  2147483647  0  153261  202  2147483647  0  743178  0  1942609539  1222383807  1950525  505  59241  551474  148342  1572  6484853232  
1439438384  1861894963  0  14780376778  552441  55971  0  1733062  154  1814856  1636  3227656553  2147483647  0  97650  0  0  0  202  3458953  2147483647  0  153903  202  2147483647  0  743178  0  1961779418  1242001996  1965416  505  59241  551474  150599  1572  6533744388  
1439438394  1877542059  0  14896461889  552441  55971  0  1746293  154  1828843  1636  3242991348  2147483647  0  97650  0  0  0  202  3472681  2147483647  0  154617  202  2147483647  0  743178  0  1976942735  1244763864  1979716  505  59241  551474  150912  1572  6582686821  
1439438404  1891998782  0  15007237142  552441  55971  0  1758546  154  1842371  1636  3258622436  2147483647  0  97650  0  0  0  202  3487156  2147483647  0  155565  202  2147483647  0  743178  0  1997478343  1252365839  1994085  505  59241  551474  151753  1572  6631083741  
1439438414  1906352597  0  15092035407  552441  55971  0  1770650  154  1852610  1636  3276777681  2147483647  0  97650  0  0  0  202  3503415  2147483647  0  156071  202  2147483647  0  743178  0  2009944202  1257477470  2004899  505  59241  551474  152328  1572  6668012808  
1439438424  1916999884  0  15195796838  552441  55971  0  1779650  154  1865103  1636  3289963190  2147483647  0  97650  0  0  0  202  3514896  2147483647  0  156440  202  2147483647  0  743178  0  2016564784  1270444255  2018843  505  59241  551474  153779  1572  6716097415  
1439438434  1929016928  0  15325440643  552441  55971  0  1790076  154  1880874  1636  3308679085  2147483647  0  97650  0  0  0  202  3532156  2147483647  0  157309  202  2147483647  0  743178  0  2040951254  1302977044  2038396  505  59241  551474  157561  1572  6782471500  
1439438444  1940190905  0  15425110826  552441  55971  0  1799462  154  1893456  1636  3325372860  2147483647  0  97650  0  0  0  202  3547005  2147483647  0  157649  202  2147483647  0  743178  0  2050270884  1326261808  2053690  505  59241  551474  160273  1572  6832868410  
1439438454  1955005709  0  15536617075  552441  55971  0  1812017  154  1906943  1636  3345378429  2147483647  0  97650  0  0  0  202  3564958  2147483647  0  158256  202  2147483647  0  743178  0  2067969687  1343503796  2069264  505  59241  551474  162360  1572  6885558243  
1439438464  1968320132  0  15623116826  552441  55971  0  1822948  154  1917662  1636  3360193545  2147483647  0  97650  0  0  0  202  3578351  2147483647  0  159305  202  2147483647  0  743178  0  2092103099  1348685803  2080876  505  59241  551474  163253  1572  6923105955  
1439438474  1981559299  0  15729332537  552441  55971  0  1834157  154  1930476  1636  3374945695  2147483647  0  97650  0  0  0  202  3593040  2147483647  0  159927  202  2147483647  0  743178  0  2101926289  1358747331  2094869  505  59241  551474  164432  1572  6970569771  
1439438484  1990361928  0  15813420356  552441  55971  0  1841537  154  1940841  1636  3386118280  2147483647  0  97650  0  0  0  202  3603073  2147483647  0  160321  202  2147483647  0  743178  0  2112205696  1370822980  2106601  505  59241  551474  165799  1572  7010115252  
1439438494  2004352122  0  15900768967  552441  55971  0  1853375  154  1950971  1636  3404792803  2147483647  0  97650  0  0  0  202  3619630  2147483647  0  160957  202  2147483647  0  743178  0  2128592128  1378634048  2117608  505  59241  551474  166676  1572  7048774966  
1439438504  2017518026  0  16018859635  552441  55971  0  1864286  154  1965162  1636  3418562040  2147483647  0  97650  0  0  0  202  3631779  2147483647  0  161673  202  2147483647  0  743178  0  2147940072  1387443055  2132858  505  59241  551474  167735  1572  7100732858  
1439438514  2030258127  0  16097559062  552441  55971  0  1875025  154  1974919  1636  3431521933  2147483647  0  97650  0  0  0  202  3644254  2147483647  0  162441  202  2147483647  0  746790  0  2168237821  1391978711  2143447  505  59241  551474  168567  1572  7135002122  
1439438524  2042515330  0  16191361437  552441  103323  0  1885101  154  1986437  1636  3445146482  2147483647  0  97650  0  0  0  202  3656573  2147483647  0  163153  202  2147483647  0  746790  0  2191243818  1395996439  2155429  505  59241  551474  169031  1572  7175407799  
1439438534  2057125767  0  16291320083  552441  103323  0  1897730  154  1998406  1636  3459812932  2147483647  0  97650  0  0  0  202  3670370  2147483647  0  164214  202  2147483647  0  746790  0  2223324866  1395996439  2167398  505  59241  551474  169031  1572  7216419456  
1439438544  2071214701  0  16381186662  552441  103323  0  1909707  154  2009205  1636  3475584566  2147483647  0  97650  0  0  0  202  3684497  2147483647  0  164992  202  2147483647  0  746790  0  2242020187  1396383023  2178239  505  59241  551474  169073  1572  7253484095  
1439438554  2081561412  0  16473082027  552441  103323  0  1918559  154  2020420  1636  3485350094  2147483647  0  97650  0  0  0  202  3694573  2147483647  0  165507  202  2147483647  0  746790  0  2246407897  1398248104  2189662  505  59241  551474  169281  1572  7291940082  
1439438564  2094804069  0  16564280741  552441  103323  0  1929769  154  2031024  1636  3501760611  2147483647  0  97650  0  0  0  202  3709141  2147483647  0  166224  202  2147483647  0  746790  0  2260727575  1398248104  2200266  505  59241  551474  169281  1572  7329235119  
1439438574  2105718352  0  16655222891  552441  103323  0  1939151  154  2041913  1636  3512483625  2147483647  0  97650  0  0  0  202  3718924  2147483647  0  166614  202  2147483647  0  746790  0  2271133679  1400798694  2211451  505  59241  551474  169577  1572  7367789431  
1439438584  2117379939  0  16735116572  552441  103323  0  1948776  154  2051329  1636  3525985677  2147483647  0  97650  0  0  0  202  3731077  2147483647  0  167256  202  2147483647  0  746790  0  2289927809  1402431572  2221052  505  59241  551474  169762  1572  7401129626  
1439438594  2131304133  0  16832024002  552441  103323  0  1960601  154  2063444  1636  3539350543  2147483647  0  97650  0  0  0  202  3743829  2147483647  0  168171  202  2147483647  0  746790  0  2311828283  1411186214  2234151  505  59241  551474  170746  1572  7444478095  
1439438604  2142869906  0  16914716349  552441  103323  0  1970710  154  2073478  1636  3551422421  2147483647  0  97650  0  0  0  202  3754922  2147483647  0  168576  202  2147483647  0  746790  0  2321621901  1411186214  2244185  505  59241  551474  170746  1572  7478253745  
1439438615  2157469611  0  17005877156  552441  103323  0  1982943  154  2084239  1636  3568032429  2147483647  0  97650  0  0  0  202  3769958  2147483647  0  169586  202  2147483647  0  746790  0  2344377140  1411368016  2254964  505  59241  551474  170764  1572  7515323569  
1439438625  2168122440  0  17098433438  552441  103323  0  1991891  154  2095414  1636  3578494056  2147483647  0  97650  0  0  0  202  3780376  2147483647  0  170079  202  2147483647  0  746790  0  2355580779  1411941533  2266202  505  59241  551474  170827  1572  7553475931  
1439438635  2179969195  0  17181094960  552441  103323  0  2002188  154  2105628  1636  3593222506  2147483647  0  99076  0  0  0  202  3794103  2147483647  0  170750  202  2147483647  0  761949  0  2367016493  1413446002  2276576  505  59241  551474  170987  1572  7588302567  
1439438645  2191205425  0  17266875069  552441  103323  0  2011419  154  2115997  1636  3606900498  2147483647  0  99076  0  0  0  202  3806561  2147483647  0  171406  202  2147483647  0  761949  0  2381994231  1418243796  2287522  505  59241  551474  171564  1572  7625478666  
1439438655  2201979175  0  17356596747  552441  103323  0  2020348  154  2126893  1636  3619781068  2147483647  0  99076  0  0  0  202  3818252  2147483647  0  171814  202  2147483647  0  761949  0  2387016836  1425260232  2299215  505  59241  551474  172361  1572  7665057964  
1439438665  2213210649  0  17431315105  552441  103323  0  2029480  154  2135811  1636  3631005263  2147483647  0  99076  0  0  0  202  3828496  2147483647  0  172388  202  2147483647  0  761949  0  2401918110  1429623428  2308612  505  59241  551474  172840  1572  7697271287  
1439438675  2229390867  0  17540806986  552441  103323  0  2042953  154  2149603  1636  3647488686  2147483647  0  99076  0  0  0  202  3843976  2147483647  0  173312  202  2147483647  0  761949  0  2427592277  1436807149  2323217  505  59241  551474  173653  1572  7745157037  
1439438685  2241202448  0  17624645875  552441  103323  0  2053032  154  2159752  1636  3659360807  2147483647  0  99076  0  0  0  202  3854678  2147483647  0  174021  202  2147483647  0  761949  0  2446991897  1439975658  2333729  505  59241  551474  174016  1572  7780599155  
1439438695  2253958439  0  17713587798  552441  103323  0  2063899  154  2170358  1636  3673864972  2147483647  0  99076  0  0  0  202  3867815  2147483647  0  174728  202  2147483647  0  761949  0  2463802183  1440367435  2344377  505  59241  551474  174058  1572  7817089101  
1439438705  2263952137  0  17777934437  552441  103323  0  2072186  154  2178194  1636  3686946752  2147483647  0  99076  0  0  0  202  3879720  2147483647  0  175330  202  2147483647  0  761949  0  2479840526  1443379117  2352545  505  59241  551474  174390  1572  7844694275  
1439438715  2274050290  0  17870249678  552441  103323  0  2080854  154  2189169  1636  3697947465  2147483647  0  99076  0  0  0  202  3889927  2147483647  0  175778  202  2147483647  0  761949  0  2487317985  1444320799  2363651  505  59241  551474  174521  1572  7882891653  
1439438725  2284703987  0  17943777814  552441  103323  0  2090328  154  2198034  1636  3711913104  2147483647  0  99076  0  0  0  202  3902676  2147483647  0  176397  202  2147483647  0  761949  0  2504468617  1446415199  2372740  505  59241  551474  174745  1572  7913975076  
1439438735  2295889922  0  18018660512  552441  103323  0  2099602  154  2206879  1636  3723774034  2147483647  0  99076  0  0  0  202  3913558  2147483647  0  177025  202  2147483647  0  761949  0  2515689174  1447197285  2381687  505  59241  551474  174847  1572  7944880203  
1439438745  2307682088  0  18099550922  552441  103323  0  2109375  154  2216659  1636  3735744549  2147483647  0  99076  0  0  0  202  3924415  2147483647  0  177724  202  2147483647  0  800978  0  2537805386  1449285582  2391740  505  59241  551474  175120  1572  7978636832  
1439438755  2321430191  0  18200063890  552441  103323  0  2121094  154  2228821  1636  3749804788  2147483647  0  99076  0  0  0  202  3937218  2147483647  0  178825  202  2147483647  0  800978  0  2569728480  1449285582  2403902  505  59241  551474  175120  1572  8019886596  
1439438765  2332699201  0  18278393169  552441  103323  0  2130692  154  2238174  1636  3761125229  2147483647  0  99076  0  0  0  202  3947711  2147483647  0  179552  202  2147483647  0  800978  0  2589444704  1449379962  2413261  505  59241  551474  175126  1572  8052026213  
1439438775  2345340485  0  18357143457  552441  103323  0  2141537  154  2247769  1636  3776233128  2147483647  0  99076  0  0  0  202  3961975  2147483647  0  180316  202  2147483647  0  800978  0  2606859998  1449379962  2422856  505  59241  551474  175126  1572  8084216165  
1439438785  2355449794  0  18420791292  552441  103323  0  2150307  154  2255939  1636  3788530574  2147483647  0  99076  0  0  0  202  3973451  2147483647  0  180711  202  2147483647  0  800978  0  2612712734  1449379962  2431026  505  59241  551474  175126  1572  8110510236  
1439438795  2366764690  0  18516307677  552441  103323  0  2160006  154  2267407  1636  3799768242  2147483647  0  99076  0  0  0  202  3983843  2147483647  0  181564  202  2147483647  0  800978  0  2637157106  1449695155  2442530  505  59241  551474  175162  1572  8149767406  
1439438805  2374496068  0  18583448686  552441  103323  0  2166548  154  2275454  1636  3807841211  2147483647  0  99076  0  0  0  202  3991466  2147483647  0  181998  202  2147483647  0  800978  0  2647186810  1449905381  2450597  505  59241  551474  175182  1572  8177474877  
1439438815  2386993886  0  18675482381  552441  103323  0  2177430  154  2286751  1636  3823435108  2147483647  0  99076  0  0  0  202  4006170  2147483647  0  183012  202  2147483647  0  800978  0  2672405371  1449980572  2461901  505  59241  551474  175189  1572  8215393878  
1439438825  2400144200  0  18763334217  552441  103323  0  2188584  154  2297082  1636  3836859451  2147483647  0  99076  0  0  0  202  4018253  2147483647  0  183734  202  2147483647  0  800978  0  2690975850  1449980572  2472232  505  59241  551474  175189  1572  8251223585  
1439438835  2411823488  0  18841714629  552441  103323  0  2198859  154  2306519  1636  3848878390  2147483647  0  99076  0  0  0  202  4029402  2147483647  0  184170  202  2147483647  0  800978  0  2700823255  1449980572  2481669  505  59241  551474  175189  1572  8283260741  
1439438845  2422621035  0  18914198444  552441  103323  0  2208142  154  2315266  1636  3861088088  2147483647  0  99076  0  0  0  202  4040854  2147483647  0  184830  202  2147483647  0  800978  0  2714197612  1449980572  2490416  505  59241  551474  175189  1572  8312892714  
1439438855  2434064599  0  18990116883  552441  103323  0  2217936  154  2324583  1636  3872384399  2147483647  0  99076  0  0  0  202  4051321  2147483647  0  185254  202  2147483647  0  800978  0  2717356740  1449980572  2499733  505  59241  551474  175189  1572  8344055061  
1439438865  2446898923  0  19083083767  552441  103323  0  2228803  154  2335605  1636  3885643205  2147483647  0  99076  0  0  0  202  4063657  2147483647  0  185958  202  2147483647  0  800978  0  2734677562  1449980572  2510755  505  59241  551474  175189  1572  8382309593  
1439438875  2459439464  0  19162557865  552441  103323  0  2239122  154  2345016  1636  3899060959  2147483647  0  99076  0  0  0  202  4075729  2147483647  0  186600  202  2147483647  0  800978  0  2748967556  1450668481  2520245  505  59241  551474  175268  1572  8415071306  
1439438885  2469899744  0  19243039477  552441  103323  0  2247749  154  2354850  1636  3909267005  2147483647  0  99076  0  0  0  202  4085279  2147483647  0  187062  202  2147483647  0  800978  0  2758078123  1451531209  2530172  505  59241  551474  175361  1572  8448315320  
1439438895  2481782980  0  19321368615  552441  103323  0  2257764  154  2364695  1636  3918817348  2147483647  0  99076  0  0  0  202  4094489  2147483647  0  187766  202  2147483647  0  800978  0  2777490846  1452037923  2540070  505  59241  551474  175414  1572  8480648583  
1439438905  2496431093  0  19410644465  552441  103323  0  2270408  154  2375509  1636  3932761041  2147483647  0  99076  0  0  0  202  4107654  2147483647  0  188672  202  2147483647  0  800978  0  2795331528  1452037923  2550884  505  59241  551474  175414  1572  8517368479  
1439438915  2507258526  0  19496018892  552441  103323  0  2279789  154  2385680  1636  3942206161  2147483647  0  99076  0  0  0  202  4116010  2147483647  0  189140  202  2147483647  0  800978  0  2807697951  1452037923  2561055  505  59241  551474  175414  1572  8552297571  
1439438925  2518357901  0  19579630898  552441  103323  0  2289072  154  2395671  1636  3951535334  2147483647  0  99076  0  0  0  202  4124403  2147483647  0  189584  202  2147483647  0  800978  0  2819454948  1452037923  2571046  505  59241  551474  175414  1572  8586527174  
1439438935  2530467976  0  19659142869  552441  103323  0  2299265  154  2405418  1636  3963971035  2147483647  0  99076  0  0  0  202  4135771  2147483647  0  190309  202  2147483647  0  800978  0  2835206916  1452037923  2580793  505  59241  551474  175414  1572  8619191978  
1439438945  2539762065  0  19731738275  552441  103323  0  2306924  154  2414014  1636  3973768234  2147483647  0  99076  0  0  0  202  4144647  2147483647  0  190809  202  2147483647  0  800978  0  2845537092  1452037923  2589389  505  59241  551474  175414  1572  8648865892  
1439438955  2549837474  0  19811896076  552441  103323  0  2315348  154  2423853  1636  3984188601  2147483647  0  99076  0  0  0  202  4154345  2147483647  0  191525  202  2147483647  0  800978  0  2865672459  1452661501  2599293  505  59241  551474  175479  1572  8682044912  
1439438965  2559689515  0  19878194831  552441  103323  0  2323524  154  2431566  1636  3993651790  2147483647  0  99076  0  0  0  202  4162802  2147483647  0  191932  202  2147483647  0  800978  0  2875458713  1453122039  2607059  505  59241  551474  175532  1572  8709107284  
1439438975  2572550123  0  19961475858  552441  103323  0  2334342  154  2441828  1636  4006421873  2147483647  0  99076  0  0  0  202  4174576  2147483647  0  192600  202  2147483647  0  800978  0  2893361177  1453122039  2617321  505  59241  551474  175532  1572  8743329490  
1439438985  2582570919  0  20030038366  552441  103323  0  2342737  154  2450318  1636  4015826490  2147483647  0  99076  0  0  0  202  4183244  2147483647  0  192981  202  2147483647  0  800978  0  2903595644  1453122039  2625811  505  59241  551474  175532  1572  8771487929  
1439438995  2593078387  0  20111828452  552441  103323  0  2351924  154  2460529  1636  4026664361  2147483647  0  99076  0  0  0  202  4193293  2147483647  0  193636  202  2147483647  0  800978  0  2918785909  1456270451  2636375  505  59241  551474  175885  1572  8806429006  
1439439005  2602627081  0  20178248218  552441  103323  0  2360143  154  2468798  1636  4035745294  2147483647  0  99076  0  0  0  202  4202055  2147483647  0  194339  202  2147483647  0  800978  0  2931526043  1456568793  2644674  505  59241  551474  175915  1572  8833694869  
1439439015  2612412940  0  20249091000  552441  103323  0  2368811  154  2478002  1636  4046741237  2147483647  0  99076  0  0  0  202  4212889  2147483647  0  194728  202  2147483647  0  800978  0  2940289054  1462830039  2654628  505  59241  551474  176665  1572  8865480013  
1439439025  2624260575  0  20315629683  552441  103323  0  2378810  154  2485930  1636  4058656285  2147483647  0  99076  0  0  0  202  4223786  2147483647  0  195445  202  2147483647  0  800978  0  2957619244  1462830039  2662556  505  59241  551474  176665  1572  8892602273  
1439439035  2636644065  0  20399013244  552441  103323  0  2389353  154  2495949  1636  4069687463  2147483647  0  99076  0  0  0  202  4234141  2147483647  0  195905  202  2147483647  0  800978  0  2967788634  1462830039  2672575  505  59241  551474  176665  1572  8926604770  
