#type:T;
#time  gt  cn  Pt  Px  gx  cx  gn  gm  Pn  Pm  Ft  cm  pt  Fx  px  ct  pn  Fm  Fn  pm  dn  On  Om  dm  dx  Ox  dt  Ot  Gt  Cn  Cm  Gx  Cx  Gn  Gm  Ct  
1436698275  2184559  0  0  0  10277  0  2467  157  0  2147483647  17602  2147483647  0  2294  0  0  0  399  19  2147483647  0  43  242  2147483647  0  6371  0  57069  0  0  2147483647  0  0  0  2147483647  0  
#type:T;
#time  gt  cn  Pt  Px  gx  cx  gn  gm  Pn  Pm  Ft  cm  pt  Fx  px  ct  pn  Fm  Fn  pm  dn  On  Om  dm  dx  Ox  dt  Ot  Gt  Cn  Cm  Gx  Cx  Gn  Gm  Ct  
1436698321  2795747  0  332580231  58141  10277  0  3473  154  34614  2114  139920977  2147483647  0  42024  0  0  0  205  233636  2147483647  0  6806  205  2147483647  0  682651  0  6744622  227212087  48275  311  47755  33115  28839  1528  111077147  
#type:T;
#time  gt  cn  Pt  Px  gx  cx  gn  gm  Pn  Pm  Ft  cm  pt  Fx  px  ct  pn  Fm  Fn  pm  dn  On  Om  dm  dx  Ox  dt  Ot  Gt  Cn  Cm  Gx  Cx  Gn  Gm  Ct  
1436698341  15459443  0  704672235  77547  16988  0  14590  154  68344  2114  143218105  2147483647  0  42024  0  0  0  205  238069  2147483647  0  6806  205  2147483647  0  682651  0  6744622  429525073  91442  311  55583  33982  54958  1448  217982269  
1436698351  46604297  0  990671730  939781  118203  0  51024  154  82322  2114  143220861  2147483647  398437408  42024  127022  0  28733  205  238074  2195  0  6806  205  2147483647  0  682651  0  6744622  494723555  105449  311  140399  33982  62405  1394  263097591  
1436698361  133058984  0  990671730  939781  118203  0  206082  154  82322  2114  143220861  2147483647  1886154685  42024  127022  0  186306  205  238074  2195  0  6806  205  2147483647  0  682651  0  6744622  494723555  105449  311  140399  33982  62405  1394  263097591  
1436698371  182659318  0  990671730  939781  118203  0  275661  154  82322  2114  143220861  2147483647  2751184789  42024  127022  0  255821  205  238074  2155  0  6806  205  2147483647  0  682651  0  6744622  494723555  105449  311  140399  33982  62405  1394  263097591  
1436698381  235952782  0  990671730  939781  118203  0  355079  154  82322  2114  143220861  2147483647  3697300898  42024  127022  0  328831  205  238074  2117  0  7231  205  2147483647  0  682651  0  6849968  494723555  105449  311  140399  33982  62405  1394  263097591  
1436698391  246624318  0  990671730  939781  118203  0  368631  154  82322  2114  143220861  2147483647  3901960584  42024  127022  0  341842  205  238074  2105  0  7231  205  2147483647  0  682651  0  6849968  494723555  105449  311  140399  33982  62405  1394  263097591  
1436698401  291779451  0  990671730  939781  118203  0  433976  154  82322  2114  143220861  2147483647  4963641073  42024  127022  0  413057  205  238074  2105  0  7231  205  2147483647  0  682651  0  6849968  494723555  105449  311  140399  33982  62405  1394  263097591  
1436698411  350844295  0  990671730  939781  118203  0  508466  154  82322  2114  143220861  2147483647  6043290634  42024  127022  0  487252  205  238074  2105  0  7231  205  2147483647  0  682651  0  6849968  494723555  105449  311  140399  33982  62405  1394  263097591  
1436698421  420925915  0  990671730  939781  200043  0  598189  154  82322  2114  143220861  2147483647  7223532748  42024  206816  0  580163  205  238074  2105  0  7231  205  2147483647  0  682651  0  6849968  494723555  105449  311  140399  33982  62405  1394  263097591  
1436698431  433348181  0  990671730  939781  200043  0  614477  154  82322  2114  143220861  2147483647  7329576791  42024  206816  0  587019  205  238074  2105  0  7257  205  2147483647  0  682651  0  6859258  494723555  105449  311  140399  33982  62405  1394  263097591  
1436698441  458791612  0  990671730  939781  200043  0  646269  154  82322  2114  143221741  2147483647  7972680362  42024  206816  0  626728  205  238075  2093  0  7257  205  2147483647  0  682651  0  6859258  494723555  105449  311  140399  33982  62405  1394  263097591  
1436698451  517901727  0  990671730  939781  200043  0  726140  154  82322  2114  143245517  2147483647  9173441224  42024  206816  0  708554  205  238089  2093  0  7257  205  2147483647  0  682651  0  6859258  494723555  105449  311  140399  33982  62405  1394  263097591  
1436698461  552869541  0  990671730  939781  200043  0  773055  154  82322  2114  143245517  2147483647  9725025883  42024  206816  0  746445  205  238089  2093  0  7627  205  2147483647  0  682651  0  6955600  494723555  105449  311  140399  33982  62405  1394  263097591  
1436698471  577344661  0  990671730  939781  200043  0  803942  154  82322  2114  143276311  2147483647  10380396036  42024  206816  0  785385  205  238099  2093  0  7627  205  2147483647  0  682651  0  6955600  494723555  105449  311  140399  33982  62405  1394  263097591  
1436698481  615556136  0  990671730  939781  200043  0  860705  154  82322  2114  143314740  2147483647  11068953266  42024  206816  0  837313  205  238118  2093  0  9351  205  2147483647  0  682651  0  7380192  494723555  105449  311  140399  33982  62405  1394  263097591  
1436698491  650435574  0  990671730  939781  200043  0  906838  154  82322  2114  143616520  2147483647  11779432278  42024  206816  0  882778  205  238382  2093  0  9351  205  2147483647  0  682651  0  7380192  494723555  105449  311  140399  33982  62405  1394  263097591  
1436698501  670419362  0  990671730  939781  200043  0  931360  154  82322  2114  143722054  2147483647  12268071349  42024  206816  0  913148  205  238481  2093  0  9351  205  2147483647  0  682651  0  7380192  494723555  105449  311  140399  33982  62405  1394  263097591  
1436698511  723872039  0  990671730  939781  200043  0  1004130  154  82322  2114  143886341  2147483647  13317094006  42024  206816  0  986071  205  238612  2093  0  9351  205  2147483647  0  682651  0  7380192  494723555  105449  311  140399  33982  62405  1394  263097591  
1436698521  763630334  0  990671730  939781  200043  0  1053056  154  82322  2114  143965575  2147483647  13986111597  42024  206816  0  1028643  205  238678  2093  0  9351  205  2147483647  0  682651  0  7380192  494723555  105449  311  140399  33982  62405  1394  263097591  
1436698531  781903168  0  990671730  939781  200043  0  1074314  154  82322  2114  144191925  2147483647  14481211924  42024  206816  0  1058026  205  238860  2093  0  9351  205  2147483647  0  682651  0  7380192  494723555  105449  311  140399  33982  62405  1394  263097591  
1436698541  837214608  0  990671730  939781  200043  0  1138063  154  82322  2114  144561612  2147483647  15279068326  42024  206816  0  1124135  205  239166  2093  0  9351  205  2147483647  0  682651  0  7380192  494723555  105449  311  140399  33982  62405  1394  263097591  
1436698551  968810084  0  990671730  939781  37778677  0  1204795  154  82322  2114  146652466  2147483647  16163593887  42024  37785063  0  1191338  205  241122  2093  0  9351  205  2147483647  0  682651  0  7380192  494723555  105449  311  140399  33982  62405  1394  263097591  
1436698561  1312536106  0  990671730  939781  46978268  0  1281058  154  82322  2114  151827474  2147483647  17306676974  42024  46981492  0  1267733  205  246577  2093  0  9351  205  2147483647  0  682651  0  7380192  494723555  105449  311  140399  33982  62405  1394  263097591  
1436698571  2080762627  0  990671730  939781  230089778  0  1341597  154  82322  2114  156771744  2147483647  18708129047  42024  230090859  0  1328700  205  252142  2093  0  9351  205  2147483647  0  682651  0  7380192  494723555  105449  311  140399  33982  62405  1394  263097591  
1436698581  2461989441  0  990671730  939781  230089778  0  1420194  154  82322  2114  160846283  2147483647  19924003925  42024  230090859  0  1406835  205  256507  2093  0  9351  205  2147483647  0  682651  0  7380192  494723555  105449  311  140399  33982  62405  1394  263097591  
1436698591  3577351140  0  990671730  939781  588773731  0  1495509  154  82322  2114  165417175  2147483647  21922838166  42024  588776955  0  1482782  205  261016  2093  0  9351  205  2147483647  0  682651  0  7380192  494723555  105449  311  140399  33982  62405  1394  263097591  
1436698601  4099828741  0  990671730  939781  588773731  0  1571335  154  82322  2114  171118123  2147483647  23214087891  42024  588776955  0  1558889  205  267463  2093  0  10123  205  2147483647  0  682651  0  8056929  494723555  105449  311  140399  33982  62405  1394  263097591  
1436698611  4618431620  0  990671730  939781  588773731  0  1664076  154  82322  2114  176866474  2147483647  24675072517  42024  588776955  0  1651634  205  274094  2093  0  10123  205  2147483647  0  682651  0  8056929  494723555  105449  311  140399  33982  62405  1394  263097591  
1436698621  5254677169  0  990671730  939781  588773731  0  1771722  154  82322  2114  185735684  2147483647  26427349949  42024  588776955  0  1760020  205  284339  2093  0  10648  205  2147483647  0  682651  0  8618185  494723555  105449  311  140399  33982  62405  1394  263097591  
1436698631  5743978476  0  990671730  939781  588773731  0  1892228  154  82322  2114  196893295  2147483647  28222514634  42764  588776955  0  1880586  205  296065  2093  0  10648  205  2147483647  0  682651  0  8618185  494723555  105449  311  140399  33982  62405  1394  263097591  
1436698641  6215976686  0  990671730  939781  588773731  0  1969556  154  82322  2114  202440557  2147483647  29497780267  42764  588776955  0  1958238  205  302412  2093  0  11006  205  2147483647  0  682651  0  8705198  494723555  105449  311  140399  33982  62405  1394  263097591  
1436698651  7225705680  0  990671730  939781  588773731  0  2085339  154  82322  2114  213089153  2147483647  31605563852  42764  588776955  0  2074501  205  315421  2093  0  11006  205  2147483647  0  682651  0  8705198  494723555  105449  311  140399  33982  62405  1394  263097591  
1436698661  8188563830  0  990671730  939781  588773731  0  2191087  154  82322  2114  223375788  2147483647  33582937717  42764  588776955  0  2180432  205  328496  2084  0  11506  205  2147483647  0  682651  0  8832762  494723555  105449  311  140399  33982  62405  1394  263097591  
1436698671  9058020329  0  990671730  939781  588773731  0  2279369  154  82322  2114  233126032  2147483647  35308955225  42764  588776955  0  2268573  205  340721  2084  0  11506  205  2147483647  0  682651  0  8832762  494723555  105449  311  140399  33982  62405  1394  263097591  
1436698681  10253206259  0  990671730  939781  588773731  0  2347467  154  82322  2114  239951782  2147483647  37194566875  42764  588776955  0  2337133  205  348881  2084  0  11506  205  2147483647  0  682651  0  8832762  494723555  105449  311  140399  33982  62405  1394  263097591  
1436698691  11430384191  0  990671730  939781  588773731  0  2405529  154  82322  2114  247789389  2147483647  38976033639  42764  588776955  0  2394952  205  357709  2084  0  11506  205  2147483647  0  682651  0  8832762  494723555  105449  311  140399  33982  62405  1394  263097591  
1436698701  12177695226  0  990671730  939781  588773731  0  2473575  154  82322  2114  257076234  2147483647  40449731120  42764  588776955  0  2463291  205  368220  2084  0  11765  205  2147483647  0  682651  0  9110820  494723555  105449  311  140399  33982  62405  1394  263097591  
1436698711  13199615194  0  990671730  939781  620535277  0  2537400  154  82322  2114  263383779  2147483647  42140798130  42764  620545476  0  2527306  205  375345  2084  0  12040  205  2147483647  0  682651  0  9383762  494723555  105449  311  140399  33982  62405  1394  263097591  
1436698721  13993159346  0  990671730  939781  620535277  0  2619736  154  82322  2114  271446506  2147483647  43765442863  42764  620545476  0  2609743  205  383836  2084  0  12040  205  2147483647  0  682651  0  9383762  494723555  105449  311  140399  33982  62405  1394  263097591  
1436698731  14846529199  0  990671730  939781  620535277  0  2712901  154  82322  2114  280183541  2147483647  45562329995  42764  620545476  0  2703242  205  393961  2084  0  12560  205  2147483647  0  682651  0  9886905  494723555  105449  311  140399  33982  62405  1394  263097591  
1436698741  15494578211  0  990671730  939781  620535277  0  2795909  154  82322  2114  290138142  2147483647  47084611889  42764  620545476  0  2786245  205  404947  2084  0  12560  205  2147483647  0  682651  0  9886905  494723555  105449  311  140399  33982  62405  1394  263097591  
1436698751  15990358093  0  990671730  939781  620535277  0  2853781  154  82322  2114  297776917  2147483647  48189167755  42764  620545476  0  2844231  205  413376  2084  0  12799  205  2147483647  0  682651  0  10118341  494723555  105449  311  140399  33982  62405  1394  263097591  
#type:T;
#time  gt  cn  Pt  Px  gx  cx  gn  gm  Pn  Pm  Ft  cm  pt  Fx  px  ct  pn  Fm  Fn  pm  dn  On  Om  dm  dx  Ox  dt  Ot  Gt  Cn  Cm  Gx  Cx  Gn  Gm  Ct  
1436698771  18096911413  0  990671730  939781  620535277  0  3046394  154  82322  2114  317033581  2147483647  52264269357  42764  620545476  0  3037088  205  436967  2084  0  13197  205  2147483647  0  682651  0  10217477  494723555  105449  311  140399  33982  62405  1394  263097591  
1436698781  19630211565  0  990671730  939781  620535277  0  3128460  154  82322  2114  324632532  2147483647  54544315972  42764  620545476  0  3119306  205  446979  2084  0  13503  205  2147483647  0  682651  0  10521707  494723555  105449  311  140399  33982  62405  1394  263097591  
1436698791  21213459744  0  990671730  939781  620535277  0  3226163  154  82322  2114  333312742  2147483647  57079662519  42764  620545476  0  3217283  205  456827  2084  0  13503  205  2147483647  0  682651  0  10521707  494723555  105449  311  140399  33982  62405  1394  263097591  
1436698801  21620697159  0  990671730  939781  620535277  0  3312357  154  82322  2114  343332857  2147483647  58389978032  42764  620545476  0  3303669  205  467738  2084  0  13744  205  2147483647  0  682651  0  10778733  494723555  105449  311  140399  33982  62405  1394  263097591  
1436698811  23396651468  0  990671730  939781  745474856  0  3402594  154  82322  2114  354621574  2147483647  61049803733  42764  745478483  0  3394080  205  481667  2084  0  14204  205  2147483647  0  682651  0  11252670  494723555  105449  311  140399  33982  62405  1394  263097591  
1436698821  24751414601  0  990671730  939781  745474856  0  3496671  154  82322  2114  362654996  2147483647  63216699753  42764  745478483  0  3488144  205  492690  2084  0  14204  205  2147483647  0  682651  0  11252670  494723555  105449  311  140399  33982  62405  1394  263097591  
1436698831  26056941274  0  990671730  939781  745474856  0  3586103  154  82322  2114  375738867  2147483647  65436560109  42764  745478483  0  3577634  205  507553  2084  0  14392  205  2147483647  0  682651  0  11437106  494723555  105449  311  140399  33982  62405  1394  263097591  
1436698841  27068625701  0  990671730  939781  745474856  0  3680375  154  82322  2114  386939712  2147483647  67374877824  42764  745478483  0  3672210  205  521003  2084  0  14831  205  2147483647  0  682651  0  11862058  494723555  105449  311  140399  33982  62405  1394  263097591  
1436698851  28344860649  0  990671730  939781  745474856  0  3747272  154  82322  2114  397462747  2147483647  69323237175  42764  745478483  0  3739154  205  533342  2084  0  14831  205  2147483647  0  682651  0  11862058  494723555  105449  311  140399  33982  62405  1394  263097591  
1436698861  28713599855  0  990671730  939781  745474856  0  3802721  154  82322  2114  403704032  2147483647  70295862904  42764  745478483  0  3794716  205  540026  2084  0  14831  205  2147483647  0  682651  0  11862058  494723555  105449  311  140399  33982  62405  1394  263097591  
1436698871  29115434698  0  990671730  939781  745474856  0  3851119  154  82322  2114  409200185  2147483647  71211429783  42764  745478483  0  3843250  205  546205  2084  0  14831  205  2147483647  0  682651  0  11862058  494723555  105449  311  140399  33982  62405  1394  263097591  
#type:T;
#time  gt  cn  Pt  Px  gx  cx  gn  gm  Pn  Pm  Ft  cm  pt  Fx  px  ct  pn  Fm  Fn  pm  dn  On  Om  dm  dx  Ox  dt  Ot  Gt  Cn  Cm  Gx  Cx  Gn  Gm  Ct  
1436698891  30056729886  0  990671730  939781  745474856  0  3938750  154  82322  2114  420250599  2147483647  73072717159  42764  745478483  0  3930510  205  558091  2084  0  15486  205  2147483647  0  682651  0  12525091  494723555  105449  311  140399  33982  62405  1394  263097591  
1436698901  30833326736  0  990671730  939781  745474856  0  4010885  154  82322  2114  427817503  2147483647  74568699009  42764  745478483  0  4003276  205  567031  2084  0  15486  205  2147483647  0  682651  0  12525091  494723555  105449  311  140399  33982  62405  1394  263097591  
#type:T;
#time  gt  cn  Pt  Px  gx  cx  gn  gm  Pn  Pm  Ft  cm  pt  Fx  px  ct  pn  Fm  Fn  pm  dn  On  Om  dm  dx  Ox  dt  Ot  Gt  Cn  Cm  Gx  Cx  Gn  Gm  Ct  
1436698921  33416320616  0  990671730  939781  745474856  0  4206782  154  82322  2114  448215749  2147483647  79017977232  42764  745478483  0  4199512  205  591583  2084  0  16069  205  2147483647  0  682651  0  13098645  494723555  105449  311  140399  33982  62405  1394  263097591  
1436698931  33826567930  0  990671730  939781  745474856  0  4255781  154  82322  2114  453260023  2147483647  79911787233  42764  745478483  0  4248423  205  597461  2084  0  16069  205  2147483647  0  682651  0  13098645  494723555  105449  311  140399  33982  62405  1394  263097591  
1436698941  34902511238  0  990671730  939781  745474856  0  4351556  154  82322  2114  461022095  2147483647  81871857175  42764  745478483  0  4344333  205  607383  2084  0  16069  205  2147483647  0  682651  0  13098645  494723555  105449  311  140399  33982  62405  1394  263097591  
1436698951  35328152709  0  990671730  939781  745474856  0  4418694  154  82322  2114  469099926  2147483647  82967144073  42764  745478483  0  4411733  205  616867  2068  0  16207  205  2147483647  0  682651  0  13238382  494723555  105449  311  140399  33982  62405  1394  263097591  
1436698961  35986795527  0  990671730  939781  745474856  0  4486614  154  82322  2114  475930998  2147483647  84274030843  42764  745478483  0  4479349  205  625109  2056  0  16725  205  2147483647  0  682651  0  13743860  494723555  105449  311  140399  33982  62405  1394  263097591  
#type:T;
#time  gt  cn  Pt  Px  gx  cx  gn  gm  Pn  Pm  Ft  cm  pt  Fx  px  ct  pn  Fm  Fn  pm  dn  On  Om  dm  dx  Ox  dt  Ot  Gt  Cn  Cm  Gx  Cx  Gn  Gm  Ct  
1436698982  36544589309  0  990671730  939781  745474856  0  4555747  154  82322  2114  483560916  2147483647  85530973013  42764  745478483  0  4548777  205  634036  2056  0  16725  205  2147483647  0  682651  0  13743860  494723555  105449  311  140399  33982  62405  1394  263097591  
1436698992  37157917898  0  990671730  939781  745474856  0  4646300  154  82322  2114  493592296  2147483647  87047160703  42764  745478483  0  4639323  205  645348  2056  0  16725  205  2147483647  0  682651  0  13743860  494723555  105449  311  140399  33982  62405  1394  263097591  
1436699002  37883988096  0  990671730  939781  745474856  0  4738059  154  82322  2114  500852397  2147483647  88649577473  42764  745478483  0  4731290  205  654400  2056  0  17311  205  2147483647  0  682651  0  14320229  494723555  105449  311  140399  33982  62405  1394  263097591  
#type:T;
#time  gt  cn  Pt  Px  gx  cx  gn  gm  Pn  Pm  Ft  cm  pt  Fx  px  ct  pn  Fm  Fn  pm  dn  On  Om  dm  dx  Ox  dt  Ot  Gt  Cn  Cm  Gx  Cx  Gn  Gm  Ct  
1436699022  38584890955  0  990671730  939781  745474856  0  4838992  154  82322  2114  511629102  2147483647  90358020995  42764  745478483  0  4832475  205  666628  2056  0  17311  205  2147483647  0  682651  0  14320229  494723555  105449  311  140399  33982  62405  1394  263097591  
1436699032  39018648885  0  990671730  939781  745474856  0  4887871  154  82322  2114  518248736  2147483647  91302459738  42764  745478483  0  4881458  205  674067  2056  0  17311  205  2147483647  0  682651  0  14320229  494723555  105449  311  140399  33982  62405  1394  263097591  
1436699042  39357020551  0  990671730  939781  745474856  0  4937914  154  82322  2114  524890549  2147483647  92154482380  42764  745478483  0  4931509  205  681514  2056  0  17975  205  2147483647  0  682651  0  14972533  494723555  105449  311  140399  33982  62405  1394  263097591  
1436699052  40322486985  0  990671730  939781  745474856  0  5010793  154  82322  2114  533470329  2147483647  93818863639  42764  745478483  0  5004486  205  691528  2056  0  17975  205  2147483647  0  682651  0  14972533  494723555  105449  311  140399  33982  62405  1394  263097591  
1436699062  41826090460  0  990671730  939781  916894347  0  5049390  154  82322  2114  537312273  2147483647  95661232305  42764  916899385  0  5043193  205  696572  2056  0  17975  205  2147483647  0  682651  0  14972533  494723555  105449  311  140399  33982  62405  1394  263097591  
#type:T;
#time  gt  cn  Pt  Px  gx  cx  gn  gm  Pn  Pm  Ft  cm  pt  Fx  px  ct  pn  Fm  Fn  pm  dn  On  Om  dm  dx  Ox  dt  Ot  Gt  Cn  Cm  Gx  Cx  Gn  Gm  Ct  
1436699082  44358633028  0  990671730  939781  916894347  0  5179293  154  82322  2114  553065813  2147483647  99458575829  42764  916899385  0  5173080  205  715748  2056  0  17975  205  2147483647  0  682651  0  14972533  494723555  105449  311  140399  33982  62405  1394  263097591  
1436699092  44540646756  0  990671730  939781  916894347  0  5200635  154  82322  2114  556460017  2147483647  99873194686  42764  916899385  0  5194668  205  719274  2056  0  18112  205  2147483647  0  682651  0  15112406  494723555  105449  311  140399  33982  62405  1394  263097591  
1436699102  44851799302  0  990671730  939781  916894347  0  5231830  154  82322  2114  560122808  2147483647  100522687290  42764  916899385  0  5225593  205  722994  2056  0  18540  205  2147483647  0  682651  0  15536313  494723555  105449  311  140399  33982  62405  1394  263097591  
1436699112  45006515792  0  990671730  939781  916894347  0  5273643  154  82322  2114  565022111  2147483647  101143281806  42764  916899385  0  5267679  205  728229  2056  0  18540  205  2147483647  0  682651  0  15536313  494723555  105449  311  140399  33982  62405  1394  263097591  
1436699122  45759171416  0  990671730  939781  916894347  0  5343943  154  82322  2114  570347332  2147483647  102564159268  42764  916899385  0  5338118  205  735119  2056  0  18540  205  2147483647  0  682651  0  15536313  494723555  105449  311  140399  33982  62405  1394  263097591  
1436699132  45880141522  0  990671730  939781  916894347  0  5380293  154  82322  2114  573885348  2147483647  103061712950  42764  916899385  0  5374623  205  739223  2056  0  18540  205  2147483647  0  682651  0  15536313  494723555  105449  311  140399  33982  62405  1394  263097591  
1436699142  47415067928  0  990671730  939781  916894347  0  5455266  154  82322  2114  581742199  2147483647  105364872929  42764  916899385  0  5449575  205  748033  2056  0  18684  205  2147483647  0  682651  0  15679750  494723555  105449  311  140399  33982  62405  1394  263097591  
1436699152  48887861945  0  990671730  939781  916894347  0  5524226  154  82322  2114  589186300  2147483647  107498429064  42764  916899385  0  5518713  205  757038  2056  0  19196  205  2147483647  0  682651  0  16210518  494723555  105449  311  140399  33982  62405  1394  263097591  
#type:T;
#time  gt  cn  Pt  Px  gx  cx  gn  gm  Pn  Pm  Ft  cm  pt  Fx  px  ct  pn  Fm  Fn  pm  dn  On  Om  dm  dx  Ox  dt  Ot  Gt  Cn  Cm  Gx  Cx  Gn  Gm  Ct  
1436699172  49469748586  0  990671730  939781  916894347  0  5618852  154  82322  2114  599200144  2147483647  109041591972  42764  916899385  0  5613269  205  768061  2056  0  19196  205  2147483647  0  682651  0  16210518  494723555  105449  311  140399  33982  62405  1394  263097591  
1436699182  49843478379  0  990671730  939781  916894347  0  5685633  154  82322  2114  606165569  2147483647  110110045913  42764  916899385  0  5680505  205  775485  2056  0  19196  205  2147483647  0  682651  0  16210518  494723555  105449  311  140399  33982  62405  1394  263097591  
1436699192  51091122759  0  990671730  939781  916894347  0  5770921  154  82322  2114  613323331  2147483647  112184983193  42764  916899385  0  5765757  205  783700  2056  0  19342  205  2147483647  0  682651  0  16352264  494723555  105449  311  140399  33982  62405  1394  263097591  
1436699202  51816963506  0  990671730  939781  916894347  0  5825519  154  82322  2114  621066024  2147483647  113468550801  42764  916899385  0  5820443  205  792313  2056  0  19786  205  2147483647  0  682651  0  16785674  494723555  105449  311  140399  33982  62405  1394  263097591  
1436699213  52360130132  0  990671730  939781  916894347  0  5863189  154  82322  2114  624518895  2147483647  114394973365  42764  916899385  0  5858122  205  796093  2056  0  19786  205  2147483647  0  682651  0  16785674  494723555  105449  311  140399  33982  62405  1394  263097591  
#type:T;
#time  gt  cn  Pt  Px  gx  cx  gn  gm  Pn  Pm  Ft  cm  pt  Fx  px  ct  pn  Fm  Fn  pm  dn  On  Om  dm  dx  Ox  dt  Ot  Gt  Cn  Cm  Gx  Cx  Gn  Gm  Ct  
1436699233  53233207332  0  990671730  939781  916894347  0  5976928  154  82322  2114  636356890  2147483647  116363880271  42764  916899385  0  5972147  205  809629  2056  0  19786  205  2147483647  0  682651  0  16785674  494723555  105449  311  140399  33982  62405  1394  263097591  
1436699243  53539418388  0  990671730  939781  916894347  0  6043603  154  82322  2114  644523261  2147483647  117348082793  42764  916899385  0  6038839  205  819099  2056  0  20445  205  2147483647  0  682651  0  17477909  494723555  105449  311  140399  33982  62405  1394  263097591  
1436699253  53831246632  0  990671730  939781  916894347  0  6086229  154  82322  2114  650856116  2147483647  118065040612  42764  916899385  0  6081541  205  826518  2056  0  20445  205  2147483647  0  682651  0  17477909  494723555  105449  311  140399  33982  62405  1394  263097591  
1436699263  54050253955  0  990671730  939781  916894347  0  6117469  154  82322  2114  656282187  2147483647  118620299833  42764  916899385  0  6112863  205  832577  2056  0  20445  205  2147483647  0  682651  0  17477909  494723555  105449  311  140399  33982  62405  1394  263097591  
1436699273  54147983357  0  990671730  939781  916894347  0  6152858  154  82322  2114  661059981  2147483647  119098308394  42764  916899385  0  6148137  205  837646  2056  0  20445  205  2147483647  0  682651  0  17477909  494723555  105449  311  140399  33982  62405  1394  263097591  
1436699283  56331826517  0  990671730  939781  916894347  0  6217969  154  82322  2114  668372120  2147483647  121906624123  42764  916899385  0  6213443  205  846194  2056  0  20582  205  2147483647  0  682651  0  17615925  494723555  105449  311  140399  33982  62405  1394  263097591  
1436699293  56765059555  0  990671730  939781  916894347  0  6245403  154  82322  2114  671892574  2147483647  122599833800  42764  916899385  0  6240800  205  850416  2056  0  21035  205  2147483647  0  682651  0  18050613  494723555  105449  311  140399  33982  62405  1394  263097591  
1436699303  58020550330  0  990671730  939781  916894347  0  6306461  154  82322  2114  679330011  2147483647  124437995527  42764  916899385  0  6301959  205  859677  2056  0  21035  205  2147483647  0  682651  0  18050613  494723555  105449  311  140399  33982  62405  1394  263097591  
1436699313  58733323224  0  990671730  939781  916894347  0  6351729  154  82322  2114  685693031  2147483647  125607574546  42764  916899385  0  6347230  205  866995  2056  0  21035  205  2147483647  0  682651  0  18050613  494723555  105449  311  140399  33982  62405  1394  263097591  
1436699323  59281505153  0  990671730  939781  916894347  0  6423138  154  82322  2114  691195020  2147483647  126860405816  42764  916899385  0  6418759  205  873888  2056  0  21035  205  2147483647  0  682651  0  18050613  494723555  105449  311  140399  33982  62405  1394  263097591  
1436699334  59519577644  0  990671730  939781  916894347  0  6459915  154  82322  2114  696226504  2147483647  127449997516  42764  916899385  0  6455709  205  880062  2056  0  21035  205  2147483647  0  682651  0  18050613  494723555  105449  311  140399  33982  62405  1394  263097591  
1436699344  60386685293  0  990671730  939781  916894347  0  6508470  154  82322  2114  702719792  2147483647  128782880033  42764  916899385  0  6504095  205  888023  2056  0  21166  205  2147483647  0  682651  0  18181120  494723555  105449  311  140399  33982  62405  1394  263097591  
1436699354  61430335721  0  990671730  939781  916894347  0  6573639  154  82322  2114  709606981  2147483647  130468833805  42764  916899385  0  6569641  205  896524  2056  0  21680  205  2147483647  0  682651  0  18315932  494723555  105449  311  140399  33982  62405  1394  263097591  
#type:T;
#time  gt  cn  Pt  Px  gx  cx  gn  gm  Pn  Pm  Ft  cm  pt  Fx  px  ct  pn  Fm  Fn  pm  dn  On  Om  dm  dx  Ox  dt  Ot  Gt  Cn  Cm  Gx  Cx  Gn  Gm  Ct  
1436699374  62058332454  0  990671730  939781  916894347  0  6646729  154  82322  2114  719703731  2147483647  131878959467  42764  916899385  0  6642647  205  907553  2056  0  21680  205  2147483647  0  682651  0  18315932  494723555  105449  311  140399  33982  62405  1394  263097591  
1436699384  62642944648  0  990671730  939781  916894347  0  6698994  154  82322  2114  725468989  2147483647  132973267067  42764  916899385  0  6694912  205  914885  2056  0  21680  205  2147483647  0  682651  0  18315932  494723555  105449  311  140399  33982  62405  1394  263097591  
1436699394  63126671937  0  990671730  939781  916894347  0  6750887  154  82322  2114  733352086  2147483647  134007528425  42764  916899385  0  6746958  205  923323  2056  0  21680  205  2147483647  0  682651  0  18315932  494723555  105449  311  140399  33982  62405  1394  263097591  
#type:T;
#time  gt  cn  Pt  Px  gx  cx  gn  gm  Pn  Pm  Ft  cm  pt  Fx  px  ct  pn  Fm  Fn  pm  dn  On  Om  dm  dx  Ox  dt  Ot  Gt  Cn  Cm  Gx  Cx  Gn  Gm  Ct  
1436699414  63989039430  0  990671730  939781  916894347  0  6858104  154  82322  2114  742764096  2147483647  135976890398  42764  916899385  0  6854431  205  934074  2056  0  22259  205  2147483647  0  682651  0  18788367  494723555  105449  311  140399  33982  62405  1394  263097591  
1436699424  65189671583  0  990671730  939781  916894347  0  6918777  154  82322  2114  749075679  2147483647  137772598955  42764  916899385  0  6915182  205  941668  2056  0  22259  205  2147483647  0  682651  0  18788367  494723555  105449  311  140399  33982  62405  1394  263097591  
1436699434  65609044542  0  990671730  939781  916894347  0  6963034  154  82322  2114  753146810  2147483647  138639925063  42764  916899385  0  6959364  205  946221  2056  0  22259  205  2147483647  0  682651  0  18788367  494723555  105449  311  140399  33982  62405  1394  263097591  
#type:T;
#time  gt  cn  Pt  Px  gx  cx  gn  gm  Pn  Pm  Ft  cm  pt  Fx  px  ct  pn  Fm  Fn  pm  dn  On  Om  dm  dx  Ox  dt  Ot  Gt  Cn  Cm  Gx  Cx  Gn  Gm  Ct  
1436699464  67014948323  0  990671730  939781  916894347  0  7087345  154  82322  2114  765967451  2147483647  141319338472  42764  916899385  0  7083874  205  960860  2056  0  22917  202  2147483647  0  682651  0  19167991  494723555  105449  311  140399  33982  62405  1394  263097591  
1436699474  67687128287  0  990671730  939781  916894347  0  7149036  154  82322  2114  773009368  2147483647  142576359840  42764  916899385  0  7145568  205  968938  2056  0  22917  202  2147483647  0  682651  0  19167991  494723555  105449  311  140399  33982  62405  1394  263097591  
1436699484  67881260089  0  990671730  939781  916894347  0  7183087  154  82322  2114  776823559  2147483647  143140723183  42764  916899385  0  7179932  205  973083  2056  0  22917  202  2147483647  0  682651  0  19167991  494723555  105449  311  140399  33982  62405  1394  263097591  
1436699494  68970614329  0  990671730  939781  916894347  0  7247642  154  82322  2114  782565947  2147483647  144892463966  42764  916899385  0  7244591  205  979680  2056  0  22917  202  2147483647  0  682651  0  19167991  494723555  105449  311  140399  33982  62405  1394  263097591  
1436699504  69784174484  0  990671730  939781  916894347  0  7296316  154  82322  2114  788675291  2147483647  146248920422  42764  916899385  0  7293276  205  985857  2056  0  23499  202  2147483647  0  682651  0  19766353  494723555  105449  311  140399  33982  62405  1394  263097591  
1436699514  70474696774  0  990671730  939781  916894347  0  7368616  154  82322  2114  795791659  2147483647  147627597383  42764  916899385  0  7365656  205  994116  2056  0  23499  202  2147483647  0  682651  0  19766353  494723555  105449  311  140399  33982  62405  1394  263097591  
1436699525  70532701233  0  990671730  939781  916894347  0  7389410  154  82322  2114  798543311  2147483647  147913027853  42764  916899385  0  7386395  205  996937  2056  0  23499  202  2147483647  0  682651  0  19766353  494723555  105449  311  140399  33982  62405  1394  263097591  
1436699535  71722342003  0  990671730  939781  916894347  0  7451845  154  82322  2114  805656626  2147483647  149721550646  42764  916899385  0  7449122  205  1005018  2056  0  23499  202  2147483647  0  682651  0  19766353  494723555  105449  311  140399  33982  62405  1394  263097591  
1436699545  73152058710  0  990671730  939781  916894347  0  7502364  154  82322  2114  813999897  2147483647  151664323453  42764  916899385  0  7499627  205  1014466  2056  0  24157  202  2147483647  0  682651  0  20416743  494723555  105449  311  140399  33982  62405  1394  263097591  
1436699555  73542553482  0  990671730  939781  916894347  0  7578229  154  82322  2114  820629262  2147483647  152859593046  42764  916899385  0  7575618  205  1021791  2056  0  24157  202  2147483647  0  682651  0  20416743  494723555  105449  311  140399  33982  62405  1394  263097591  
1436699567  74666951476  0  990671730  939781  917886083  0  7609956  154  82322  2114  824302916  2147483647  154309983168  42764  917888796  0  7607384  205  1025921  2056  0  24157  202  2147483647  0  682651  0  20416743  494723555  105449  311  140399  33982  62405  1394  263097591  
1436699577  75826461371  0  990671730  939781  917886083  0  7668363  154  82322  2114  832793830  2147483647  156062037227  42764  917888796  0  7665478  205  1035844  2056  0  24157  202  2147483647  0  682651  0  20416743  494723555  105449  311  140399  33982  62405  1394  263097591  
1436699587  77143275557  0  990671730  939781  917886083  0  7751315  154  82322  2114  842105275  2147483647  158159594385  42764  917888796  0  7748825  205  1047756  2056  0  24157  202  2147483647  0  682651  0  20416743  494723555  105449  311  140399  33982  62405  1394  263097591  
1436699597  78466862419  0  990671730  939781  917886083  0  7827815  154  82322  2114  848307089  2147483647  160240058525  42764  917888796  0  7825455  205  1055713  2056  0  24294  202  2147483647  0  682651  0  20553290  494723555  105449  311  140399  33982  62405  1394  263097591  
1436699607  78769314555  0  990671730  939781  917886083  0  7865228  154  82322  2114  852729995  2147483647  160932661900  42764  917888796  0  7862900  205  1060826  2056  0  24745  202  2147483647  0  682651  0  20990802  494723555  105449  311  140399  33982  62405  1394  263097591  
1436699617  78978396331  0  990671730  939781  917886083  0  7881012  154  82322  2114  854487007  2147483647  161292892304  42764  917888796  0  7878666  205  1062771  2056  0  24745  202  2147483647  0  682651  0  20990802  494723555  105449  311  140399  33982  62405  1394  263097591  
1436699627  80056160169  0  990671730  939781  917886083  0  7933554  154  82322  2114  861068651  2147483647  162905323222  42764  917888796  0  7931476  205  1070463  2056  0  24745  202  2147483647  0  682651  0  20990802  494723555  105449  311  140399  33982  62405  1394  263097591  
#type:T;
#time  gt  cn  Pt  Px  gx  cx  gn  gm  Pn  Pm  Ft  cm  pt  Fx  px  ct  pn  Fm  Fn  pm  dn  On  Om  dm  dx  Ox  dt  Ot  Gt  Cn  Cm  Gx  Cx  Gn  Gm  Ct  
1436699647  80809521306  0  990671730  939781  917886083  0  8036042  154  82322  2114  873306660  2147483647  164701568076  42764  917888796  0  8034143  205  1084911  2056  0  24745  202  2147483647  0  682651  0  20990802  494723555  105449  311  140399  33982  62405  1394  263097591  
1436699657  80840960769  0  990671730  939781  917886083  0  8046591  154  82322  2114  874630153  2147483647  164845553624  42764  917888796  0  8044582  205  1086285  2056  0  24745  202  2147483647  0  682651  0  20990802  494723555  105449  311  140399  33982  62405  1394  263097591  
1436699667  81285148498  0  990671730  939781  917886083  0  8107982  154  82322  2114  880935908  2147483647  165898061560  42764  917888796  0  8105831  205  1093826  2056  0  24879  202  2147483647  0  682651  0  21121061  494723555  105449  311  140399  33982  62405  1394  263097591  
1436699677  81584069534  0  990671730  939781  917886083  0  8172760  154  82322  2114  886723974  2147483647  166888068536  42764  917888796  0  8170881  205  1100089  2056  0  25387  202  2147483647  0  682651  0  21625356  494723555  105449  311  140399  33982  62405  1394  263097591  
1436699687  81810389587  0  990671730  939781  917886083  0  8233305  154  82322  2114  890568885  2147483647  167737917849  42764  917888796  0  8231631  205  1104443  2056  0  25387  202  2147483647  0  682651  0  21625356  494723555  105449  311  140399  33982  62405  1394  263097591  
1436699697  82179881682  0  990671730  939781  917886083  0  8285578  154  82322  2114  894195244  2147483647  168622038283  42764  917888796  0  8283996  205  1108559  2056  0  25387  202  2147483647  0  682651  0  21625356  494723555  105449  311  140399  33982  62405  1394  263097591  
#type:T;
#time  gt  cn  Pt  Px  gx  cx  gn  gm  Pn  Pm  Ft  cm  pt  Fx  px  ct  pn  Fm  Fn  pm  dn  On  Om  dm  dx  Ox  dt  Ot  Gt  Cn  Cm  Gx  Cx  Gn  Gm  Ct  
1436699717  82490203789  0  990671730  939781  917886083  0  8375537  154  82322  2114  904847682  2147483647  169848833332  42764  917888796  0  8373667  205  1120222  2056  0  25387  202  2147483647  0  682651  0  21625356  494723555  105449  311  140399  33982  62405  1394  263097591  
1436699727  82780523744  0  990671730  939781  917886083  0  8435948  154  82322  2114  909055821  2147483647  170702890982  42764  917888796  0  8434759  205  1125612  2056  0  25530  202  2147483647  0  682651  0  21766211  494723555  105449  311  140399  33982  62405  1394  263097591  
1436699737  83289965760  0  990671730  939781  917886083  0  8478469  154  82322  2114  913962400  2147483647  171582285924  42764  917888796  0  8477165  205  1131050  2056  0  25978  202  2147483647  0  682651  0  22204206  494723555  105449  311  140399  33982  62405  1394  263097591  
#type:T;
#time  gt  cn  Pt  Px  gx  cx  gn  gm  Pn  Pm  Ft  cm  pt  Fx  px  ct  pn  Fm  Fn  pm  dn  On  Om  dm  dx  Ox  dt  Ot  Gt  Cn  Cm  Gx  Cx  Gn  Gm  Ct  
1436699757  85516183448  0  990671730  939781  917886083  0  8607724  154  82322  2114  927176158  2147483647  174997949794  42764  917888796  0  8606703  205  1147482  2056  0  25978  202  2147483647  0  682651  0  22204206  494723555  105449  311  140399  33982  62405  1394  263097591  
1436699767  86197320317  0  990671730  939781  917886083  0  8671662  154  82322  2114  932929416  2147483647  176218557264  42764  917888796  0  8670740  205  1155342  2056  0  25978  202  2147483647  0  682651  0  22204206  494723555  105449  311  140399  33982  62405  1394  263097591  
1436699777  86248146367  0  990671730  939781  917886083  0  8691508  154  82322  2114  935081537  2147483647  176460782646  42764  917888796  0  8690612  205  1157861  2056  0  26116  202  2147483647  0  682651  0  22239822  494723555  105449  311  140399  33982  62405  1394  263097591  
1436699787  86537576762  0  990671730  939781  917886083  0  8729965  154  82322  2114  939814904  2147483647  177174846491  42764  917888796  0  8729102  205  1162707  2056  0  26625  202  2147483647  0  682651  0  22733365  494723555  105449  311  140399  33982  62405  1394  263097591  
1436699797  86605616561  0  990671730  939781  917886083  0  8762612  154  82322  2114  944979525  2147483647  177586450731  42764  917888796  0  8761823  205  1168091  2056  0  26625  202  2147483647  0  682651  0  22733365  494723555  105449  311  140399  33982  62405  1394  263097591  
1436699807  87196151332  0  990671730  939781  917886083  0  8823579  154  82322  2114  950461219  2147483647  178758611953  42764  917888796  0  8822854  205  1174408  2056  0  26625  202  2147483647  0  682651  0  22733365  494723555  105449  311  140399  33982  62405  1394  263097591  
#type:T;
#time  gt  cn  Pt  Px  gx  cx  gn  gm  Pn  Pm  Ft  cm  pt  Fx  px  ct  pn  Fm  Fn  pm  dn  On  Om  dm  dx  Ox  dt  Ot  Gt  Cn  Cm  Gx  Cx  Gn  Gm  Ct  
1436699827  87619776578  0  990671730  939781  917886083  0  8878425  154  82322  2114  956476231  2147483647  179695485398  42764  917888796  0  8877830  205  1181379  2056  0  26625  202  2147483647  0  682651  0  22733365  494723555  105449  311  140399  33982  62405  1394  263097591  
1436699837  89168521922  0  990671730  939781  917886083  0  8953820  154  82322  2114  965622686  2147483647  181983468761  42764  917888796  0  8953252  205  1192185  2056  0  26768  202  2147483647  0  682651  0  22774265  494723555  105449  311  140399  33982  62405  1394  263097591  
1436699847  90717366320  0  990671730  939781  917886083  0  9008920  154  82322  2114  971370181  2147483647  184063053970  42764  917888796  0  9008363  205  1198926  2056  0  27224  202  2147483647  0  682651  0  23225504  494723555  105449  311  140399  33982  62405  1394  263097591  
1436699861  91665793703  0  990671730  939781  917886083  0  9069819  154  82322  2114  977175619  2147483647  185564348909  42764  917888796  0  9069320  205  1206069  2056  0  27224  202  2147483647  0  682651  0  23225504  494723555  105449  311  140399  33982  62405  1394  263097591  
1436699871  92100972982  0  990671730  939781  917886083  0  9116542  154  82322  2114  981466764  2147483647  186450781466  42764  917888796  0  9115994  205  1211419  2056  0  27224  202  2147483647  0  682651  0  23225504  494723555  105449  311  140399  33982  62405  1394  263097591  
1436699881  92830694266  0  990671730  939781  917886083  0  9201216  154  82322  2114  990357277  2147483647  187964330077  42764  917888796  0  9200721  205  1222992  2056  0  27224  202  2147483647  0  682651  0  23225504  494723555  105449  311  140399  33982  62405  1394  263097591  
1436699891  92906866691  0  990671730  939781  917886083  0  9234176  154  82322  2114  996095026  2147483647  188408248274  42764  917888796  0  9233755  205  1228941  2056  0  27361  202  2147483647  0  682651  0  23368339  494723555  105449  311  140399  33982  62405  1394  263097591  
1436699901  93206815668  0  990671730  939781  917886083  0  9276883  154  82322  2114  1000416308  2147483647  189142996770  42764  917888796  0  9276609  205  1233732  2056  0  27871  202  2147483647  0  682651  0  23859511  494723555  105449  311  140399  33982  62405  1394  263097591  
1436699911  93214685351  0  990671730  939781  917886083  0  9282329  154  82322  2114  1001528102  2147483647  189210582839  42764  917888796  0  9282149  205  1234846  2056  0  27871  202  2147483647  0  682651  0  23859511  494723555  105449  311  140399  33982  62405  1394  263097591  
1436699921  93250915608  0  990671730  939781  917886083  0  9317147  154  82322  2114  1005680978  2147483647  189633427831  42764  917888796  0  9316780  205  1239002  2056  0  27871  202  2147483647  0  682651  0  23859511  494723555  105449  311  140399  33982  62405  1394  263097591  
1436699931  94127450447  0  990671730  939781  917886083  0  9391308  154  82322  2114  1013075198  2147483647  191209936798  42764  917888796  0  9391132  205  1247902  2056  0  27871  202  2147483647  0  682651  0  23859511  494723555  105449  311  140399  33982  62405  1394  263097591  
1436699941  94158100160  0  990671730  939781  917886083  0  9427011  154  82322  2114  1019101606  2147483647  191641993029  42764  917888796  0  9427023  205  1253985  2056  0  27871  202  2147483647  0  682651  0  23859511  494723555  105449  311  140399  33982  62405  1394  263097591  
1436699951  94265418677  0  990671730  939781  917886083  0  9451659  154  82322  2114  1021673469  2147483647  191998809103  42764  917888796  0  9451533  205  1257258  2056  0  27871  202  2147483647  0  682651  0  23859511  494723555  105449  311  140399  33982  62405  1394  263097591  
1436699961  94361765375  0  990671730  939781  917886083  0  9489673  154  82322  2114  1026990244  2147483647  192470546833  42764  917888796  0  9489630  205  1263567  2056  0  28008  202  2147483647  0  682651  0  23995991  494723555  105449  311  140399  33982  62405  1394  263097591  
1436699971  94437601035  0  990671730  939781  917886083  0  9526246  154  82322  2114  1030854947  2147483647  192936504403  42764  917888796  0  9526290  205  1267705  2056  0  28454  202  2147483647  0  682651  0  24659928  494723555  105449  311  140399  33982  62405  1394  263097591  
1436699981  94583193604  0  990671730  939781  917886083  0  9571949  154  82322  2114  1034335289  2147483647  193582351427  42764  917888796  0  9571704  205  1271271  2056  0  28454  202  2147483647  0  682651  0  24659928  494723555  105449  311  140399  33982  62405  1394  263097591  
1436699992  94594773123  0  990671730  939781  917886083  0  9586302  154  82322  2114  1035535965  2147483647  193756516401  42764  917888796  0  9586539  205  1272329  2056  0  28454  202  2147483647  0  682651  0  24659928  494723555  105449  311  140399  33982  62405  1394  263097591  
1436700002  94977195510  0  990671730  939781  917886083  0  9614988  154  82322  2114  1038986576  2147483647  194447603875  42764  917888796  0  9615312  205  1275799  2056  0  28454  202  2147483647  0  682651  0  24659928  494723555  105449  311  140399  33982  62405  1394  263097591  
1436700012  95255378286  0  990671730  939781  917886083  0  9636982  154  82322  2114  1041499879  2147483647  194970008083  42764  917888796  0  9637289  205  1278156  2056  0  28454  202  2147483647  0  682651  0  24659928  494723555  105449  311  140399  33982  62405  1394  263097591  
1436700022  95375388906  0  990671730  939781  917886083  0  9667813  154  82322  2114  1045286847  2147483647  195422104252  42764  917888796  0  9668272  205  1282209  2056  0  28597  202  2147483647  0  682651  0  24802782  494723555  105449  311  140399  33982  62405  1394  263097591  
1436700032  95936188838  0  990671730  939781  917886083  0  9706631  154  82322  2114  1050336109  2147483647  196378632921  42764  917888796  0  9707158  205  1287691  2056  0  29098  202  2147483647  0  682651  0  25284532  494723555  105449  311  140399  33982  62405  1394  263097591  
1436700042  96712495958  0  990671730  939781  917886083  0  9744631  154  82322  2114  1055439216  2147483647  197533849046  42764  917888796  0  9745085  205  1293517  2056  0  29098  202  2147483647  0  682651  0  25284532  494723555  105449  311  140399  33982  62405  1394  263097591  
1436700052  97037585397  0  990671730  939781  917886083  0  9794276  154  82322  2114  1059689964  2147483647  198378767919  42764  917888796  0  9794926  205  1298064  2056  0  29098  202  2147483647  0  682651  0  25284532  494723555  105449  311  140399  33982  62405  1394  263097591  
1436700062  98030767231  0  990671730  939781  917886083  0  9836327  154  82322  2114  1064413898  2147483647  199753857199  42764  917888796  0  9836923  205  1303708  2056  0  29098  202  2147483647  0  682651  0  25284532  494723555  105449  311  140399  33982  62405  1394  263097591  
1436700072  98355857373  0  990671730  939781  917886083  0  9903251  154  82322  2114  1069733336  2147483647  200741142892  42764  917888796  0  9903793  205  1309636  2056  0  29098  202  2147483647  0  682651  0  25284532  494723555  105449  311  140399  33982  62405  1394  263097591  
1436700082  98924435643  0  990671730  939781  917886083  0  9953157  154  82322  2114  1074232374  2147483647  201784928595  42764  917888796  0  9953995  205  1314744  2056  0  29239  202  2147483647  0  682651  0  25426937  494723555  105449  311  140399  33982  62405  1394  263097591  
1436700095  99312319762  0  990671730  939781  917886083  0  9987233  154  82322  2114  1078428159  2147483647  202542046838  42764  917888796  0  9988033  205  1319476  2056  0  29695  202  2147483647  0  682651  0  25868225  494723555  105449  311  140399  33982  62405  1394  263097591  
1436700105  99339087602  0  990671730  939781  917886083  0  10014016  154  82322  2114  1082502304  2147483647  202857106189  42764  917888796  0  10014872  205  1323807  2056  0  29695  202  2147483647  0  682651  0  25868225  494723555  105449  311  140399  33982  62405  1394  263097591  
1436700115  99818495312  0  990671730  939781  917886083  0  10087345  154  82322  2114  1088028517  2147483647  204077484068  42764  917888796  0  10088372  205  1330445  2056  0  29695  202  2147483647  0  682651  0  25868225  494723555  105449  311  140399  33982  62405  1394  263097591  
1436700125  100456088453  0  990671730  939781  917886083  0  10150161  154  82322  2114  1093869119  2147483647  205344059540  42764  917888796  0  10151410  205  1337193  2056  0  29695  202  2147483647  0  682651  0  25868225  494723555  105449  311  140399  33982  62405  1394  263097591  
1436700137  100609311862  0  990671730  939781  917886083  0  10194567  154  82322  2114  1098277550  2147483647  205967479492  42764  917888796  0  10195885  205  1341828  2056  0  29833  202  2147483647  0  682651  0  25904301  494723555  105449  311  140399  33982  62405  1394  263097591  
1436700147  100782445098  0  990671730  939781  917886083  0  10230993  154  82322  2114  1101979018  2147483647  206532681944  42764  917888796  0  10232472  205  1345901  2056  0  29833  202  2147483647  0  682651  0  25904301  494723555  105449  311  140399  33982  62405  1394  263097591  
1436700157  102474099423  0  990671730  939781  917886083  0  10301313  154  82322  2114  1107424150  2147483647  208830154037  42764  917888796  0  10302814  205  1353396  2056  0  30345  202  2147483647  0  682651  0  26395794  494723555  105449  311  140399  33982  62405  1394  263097591  
1436700167  103430077012  0  990671730  939781  917886083  0  10347783  154  82322  2114  1112641497  2147483647  210236218104  42764  917888796  0  10349319  205  1359595  2056  0  30345  202  2147483647  0  682651  0  26395794  494723555  105449  311  140399  33982  62405  1394  263097591  
#type:T;
#time  gt  cn  Pt  Px  gx  cx  gn  gm  Pn  Pm  Ft  cm  pt  Fx  px  ct  pn  Fm  Fn  pm  dn  On  Om  dm  dx  Ox  dt  Ot  Gt  Cn  Cm  Gx  Cx  Gn  Gm  Ct  
1436700187  103946963907  0  990671730  939781  917886083  0  10430324  154  82322  2114  1120480590  2147483647  211572882035  42764  917888796  0  10432010  205  1368516  2056  0  30345  202  2147483647  0  682651  0  26395794  494723555  105449  311  140399  33982  62405  1394  263097591  
#type:T;
#time  gt  cn  Pt  Px  gx  cx  gn  gm  Pn  Pm  Ft  cm  pt  Fx  px  ct  pn  Fm  Fn  pm  dn  On  Om  dm  dx  Ox  dt  Ot  Gt  Cn  Cm  Gx  Cx  Gn  Gm  Ct  
1436700217  105699472691  0  990671730  939781  917886083  0  10537816  154  82322  2114  1134051110  2147483647  214379323263  42764  917888796  0  10539524  205  1384540  2056  0  30945  202  2147483647  0  682651  0  26980258  494723555  105449  311  140399  33982  62405  1394  263097591  
1436700228  105740993928  0  990671730  939781  917886083  0  10555228  154  82322  2114  1136718618  2147483647  214592580194  42764  917888796  0  10556763  205  1387476  2056  0  30945  202  2147483647  0  682651  0  26980258  494723555  105449  311  140399  33982  62405  1394  263097591  
#type:T;
#time  gt  cn  Pt  Px  gx  cx  gn  gm  Pn  Pm  Ft  cm  pt  Fx  px  ct  pn  Fm  Fn  pm  dn  On  Om  dm  dx  Ox  dt  Ot  Gt  Cn  Cm  Gx  Cx  Gn  Gm  Ct  
1436700248  107099564304  0  990671730  939781  917886083  0  10678423  154  82322  2114  1151424932  2147483647  217196195426  42764  917888796  0  10680165  205  1404894  2056  0  30945  202  2147483647  0  682651  0  26980258  494723555  105449  311  140399  33982  62405  1394  263097591  
1436700258  107416176360  0  990671730  939781  917886083  0  10717079  154  82322  2114  1156399058  2147483647  217901526681  42764  917888796  0  10719028  205  1410852  2056  0  31575  202  2147483647  0  682651  0  28002036  494723555  105449  311  140399  33982  62405  1394  263097591  
1436700268  107519648283  0  990671730  939781  917886083  0  10737974  154  82322  2114  1158204280  2147483647  218218340802  42764  917888796  0  10739857  205  1413036  2056  0  31575  202  2147483647  0  682651  0  28002036  494723555  105449  311  140399  33982  62405  1394  263097591  
1436700278  108512349519  0  990671730  939781  917886083  0  10778689  154  82322  2114  1163972710  2147483647  219590669274  42764  917888796  0  10780687  205  1420502  2056  0  31575  202  2147483647  0  682651  0  28002036  494723555  105449  311  140399  33982  62405  1394  263097591  
1436700288  108961146717  0  990671730  939781  917886083  0  10818237  154  82322  2114  1167045432  2147483647  220322794991  42764  917888796  0  10818300  205  1424201  2056  0  31575  202  2147483647  0  682651  0  28002036  494723555  105449  311  140399  33982  62405  1394  263097591  
1436700298  109073848805  0  990671730  939781  917886083  0  10838476  154  82322  2114  1170480148  2147483647  220670706380  42764  917888796  0  10840658  205  1427740  2056  0  31575  202  2147483647  0  682651  0  28002036  494723555  105449  311  140399  33982  62405  1394  263097591  
1436700308  109518940409  0  990671730  939781  917886083  0  10875789  154  82322  2114  1175634941  2147483647  221501932987  42764  917888796  0  10877949  205  1433236  2056  0  31575  202  2147483647  0  682651  0  28002036  494723555  105449  311  140399  33982  62405  1394  263097591  
1436700318  109545515407  0  990671730  939781  917886083  0  10880149  154  82322  2114  1176647630  2147483647  221577115335  42764  917888796  0  10882206  205  1434333  2056  0  31575  202  2147483647  0  682651  0  28002036  494723555  105449  311  140399  33982  62405  1394  263097591  
1436700328  110504224446  0  990671730  939781  917886083  0  10902393  154  82322  2114  1182636476  2147483647  222748222043  42764  917888796  0  10904350  205  1440887  2056  0  31575  202  2147483647  0  682651  0  28002036  494723555  105449  311  140399  33982  62405  1394  263097591  
