#type:T;
#time  gt  cn  Pt  Px  gx  cx  gn  gm  Pn  Pm  Ft  cm  pt  Fx  px  ct  pn  Fm  Fn  pm  dn  On  Om  dm  dx  Ox  dt  Ot  Gt  Cn  Cm  Gx  Cx  Gn  Gm  Ct  
1438550795  2244354  0  0  0  11733  0  2505  157  0  2147483647  33782  2147483647  0  2170  0  0  0  611  23  2147483647  0  50  263  2147483647  0  12586  0  113589  0  0  2147483647  0  0  0  2147483647  0  
1438550805  2244354  0  0  0  11733  0  2505  157  0  2147483647  33782  2147483647  0  2170  0  0  0  611  23  2147483647  0  50  263  2147483647  0  12586  0  113589  0  0  2147483647  0  0  0  2147483647  0  
1438550815  170300989  29137  3484876910  610251  517948  585234  109363  154  29132  6672  52685  5979  392325  3103  118989  3380389810  5  248  56  60443  0  50  263  2147483647  0  12586  0  113589  0  26428  387  0  31217  0  2147483647  22692638  
1438550825  441704746  243998  24352260653  996957  517948  991659  175910  154  244027  6672  61780  5979  392325  3103  118989  23530114145  5  248  68  60443  48  50  263  17956  133486  12586  2241685  113589  1236475763  389874  278  508958  49015  151008  1669  398141829  
1438550835  454435499  646090  63325378806  46493628  517948  991659  179115  154  646214  6672  61780  5979  392325  3103  118989  59499219111  5  248  68  60443  48  50  263  17956  133486  12586  2241685  113589  4439019182  1189097  272  13491994  49015  550032  1597  1232097655  
1438550845  465762348  1012113  97990856013  46493628  517948  991659  181846  154  1012325  6672  61780  5979  392325  3103  118989  92808806206  5  248  68  60443  49  50  263  17478  133486  12586  2259163  113589  7463078491  1917355  272  13491994  74893  913430  1597  1993309240  
1438550855  472380360  1379270  132618581696  46493628  517948  991659  183130  154  1379570  6672  61780  5979  392325  3103  118989  126369387430  5  248  68  60443  77  50  263  13715  133486  12586  2914717  113589  10427611005  2649027  272  13491994  81933  1279436  1597  2760382309  
1438550865  474030097  1745065  167220827039  46493628  517948  991659  183556  154  1745438  6672  61780  5979  392325  3103  118989  159895653954  5  248  68  60443  77  50  263  13715  133486  12586  2914717  113589  13455256903  3378985  272  13491994  81933  1644729  1597  3527680494  
1438550875  474479203  2151256  205765770727  46493628  517948  991659  183934  154  2151732  6672  61780  5979  392325  3103  118989  197254782646  5  248  68  60443  77  50  263  13715  133486  12586  2914717  113589  16809035842  4189826  272  13491994  563218  2050694  1563  4380398270  
1438550885  477603749  2515721  240369656690  46493628  517948  991659  185006  154  2516265  6672  61780  5979  392325  3103  118989  230783907057  5  248  68  60443  141  50  263  13715  133486  12586  4785645  113589  19780598306  4915900  272  13491994  563218  2414004  1563  5149543547  
1438550895  481907885  2878760  274820344179  46493628  517948  991659  185862  154  2879394  6672  61780  5979  392325  3103  118989  264172882164  5  248  68  60443  143  50  263  13715  133486  12586  4821826  113589  22672089891  5640080  272  13491994  563218  2776366  1563  5911260479  
1438550905  485838744  3283921  313297637024  46493628  517948  991659  186435  154  3284655  6672  61780  5979  392325  3103  118989  301464612143  5  248  68  60443  143  50  263  13715  133486  12586  4821826  113589  25897708425  6448665  272  13491994  563218  3181080  1563  6757658663  
1438550915  486216439  3650110  348028575847  46493628  517948  991659  186864  154  3650938  6672  61780  5979  392325  3103  118989  335123588593  5  248  68  60443  143  50  263  13715  133486  12586  4821826  113589  28861966475  7179333  272  13491994  563218  3546988  1563  7525596274  
1438550925  489025264  4015416  382706261028  46493628  517948  991659  187147  154  4016344  6672  61780  5979  392325  3103  118989  368732457595  5  248  68  60443  143  50  263  13715  133486  12586  4821826  113589  31810559933  7908668  272  13491994  563218  3912174  1563  8297686018  
1438550935  490824887  4380626  417334755637  46493628  517948  991659  187470  154  4381640  6672  61780  5979  392325  3103  118989  402300148961  5  248  68  60443  143  50  263  13715  133486  12586  4821826  113589  34602012842  8637697  272  13491994  563218  4277181  1563  9062182423  
1438550945  492097485  4785961  455851926715  46493628  517948  991659  188624  154  4787067  6672  61780  5979  392325  3103  118989  439630234370  5  248  68  60443  207  50  263  13574  133486  12586  6489767  113589  37804446449  9445317  272  13491994  563218  4681364  1563  9914085232  
1438550955  495532895  5150650  490523816464  46493628  517948  991659  189607  154  5151835  6672  61780  5979  392325  3103  118989  473231397746  5  248  68  60443  208  50  263  13574  133486  12586  6508448  113589  40784769164  10172670  272  13491994  563218  5045217  1557  10677421382  
1438550965  497626616  5516494  525213899418  46493628  517948  991659  189848  154  5517758  6672  61780  5979  392325  3103  118989  506852936761  5  248  68  60443  208  50  263  13574  133486  12586  6508448  113589  43698608228  10903144  272  13491994  564737  5410962  1557  11445073665  
1438550975  498403293  5881227  559899373979  46493628  517948  991659  190243  154  5882573  6672  61780  5979  392325  3103  118989  540466571394  5  248  68  60443  233  50  263  13574  133486  12586  7310365  113589  46729392868  11630625  272  13491994  572404  5775171  1557  12212407859  
1438550985  499135180  6287661  598451032647  46493628  517948  991659  190491  154  6289101  6672  61780  5979  392325  3103  118989  577837575547  5  248  68  60443  233  50  263  13574  133486  12586  7310365  113589  49959696251  12442073  272  13491994  572404  6181528  1557  13062609098  
1438550995  502041874  6653550  633221547137  46493628  517948  991659  190804  154  6655069  6672  61780  5979  392325  3103  118989  611541046789  5  248  68  60443  233  50  263  13574  133486  12586  7310365  113589  52822389380  13172459  272  13491994  572404  6547239  1557  13834528953  
1438551005  510328961  7017900  667868451950  46493628  517948  991659  192509  154  7019491  6672  61780  5979  392325  3103  118989  645117349296  5  248  68  60443  507  50  263  8142  133486  12586  14209056  113589  55788500898  13897119  272  13491994  572404  6909836  1557  14595209796  
1438551015  516455412  7422982  706328751093  46493628  517948  991659  193561  154  7424645  6672  61780  5979  392325  3103  118989  682398739174  5  248  68  60443  507  50  263  8142  133486  12586  14209056  113589  58945723708  14704983  269  13491994  572404  7313985  1557  15444303878  
1438551025  520790198  7788876  741050795343  46493628  517948  991659  193907  154  7790624  6672  61780  5979  392325  3103  118989  716055259578  5  248  68  60443  510  50  263  8142  133486  12586  14265185  113589  61878244139  15435213  269  13491994  572404  7679579  1557  16210629176  
1438551035  521586389  8154241  775720971691  46493628  517948  991659  194537  154  8156064  6672  61780  5979  392325  3103  118989  749668558430  5  248  68  60443  510  50  263  8142  133486  12586  14265185  113589  64730983539  16164018  269  13491994  573720  8044508  1557  16975071640  
1438551045  522195903  8519196  810349109184  46493628  517948  991659  194810  154  8521081  6672  61780  5979  392325  3103  118989  783239866197  5  248  68  60443  510  50  263  8142  133486  12586  14265185  113589  67719154079  16892374  269  13491994  573720  8409054  1557  17737091769  
1438551055  523173011  8925100  848889589894  46493628  517948  991659  194901  154  8927066  6672  61780  5979  392325  3103  118989  820606901886  5  248  68  60443  511  50  263  8142  133486  12586  14283135  113589  71009925767  17702912  269  13491994  573720  8814982  1557  18583871026  
1438551065  524313127  9290760  883624829225  46493628  517948  991659  195531  154  9292806  6672  61780  5979  392325  3103  118989  854277585626  5  248  68  60443  621  50  263  8142  133486  12586  17149468  113589  73890887336  18431961  269  13491994  576423  9180201  1557  19352097027  
1438551075  524763614  9654396  918166080369  46493628  517948  991659  196002  154  9656526  6672  61780  5979  392325  3103  118989  887758446516  5  248  68  60443  622  50  263  8142  133486  12586  17168050  113589  76773181344  19157702  269  13491994  576423  9543458  1557  20115610775  
1438551085  525472520  10020192  952885562518  46493628  517948  991659  196314  154  10022410  6672  61780  5979  392325  3103  118989  921417775448  5  248  68  60443  624  50  263  8142  133486  12586  17208495  113589  79634131539  19888014  269  13491994  576423  9909105  1557  20883709654  
1438551095  526015411  10426867  991493261991  46493628  517948  991659  196819  154  10429177  6672  61780  5979  392325  3103  118989  958841436524  5  248  68  60443  625  50  263  8142  133486  12586  17227152  113589  82827593396  20699281  269  13491994  576423  10315275  1557  21737870326  
1438551105  527368149  10790863  1026042391834  46493628  517948  991659  197109  154  10793269  6672  61780  5979  392325  3103  118989  992323064426  5  248  68  60443  626  50  263  8142  133486  12586  17244875  113589  85798362523  21425835  269  13491994  576423  10679023  1557  22500063156  
1438551115  527483065  11155026  1060579575847  46493628  517948  991659  197205  154  11157505  6672  61780  5979  392325  3103  118989  1025795329297  5  248  68  60443  628  50  263  8142  133486  12586  17280155  113589  88681649927  22153000  269  13491994  576423  11043257  1557  23263855236  
1438551125  528005504  11560653  1099079360890  46493628  517948  991659  198116  154  11563216  6672  61780  5979  392325  3103  118989  1063107716258  5  248  68  60443  742  50  263  8142  133486  12586  20310731  113589  91934751997  22961490  269  13491994  576423  11448092  1557  24113843800  
1438551135  531059499  11927351  1133869140630  46493628  517948  991659  198873  154  11929989  6672  61780  5979  392325  3103  118989  1096837937799  5  248  68  60443  742  50  263  8142  133486  12586  20310731  113589  94719636303  23692871  269  13491994  576423  11813980  1557  24881456204  
1438551145  532980277  12291577  1168441004216  46493628  517948  991659  199315  154  12294292  6672  61780  5979  392325  3103  118989  1130343205542  5  248  68  60443  745  50  263  8142  133486  12586  20363885  113589  97637849548  24419884  269  13491994  583128  12177954  1554  25645235891  
1438551155  533089014  12654803  1202905525801  46493628  517948  991659  199708  154  12657584  6672  61780  5979  392325  3103  118989  1163752158388  5  248  68  60443  765  50  263  8142  133486  12586  20870389  113589  100547705949  25144430  269  13491994  583128  12540772  1554  26408590036  
1438551165  535674094  13061473  1241499919808  46493628  517948  991659  200155  154  13064342  6672  61780  5979  392325  3103  118989  1201156028232  5  248  68  60443  765  50  263  8142  133486  12586  20870389  113589  103890356321  25956300  269  13491994  583128  12947239  1554  27262645156  
1438551175  536759308  13427340  1276196005006  46493628  517948  991659  200357  154  13430283  6672  61780  5979  392325  3103  118989  1234800658493  5  248  68  60443  768  50  263  8142  133486  12586  20924442  113589  106701593083  26686514  269  13491994  583128  13312850  1554  28016414266  
1438551185  537875926  13792985  1310845430869  46493628  517948  991659  200972  154  13796001  6672  61780  5979  392325  3103  118989  1268414976701  5  248  68  60443  800  50  263  8142  133486  12586  21661539  113589  109557608184  27415578  269  13491994  583128  13677906  1554  28748102399  
1438551195  542747062  14158400  1345478258516  46493628  517948  991659  201965  154  14161509  6672  61780  5979  392325  3103  118989  1302005366436  5  248  68  60443  802  50  263  8142  133486  12586  21697704  113589  112474489299  28144310  269  13491994  583128  14042376  1554  29476887810  
1438551205  545096027  14564595  1383944177894  46493628  517948  991659  202472  154  14567789  6672  61780  5979  392325  3103  118989  1339309904259  5  248  68  60443  805  50  263  8142  133486  12586  21751263  113589  115627016669  28955085  269  13491994  583128  14448292  1554  30287717089  
1438551215  545755648  14929704  1418569476939  46493628  517948  991659  203087  154  14932974  6672  61780  5979  392325  3103  118989  1372893219913  5  248  68  60443  828  50  263  8142  133486  12586  22346527  113589  118436395942  29683181  269  13491994  583128  14812777  1554  31016844460  
1438551225  547771795  15294431  1453142894700  46493628  517948  991659  203862  154  15297783  6672  61780  5979  392325  3103  118989  1406421144219  5  248  68  60443  829  50  263  8142  133486  12586  22364050  113589  121265176073  30410840  269  13491994  583128  15176875  1554  31744777564  
1438551235  548971604  15702928  1491832650708  46493628  517948  991659  204213  154  15706374  6672  61780  5979  392325  3103  118989  1443953579464  5  248  68  60443  829  50  263  8142  133486  12586  22364050  113589  124266223790  31226246  269  13491994  583128  15585083  1554  32561587702  
1438551245  550089001  16068260  1526455255401  46493628  517948  991659  204856  154  16071789  6672  61780  5979  392325  3103  118989  1477531879928  5  248  68  60443  895  50  263  8142  133486  12586  24069543  113589  127147482442  31954601  269  13491994  583128  15949829  1554  33291261977  
1438551255  554032711  16434878  1561186305040  46493628  517948  991659  205611  154  16438504  6672  61780  5979  392325  3103  118989  1511224732422  5  248  68  60443  895  50  263  8142  133486  12586  24069543  113589  129902935792  32686128  269  13491994  583128  16315840  1554  34023730047  
1438551265  558697541  16840139  1599585243693  46493628  517948  991659  206397  154  16843849  6672  61780  5979  392325  3103  118989  1548470506017  5  248  68  60443  896  50  263  8142  133486  12586  24087357  113589  132992958632  33494755  269  13491994  583128  16720475  1554  34832252483  
1438551275  559364226  17206945  1634355965354  46493628  517948  991659  206821  154  17210747  6672  61780  5979  392325  3103  118989  1582191342682  5  248  68  60443  898  50  263  8142  133486  12586  24122893  113589  135854168212  34226498  269  13491994  583128  17086839  1554  35563716621  
1438551285  559627030  17575663  1669276368005  46493628  517948  991659  207060  154  17579554  6672  61780  5979  392325  3103  118989  1616073214366  5  248  68  60443  900  50  263  8142  133486  12586  24159458  113589  138569082337  34962643  269  13491994  583128  17455414  1554  36298260350  
1438551295  561070996  17940694  1703895136486  46493628  517948  991659  207542  154  17944678  6672  61780  5979  392325  3103  118989  1649654974780  5  248  68  60443  900  50  263  8142  133486  12586  24159458  113589  141298998493  35691234  269  13491994  583128  17820134  1554  37029826842  
1438551305  563459212  18345744  1742307013423  46493628  517948  991659  208460  154  18349812  6672  61780  5979  392325  3103  118989  1686904345823  5  248  68  60443  990  50  263  8142  133486  12586  26693781  113589  144426701451  36498449  269  13491994  583128  18224229  1554  37839008831  
1438551315  566776271  18711608  1776992902906  46493628  517948  991659  209385  154  18715757  6672  61780  5979  392325  3103  118989  1720547240000  5  248  68  60443  990  50  263  8142  133486  12586  26693781  113589  147273523007  37228160  269  13491994  583128  18589203  1554  38568142245  
1438551325  567454011  19077885  1811662566466  46493628  517948  991659  209535  154  19082121  6672  61780  5979  392325  3103  118989  1754174125963  5  248  68  60443  990  50  263  8142  133486  12586  26693781  113589  150117172074  37959565  269  13491994  583128  18955494  1554  39300139181  
1438551335  569761874  19485356  1850232369971  46493628  517948  991659  210153  154  19489688  6672  61780  5979  392325  3103  118989  1791600952824  5  248  68  60443  994  50  263  8142  133486  12586  26843362  113589  153111318297  38772420  269  13491994  583128  19362464  1554  40113075375  
1438551345  572180106  19851639  1884915365637  46493628  517948  991659  210460  154  19856059  6672  61780  5979  392325  3103  118989  1825237588208  5  248  68  60443  995  50  263  8142  133486  12586  26861974  113589  156032942290  39503646  269  13491994  583128  19728622  1554  40844812872  
1438551355  573154819  20219535  1919740611194  46493628  517948  991659  210654  154  20224043  6672  61780  5979  392325  3103  118989  1859017905866  5  248  68  60443  996  50  263  8142  133486  12586  26880287  113589  158848557007  40237925  269  13491994  583128  20096224  1554  41578600383  
1438551365  574706842  20586890  1954576679843  46493628  517948  991659  211311  154  20591474  6672  61780  5979  392325  3103  118989  1892804515527  5  248  68  60443  1097  50  263  8142  133486  12586  29712152  113589  161668949573  40970351  269  13491994  583128  20463031  1554  42313347174  
1438551375  580788752  20993688  1993145852328  46493628  517948  991659  212615  154  20998371  6672  61780  5979  392325  3103  118989  1930210670514  5  248  68  60443  1098  50  263  8142  133486  12586  29729645  113589  164824180560  41781347  269  13491994  583128  20868623  1554  43125109385  
1438551385  581672477  21362453  2028056166100  46493628  517948  991659  212948  154  21367228  6672  61780  5979  392325  3103  118989  1964072807715  5  248  68  60443  1098  50  263  8142  133486  12586  29729645  113589  167643313148  42517604  269  13491994  583128  21237291  1554  43863002176  
1438551395  581771178  21729409  2062806341267  46493628  517948  991659  213260  154  21734272  6672  61780  5979  392325  3103  118989  1997785391045  5  248  68  60443  1109  50  263  8142  133486  12586  30052533  113589  170473549759  43249874  269  13491994  583128  21603885  1554  44595553419  
1438551405  582900517  22137998  2101482683313  46493628  517948  991659  213546  154  22142969  6672  61780  5979  392325  3103  118989  2035314313676  5  248  68  60443  1111  50  263  8142  133486  12586  30088801  113589  173593885590  44065329  269  13491994  583128  22012317  1554  45409102951  
1438551415  583131786  22503560  2136096852766  46493628  517948  991659  213851  154  22508602  6672  61780  5979  392325  3103  118989  2068893067942  5  248  68  60443  1111  50  263  8142  133486  12586  30088801  113589  176498976794  44795168  269  13491994  583128  22377727  1554  46136053559  
