#Type:X;CI:6;ww:0;ca:0;co:0;fr:0;Type:X;CI:6;PI:0;PT:EP;U0:0;U1:0;Type:X;CI:6;PI:1;PT:EP;U0:0;U1:0;
#time  Pp  gt  gs  cn  cm  cb  Nc  Pc  cp  Tc  Nm  pr  ps  pt  px  pd  Pm  Om  fs  ft  Oc  Em  Gp  Ec  Ge  ot  os  Total_cycles_diff  Successful_get_diff  Total_get_diff  succ_put_diff  total_put_diff  get_hit  
1439930811  0  0  0  0  0  0  0  0  0  877304  0  0  0  0  0  0  0  0  0  13  0  0  0  0  0  39  0  877304  0  0  0  0  
1439930821  0  0  0  0  0  0  0  0  0  1386572  0  0  0  0  0  0  0  0  0  21  0  0  0  0  0  46  0  509268  0  0  0  0  0 
1439930831  0  0  0  0  0  0  0  0  0  1386572  0  0  0  0  0  0  0  0  0  21  0  0  0  0  0  46  0  0  0  0  0  0  0 
1439930841  0  0  0  0  0  0  0  0  0  1386572  0  0  0  0  0  0  0  0  0  21  0  0  0  0  0  46  0  0  0  0  0  0  0 
1439930852  0  0  0  0  0  0  0  0  0  1386572  0  0  0  0  0  0  0  0  0  21  0  0  0  0  0  46  0  0  0  0  0  0  0 
1439930862  0  0  0  0  0  0  0  0  0  1386572  0  0  0  0  0  0  0  0  0  21  0  0  0  0  0  46  0  0  0  0  0  0  0 
1439930872  0  0  0  0  0  0  0  0  0  1388795  0  0  0  0  0  0  0  0  0  21  0  0  0  0  0  46  0  2223  0  0  0  0  0 
1439930882  0  0  0  0  0  0  0  0  0  1388795  0  0  0  0  0  0  0  0  0  21  0  0  0  0  0  46  0  0  0  0  0  0  0 
1439930892  0  0  0  0  0  0  0  0  0  1388795  0  0  0  0  0  0  0  0  0  21  0  0  0  0  0  46  0  0  0  0  0  0  0 
1439930902  0  0  0  0  0  0  0  0  0  1388795  0  0  0  0  0  0  0  0  0  21  0  0  0  0  0  46  0  0  0  0  0  0  0 
1439930912  0  0  0  0  0  0  0  0  0  1388795  0  0  0  0  0  0  0  0  0  21  0  0  0  0  0  46  0  0  0  0  0  0  0 
1439930922  0  0  0  0  0  0  0  0  0  1388795  0  0  0  0  0  0  0  0  0  21  0  0  0  0  0  46  0  0  0  0  0  0  0 
1439930932  0  0  0  0  0  0  0  0  0  1388795  0  0  0  0  0  0  0  0  0  21  0  0  0  0  0  46  0  0  0  0  0  0  0 
1439930942  0  0  0  0  0  0  0  0  0  1388795  0  0  0  0  0  0  0  0  0  21  0  0  0  0  0  46  0  0  0  0  0  0  0 
1439930952  0  0  0  0  0  0  0  0  0  1388795  0  0  0  0  0  0  0  0  0  21  0  0  0  0  0  46  0  0  0  0  0  0  0 
1439930962  0  0  0  0  0  0  0  0  0  1388795  0  0  0  0  0  0  0  0  0  21  0  0  0  0  0  46  0  0  0  0  0  0  0 
1439930972  0  0  0  0  0  0  0  0  0  1388795  0  0  0  0  0  0  0  0  0  21  0  0  0  0  0  46  0  0  0  0  0  0  0 
1439930982  0  0  0  0  0  0  0  0  0  1388795  0  0  0  0  0  0  0  0  0  21  0  0  0  0  0  46  0  0  0  0  0  0  0 
1439930992  0  0  0  0  0  0  0  0  0  1388795  0  0  0  0  0  0  0  0  0  21  0  0  0  0  0  46  0  0  0  0  0  0  0 
1439931002  0  0  0  0  0  0  0  0  0  1388795  0  0  0  0  0  0  0  0  0  21  0  0  0  0  0  46  0  0  0  0  0  0  0 
1439931012  0  0  0  0  0  0  0  0  0  1388795  0  0  0  0  0  0  0  0  0  21  0  0  0  0  0  46  0  0  0  0  0  0  0 
1439931022  0  0  0  0  0  0  0  0  0  1388795  0  0  0  0  0  0  0  0  0  21  0  0  0  0  0  46  0  0  0  0  0  0  0 
1439931032  0  0  0  0  0  0  0  0  0  1388795  0  0  0  0  0  0  0  0  0  21  0  0  0  0  0  46  0  0  0  0  0  0  0 
1439931042  0  0  0  0  0  0  0  0  0  1388795  0  0  0  0  0  0  0  0  0  21  0  0  0  0  0  46  0  0  0  0  0  0  0 
1439931052  0  0  0  0  0  0  0  0  0  1388795  0  0  0  0  0  0  0  0  0  21  0  0  0  0  0  46  0  0  0  0  0  0  0 
1439931062  0  0  0  0  0  0  0  0  0  1388795  0  0  0  0  0  0  0  0  0  21  0  0  0  0  0  46  0  0  0  0  0  0  0 
1439931072  0  0  0  0  0  0  0  0  0  1388795  0  0  0  0  0  0  0  0  0  21  0  0  0  0  0  46  0  0  0  0  0  0  0 
1439931082  0  0  0  0  0  0  0  0  0  1388795  0  0  0  0  0  0  0  0  0  21  0  0  0  0  0  46  0  0  0  0  0  0  0 
1439931092  0  0  0  0  0  0  0  0  0  1388795  0  0  0  0  0  0  0  0  0  21  0  0  0  0  0  46  0  0  0  0  0  0  0 
1439931102  0  0  0  0  0  0  0  0  0  1388795  0  0  0  0  0  0  0  0  0  21  0  0  0  0  0  46  0  0  0  0  0  0  0 
1439931112  0  0  0  0  0  0  0  0  0  1388795  0  0  0  0  0  0  0  0  0  21  0  0  0  0  0  46  0  0  0  0  0  0  0 
1439931122  0  0  0  0  0  0  0  0  0  1388795  0  0  0  0  0  0  0  0  0  21  0  0  0  0  0  46  0  0  0  0  0  0  0 
1439931132  0  0  0  0  0  0  0  0  0  1388795  0  0  0  0  0  0  0  0  0  21  0  0  0  0  0  46  0  0  0  0  0  0  0 
1439931142  0  0  0  0  0  0  0  0  0  1388795  0  0  0  0  0  0  0  0  0  21  0  0  0  0  0  46  0  0  0  0  0  0  0 
1439931152  0  0  0  0  0  0  0  0  0  1388795  0  0  0  0  0  0  0  0  0  21  0  0  0  0  0  46  0  0  0  0  0  0  0 
1439931162  0  0  0  0  0  0  0  0  0  1388795  0  0  0  0  0  0  0  0  0  21  0  0  0  0  0  46  0  0  0  0  0  0  0 
