#Type:X;CI:3;ww:0;ca:0;co:1;fr:0;Type:X;CI:3;PI:0;PT:EP;U0:0;U1:0;Type:X;CI:3;PI:1;PT:EP;U0:0;U1:0;
#time  Pp  gt  gs  cn  cm  cb  Nc  Pc  cp  Tc  Nm  pr  ps  pt  px  pd  Pm  Om  fs  ft  Oc  Em  Gp  Ec  Ge  ot  os  Total_cycles_diff  Successful_get_diff  Total_get_diff  succ_put_diff  total_put_diff  get_hit  
1439914954  0  0  0  0  0  0  0  0  0  4285102  0  0  0  0  0  0  0  0  0  21  0  0  0  0  0  45  0  4285102  0  0  0  0  
1439914964  0  0  0  0  0  0  0  0  0  4286922  0  0  0  0  0  0  0  0  0  21  0  0  0  0  0  45  0  1820  0  0  0  0  0 
1439914974  0  505  327  13  5  6480133  190  2753  2747  268338375  233  0  3422  3427  5  0  3422  352  0  118  201  3422  0  2753  327  2582  113  264051453  327  505  3422  3427  64.7524752475  
1439914984  0  505  327  32  17  7456278  219  3155  3130  324624606  233  0  3824  3841  17  0  3422  352  0  3737  237  3422  0  3155  327  2582  113  56286231  0  0  402  414  64.7524752475  
1439914994  0  506  328  32  17  7455602  219  3154  3129  349007155  233  0  3824  3841  17  0  3422  352  0  29966  236  3422  0  3154  328  2582  113  24382549  1  1  0  0  64.8221343874  
1439915004  0  506  328  32  17  7455602  219  3154  3129  370938573  233  0  3824  3841  17  0  3422  352  0  53444  236  3422  0  3154  328  2582  113  21931418  0  0  0  0  64.8221343874  
1439915014  0  2643  421  37  18  6882263  127  2827  2797  452446353  233  0  4575  4593  18  0  3778  352  0  96835  101  3778  0  2827  421  2878  245  81507780  93  2137  751  752  15.9288687098  
1439915024  0  11081  440  37  18  6590248  172  3863  3833  516239562  233  0  5760  5778  18  0  3863  352  0  116563  125  3863  0  3863  440  3123  267  63793209  19  8438  1185  1185  3.97076076166  
1439915034  0  18663  440  37  18  6143395  205  4614  4584  566546778  233  0  6702  6720  18  0  4668  352  0  132667  143  4668  0  4614  440  3381  282  50307216  0  7582  942  942  2.35760595831  
1439915044  0  28055  444  37  18  6168798  267  5674  5644  625102884  267  0  7766  7784  18  0  5674  352  0  151122  188  5674  0  5674  444  3832  282  58556106  4  9392  1064  1064  1.58260559615  
1439915054  0  35384  444  37  19  6590567  465  11668  11638  818909702  465  0  13764  13783  19  0  11668  352  0  160621  285  11668  0  11668  444  4018  286  193806818  0  7329  5998  5999  1.25480443138  
1439915064  0  40669  1458  37  19  6690961  551  14866  14836  1032956458  552  0  19230  19249  19  0  14866  352  0  166902  323  14866  0  14866  1458  4165  308  214046756  1014  5285  5466  5466  3.58504020261  
1439915074  0  47163  3200  37  19  6794893  683  19184  19154  1351286426  683  0  26668  26687  19  0  19184  386  5  175465  386  19184  0  19184  3200  4362  333  318329968  1742  6494  7438  7438  6.78497975108  
1439915084  0  55354  5233  37  19  6920380  790  23285  23255  1654997065  791  0  35760  35779  19  0  23327  433  10  182985  433  23327  0  23285  5233  4564  380  303710639  2033  8191  9092  9092  9.4536980164  
1439915094  0  64129  7473  37  19  7171228  1029  30682  30652  2154967105  1029  0  47886  47905  19  0  30682  565  27  191758  565  30682  0  30682  7473  4814  421  499970040  2240  8775  12126  12126  11.6530742722  
1439915104  0  68090  8671  37  19  7143919  1056  31341  31311  2337095417  1060  0  51421  51440  19  0  31533  589  47  197771  589  31533  0  31341  8671  4949  446  182128312  1198  3961  3535  3535  12.7346159495  
1439915114  0  73355  10774  37  19  7198020  1104  33032  33002  2599395198  1107  0  57424  57443  19  0  33257  616  60  204403  615  33257  0  33032  10774  5106  475  262299781  2103  5265  6003  6003  14.6874786995  
1439915124  0  77238  12485  37  19  7246457  1143  34659  34629  2886530995  1143  0  62643  62662  19  0  34787  626  76  209826  626  34787  0  34659  12485  5268  501  287135797  1711  3883  5219  5219  16.1643232606  
1439915134  0  83610  14628  37  19  7314607  1186  36540  36510  3200724896  1201  0  68956  68975  19  0  36767  653  110  218204  652  36767  0  36540  14628  5456  537  314193901  2143  6372  6313  6313  17.4955148906  
1439915144  0  89991  17243  37  19  7371509  1264  38765  38735  3562708936  1269  0  76709  76728  19  0  38952  690  153  226797  687  38952  0  38765  17243  5685  585  361984040  2615  6381  7753  7753  19.1608049694  
1439915154  0  93631  18699  37  19  7411460  1317  39889  39859  3783776209  1326  0  81423  81442  19  0  40238  722  185  232493  718  40238  0  39889  18699  5817  613  221067273  1456  3640  4714  4714  19.9709497923  
1439915164  0  99841  21462  37  19  7482453  1376  42182  42152  4160164837  1376  0  88817  88836  19  0  42182  751  223  241359  746  42182  0  42182  21462  6025  655  376388628  2763  6210  7394  7394  21.4961789245  
1439915174  0  104189  23790  37  19  7527681  1409  43681  43651  4480672170  1409  0  95271  95290  19  0  43763  760  260  248331  760  43763  0  43681  23790  6195  698  320507333  2328  4348  6454  6454  22.8335044966  
1439915184  0  109684  26936  37  19  7516621  1409  43178  43148  4805940585  1431  0  100064  100083  19  0  44155  774  293  257308  768  44155  0  43178  26936  6388  740  325268415  3146  5495  4793  4793  24.5578206484  
1439915194  0  114113  28897  37  19  7523409  1428  43607  43577  5014757064  1436  0  104188  104207  19  0  44155  778  310  263574  769  44155  0  43607  28897  6535  770  208816479  1961  4429  4124  4124  25.3231446023  
1439915204  0  118720  31853  37  19  7521788  1438  43437  43407  5337890468  1444  0  108824  108843  19  0  44155  785  347  271222  785  44155  0  43437  31853  6710  803  323133404  2956  4607  4636  4636  26.8303571429  
1439915214  0  125407  35192  37  19  7556161  1458  44568  44538  5737530625  1465  0  115624  115643  19  0  44725  803  373  281110  801  44725  0  44568  35192  6943  852  399640157  3339  6687  6800  6800  28.0622293811  
1439915224  0  130713  37848  37  19  7552332  1454  44524  44494  6053466518  1482  0  121290  121309  19  0  45622  811  394  290049  794  45622  0  44524  37848  7168  904  315935893  2656  5306  5666  5666  28.955038902  
1439915234  0  135210  40261  37  19  7578534  1473  45220  45190  6387136560  1482  0  126211  126230  19  0  45622  815  418  296493  810  45622  0  45220  40261  7344  935  333670042  2413  4497  4921  4921  29.7766437394  
1439915244  0  140791  43153  37  19  7618105  1530  46338  46308  6766885433  1530  0  132868  132887  19  0  46338  847  448  303636  847  46338  0  46338  43153  7535  979  379748873  2892  5581  6657  6657  30.6503966873  
1439915254  0  145807  45416  37  19  7907048  1515  46085  46055  7062092294  1536  0  137123  137142  19  0  46690  854  478  311329  841  46690  0  46085  45416  7717  1016  295206861  2263  5016  4255  4255  31.1480244433  
1439915264  0  149223  46928  37  19  7929274  1538  46796  46766  7301919804  1552  0  141163  141182  19  0  47116  861  497  316701  857  47116  0  46796  46928  7854  1050  239827510  1512  3416  4040  4040  31.4482351916  
1439915274  0  154443  49635  37  19  7948207  1574  47632  47602  7623047484  1597  0  146750  146769  19  0  48243  880  527  324173  863  48243  0  47632  49635  8028  1084  321127680  2707  5220  5587  5587  32.1380703561  
1439915284  0  158782  51790  37  19  7943331  1584  47460  47430  7882028670  1597  0  150435  150454  19  0  48243  880  550  331012  862  48243  0  47460  51790  8195  1111  258981186  2155  4339  3685  3685  32.6170472724  
1439915294  0  163283  53569  37  19  7959294  1616  48010  47980  8130745047  1619  0  154949  154968  19  0  48243  880  570  338723  866  48243  0  48010  53569  8375  1151  248716377  1779  4501  4514  4514  32.8074569918  
1439915305  0  168713  56409  37  19  7930156  1591  47002  46972  8453435469  1619  0  159879  159898  19  0  48243  880  595  347461  859  48243  0  47002  56409  8606  1193  322690422  2840  5430  4930  4930  33.434886464  
1439915315  0  172806  58956  37  19  7932790  1590  47006  46976  8679405613  1619  0  164009  164028  19  0  48243  880  610  352495  870  48243  0  47006  58956  8728  1219  225970144  2547  4093  4130  4130  34.116870942  
1439915325  0  179239  62535  37  19  7914271  1560  46396  46366  9094825339  1619  0  170772  170791  19  0  48243  880  652  362114  864  48243  0  46396  62535  8958  1285  415419726  3579  6433  6763  6763  34.8891703257  
1439915335  0  184144  64890  37  19  7939126  1568  47321  47291  9380605572  1619  0  176116  176135  19  0  48243  880  676  369183  861  48243  0  47321  64890  9140  1326  285780233  2355  4905  5344  5344  35.2387262143  
1439915345  0  189287  67914  37  19  7908253  1542  46520  46490  9689475881  1619  0  181331  181350  19  0  48243  880  698  377997  836  48243  0  46520  67914  9359  1380  308870309  3024  5143  5215  5215  35.8788506342  
1439915355  0  193944  70498  37  19  7922532  1551  47055  47025  10009596962  1619  0  185980  185999  19  0  48243  880  718  386459  825  48243  0  47055  70498  9553  1421  320121081  2584  4657  4649  4649  36.3496679454  
1439915365  0  198608  72972  37  19  7976744  1599  48700  48670  10358317741  1619  0  192256  192275  19  0  48700  880  742  393189  842  48700  0  48700  72972  9739  1451  348720779  2474  4664  6276  6276  36.7417223878  
1439915375  0  202279  75019  37  19  7982229  1601  48591  48561  10582774599  1619  0  195241  195260  19  0  49069  880  758  398808  856  49069  0  48591  75019  9862  1477  224456858  2047  3671  2985  2985  37.0868948334  
1439915385  0  205795  76894  37  19  7957028  1571  48120  48090  10788766207  1619  0  197631  197650  19  0  49069  880  770  404649  839  49069  0  48120  76894  10002  1494  205991608  1875  3516  2390  2390  37.364367453  
1439915395  0  209656  78963  37  19  7977601  1601  48527  48497  11063805284  1619  0  201890  201909  19  0  49069  880  799  410923  857  49069  0  48527  78963  10157  1521  275039077  2069  3861  4259  4259  37.6631243561  
1439915405  0  214410  81694  37  19  7980081  1601  48551  48521  11357735324  1619  0  206393  206412  19  0  49103  880  820  417757  866  49103  0  48551  81694  10331  1552  293930040  2731  4754  4503  4503  38.1017676414  
1439915415  0  218235  83681  37  19  7952552  1577  47862  47832  11586113357  1619  0  209790  209809  19  0  49103  880  829  424101  848  49103  0  47862  83681  10485  1592  228378033  1987  3825  3397  3397  38.3444452081  
1439915425  0  222359  86098  37  19  7937193  1568  47340  47310  11842014020  1619  0  213782  213801  19  0  49103  880  856  430315  846  49103  0  47340  86098  10628  1625  255900663  2417  4124  3992  3992  38.7202676752  
1439915435  0  226804  88391  37  19  7987290  1607  48942  48912  12129297545  1619  0  219249  219268  19  0  49103  880  889  437245  867  49103  0  48942  88391  10804  1653  287283525  2293  4445  5467  5467  38.9724167122  
1439915445  0  231561  91108  37  19  7974306  1600  48524  48494  12378782379  1619  0  223182  223201  19  0  49103  880  909  444161  870  49103  0  48524  91108  10969  1683  249484834  2717  4757  3933  3933  39.3451401575  
1439915455  0  235140  92516  37  19  7997699  1611  49314  49284  12573809366  1624  0  227156  227175  19  0  49639  880  930  448920  870  49639  0  49314  92516  11112  1710  195026987  1408  3579  3974  3974  39.3450710215  
1439915465  0  239313  94339  37  19  7982141  1607  48944  48914  12816105044  1624  0  231468  231487  19  0  49639  880  951  455621  859  49639  0  48944  94339  11271  1757  242295678  1823  4173  4312  4312  39.4207585881  
1439915475  0  245380  97545  37  19  7998294  1630  49284  49254  13162780136  1647  0  237559  237578  19  0  49639  883  975  464320  876  49639  0  49284  97545  11471  1794  346675092  3206  6067  6091  6091  39.7526285761  
1439915485  0  249747  99295  39  19  9790142  1661  50835  50803  13493227419  1672  0  242578  242597  19  0  51130  902  1004  470517  896  51130  0  50835  99295  11629  1826  330447283  1750  4367  5019  5019  39.7582353342  
1439915495  0  253953  101434  39  19  9840867  1634  50864  50832  13762372039  1672  0  246753  246772  19  0  51138  902  1028  478486  879  51138  0  50864  101434  11815  1868  269144620  2139  4206  4175  4175  39.9420365186  
1439915505  0  258499  103982  39  19  9838433  1626  50862  50830  14023107112  1672  0  251114  251133  19  0  51138  902  1046  484242  868  51138  0  50862  103982  11967  1897  260735073  2548  4546  4361  4361  40.2253006781  
1439915515  0  261903  106077  39  19  9199641  1628  50391  50359  14245556042  1672  0  254388  254407  19  0  51353  902  1054  490534  871  51353  0  50391  106077  12114  1920  222448930  2095  3404  3274  3274  40.5023997434  
1439915525  0  266224  108574  39  19  9181266  1614  49741  49709  14499724006  1672  0  258385  258404  19  0  51353  902  1080  497952  868  51353  0  49741  108574  12276  1955  254167964  2497  4321  3997  3997  40.7829496965  
1439915535  0  269893  110793  39  19  9178230  1618  49960  49928  14741117857  1672  0  262946  262965  19  0  51353  902  1098  504639  861  51353  0  49960  110793  12460  1991  241393851  2219  3669  4561  4561  41.0507126898  
1439915545  0  274095  112817  39  19  9701462  1604  49815  49783  14998862873  1672  0  266367  266386  19  0  51353  902  1114  511810  849  51353  0  49815  112817  12628  2023  257745016  2024  4202  3421  3421  41.1598168518  
1439915556  0  278689  114995  39  19  9729427  1633  50606  50574  15293525450  1672  0  272162  272181  19  0  51353  902  1148  519164  870  51353  0  50606  114995  12817  2074  294662577  2178  4594  5795  5795  41.2628413752  
1439915566  0  281631  116397  39  19  9729464  1622  50536  50504  15476992146  1672  0  274712  274731  19  0  51353  902  1165  523990  878  51353  0  50536  116397  12909  2097  183466696  1402  2942  2550  2550  41.3296121521  
1439915576  0  286421  119006  39  19  9809794  1611  49919  49887  15787104695  1672  0  279792  279811  19  0  51461  902  1186  532448  871  51461  0  49919  119006  13106  2141  310112549  2609  4790  5080  5080  41.5493277378  
1439915586  0  292279  121683  39  19  9788351  1585  49189  49157  16107789473  1672  0  285139  285158  19  0  51461  902  1223  541663  861  51461  0  49189  121683  13304  2196  320684778  2677  5858  5347  5347  41.6324812936  
1439915596  0  296095  123453  39  19  9795496  1584  49258  49226  16296852362  1672  0  288941  288960  19  0  51461  902  1243  548196  853  51461  0  49258  123453  13456  2233  189062889  1770  3816  3802  3802  41.6937131664  
1439915606  0  301606  126393  39  19  9769862  1568  48627  48595  16639046919  1672  0  294062  294081  19  0  51461  902  1277  556764  856  51461  0  48627  126393  13646  2277  342194557  2940  5511  5121  5121  41.9066596818  
1439915616  0  305655  128582  39  19  9778362  1569  48942  48910  16864030315  1672  0  298654  298673  19  0  51461  902  1293  564232  853  51461  0  48942  128582  13841  2313  224983396  2189  4049  4592  4592  42.067690697  
1439915626  0  309288  130761  39  19  9787426  1573  49247  49215  17117647752  1672  0  302870  302889  19  0  51461  902  1319  570901  862  51461  0  49247  130761  13998  2343  253617437  2179  3633  4216  4216  42.2780709242  
1439915636  0  314632  133508  39  19  9788602  1576  49331  49299  17432467363  1672  0  307573  307592  19  0  51461  902  1348  578159  861  51461  0  49331  133508  14164  2376  314819611  2747  5344  4703  4703  42.4330646597  
1439915646  0  319194  134588  39  19  9831222  1625  50379  50347  17591450434  1672  0  310939  310958  19  0  51461  902  1380  583885  888  51461  0  50379  134588  14282  2396  158983071  1080  4562  3366  3366  42.1649529753  
1439915656  0  322934  136354  39  19  9804983  1623  49661  49629  17798647535  1672  0  314133  314152  19  0  51461  902  1401  590472  898  51461  0  49661  136354  14421  2428  207197101  1766  3740  3194  3194  42.2234883908  
1439915666  0  326583  138190  39  19  9815964  1633  50081  50049  18011788070  1672  0  318172  318191  19  0  51461  903  1413  594996  894  51461  0  50081  138190  14556  2462  213140535  1836  3649  4039  4039  42.3138987639  
1439915676  0  330010  140026  39  19  9841082  1650  50953  50921  18254723098  1675  0  323006  323025  19  0  51513  905  1433  601570  886  51513  0  50953  140026  14712  2499  242935028  1836  3427  4834  4834  42.4308354292  
1439915686  0  334126  142355  39  19  9842261  1624  51022  50990  18551115080  1675  0  326873  326892  19  0  51513  905  1448  608099  866  51513  0  51022  142355  14857  2530  296391982  2329  4116  3867  3867  42.6051848704  
1439915696  0  337724  144073  39  19  9855491  1636  51508  51476  18787828056  1675  0  330994  331013  19  0  51766  905  1465  613101  865  51766  0  51508  144073  15004  2566  236712976  1718  3598  4121  4121  42.6599827078  
1439915706  0  341261  145323  39  19  9820155  1607  50326  50294  18945297633  1675  0  333330  333349  19  0  51766  905  1485  618943  858  51766  0  50326  145323  15122  2599  157469577  1250  3537  2336  2336  42.5841218305  
1439915716  0  345449  147370  39  19  9837832  1632  50824  50792  19165983078  1675  0  338385  338404  19  0  51766  905  1499  624327  881  51766  0  50824  147370  15252  2634  220685445  2047  4188  5055  5055  42.6604216541  
1439915726  0  349238  149180  39  19  9810244  1604  49962  49930  19344104869  1675  0  341593  341612  19  0  51766  905  1512  628848  867  51766  0  49962  149180  15377  2663  178121791  1810  3789  3208  3208  42.7158556629  
1439915736  0  353827  151158  39  19  9828519  1623  50426  50394  19585995215  1675  0  346226  346245  19  0  51766  905  1533  635815  873  51766  0  50426  151158  15526  2700  241890346  1978  4589  4633  4633  42.7208777171  
1439915746  0  357229  153177  39  19  9823965  1611  50538  50506  19821507260  1675  0  349655  349674  19  0  51766  905  1549  641440  862  51766  0  50538  153177  15669  2725  235512045  2019  3402  3429  3429  42.8792175327  
1439915756  0  361066  155028  39  19  9827195  1598  50737  50705  20050066659  1675  0  353578  353597  19  0  51766  905  1563  646492  849  51766  0  50737  155028  15819  2754  228559399  1851  3837  3923  3923  42.9361944908  
1439915766  0  364564  156941  39  19  9846648  1622  51335  51303  20272670686  1675  0  358134  358153  19  0  51766  905  1588  652554  858  51766  0  51335  156941  15958  2785  222604027  1913  3498  4556  4556  43.0489571104  
1439915776  0  367504  158527  39  19  9839427  1605  51173  51141  20452614328  1675  0  361271  361290  19  0  51766  905  1607  658787  842  51766  0  51173  158527  16104  2816  179943642  1586  2940  3137  3137  43.1361291306  
1439915786  0  370885  160372  39  19  9836029  1614  50971  50939  20721523470  1675  0  365449  365468  19  0  51766  905  1629  665303  851  51766  0  50971  160372  16262  2852  268909142  1845  3381  4178  4178  43.2403575232  
1439915796  0  373915  162191  39  19  9805599  1585  49685  49653  20891853161  1675  0  367784  367803  19  0  51766  905  1647  669848  839  51766  0  49685  162191  16360  2877  170329691  1819  3030  2335  2335  43.376435821  
1439915806  0  376715  164081  39  19  9785696  1565  49244  49212  21059254270  1675  0  370432  370451  19  0  51766  905  1661  673826  834  51766  0  49244  164081  16454  2895  167401109  1890  2800  2648  2648  43.5557384229  
1439915816  0  381398  166687  39  19  9767549  1556  48537  48505  21325406572  1675  0  374487  374506  19  0  51766  905  1692  681282  830  51766  0  48537  166687  16606  2933  266152302  2606  4683  4055  4055  43.7042144951  
1439915826  0  384266  168073  39  19  9750817  1542  48121  48089  21463572684  1675  0  376341  376360  19  0  51766  905  1706  685867  832  51766  0  48121  168073  16698  2949  138166112  1386  2868  1854  1854  43.7387122462  
1439915836  0  388423  170438  39  19  9766521  1563  48629  48597  21751615292  1675  0  380793  380812  19  0  51766  905  1723  691844  845  51766  0  48629  170438  16844  2977  288042608  2365  4157  4452  4452  43.879481905  
1439915846  0  391664  172221  39  19  9773351  1584  49011  48979  21945754603  1675  0  384835  384854  19  0  51766  905  1738  699112  839  51766  0  49011  172221  17011  3007  194139311  1783  3241  4042  4042  43.9716185302  
1439915856  0  396104  174588  39  19  9819857  1611  50497  50465  22227635837  1675  0  390405  390424  19  0  51766  905  1762  704662  851  51766  0  50497  174588  17144  3040  281881234  2367  4440  5570  5570  44.0763031931  
1439915866  0  399403  176405  39  19  9783232  1575  49409  49377  22384270519  1675  0  392834  392853  19  0  51766  905  1774  711100  825  51766  0  49409  176405  17287  3066  156634682  1817  3299  2429  2429  44.1671695005  
1439915876  0  404064  178583  39  19  9794279  1590  49310  49278  22634106526  1675  0  396629  396648  19  0  51766  905  1792  717354  850  51766  0  49310  178583  17425  3093  249836007  2178  4661  3795  3795  44.1967114121  
1439915886  0  408477  180782  39  19  9760784  1578  48385  48353  22921288939  1675  0  400542  400561  19  0  51766  905  1811  723924  849  51766  0  48385  180782  17594  3124  287182413  2199  4413  3913  3913  44.2575714177  
1439915896  0  412081  182490  39  19  9746819  1560  47906  47874  23111809315  1675  0  404322  404341  19  0  51766  905  1828  730550  844  51766  0  47906  182490  17756  3161  190520376  1708  3604  3780  3780  44.2849828068  
1439915906  0  416802  184920  39  19  9745755  1554  47822  47790  23388515197  1675  0  408564  408583  19  0  51766  905  1852  737619  849  51766  0  47822  184920  17902  3193  276705882  2430  4721  4242  4242  44.3663897966  
1439915916  0  420277  186569  39  19  8431330  1571  48653  48622  23592988237  1675  0  412792  412811  19  0  51766  905  1870  742533  840  51766  0  48653  186569  18035  3225  204473040  1649  3475  4228  4228  44.3919129526  
1439915926  0  421651  187856  39  19  5202390  1540  47366  47341  23675867298  1675  0  412792  412811  19  0  51766  905  1870  742800  822  51766  0  47366  187856  18037  3225  82879061  1287  1374  0  0  44.5524853493  
1439915936  0  421651  187856  39  19  5202390  1540  47366  47341  23675867298  1675  0  412792  412811  19  0  51766  905  1870  742800  822  51766  0  47366  187856  18037  3225  0  0  0  0  0  44.5524853493  
1439915946  0  421651  187856  39  19  5202390  1540  47366  47341  23675867298  1675  0  412792  412811  19  0  51766  905  1870  742800  822  51766  0  47366  187856  18037  3225  0  0  0  0  0  44.5524853493  
1439915956  0  421651  187856  39  19  5202390  1540  47366  47341  23675867298  1675  0  412792  412811  19  0  51766  905  1870  742800  822  51766  0  47366  187856  18037  3225  0  0  0  0  0  44.5524853493  
1439915966  0  421777  187982  39  19  4857398  1539  47240  47215  23691427578  1675  0  412792  412811  19  0  51766  905  1870  742800  822  51766  0  47240  187982  18037  3225  15560280  126  126  0  0  44.5690495214  
1439915976  0  421777  187982  39  19  4857398  1539  47240  47215  23691427578  1675  0  412792  412811  19  0  51766  905  1870  742800  822  51766  0  47240  187982  18037  3225  0  0  0  0  0  44.5690495214  
1439915986  0  421777  187982  39  19  4857398  1539  47240  47215  23691427578  1675  0  412792  412811  19  0  51766  905  1870  742800  822  51766  0  47240  187982  18037  3225  0  0  0  0  0  44.5690495214  
