#Type:X;CI:8;ww:0;ca:0;co:1;fr:0;Type:X;CI:8;PI:0;PT:EP;U0:0;U1:0;Type:X;CI:8;PI:1;PT:EP;U0:0;U1:0;
#time  Pp  gt  gs  cn  cm  cb  Nc  Pc  cp  Tc  Nm  pr  ps  pt  px  pd  Pm  Om  fs  ft  Oc  Em  Gp  Ec  Ge  ot  os  Total_cycles_diff  Successful_get_diff  Total_get_diff  succ_put_diff  total_put_diff  get_hit  
1439181866  0  0  0  0  0  0  0  0  0  4084504  0  0  0  0  0  0  0  0  0  21  0  0  0  0  0  46  0  4084504  0  0  0  0  
1439181876  0  0  0  0  0  0  0  0  0  4084504  0  0  0  0  0  0  0  0  0  21  0  0  0  0  0  46  0  0  0  0  0  0  0 
1439181886  0  0  0  0  0  0  0  0  0  4084504  0  0  0  0  0  0  0  0  0  21  0  0  0  0  0  46  0  0  0  0  0  0  0 
1439181896  0  0  0  0  0  0  0  0  0  4086020  0  0  0  0  0  0  0  0  0  21  0  0  0  0  0  46  0  1516  0  0  0  0  0 
1439181906  0  0  0  0  0  0  0  0  0  11868944  0  0  0  0  0  0  0  0  0  21  0  0  0  0  0  46  0  7782924  0  0  0  0  0 
1439181916  0  0  0  0  0  0  0  0  0  36737036  0  0  0  0  0  0  0  0  0  21  0  0  0  0  0  46  0  24868092  0  0  0  0  0 
1439181926  0  4608  0  1532  5  5501551  201  3890  2358  430080427  201  0  3890  3895  5  0  3890  220  0  36  220  3890  0  3890  0  46  0  393343391  0  4608  3890  3895  0.0  
1439181936  0  42688  0  38641  5  6542755  953  41483  2842  4955937905  953  0  41483  41488  5  0  41483  272  0  84  272  41483  0  41483  0  46  0  4525857478  0  38080  37593  37593  0.0  
1439181946  0  78880  0  75205  5  6542755  1658  78047  2842  9399061583  1658  0  78047  78052  5  0  78047  272  0  84  272  78047  0  78047  0  46  0  4443123678  0  36192  36564  36564  0.0  
1439181957  0  102784  0  98935  5  6542755  2108  101777  2842  12003059705  2108  0  101777  101782  5  0  101777  272  0  84  272  101777  0  101777  0  46  0  2603998122  0  23904  23730  23730  0.0  
1439181967  0  177128  58917  170500  5  8376534  2207  101189  3617  20470656997  2341  0  174160  174165  5  0  112918  272  0  84  270  112918  0  101189  58917  46  0  8467597292  58917  74344  72383  72383  33.2623865227  
1439181977  0  205062  78168  198417  5  8464130  1723  64086  3653  24409767593  2341  0  202113  202118  5  0  112918  272  0  84  30  112918  0  64086  78168  46  0  3939110596  19251  27934  27953  27953  38.1192029728  
1439181987  0  251302  113071  243546  5  10161674  1871  68818  4363  29012679576  2341  0  247996  248001  5  0  112918  272  0  104  189  112918  0  68818  113071  46  0  4602911983  34903  46240  45883  45883  44.9940708789  
1439181997  0  332252  187603  323286  5  12065896  1561  60879  5071  37283925023  2341  0  328444  328449  5  0  112918  272  0  104  198  112918  0  60879  187603  46  0  8271245447  74532  80950  80448  80448  56.4640694413  
1439182007  0  465834  313912  456890  5  12065896  1586  64735  5071  51132532264  2341  0  462049  462054  5  0  112918  272  0  104  198  112918  0  64735  313912  46  0  13848607241  126309  133582  133605  133605  67.3870949737  
1439182017  0  589517  429606  580505  5  11939984  1481  60258  5025  64130507021  2341  0  585725  585730  5  0  112918  272  0  104  196  112918  0  60258  429606  46  0  12997974757  115694  123683  123676  123676  72.8742343308  
1439182027  0  708074  542617  698269  5  11915790  1509  58666  5019  76721633473  2341  0  704417  704422  5  0  112918  272  0  104  193  112918  0  58666  542617  46  0  12591126452  113011  118557  118692  118692  76.6328095651  
1439182037  0  820120  651839  809835  5  12353722  1415  56327  5199  88563318534  2341  0  816403  816408  5  0  112918  272  0  104  48  112918  0  56327  651839  46  0  11841685061  109222  112046  111986  111986  79.4809296201  
1439182047  0  937106  764359  926236  5  12386171  1433  58732  5217  100926782265  2341  0  933444  933449  5  0  112918  272  0  104  51  112918  0  58732  764359  46  0  12363463731  112520  116986  117041  117041  81.5659060981  
1439182057  0  1066376  888684  1054683  5  11974920  1533  63547  5084  114659799834  2341  0  1062704  1062709  5  0  112918  272  0  104  57  112918  0  63547  888684  46  0  13733017569  124325  129270  129260  129260  83.3368342873  
1439182067  0  1182302  1003111  1169449  5  12082159  1485  62352  5111  126929498886  2341  0  1178349  1178354  5  0  112918  272  0  104  59  112918  0  62352  1003111  46  0  12269699052  114427  115926  115645  115645  84.8438892939  
1439182077  0  1295006  1115524  1280908  5  12874952  1455  62586  5424  138968006318  2341  0  1291002  1291007  5  0  112918  272  0  104  61  112918  0  62586  1115524  46  0  12038507432  112413  112704  112653  112653  86.1404503145  
1439182087  0  1407216  1227528  1392743  5  12948572  1480  62455  5450  150985129336  2341  0  1403251  1403256  5  0  112918  272  0  105  61  112918  0  62455  1227528  46  0  12017123018  112004  112210  112249  112249  87.2309581472  
1439182097  0  1531692  1351800  1516259  5  12875961  1475  62549  5421  164346020447  2341  0  1527718  1527723  5  0  112918  272  0  105  60  112918  0  62549  1351800  46  0  13360891111  124272  124476  124467  124467  88.2553411521  
1439182107  0  1643656  1463725  1628028  5  12884602  1469  62635  5420  176364817565  2341  0  1639887  1639892  5  0  112918  272  0  105  61  112918  0  62635  1463725  46  0  12018797118  111925  111964  112169  112169  89.0530013579  
1439182117  0  1757310  1577135  1740849  5  12704357  1467  62411  5353  188487291325  2341  0  1753306  1753311  5  0  112918  272  0  105  61  112918  0  62411  1577135  46  0  12122473760  113410  113654  113419  113419  89.747113486  
1439182127  0  1869489  1689141  1851824  5  13057980  1472  62605  5483  200532087606  2341  0  1865506  1865511  5  0  112918  272  0  105  59  112918  0  62605  1689141  46  0  12044796281  112006  112179  112200  112200  90.3530857898  
1439182137  0  1980811  1799987  1962498  5  13318692  1482  63060  5584  212496378298  2341  0  1976807  1976812  5  0  112918  272  0  106  61  112918  0  63060  1799987  46  0  11964290692  110846  111322  111301  111301  90.8712138614  
1439182147  0  2104480  1923253  2085511  5  12762330  1502  62996  5363  225761114984  2341  0  2100507  2100512  5  0  112918  272  0  106  61  112918  0  62996  1923253  46  0  13264736686  123266  123669  123700  123700  91.3885140272  
1439182157  0  2209376  2028029  2189590  5  13128201  1523  63109  5515  236991541857  2341  0  2205396  2205401  5  0  112918  272  0  106  62  112918  0  63109  2028029  46  0  11230426873  104776  104896  104889  104889  91.7919358226  
1439182167  0  2321309  2139741  2300982  5  13008195  1471  63037  5460  248983778990  2341  0  2317417  2317422  5  0  112918  272  0  106  60  112918  0  63037  2139741  46  0  11992237133  111712  111933  112021  112021  92.1782063482  
1439182177  0  2421322  2239319  2399983  5  13163782  1459  63074  5528  259699181559  2341  0  2417348  2417353  5  0  112918  272  0  106  62  112918  0  63074  2239319  46  0  10715402569  99578  100013  99931  99931  92.4833210948  
1439182187  0  2534389  2352078  2511980  5  12974404  1483  63318  5463  271798135756  2341  0  2530351  2530356  5  0  112918  272  0  106  61  112918  0  63318  2352078  46  0  12098954197  112759  113067  113003  113003  92.8065107606  
1439182197  0  2657948  2475636  2634468  5  12620419  1487  63412  5308  285039163651  2341  0  2654003  2654008  5  0  112918  272  0  106  60  112918  0  63412  2475636  46  0  13241027895  123558  123559  123652  123652  93.1408740878  
1439182207  0  2770842  2588431  2746537  5  13243116  1488  63559  5555  297147298844  2341  0  2766979  2766984  5  0  112918  272  0  107  62  112918  0  63559  2588431  46  0  12108135193  112795  112894  112976  112976  93.4167664558  
1439182217  0  2877749  2695338  2853014  5  13233241  1456  62781  5557  308578011551  2341  0  2874006  2874011  5  0  112918  272  0  107  63  112918  0  62781  2695338  46  0  11430712707  106907  106907  107027  107027  93.6613304357  
1439182227  0  2968268  2785793  2942639  5  12972337  1389  60190  5462  318269892674  2341  0  2964329  2964334  5  0  112918  272  0  107  36  112918  0  60190  2785793  46  0  9691881123  90455  90519  90323  90323  93.8524755851  
1439182237  0  3080400  2897727  3053518  5  13044495  1402  60437  5476  330327224538  2341  0  3076510  3076515  5  0  112918  272  0  107  36  112918  0  60437  2897727  46  0  12057331864  111934  112132  112181  112181  94.0698285937  
1439182247  0  3208473  3025409  3180928  5  13251372  1397  60548  5561  344030505394  2341  0  3204580  3204585  5  0  112918  272  0  108  37  112918  0  60548  3025409  46  0  13703280856  127682  128073  128070  128070  94.2943574716  
1439182257  0  3318000  3134812  3290202  5  13144327  1410  60789  5516  355777556433  2341  0  3314224  3314229  5  0  112918  272  0  108  36  112918  0  60789  3134812  46  0  11747051039  109403  109527  109644  109644  94.4789632309  
1439182267  0  3430401  3247213  3401921  5  13219841  1402  60834  5552  367816850782  2341  0  3426670  3426675  5  0  112918  272  0  108  36  112918  0  60834  3247213  46  0  12039294349  112401  112401  112446  112446  94.6598662955  
1439182277  0  3524354  3340958  3495403  5  13390243  1394  60895  5614  377817347088  2341  0  3520476  3520481  5  0  112918  272  0  108  37  112918  0  60895  3340958  46  0  10000496306  93745  93953  93806  93806  94.7963229573  
1439182287  0  3639748  3456087  3610336  5  13242834  1384  61124  5561  390132887257  2341  0  3635834  3635839  5  0  112918  272  0  108  35  112918  0  61124  3456087  46  0  12315540169  115129  115394  115358  115358  94.9540187947  
1439182297  0  3753139  3569148  3722545  5  12475042  1391  61101  5260  402264971204  2341  0  3749187  3749192  5  0  112918  272  0  108  36  112918  0  61101  3569148  46  0  12132083947  113061  113391  113353  113353  95.0976769046  
1439182307  0  3858410  3674240  3827408  5  13522643  1380  61378  5671  413507081868  2341  0  3854556  3854561  5  0  112918  272  0  108  40  112918  0  61378  3674240  47  0  11242110664  105092  105271  105369  105369  95.22679031  
1439182317  0  3972132  3787744  3940788  5  13408561  1362  61126  5629  425669692619  2341  0  3968170  3968175  5  0  112918  272  0  108  39  112918  0  61126  3787744  47  0  12162610751  113504  113722  113614  113614  95.3579588997  
1439182327  0  4084441  3900053  4052375  5  13424801  1396  61090  5636  437712377588  2341  0  4080598  4080603  5  0  112918  272  0  108  40  112918  0  61090  3900053  47  0  12042684969  112309  112309  112428  112428  95.4856001103  
1439182337  0  4191526  4007138  4158262  5  13200963  1371  60611  5559  449142532921  2341  0  4187600  4187605  5  0  112918  272  0  108  40  112918  0  60611  4007138  47  0  11430155333  107085  107085  107002  107002  95.6009338842  
1439182347  0  4288344  4103764  4254564  5  13428053  1383  60706  5637  459506399328  2341  0  4284321  4284326  5  0  112918  272  0  108  40  112918  0  60706  4103764  47  0  10363866407  96626  96818  96721  96721  95.6957744062  
1439182357  0  4382254  4197571  4348017  5  13284291  1390  60801  5587  469544774377  2341  0  4378223  4378228  5  0  112918  272  0  108  40  112918  0  60801  4197571  47  0  10038375049  93807  93910  93902  93902  95.7856618991  
1439182367  0  4490138  4304994  4455710  5  13330397  1417  61539  5600  481127836134  2341  0  4486539  4486544  5  0  112918  272  0  109  39  112918  0  61539  4304994  47  0  11583061757  107423  107884  108316  108316  95.8766523434  
1439182377  0  4551582  4366131  4516766  5  13319392  1416  61633  5595  487689260692  2341  0  4547770  4547775  5  0  112918  272  0  109  38  112918  0  61633  4366131  47  0  6561424558  61137  61444  61231  61231  95.925570494  
1439182387  0  4646472  4460767  4611358  5  13093226  1422  61378  5510  497917094015  2341  0  4642649  4642654  5  0  112918  272  0  109  37  112918  0  61378  4460767  47  0  10227833323  94636  94890  94879  94879  96.00331176  
1439182397  0  4762463  4576438  4726090  5  13024984  1406  61542  5485  510423591470  2341  0  4758488  4758493  5  0  112918  272  0  109  40  112918  0  61542  4576438  47  0  12506497455  115671  115991  115839  115839  96.0939329082  
1439182407  0  4858507  4672476  4822214  5  13355890  1403  61884  5612  520729759906  2341  0  4854985  4854990  5  0  112918  272  0  109  39  112918  0  61884  4672476  47  0  10306168436  96038  96044  96497  96497  96.1710253788  
1439182417  0  4971966  4785679  4934732  5  13559394  1382  61526  5687  532866449981  2341  0  4967979  4967984  5  0  112918  272  0  109  40  112918  0  61526  4785679  47  0  12136690075  113203  113459  112994  112994  96.2532527374  
1439182427  0  5088411  4901429  5051112  5  13559394  1384  60140  5687  545254672568  2341  0  5084361  5084366  5  0  112918  272  0  109  40  112918  0  60140  4901429  47  0  12388222587  115750  116445  116382  116382  96.3253361413  
1439182437  0  5190363  5003032  5152720  5  13078150  1348  58167  5504  556075948280  2341  0  5186348  5186353  5  0  112918  272  0  109  39  112918  0  58167  5003032  47  0  10821275712  101603  101952  101987  101987  96.390791935  
1439182447  0  5280070  5091556  5242269  5  13449584  1304  55791  5646  565596865417  2341  0  5276421  5276426  5  0  112918  272  0  109  39  112918  0  55791  5091556  47  0  9520917137  88524  89707  90073  90073  96.4297064243  
1439182457  0  5296085  5100613  5258478  5  13540766  1473  57571  5681  567334106571  2341  0  5292665  5292670  5  0  112918  272  0  109  40  112918  0  57571  5100613  47  0  1737241154  9057  16015  16244  16244  96.3091226821  
1439182467  0  5386405  5189611  5348577  5  13559394  1328  52174  5687  577043050632  2341  0  5382771  5382776  5  0  112918  272  0  109  40  112918  0  52174  5189611  47  0  9708944061  88998  90320  90106  90106  96.346468563  
1439182477  0  5406291  5205569  5368469  5  12892956  1386  53443  5435  579192915213  2341  0  5402702  5402707  5  0  112918  272  0  109  40  112918  0  53443  5205569  47  0  2149864581  15958  19886  19931  19931  96.2872512782  
1439182487  0  5436504  5230893  5398444  5  13461426  1373  55402  5653  582424453359  2341  0  5432895  5432900  5  0  112918  272  0  109  40  112918  0  55402  5230893  47  0  3231538146  25324  30213  30193  30193  96.2179555096  
1439182497  0  5516521  5303584  5478258  5  13559394  1193  49133  5687  590963242139  2341  0  5512743  5512748  5  0  112918  272  0  109  23  112918  0  49133  5303584  47  0  8538788780  72691  80017  79848  79848  96.1400128813  
1439182507  0  5637438  5416862  5598551  5  13533584  1224  53146  5679  603790128585  2341  0  5633667  5633672  5  0  112918  272  0  109  6  112918  0  53146  5416862  47  0  12826886446  113278  120917  120924  120924  96.0873006497  
1439182517  0  5757055  5527104  5718130  5  13564353  1400  60618  5689  616487759168  2341  0  5753256  5753261  5  0  112918  272  0  109  6  112918  0  60618  5527104  47  0  12697630583  110242  119617  119589  119589  96.0057529414  
1439182527  0  5889839  5653256  5850937  5  13564353  1353  60443  5689  630589955705  2341  0  5886064  5886069  5  0  112918  272  0  109  6  112918  0  60443  5653256  47  0  14102196537  126152  132784  132808  132808  95.983200899  
1439182537  0  6009199  5764655  5970246  5  13527681  1474  65483  5676  643282296708  2341  0  6005741  6005746  5  0  112918  272  0  109  6  112918  0  65483  5764655  47  0  12692341003  111399  119360  119677  119677  95.9305058794  
1439182547  0  6156285  5903138  6117080  5  13564353  1586  67800  5689  658908044189  2341  0  6152588  6152593  5  0  112918  272  0  109  6  112918  0  67800  5903138  47  0  15625747481  138483  147086  146847  146847  95.8879908906  
1439182557  0  6384896  6120733  6345574  5  13564353  1588  69222  5689  683217296650  2341  0  6381083  6381088  5  0  112918  272  0  109  6  112918  0  69222  6120733  47  0  24309252461  217595  228611  228495  228495  95.8626890712  
1439182568  0  6488579  6217909  6449609  5  13017748  1632  68591  5472  694387056706  2341  0  6485119  6485124  5  0  112918  272  0  109  4  112918  0  68591  6217909  47  0  11169760056  97176  103683  104036  104036  95.8285165365  
1439182578  0  6489229  6217929  6450237  5  12967011  1509  61052  5452  694455192112  2341  0  6485747  6485752  5  0  112918  272  0  109  3  112918  0  61052  6217929  47  0  68135406  20  650  628  628  95.819225982  
1439182588  0  6489229  6217929  6450237  5  12967011  1252  45533  5452  694455192112  2341  0  6485747  6485752  5  0  112918  272  0  109  2  112918  0  45533  6217929  47  0  0  0  0  0  0  95.819225982  
1439182598  0  6489229  6217929  6450237  5  12967011  1146  39996  5452  694455192112  2341  0  6485747  6485752  5  0  112918  272  0  109  2  112918  0  39996  6217929  47  0  0  0  0  0  0  95.819225982  
1439182608  0  6489229  6217929  6450237  5  12967011  833  24603  5452  694455192112  2341  0  6485747  6485752  5  0  112918  272  0  109  2  112918  0  24603  6217929  47  0  0  0  0  0  0  95.819225982  
1439182618  0  6489371  6217929  6450524  5  12967011  844  24890  5452  694484942061  2341  0  6486034  6486039  5  0  112918  272  0  109  2  112918  0  24890  6217929  47  0  29749949  0  142  287  287  95.8171292719  
1439182628  0  6489371  6217929  6450524  5  12967011  843  24825  5452  694484942061  2341  0  6486034  6486039  5  0  112918  272  0  109  2  112918  0  24825  6217929  47  0  0  0  0  0  0  95.8171292719  
1439182638  0  6489371  6217929  6450524  5  12967011  843  24825  5452  694484942061  2341  0  6486034  6486039  5  0  112918  272  0  109  2  112918  0  24825  6217929  47  0  0  0  0  0  0  95.8171292719  
1439182648  0  6489371  6217929  6450524  5  12967011  843  24825  5452  694484942061  2341  0  6486034  6486039  5  0  112918  272  0  109  2  112918  0  24825  6217929  47  0  0  0  0  0  0  95.8171292719  
1439182658  0  6489371  6217929  6450524  5  12967011  843  24825  5452  694484942061  2341  0  6486034  6486039  5  0  112918  272  0  109  2  112918  0  24825  6217929  47  0  0  0  0  0  0  95.8171292719  
1439182668  0  6489371  6217929  6450524  5  12967011  843  24825  5452  694484942061  2341  0  6486034  6486039  5  0  112918  272  0  109  2  112918  0  24825  6217929  47  0  0  0  0  0  0  95.8171292719  
1439182678  0  6489371  6217929  6450524  5  12967011  843  24825  5452  694484942061  2341  0  6486034  6486039  5  0  112918  272  0  109  2  112918  0  24825  6217929  47  0  0  0  0  0  0  95.8171292719  
1439182688  0  6489371  6217929  6450524  5  12967011  843  24825  5452  694484942061  2341  0  6486034  6486039  5  0  112918  272  0  109  2  112918  0  24825  6217929  47  0  0  0  0  0  0  95.8171292719  
1439182698  0  6489371  6217929  6450524  5  12967011  843  24825  5452  694484942061  2341  0  6486034  6486039  5  0  112918  272  0  109  2  112918  0  24825  6217929  47  0  0  0  0  0  0  95.8171292719  
1439182708  0  6489371  6217929  6450524  5  12967011  843  24825  5452  694484942061  2341  0  6486034  6486039  5  0  112918  272  0  109  2  112918  0  24825  6217929  47  0  0  0  0  0  0  95.8171292719  
1439182718  0  6489371  6217929  6450524  5  12967011  843  24825  5452  694484942061  2341  0  6486034  6486039  5  0  112918  272  0  109  2  112918  0  24825  6217929  47  0  0  0  0  0  0  95.8171292719  
1439182728  0  6489371  6217929  6450524  5  12967011  843  24825  5452  694484942061  2341  0  6486034  6486039  5  0  112918  272  0  109  2  112918  0  24825  6217929  47  0  0  0  0  0  0  95.8171292719  
1439182738  0  6489371  6217929  6450524  5  12967011  843  24825  5452  694484942061  2341  0  6486034  6486039  5  0  112918  272  0  109  2  112918  0  24825  6217929  47  0  0  0  0  0  0  95.8171292719  
1439182748  0  6489371  6217929  6450524  5  12967011  843  24825  5452  694484942061  2341  0  6486034  6486039  5  0  112918  272  0  109  2  112918  0  24825  6217929  47  0  0  0  0  0  0  95.8171292719  
1439182758  0  6489371  6217929  6450524  5  12967011  843  24825  5452  694484942061  2341  0  6486034  6486039  5  0  112918  272  0  109  2  112918  0  24825  6217929  47  0  0  0  0  0  0  95.8171292719  
1439182768  0  6489371  6217929  6450524  5  12967011  843  24808  5452  694484942061  2341  0  6486034  6486039  5  0  112918  272  0  109  2  112918  0  24808  6217929  47  0  0  0  0  0  0  95.8171292719  
1439182778  0  6489371  6217929  6450524  5  12967011  843  24808  5452  694484942061  2341  0  6486034  6486039  5  0  112918  272  0  109  2  112918  0  24808  6217929  47  0  0  0  0  0  0  95.8171292719  
1439182788  0  6489371  6217929  6450524  5  12967011  843  24808  5452  694484942061  2341  0  6486034  6486039  5  0  112918  272  0  109  2  112918  0  24808  6217929  47  0  0  0  0  0  0  95.8171292719  
1439182798  0  6489371  6217929  6450524  5  12967011  843  24808  5452  694484942061  2341  0  6486034  6486039  5  0  112918  272  0  109  2  112918  0  24808  6217929  47  0  0  0  0  0  0  95.8171292719  
1439182808  0  6489371  6217929  6450524  5  12967011  843  24808  5452  694484942061  2341  0  6486034  6486039  5  0  112918  272  0  109  2  112918  0  24808  6217929  47  0  0  0  0  0  0  95.8171292719  
1439182818  0  6489371  6217929  6450524  5  12967011  843  24808  5452  694484942061  2341  0  6486034  6486039  5  0  112918  272  0  109  2  112918  0  24808  6217929  47  0  0  0  0  0  0  95.8171292719  
1439182828  0  6489371  6217929  6450524  5  12967011  843  24808  5452  694484942061  2341  0  6486034  6486039  5  0  112918  272  0  109  2  112918  0  24808  6217929  47  0  0  0  0  0  0  95.8171292719  
1439182838  0  6489371  6217929  6450524  5  12967011  831  24201  5452  694484942061  2341  0  6486034  6486039  5  0  112918  272  0  109  2  112918  0  24201  6217929  47  0  0  0  0  0  0  95.8171292719  
1439182848  0  6489371  6217929  6450524  5  12967011  831  24201  5452  694484942061  2341  0  6486034  6486039  5  0  112918  272  0  109  2  112918  0  24201  6217929  47  0  0  0  0  0  0  95.8171292719  
1439182858  0  6489371  6217929  6450524  5  12967011  827  24082  5452  694484942061  2341  0  6486034  6486039  5  0  112918  272  0  109  2  112918  0  24082  6217929  47  0  0  0  0  0  0  95.8171292719  
1439182868  0  6489371  6217929  6450524  5  12967011  827  24082  5452  694484942061  2341  0  6486034  6486039  5  0  112918  272  0  109  2  112918  0  24082  6217929  47  0  0  0  0  0  0  95.8171292719  
1439182878  0  6489371  6217929  6450524  5  12967011  827  24082  5452  694484942061  2341  0  6486034  6486039  5  0  112918  272  0  109  2  112918  0  24082  6217929  47  0  0  0  0  0  0  95.8171292719  
1439182888  0  6489371  6217929  6450524  5  12967011  827  24082  5452  694484942061  2341  0  6486034  6486039  5  0  112918  272  0  109  2  112918  0  24082  6217929  47  0  0  0  0  0  0  95.8171292719  
1439182898  0  6489371  6217929  6450524  5  12967011  827  24082  5452  694484942061  2341  0  6486034  6486039  5  0  112918  272  0  109  2  112918  0  24082  6217929  47  0  0  0  0  0  0  95.8171292719  
1439182908  0  6489371  6217929  6450524  5  12967011  827  24082  5452  694484942061  2341  0  6486034  6486039  5  0  112918  272  0  109  2  112918  0  24082  6217929  47  0  0  0  0  0  0  95.8171292719  
1439182918  0  6489371  6217929  6450524  5  12967011  827  24082  5452  694484942061  2341  0  6486034  6486039  5  0  112918  272  0  109  2  112918  0  24082  6217929  47  0  0  0  0  0  0  95.8171292719  
1439182928  0  6489371  6217929  6450524  5  12967011  827  24082  5452  694484942061  2341  0  6486034  6486039  5  0  112918  272  0  109  2  112918  0  24082  6217929  47  0  0  0  0  0  0  95.8171292719  
1439182938  0  6489371  6217929  6450524  5  12967011  827  24082  5452  694484942061  2341  0  6486034  6486039  5  0  112918  272  0  109  2  112918  0  24082  6217929  47  0  0  0  0  0  0  95.8171292719  
1439182948  0  6489371  6217929  6450524  5  12967011  827  24082  5452  694484942061  2341  0  6486034  6486039  5  0  112918  272  0  109  2  112918  0  24082  6217929  47  0  0  0  0  0  0  95.8171292719  
1439182958  0  6489371  6217929  6450524  5  12967011  827  24082  5452  694484942061  2341  0  6486034  6486039  5  0  112918  272  0  109  2  112918  0  24082  6217929  47  0  0  0  0  0  0  95.8171292719  
1439182968  0  6489371  6217929  6450524  5  12967011  827  24082  5452  694484942061  2341  0  6486034  6486039  5  0  112918  272  0  109  2  112918  0  24082  6217929  47  0  0  0  0  0  0  95.8171292719  
1439182978  0  6489371  6217929  6450524  5  12967011  827  24082  5452  694484942061  2341  0  6486034  6486039  5  0  112918  272  0  109  2  112918  0  24082  6217929  47  0  0  0  0  0  0  95.8171292719  
1439182988  0  6489371  6217929  6450524  5  12967011  827  24082  5452  694484942061  2341  0  6486034  6486039  5  0  112918  272  0  109  2  112918  0  24082  6217929  47  0  0  0  0  0  0  95.8171292719  
1439182998  0  6489371  6217929  6450524  5  12967011  827  24082  5452  694484942061  2341  0  6486034  6486039  5  0  112918  272  0  109  2  112918  0  24082  6217929  47  0  0  0  0  0  0  95.8171292719  
1439183008  0  6489371  6217929  6450524  5  12967011  822  23907  5452  694484942061  2341  0  6486034  6486039  5  0  112918  272  0  109  2  112918  0  23907  6217929  47  0  0  0  0  0  0  95.8171292719  
1439183018  0  6489371  6217929  6450524  5  12967011  822  23907  5452  694484942061  2341  0  6486034  6486039  5  0  112918  272  0  109  2  112918  0  23907  6217929  47  0  0  0  0  0  0  95.8171292719  
1439183028  0  6489371  6217929  6450524  5  12967011  822  23907  5452  694484942061  2341  0  6486034  6486039  5  0  112918  272  0  109  2  112918  0  23907  6217929  47  0  0  0  0  0  0  95.8171292719  
1439183038  0  6489371  6217929  6450524  5  12967011  822  23907  5452  694484942061  2341  0  6486034  6486039  5  0  112918  272  0  109  2  112918  0  23907  6217929  47  0  0  0  0  0  0  95.8171292719  
1439183048  0  6489371  6217929  6450524  5  12967011  822  23907  5452  694484942061  2341  0  6486034  6486039  5  0  112918  272  0  109  2  112918  0  23907  6217929  47  0  0  0  0  0  0  95.8171292719  
1439183058  0  6489371  6217929  6450524  5  12967011  822  23907  5452  694484942061  2341  0  6486034  6486039  5  0  112918  272  0  109  2  112918  0  23907  6217929  47  0  0  0  0  0  0  95.8171292719  
1439183068  0  6489371  6217929  6450524  5  12967011  822  23907  5452  694484942061  2341  0  6486034  6486039  5  0  112918  272  0  109  2  112918  0  23907  6217929  47  0  0  0  0  0  0  95.8171292719  
1439183078  0  6489371  6217929  6450524  5  12967011  822  23907  5452  694484942061  2341  0  6486034  6486039  5  0  112918  272  0  109  2  112918  0  23907  6217929  47  0  0  0  0  0  0  95.8171292719  
1439183088  0  6489371  6217929  6450524  5  12967011  822  23907  5452  694484942061  2341  0  6486034  6486039  5  0  112918  272  0  109  2  112918  0  23907  6217929  47  0  0  0  0  0  0  95.8171292719  
1439183098  0  6489371  6217929  6450524  5  12967011  822  23907  5452  694484942061  2341  0  6486034  6486039  5  0  112918  272  0  109  2  112918  0  23907  6217929  47  0  0  0  0  0  0  95.8171292719  
1439183108  0  6489371  6217929  6450524  5  12967011  822  23907  5452  694484942061  2341  0  6486034  6486039  5  0  112918  272  0  109  2  112918  0  23907  6217929  47  0  0  0  0  0  0  95.8171292719  
1439183118  0  6489371  6217929  6450524  5  12967011  822  23907  5452  694484942061  2341  0  6486034  6486039  5  0  112918  272  0  109  2  112918  0  23907  6217929  47  0  0  0  0  0  0  95.8171292719  
1439183128  0  6489371  6217929  6450524  5  12967011  822  23907  5452  694484942061  2341  0  6486034  6486039  5  0  112918  272  0  109  2  112918  0  23907  6217929  47  0  0  0  0  0  0  95.8171292719  
1439183138  0  6489371  6217929  6450524  5  12967011  822  23907  5452  694484942061  2341  0  6486034  6486039  5  0  112918  272  0  109  2  112918  0  23907  6217929  47  0  0  0  0  0  0  95.8171292719  
1439183148  0  6489371  6217929  6450524  5  12967011  822  23907  5452  694484942061  2341  0  6486034  6486039  5  0  112918  272  0  109  2  112918  0  23907  6217929  47  0  0  0  0  0  0  95.8171292719  
1439183158  0  6489371  6217929  6450524  5  12967011  822  23907  5452  694484942061  2341  0  6486034  6486039  5  0  112918  272  0  109  2  112918  0  23907  6217929  47  0  0  0  0  0  0  95.8171292719  
