#Type:X;CI:1;ww:0;ca:0;co:0;fr:0;Type:X;CI:1;PI:0;PT:EP;U0:0;U1:0;
#time  Pp  gt  gs  cn  cm  cb  Nc  Pc  cp  Tc  Nm  pr  ps  pt  px  pd  Pm  Om  fs  ft  Oc  Em  Gp  Ec  Ge  ot  os  Total_cycles_diff  Successful_get_diff  Total_get_diff  succ_put_diff  total_put_diff  get_hit  
1439201839  0  0  0  0  0  0  0  0  0  676195  0  0  0  0  0  0  0  0  0  21  0  0  0  0  0  46  0  676195  0  0  0  0  
1439201849  0  0  0  0  0  0  0  0  0  680581  0  0  0  0  0  0  0  0  0  21  0  0  0  0  0  46  0  4386  0  0  0  0  0 
1439201859  0  0  0  0  0  0  0  0  0  13202481  0  0  0  0  0  0  0  0  0  21  0  0  0  0  0  46  0  12521900  0  0  0  0  0 
1439201869  0  0  0  0  0  0  0  0  0  29626558  0  0  0  0  0  0  0  0  0  21  0  0  0  0  0  46  0  16424077  0  0  0  0  0 
1439201879  0  0  0  0  0  0  0  0  0  34770851  0  0  0  0  0  0  0  0  0  21  0  0  0  0  0  46  0  5144293  0  0  0  0  0 
1439201889  0  0  0  0  0  0  0  0  0  51763711  0  0  0  0  0  0  0  0  0  21  0  0  0  0  0  46  0  16992860  0  0  0  0  0 
1439201899  0  800  0  0  0  0  71  947  0  64164196  71  0  947  947  0  0  947  105  0  22  105  947  0  947  0  46  0  12400485  0  800  947  947  0.0  
1439201909  0  17760  0  0  0  0  463  17564  0  229445277  463  0  17564  17564  0  0  17564  272  0  62  272  17564  0  17564  0  46  0  165281081  0  16960  16617  16617  0.0  
1439201919  0  35360  0  0  0  0  446  25863  0  407093731  550  0  35425  35425  0  0  26981  272  0  62  2  26981  0  25863  0  46  0  177648454  0  17600  17861  17861  0.0  
1439201929  0  46816  0  0  0  0  312  16316  0  524902650  550  0  46887  46887  0  0  26981  272  0  62  2  26981  0  16316  0  46  0  117808919  0  11456  11462  11462  0.0  
1439201939  0  60608  0  0  0  0  376  19866  0  659074297  550  0  60389  60389  0  0  26981  272  0  62  2  26981  0  19866  0  46  0  134171647  0  13792  13502  13502  0.0  
1439201949  0  77056  0  0  0  0  461  24752  0  830312960  550  0  76804  76804  0  0  27234  272  0  62  2  27234  0  24752  0  46  0  171238663  0  16448  16415  16415  0.0  
1439201959  0  92256  0  0  0  0  466  22697  0  978042987  627  0  92086  92086  0  0  33112  272  0  62  20  33112  0  22697  0  46  0  147730027  0  15200  15282  15282  0.0  
1439201969  0  107584  0  0  0  0  466  19807  0  1145335661  627  0  107581  107581  0  0  33112  272  0  62  29  33112  0  19807  0  46  0  167292674  0  15328  15495  15495  0.0  
1439201979  0  124896  0  0  0  0  536  25543  0  1324293262  627  0  124940  124940  0  0  33112  272  0  62  2  33112  0  25543  0  46  0  178957601  0  17312  17359  17359  0.0  
1439201989  0  135232  0  0  0  0  402  19314  0  1426010699  627  0  135092  135092  0  0  33112  272  0  62  2  33112  0  19314  0  46  0  101717437  0  10336  10152  10152  0.0  
1439201999  0  150016  0  0  0  0  452  21232  0  1582486451  627  0  150251  150251  0  0  33112  272  0  62  2  33112  0  21232  0  46  0  156475752  0  14784  15159  15159  0.0  
1439202009  0  166144  225  0  0  0  559  26095  0  1738008661  627  0  166254  166254  0  0  33112  272  0  62  2  33112  0  26095  225  46  0  155522210  225  16128  16003  16003  0.135424691834  
1439202019  0  180728  2343  0  0  0  469  21328  0  1901992477  627  0  180515  180515  0  0  33112  272  0  62  2  33112  0  21328  2343  46  0  163983816  2118  14584  14261  14261  1.29642335443  
1439202029  0  190042  2784  0  0  0  352  15827  0  1990479815  627  0  188799  188799  0  0  33112  272  0  62  2  33112  0  15827  2784  46  0  88487338  441  9314  8284  8284  1.4649393292  
1439202039  0  208434  5386  0  0  0  531  21301  0  2190290510  627  0  206503  206503  0  0  33112  272  0  62  2  33112  0  21301  5386  46  0  199810695  2602  18392  17704  17704  2.58403139603  
1439202049  0  221392  7484  0  0  0  465  18308  0  2344858611  627  0  219466  219466  0  0  33112  272  0  62  2  33112  0  18308  7484  46  0  154568101  2098  12958  12963  12963  3.3804292838  
1439202059  0  230786  8505  0  0  0  457  17977  0  2451496172  627  0  228859  228859  0  0  33112  272  0  62  2  33112  0  17977  8505  46  0  106637561  1021  9394  9393  9393  3.68523220646  
1439202069  0  249377  9839  0  0  0  638  24252  0  2666453372  641  0  247414  247414  0  0  33112  272  0  62  4  33112  0  24252  9839  46  0  214957200  1334  18591  18555  18555  3.94543201659  
1439202079  0  265452  11413  0  0  0  819  29591  0  2840804991  841  0  263313  263313  0  0  33112  272  0  62  4  33112  0  29591  11413  46  0  174351619  1574  16075  15899  15899  4.29945903591  
1439202089  0  285459  13750  0  0  0  869  29648  0  3065080317  916  0  283571  283571  0  0  33112  272  0  62  2  33112  0  29648  13750  46  0  224275326  2337  20007  20258  20258  4.81680381421  
1439202099  0  294518  15587  0  0  0  722  23288  0  3172333136  916  0  292601  292601  0  0  33112  272  0  62  2  33112  0  23288  15587  46  0  107252819  1837  9059  9030  9030  5.29237601776  
1439202109  0  310332  18397  0  0  0  618  19910  0  3360414191  916  0  308152  308152  0  0  33112  272  0  62  3  33112  0  19910  18397  46  0  188081055  2810  15814  15551  15551  5.92816725314  
1439202119  0  329578  22932  0  0  0  697  22709  0  3586972806  916  0  327560  327560  0  0  33112  272  0  62  2  33112  0  22709  22932  46  0  226558615  4535  19246  19408  19408  6.9579887007  
1439202129  0  350048  26886  0  0  0  904  31254  0  3823158036  917  0  348034  348034  0  0  33112  272  0  62  2  33112  0  31254  26886  46  0  236185230  3954  20470  20474  20474  7.68066093793  
1439202139  0  360725  28858  0  0  0  744  22406  0  3935227480  917  0  358313  358313  0  0  33112  272  0  75  179  33112  0  22406  28858  46  0  112069444  1972  10677  10279  10279  8.0  
1439202149  0  371918  29896  0  0  0  589  16732  0  4049055483  917  0  369268  369268  0  0  33112  272  0  75  148  33112  0  16732  29896  46  0  113828003  1038  11193  10955  10955  8.03833102996  
1439202159  0  385947  30757  0  0  0  653  21138  0  4199258820  917  0  383561  383561  0  0  33112  272  0  75  2  33112  0  21138  30757  46  0  150203337  861  14029  14293  14293  7.96922893558  
1439202169  0  403525  32400  0  0  0  785  25771  0  4396875845  917  0  401274  401274  0  0  33112  272  0  75  2  33112  0  25771  32400  46  0  197617025  1643  17578  17713  17713  8.02924230221  
1439202179  0  418837  34224  0  0  0  779  25471  0  4572852047  917  0  416368  416368  0  0  33112  272  0  75  2  33112  0  25471  34224  46  0  175976202  1824  15312  15094  15094  8.17119786456  
1439202189  0  432381  35957  0  0  0  755  24736  0  4735637732  917  0  429946  429946  0  0  33112  272  0  75  2  33112  0  24736  35957  46  0  162785685  1733  13544  13578  13578  8.31604533964  
1439202199  0  453853  39902  0  0  0  772  26169  0  4985667856  917  0  451477  451477  0  0  33112  272  0  75  2  33112  0  26169  39902  46  0  250030124  3945  21472  21531  21531  8.79183347912  
1439202209  0  472024  43226  0  0  0  794  26667  0  5197810970  917  0  469738  469738  0  0  33112  272  0  75  2  33112  0  26667  43226  46  0  212143114  3324  18171  18261  18261  9.15758520753  
1439202219  0  488084  46203  0  0  0  794  25776  0  5385477568  917  0  485473  485473  0  0  33112  272  0  75  2  33112  0  25776  46203  46  0  187666598  2977  16060  15735  15735  9.46619844125  
1439202229  0  497294  46980  0  0  0  667  21174  0  5490848852  917  0  494963  494963  0  0  33112  272  0  75  2  33112  0  21174  46980  46  0  105371284  777  9210  9490  9490  9.44712785596  
1439202239  0  516792  50523  0  0  0  732  23173  0  5702751379  917  0  514224  514224  0  0  33112  272  0  75  2  33112  0  23173  50523  46  0  211902527  3543  19498  19261  19261  9.77627362653  
1439202249  0  533515  53612  0  0  0  909  30456  0  5905017953  919  0  530923  530923  0  0  33112  272  0  75  2  33112  0  30456  53612  46  0  202266574  3089  16723  16699  16699  10.0488271183  
1439202259  0  555542  57576  0  0  0  820  27385  0  6167822204  919  0  553137  553137  0  0  33112  272  0  75  2  33112  0  27385  57576  46  0  262804251  3964  22027  22214  22214  10.36393288  
1439202269  0  570368  59913  0  0  0  873  28702  0  6347144780  919  0  567725  567725  0  0  33112  272  0  75  2  33112  0  28702  59913  46  0  179322576  2337  14826  14588  14588  10.5042709268  
1439202279  0  579221  60838  0  0  0  594  18934  0  6451289564  919  0  576899  576899  0  0  33112  272  0  75  2  33112  0  18934  60838  46  0  104144784  925  8853  9174  9174  10.5034175211  
1439202289  0  589188  62618  0  0  0  552  15485  0  6575099033  919  0  586849  586849  0  0  33112  272  0  75  35  33112  0  15485  62618  46  0  123809469  1780  9967  9950  9950  10.6278471388  
1439202299  0  601807  63915  0  0  0  607  17359  0  6715485471  919  0  599528  599528  0  0  33112  272  0  75  40  33112  0  17359  63915  46  0  140386438  1297  12619  12679  12679  10.6205145503  
1439202309  0  614107  65255  0  0  0  657  19918  0  6855181487  919  0  611530  611530  0  0  33112  272  0  75  2  33112  0  19918  65255  46  0  139696016  1340  12300  12002  12002  10.6259984009  
1439202319  0  625520  66257  0  0  0  655  19314  0  6987573084  919  0  623157  623157  0  0  33112  272  0  75  2  33112  0  19314  66257  46  0  132391597  1002  11413  11627  11627  10.5923072004  
1439202329  0  634840  67515  0  0  0  526  15183  0  7093617087  919  0  632258  632258  0  0  33112  272  0  75  2  33112  0  15183  67515  46  0  106044003  1258  9320  9101  9101  10.6349631403  
1439202339  0  644285  68406  0  0  0  548  16460  0  7195371494  919  0  641956  641956  0  0  33112  272  0  75  2  33112  0  16460  68406  46  0  101754407  891  9445  9698  9698  10.617351017  
1439202349  0  654687  69436  0  0  0  530  16368  0  7307722683  919  0  652202  652202  0  0  33112  272  0  75  2  33112  0  16368  69436  46  0  112351189  1030  10402  10246  10246  10.6059842337  
1439202359  0  664547  70993  0  0  0  555  17332  0  7416181161  919  0  662220  662220  0  0  33112  272  0  75  2  33112  0  17332  70993  46  0  108458478  1557  9860  10018  10018  10.6829163325  
1439202369  0  677246  71914  0  0  0  598  18751  0  7550273395  919  0  674774  674774  0  0  33112  272  0  75  2  33112  0  18751  71914  46  0  134092234  921  12699  12554  12554  10.6185935391  
1439202379  0  697825  75150  0  0  0  857  27201  0  7785029359  919  0  695574  695574  0  0  33112  272  0  75  2  33112  0  27201  75150  46  0  234755964  3236  20579  20800  20800  10.7691756529  
1439202389  0  717064  79211  0  0  0  943  31576  0  8012181712  948  0  714604  714604  0  0  33112  272  0  75  2  33112  0  31576  79211  46  0  227152353  4061  19239  19030  19030  11.0465732487  
1439202399  0  729214  81087  0  0  0  779  25966  0  8157947534  948  0  726946  726946  0  0  33112  272  0  75  2  33112  0  25966  81087  46  0  145765822  1876  12150  12342  12342  11.1197810245  
1439202409  0  743500  83158  0  0  0  703  22586  0  8321937822  948  0  741233  741233  0  0  33112  272  0  75  2  33112  0  22586  83158  46  0  163990288  2071  14286  14287  14287  11.184667115  
1439202419  0  754170  85581  0  0  0  666  20803  0  8451568869  948  0  751844  751844  0  0  33112  272  0  75  2  33112  0  20803  85581  46  0  129631047  2423  10670  10611  10611  11.3477067505  
1439202429  0  774238  88689  0  0  0  802  26619  0  8684821920  948  0  771941  771941  0  0  33112  272  0  75  2  33112  0  26619  88689  46  0  233253051  3108  20068  20097  20097  11.4550047918  
1439202439  0  785729  90576  0  0  0  682  21816  0  8819451312  948  0  783427  783427  0  0  33112  272  0  75  2  33112  0  21816  90576  46  0  134629392  1887  11491  11486  11486  11.5276386642  
1439202449  0  797934  92648  0  0  0  609  18926  0  8959006614  948  0  795341  795341  0  0  33112  272  0  75  2  33112  0  18926  92648  46  0  139555302  2072  12205  11914  11914  11.6109853697  
1439202460  0  812913  94147  0  0  0  676  22261  0  9134140051  948  0  810595  810595  0  0  33112  272  0  75  2  33112  0  22261  94147  46  0  175133437  1499  14979  15254  15254  11.5814361438  
1439202470  0  826252  95591  0  0  0  754  24333  0  9283597926  948  0  823785  823785  0  0  33112  272  0  75  2  33112  0  24333  95591  46  0  149457875  1444  13339  13190  13190  11.5692306948  
1439202480  0  841887  97507  0  0  0  763  24749  0  9459038175  948  0  839530  839530  0  0  33112  272  0  75  2  33112  0  24749  97507  46  0  175440249  1916  15635  15745  15745  11.5819581488  
1439202490  0  858630  100192  0  0  0  835  27007  0  9638938345  948  0  856260  856260  0  0  33112  272  0  75  2  33112  0  27007  100192  46  0  179900170  2685  16743  16730  16730  11.6688212618  
1439202500  0  870935  101679  0  0  0  804  25963  0  9774603267  948  0  868499  868499  0  0  33112  272  0  75  2  33112  0  25963  101679  46  0  135664922  1487  12305  12239  12239  11.6746944376  
1439202510  0  889996  105380  0  0  0  859  28118  0  10005669704  948  0  887525  887525  0  0  33112  272  0  75  2  33112  0  28118  105380  46  0  231066437  3701  19061  19026  19026  11.8405026539  
1439202520  0  907178  108290  0  0  0  873  29383  0  10199394369  1004  0  904828  904828  0  0  35451  272  0  75  2  35451  0  29383  108290  46  0  193724665  2910  17182  17303  17303  11.937017873  
1439202530  0  924941  111801  0  0  0  822  27143  0  10417283750  1004  0  922591  922591  0  0  35451  272  0  75  2  35451  0  27143  111801  46  0  217889381  3511  17763  17763  17763  12.0873655725  
1439202540  0  957302  118244  0  0  0  1065  37598  0  10806811915  1091  0  954982  954982  0  0  38524  272  0  75  2  38524  0  37598  118244  46  0  389528165  6443  32361  32391  32391  12.3517970296  
1439202550  0  1016353  137174  0  0  0  1741  70504  0  11523740263  1743  0  1013731  1013731  0  0  70628  272  0  75  2  70628  0  70504  137174  46  0  716928348  18930  59051  58749  58749  13.4966886505  
1439202560  0  1114707  192720  0  0  0  2414  108144  0  12873170308  2416  0  1112294  1112294  0  0  108202  272  0  75  2  108202  0  108144  192720  46  0  1349430045  55546  98354  98563  98563  17.2888481009  
1439202570  0  1277319  311886  0  0  0  2611  119445  0  15189676014  2614  0  1274783  1274783  0  0  119540  272  0  75  6  119540  0  119445  311886  46  0  2316505706  119166  162612  162489  162489  24.4172364147  
1439202580  0  1482634  472811  0  0  0  2611  121277  0  18127481399  2652  0  1479971  1479971  0  0  122094  272  0  75  6  122094  0  121277  472811  46  0  2937805385  160925  205315  205188  205188  31.8899337261  
1439202590  0  1706116  654375  0  0  0  2561  121767  0  21241213841  2652  0  1703595  1703595  0  0  122094  272  0  75  5  122094  0  121767  654375  46  0  3113732442  181564  223482  223624  223624  38.3546605272  
1439202600  0  2615669  1538966  0  0  0  2452  122166  0  28440771315  2652  0  2612861  2612861  0  0  122492  272  0  75  5  122492  0  122166  1538966  46  0  7199557474  884591  909553  909266  909266  58.8364200516  
1439202610  0  3340811  2256345  0  0  0  2530  122278  0  33758523385  2652  0  3337909  3337909  0  0  122502  272  0  75  8  122502  0  122278  2256345  46  0  5317752070  717379  725142  725048  725048  67.53884012  
