#type:G;
#time  Rt  Nm  Tt  Nc  Rx  Gz  Pc  Pf  Ra  Te  Pm  Fp  Fc  Ta  Fm  Om  Lm  Oc  Sm  Sc  Em  Af  Ea  Cf  Ec  Gd  Zt  Et  Ep  dedup_put_diff  total_eph_put_diff  dedup_factor  dedup_curr  compression_saving  tze_saving  
1438552915  0  0  2569  0  0  0  0  0  0  2496  0  0  0  0  0  0  0  0  0  0  0  0  0  0  0  0  0  0  0  0  0  0 0 0 0 
1438552925  0  0  2578  0  0  0  0  0  0  2496  0  0  0  0  0  0  0  0  0  0  0  0  0  0  0  0  0  0  0  0  0  0 0 0 0 
1438552935  0  811  148507  811  0  0  33974  0  0  80618  33974  0  33974  0  33974  274  0  274  0  0  33974  0  0  0  33974  0  0  0  33974  0  33974  0.0  100.0  0 0 
1438552945  0  1840  598328  1759  0  0  85950  0  0  80618  86086  0  85950  119  86086  335  0  194  0  0  86086  0  5548  0  85950  0  0  5548  258717  0  224743  0.0  100.0  0 0 
1438552955  0  1859  1341573  1548  0  0  85510  0  0  80618  86086  0  85510  545  86086  335  0  194  0  0  86086  0  9614  0  85510  0  0  9614  631783  0  373066  0.0  100.0  0 0 
1438552965  0  1865  2322125  1563  0  0  85570  0  0  80618  86086  0  85570  483  86086  335  0  125  0  0  86086  0  13437  0  85570  0  0  13437  1124177  0  492394  0.0  100.0  0 0 
1438552975  0  1865  3202463  1691  0  0  85966  0  0  80618  86086  0  85966  90  86086  335  0  9  0  0  86086  0  14544  0  85966  0  0  14544  1566731  0  442554  0.0  100.0  0 0 
1438552985  0  1865  4112122  1618  0  0  85930  0  0  80618  86086  0  85930  130  86086  335  0  6  0  0  86086  0  15351  0  85930  0  0  15351  2023466  0  456735  0.0  100.0  0 0 
1438552995  0  1865  5098471  1550  0  0  85282  0  0  80618  86086  0  85282  787  86086  335  0  6  0  0  86086  0  15729  0  85282  0  0  15729  2518810  0  495344  0.0  100.0  0 0 
1438553005  0  1865  5956469  1544  0  0  85358  0  0  80618  86086  0  85358  714  86086  335  0  6  0  0  86086  0  16253  0  85358  0  0  16253  2949682  0  430872  0.0  100.0  0 0 
1438553015  0  1943  7137990  1523  0  0  85872  0  0  80618  86086  0  85872  191  86086  335  0  5  0  0  86086  0  16822  0  85872  0  0  16822  3543792  0  594110  0.0  100.0  0 0 
1438553025  0  1943  8032933  1674  0  0  86027  0  0  80618  86086  0  86027  41  86086  335  0  5  0  0  86086  0  17216  0  86027  0  0  17216  3993413  0  449621  0.0  100.0  0 0 
1438553035  0  1943  9140851  1622  0  0  85735  0  0  80618  86086  0  85735  341  86086  335  0  5  0  0  86086  0  17539  0  85735  0  0  17539  4550092  0  556679  0.0  100.0  0 0 
1438553045  0  2055  10257450  1519  0  0  85246  0  0  80618  86086  0  85246  807  86086  335  0  6  0  0  86086  0  18430  0  85246  0  0  18430  5111446  0  561354  0.0  100.0  0 0 
1438553055  0  2055  11195563  1500  0  0  85613  0  0  80618  86086  0  85613  451  86086  335  0  4  0  0  86086  0  19276  0  85613  0  0  19276  5582996  0  471550  0.0  100.0  0 0 
1438553065  0  2055  12330427  1474  0  0  85731  0  0  80618  86086  0  85731  340  86086  335  0  5  0  0  86086  0  19547  0  85731  0  0  19547  6153044  0  570048  0.0  100.0  0 0 
1438553075  0  2055  13264028  1677  0  0  85947  0  0  80618  86086  0  85947  136  86086  335  0  5  0  0  86086  0  20026  0  85947  0  0  20026  6621867  0  468823  0.0  100.0  0 0 
1438553085  0  2055  14308084  1394  0  0  85386  0  0  80618  86090  0  85386  685  86090  335  0  5  0  0  86090  0  20231  0  85386  0  0  20231  7146662  0  524795  0.0  100.0  0 0 
1438553095  0  2055  15248086  1528  0  0  85514  0  0  80618  86090  0  85514  562  86090  335  0  4  0  0  86090  0  20439  0  85514  0  0  20439  7618880  0  472218  0.0  100.0  0 0 
1438553105  0  2055  16033127  1623  0  0  85786  0  0  80618  86090  0  85786  294  86090  335  0  6  0  0  86090  0  21153  0  85786  0  0  21153  8012774  0  393894  0.0  100.0  0 0 
1438553115  0  2055  17043403  1562  0  0  86084  0  0  80618  86090  0  86084  1  86090  335  0  6  0  0  86090  0  21742  0  86084  0  0  21742  8520371  0  507597  0.0  100.0  0 0 
1438553125  0  2055  18957307  1733  0  0  85793  0  0  80618  86090  0  85793  283  86090  335  0  3  0  0  86090  0  22676  0  85793  0  0  22676  9483526  0  963155  0.0  100.0  0 0 
1438553135  0  2055  22018808  1624  0  0  85727  0  0  80618  86097  0  85727  371  86097  335  0  5  0  0  86097  0  23756  0  85727  0  0  23756  11023601  0  1540075  0.0  100.0  0 0 
1438553145  0  2055  25209256  1654  0  0  85988  0  0  80618  86103  0  85988  116  86103  335  0  5  0  0  86103  0  23829  0  85988  0  0  23829  12628721  0  1605120  0.0  100.0  0 0 
1438553155  0  2055  28367965  1596  0  0  85683  0  0  80618  86103  0  85683  419  86103  335  0  5  0  0  86103  0  23951  0  85683  0  0  23951  14218059  0  1589338  0.0  100.0  0 0 
1438553165  0  2055  31155084  1614  0  0  85965  0  0  80618  86104  0  85965  138  86104  335  0  6  0  0  86104  0  25241  0  85965  0  0  25241  15619598  0  1401539  0.0  100.0  0 0 
1438553175  0  2055  34250499  1700  0  0  86028  0  0  80618  86104  0  86028  74  86104  335  0  4  0  0  86104  0  26093  0  86028  0  0  26093  17177045  0  1557447  0.0  100.0  0 0 
1438553185  0  2055  37606770  1656  0  0  85412  0  0  80618  86104  0  85412  690  86104  335  0  4  0  0  86104  0  26175  0  85412  0  0  26175  18865361  0  1688316  0.0  100.0  0 0 
1438553195  0  2055  40287762  1622  0  0  85512  0  0  80618  86104  0  85512  592  86104  335  0  5  0  0  86104  0  26913  0  85512  0  0  26913  20213394  0  1348033  0.0  100.0  0 0 
1438553205  0  2055  43462179  1638  0  0  85864  0  0  80618  86104  0  85864  238  86104  335  0  5  0  0  86104  0  27190  0  85864  0  0  27190  21810689  0  1597295  0.0  100.0  0 0 
1438553215  0  2055  46592860  1603  0  0  85829  0  0  80618  86104  0  85829  269  86104  335  0  5  0  0  86104  0  27253  0  85829  0  0  27253  23385820  0  1575131  0.0  100.0  0 0 
1438553225  0  2055  49884842  1584  0  0  85900  0  0  80618  86104  0  85900  198  86104  335  0  6  0  0  86104  0  28202  0  85900  0  0  28202  25041360  0  1655540  0.0  100.0  0 0 
1438553235  0  2055  52956203  1621  0  0  85779  0  0  80618  86104  0  85779  323  86104  335  0  4  0  0  86104  0  29080  0  85779  0  0  29080  26586425  0  1545065  0.0  100.0  0 0 
1438553245  0  2055  56213234  1661  0  0  85729  0  0  80618  86104  0  85729  377  86104  335  0  4  0  0  86104  0  29192  0  85729  0  0  29192  28224588  0  1638163  0.0  100.0  0 0 
1438553255  0  2055  59052950  1663  0  0  86089  0  0  80618  86106  0  86089  18  86106  335  0  5  0  0  86106  0  29668  0  86089  0  0  29668  29653007  0  1428419  0.0  100.0  0 0 
1438553265  0  2055  62410001  1660  0  0  85613  0  0  80618  86106  0  85613  484  86106  335  0  5  0  0  86106  0  30426  0  85613  0  0  30426  31342091  0  1689084  0.0  100.0  0 0 
1438553275  0  2055  65567641  1598  0  0  85820  0  0  80618  86106  0  85820  287  86106  335  0  5  0  0  86106  0  30440  0  85820  0  0  30440  32931022  0  1588931  0.0  100.0  0 0 
1438553285  0  2055  68251656  1737  0  0  86096  0  0  80618  86106  0  86096  1  86106  335  0  6  0  0  86106  0  31583  0  86096  0  0  31583  34280745  0  1349723  0.0  100.0  0 0 
1438553295  0  2055  71289135  1657  0  0  85839  0  0  80618  86106  0  85839  261  86106  335  0  5  0  0  86106  0  32902  0  85839  0  0  32902  35808541  0  1527796  0.0  100.0  0 0 
1438553305  0  2055  74538155  1652  0  0  85498  0  0  80618  86106  0  85498  598  86106  335  0  5  0  0  86106  0  32915  0  85498  0  0  32915  37442371  0  1633830  0.0  100.0  0 0 
1438553315  0  2055  77462937  1613  0  0  85574  0  0  80618  86106  0  85574  529  86106  335  0  5  0  0  86106  0  33118  0  85574  0  0  33118  38913049  0  1470678  0.0  100.0  0 0 
1438553325  0  2055  80547992  1611  0  0  85592  0  0  80618  86106  0  85592  512  86106  335  0  5  0  0  86106  0  33919  0  85592  0  0  33919  40464437  0  1551388  0.0  100.0  0 0 
1438553335  0  2055  83805863  1656  0  0  85901  0  0  80618  86106  0  85901  201  86106  335  0  5  0  0  86106  0  33995  0  85901  0  0  33995  42102687  0  1638250  0.0  100.0  0 0 
1438553345  0  2055  86565685  1632  0  0  85971  0  0  80618  86106  0  85971  133  86106  335  0  6  0  0  86106  0  34603  0  85971  0  0  34603  43489757  0  1387070  0.0  100.0  0 0 
1438553355  0  2055  89786480  1747  0  0  85867  0  0  80618  86106  0  85867  231  86106  335  0  5  0  0  86106  0  35919  0  85867  0  0  35919  45109266  0  1619509  0.0  100.0  0 0 
1438553365  0  2055  93063783  1669  0  0  85783  0  0  80618  86106  0  85783  314  86106  335  0  5  0  0  86106  0  35941  0  85783  0  0  35941  46757307  0  1648041  0.0  100.0  0 0 
1438553375  0  2055  96337729  1577  0  0  85946  0  0  80618  86106  0  85946  151  86106  335  0  5  0  0  86106  0  35951  0  85946  0  0  35951  48403512  0  1646205  0.0  100.0  0 0 
1438553385  0  2055  99195549  1649  0  0  85757  0  0  80618  86106  0  85757  340  86106  335  0  5  0  0  86106  0  37351  0  85757  0  0  37351  49840131  0  1436619  0.0  100.0  0 0 
1438553395  0  2055  102850450  1642  0  0  85749  0  0  80618  86106  0  85749  353  86106  335  0  5  0  0  86106  0  37494  0  85749  0  0  37494  51678179  0  1838048  0.0  100.0  0 0 
1438553405  0  2055  105739669  1668  0  0  85839  0  0  80618  86106  0  85839  261  86106  335  0  4  0  0  86106  0  37950  0  85839  0  0  37950  53130429  0  1452250  0.0  100.0  0 0 
1438553415  0  2055  108558031  1776  0  0  85943  0  0  80618  86106  0  85943  151  86106  335  0  5  0  0  86106  0  39251  0  85943  0  0  39251  54547244  0  1416815  0.0  100.0  0 0 
1438553425  0  2055  111844911  1666  0  0  85791  0  0  80618  86106  0  85791  298  86106  335  0  5  0  0  86106  0  39510  0  85791  0  0  39510  56199982  0  1652738  0.0  100.0  0 0 
1438553435  0  2055  115094440  1611  0  0  85840  0  0  80618  86106  0  85840  262  86106  335  0  5  0  0  86106  0  39510  0  85840  0  0  39510  57833936  0  1633954  0.0  100.0  0 0 
1438553445  0  2055  117693971  1692  0  0  86098  0  0  80618  86106  0  86098  1  86106  335  0  5  0  0  86106  0  40440  0  86098  0  0  40440  59140921  0  1306985  0.0  100.0  0 0 
1438553455  0  2055  120861782  1636  0  0  85616  0  0  80618  86106  0  85616  484  86106  335  0  5  0  0  86106  0  40643  0  85616  0  0  40643  60733494  0  1592573  0.0  100.0  0 0 
1438553465  0  2055  123795095  1577  0  0  85741  0  0  80618  86106  0  85741  363  86106  335  0  4  0  0  86106  0  40999  0  85741  0  0  40999  62208077  0  1474583  0.0  100.0  0 0 
1438553475  0  2055  126480948  1629  0  0  85832  0  0  80618  86106  0  85832  271  86106  335  0  5  0  0  86106  0  42236  0  85832  0  0  42236  63557868  0  1349791  0.0  100.0  0 0 
1438553485  0  2055  129673100  1686  0  0  85965  0  0  80618  86106  0  85965  132  86106  335  0  5  0  0  86106  0  42695  0  85965  0  0  42695  65163067  0  1605199  0.0  100.0  0 0 
1438553496  0  2055  132923672  1680  0  0  85427  0  0  80618  86106  0  85427  670  86106  335  0  5  0  0  86106  0  42796  0  85427  0  0  42796  66797302  0  1634235  0.0  100.0  0 0 
1438553506  0  2055  136365538  1652  0  0  86055  0  0  80618  86106  0  86055  44  86106  335  0  5  0  0  86106  0  43843  0  86055  0  0  43843  68528042  0  1730740  0.0  100.0  0 0 
1438553516  0  2055  139513076  1749  0  0  85872  0  0  80618  86106  0  85872  229  86106  335  0  5  0  0  86106  0  44278  0  85872  0  0  44278  70110665  0  1582623  0.0  100.0  0 0 
1438553526  0  2055  142484732  1706  0  0  85973  0  0  80618  86106  0  85973  128  86106  335  0  4  0  0  86106  0  44677  0  85973  0  0  44677  71604602  0  1493937  0.0  100.0  0 0 
1438553536  0  2055  145366576  1621  0  0  85973  0  0  80618  86106  0  85973  128  86106  335  0  5  0  0  86106  0  45614  0  85973  0  0  45614  73053334  0  1448732  0.0  100.0  0 0 
