#type:T;
#time  gt  cn  Pt  Px  gx  cx  gn  gm  Pn  Pm  Ft  cm  pt  Fx  px  ct  pn  Fm  Fn  pm  dn  On  Om  dm  dx  Ox  dt  Ot  Gt  Cn  Cm  Gx  Cx  Gn  Gm  Ct  
1439225735  4004949  0  0  0  6526  0  4792  157  0  2147483647  21893  2147483647  0  2588  0  0  0  205  21  2147483647  0  46  260  2147483647  0  4650  0  69566  0  0  2147483647  0  0  0  2147483647  0  
1439225745  4007321  0  0  0  6526  0  4793  157  0  2147483647  21893  2147483647  0  2588  0  0  0  205  21  2147483647  0  46  260  2147483647  0  4650  0  69566  0  0  2147483647  0  0  0  2147483647  0  
1439225755  80173537  0  0  0  29640  0  114014  154  0  2147483647  21893  2147483647  0  2588  0  0  0  205  21  2147483647  0  46  260  2147483647  0  4650  0  69566  0  0  2147483647  0  0  0  2147483647  0  
1439225765  170841615  37564  4631639524  586547  36981  583848  251230  154  37559  6869  49676  6140  559684  2588  249254  4495943246  5  205  93  59593  0  46  260  2147483647  0  4650  0  69566  0  34743  396  0  45705  0  2147483647  30678998  
1439225775  252405863  94826  11476663320  727035  36981  724802  372894  154  107206  2637  139913  6140  559684  3456  249254  11036252667  5  205  172  59593  0  46  260  2147483647  0  4650  0  69566  0  104390  396  0  45705  0  2147483647  119177370  
1439225785  335798452  161228  20020483284  1200661  36981  724802  498734  154  193101  2380  176281  5816  1324517  3519  258075  19144743376  10  205  240  53949  105  46  260  20429  134602  4650  7988679  69566  11535322  187634  296  144723  45705  1096  2280  233220754  
1439225795  406789883  241185  30258064810  1200661  37004  724802  609561  154  294992  2380  214690  5816  2260760  3519  266522  28937115626  15  205  282  53949  105  46  260  20429  134602  4650  7988679  69566  27802033  289400  290  144723  45705  3795  2280  366947767  
1439225805  478373761  336880  42498262413  1200661  50297  724802  723418  154  409382  2350  214690  5816  2260760  3519  266522  40695621435  15  205  282  53949  105  46  260  20429  134602  4650  7988679  69566  29328037  403347  290  144723  46020  4188  2280  499209630  
1439225815  550685623  433324  54599914844  1200661  50297  724802  838982  154  525465  2350  214690  5816  2260760  3519  266522  52264964518  15  205  282  53949  105  46  260  20429  134602  4650  7988679  69566  32090844  520226  287  144723  47864  4986  2280  644808283  
1439225825  623595167  513128  65726793540  1200661  50297  1019917  942083  154  631913  2350  214690  5816  2260760  3519  266522  62896159887  15  205  282  53949  105  46  260  20429  134602  4650  7988679  69566  53624200  631008  278  144723  47864  9346  2265  799389741  
1439225835  684137799  586109  75922344434  1200661  50297  1019917  1036909  154  726869  2350  214690  5816  2260760  3519  266522  72676289451  15  205  282  53949  105  46  260  20429  134602  4650  7988679  69566  67407715  727994  278  144723  47864  11693  2265  925919981  
1439225845  750633141  647934  84773984733  1200661  50297  1019917  1125404  154  817369  2350  214690  5816  2260760  3519  266522  81061706387  15  205  282  53949  105  46  260  20429  134602  4650  7988679  69566  79033272  820094  278  144723  47864  13965  2250  1074013964  
1439225855  803622495  721597  95776426071  1200661  50297  1019917  1204566  154  900880  2350  214690  5816  2260760  3519  266522  91720951723  15  205  282  53949  105  46  260  20429  134602  4650  7988679  69566  101831104  907507  278  144723  49685  17869  2220  1172955999  
1439225865  868426341  801373  107469897570  1200661  50297  1019917  1296109  154  999784  2350  214690  5816  2260760  3519  266522  102976204841  15  205  282  53949  105  46  260  20429  134602  4650  7988679  69566  140401055  1013771  278  144723  49685  25392  1661  1309625582  
1439225875  932159133  857663  115579089686  1200661  50297  1019917  1378333  154  1094036  2329  214690  5816  2260760  3519  266522  110597208313  15  205  282  53949  105  46  260  20429  134602  4650  7988679  69566  212948300  1120820  278  144723  49685  38208  1661  1502500801  
1439225885  983121213  912171  124146368308  1200661  50297  1019917  1445323  154  1171956  2201  214690  5816  2260760  3519  266522  118784883839  15  205  282  53949  105  46  260  20429  134602  4650  7988679  69566  285408078  1210738  278  202347  53585  50239  1661  1648451909  
1439225895  1032624910  974470  133561503881  1200661  50297  1019917  1511932  154  1247620  2201  214690  5816  2260760  3519  266522  127881864471  15  205  282  53949  105  46  260  20429  134602  4650  7988679  69566  339388876  1296486  278  202347  53585  60341  1661  1756289036  
1439225905  1093740112  1033673  142796489056  1200661  50297  1019917  1588158  154  1336856  2201  214690  5816  2260760  3519  266522  136632849538  15  205  282  53949  105  46  260  20429  134602  4650  7988679  69566  426221868  1399717  278  202347  58963  74352  1661  1937903876  
1439225915  1146062197  1090822  151502643999  1200661  50297  1019917  1656000  154  1416319  2201  214690  5816  2260760  3519  266522  144948181384  15  205  282  53949  108  46  260  20429  134602  4650  8077678  69566  502728016  1491263  278  202347  58963  86446  1661  2085328137  
1439225925  1198623118  1158326  161764084963  1200661  50297  1019917  1727164  154  1498845  2201  235535  5816  2260760  3519  266522  154842896268  15  205  317  53949  108  46  260  20429  134602  4650  8077678  69566  568709723  1583861  278  202347  58963  98187  1661  2211451789  
1439225935  1249470951  1215273  170230651386  1200661  50297  1019917  1793754  154  1576554  2201  235535  5816  2260760  3519  266522  162953115404  15  205  317  53949  108  46  260  20429  134602  4650  8077678  69566  637258586  1673185  278  202347  58963  109817  1609  2346979656  
1439225945  1300594030  1288139  181356292464  1200661  50297  1019917  1866042  154  1660115  2201  235535  5816  2260760  3519  266522  173718921740  15  205  317  53949  108  46  260  20429  134602  4650  8077678  69566  697268551  1767883  278  202347  58963  120994  1557  2462037449  
1439225955  1354612876  1345231  190299497280  1200661  50297  1019917  1934733  154  1740417  2201  235535  5816  2260760  3519  266522  182256453531  15  205  317  53949  108  46  260  20429  134602  4650  8077678  69566  764967798  1859587  278  202347  97650  132413  1557  2612853911  
1439225965  1409348178  1406580  199628861842  1200661  50297  1019917  2003767  154  1821191  2201  235535  5816  2260760  3519  266522  191211030705  15  205  317  53949  108  46  260  20429  134602  4650  8077678  69566  832762531  1951986  278  202347  97650  144044  1557  2750505306  
1439225975  1460113389  1466891  208939664314  1200661  520496  1019917  2072037  154  1900774  2201  256062  5816  2260760  3519  266522  200148789509  15  205  332  53949  108  46  260  20429  134602  4650  8077678  69566  903673317  2043031  278  202347  97650  155515  1557  2888174667  
1439225985  1515771915  1524731  218104293903  1200661  520496  1019917  2142190  154  1982677  2201  256062  5816  2260760  3519  266522  208888719839  15  205  332  53949  108  46  260  20429  134602  4650  8077678  69566  981191712  2136817  278  202347  97650  167439  1557  3044590005  
1439225995  1562447236  1581755  226745707851  1200661  520496  1019917  2204392  154  2055819  2201  258370  5816  2260760  3519  266522  217200060626  15  205  334  53949  108  46  260  20429  134602  4650  8077678  69566  1046316657  2220737  278  202347  97650  178721  1557  3163033103  
1439226005  1609434701  1635839  235522710860  1200661  520496  1019917  2264149  154  2124901  2201  262531  5816  2260760  3519  266522  225654227928  15  205  344  53949  108  46  260  20429  134602  4650  8077678  69566  1107459417  2298948  278  202347  97650  188186  1557  3279133984  
1439226015  1661592662  1694900  244962932588  1200661  520496  1019917  2331421  154  2205643  2201  262531  5816  2260760  3519  266522  234695169563  15  205  344  53949  108  46  260  20429  134602  4650  8077678  69566  1185876155  2393084  278  202347  528067  201686  1557  3424796152  
1439226025  1720610311  1767122  255928502250  1200661  520496  1019917  2409833  154  2301074  2201  262531  5816  2260760  3519  266522  245222017734  15  205  344  53949  108  46  260  20429  134602  4650  8077678  69566  1276353410  2505412  278  202347  528067  218617  1557  3591286416  
1439226035  1770179371  1819724  264325573751  1200661  520496  1019917  2472318  154  2375872  2201  262531  5816  2260760  3519  266522  253238364579  15  205  344  53949  108  46  260  20429  134602  4650  8077678  69566  1351786342  2592587  278  202347  528067  231032  1557  3736664973  
1439226045  1824184445  1876522  273559340201  1200661  520496  1019917  2540413  154  2455681  2201  262531  5816  2260760  3519  266522  262054106209  15  205  344  53949  108  46  260  20429  134602  4650  8077678  69566  1427190240  2683702  278  202347  528067  242935  1557  3889293552  
1439226055  1873538084  1937887  283179553679  1200661  520496  1019917  2606826  154  2534509  2201  262531  5816  2260760  3519  266522  271319614495  15  205  344  53949  108  46  260  20429  134602  4650  8077678  69566  1496941867  2774957  278  202347  528067  255372  1518  4015919842  
1439226065  1927735817  1993140  292049433274  1200661  520496  1019917  2675459  154  2617121  2201  262531  5816  2260760  3519  266522  279755409136  15  205  344  53949  108  46  260  20429  134602  4650  8077678  69566  1579448391  2870630  278  202347  528067  269022  1518  4183521611  
1439226075  1979638232  2053248  301326824263  1200661  520496  1019917  2743931  154  2698957  2201  262531  5816  2260760  3519  266522  288645396015  15  205  344  53949  108  46  260  20429  134602  4650  8077678  69566  1657854426  2965535  278  202347  528067  282116  1518  4329007061  
1439226085  2031463025  2109526  310454707625  1200661  520496  1019917  2809791  154  2777077  2201  262531  5816  2260760  3519  266522  297367497238  15  205  344  53949  108  46  260  20429  134602  4650  8077678  69566  1735916191  3056100  278  202347  528067  294576  1518  4477497402  
1439226095  2085287684  2159755  318464054998  1200661  520496  1019917  2876911  154  2852683  2201  262531  5816  2260760  3519  266522  304965019336  15  205  344  53949  108  46  260  20429  134602  4650  8077678  69566  1787671370  3140168  278  202347  528067  303053  1518  4618623962  
1439226106  2140784946  2237945  330459651042  1200661  520496  1019917  2955208  154  2946757  2201  262531  5816  2260760  3519  266522  316558577237  15  205  344  53949  108  46  260  20429  134602  4650  8077678  69566  1877182362  3249902  278  202347  528067  318735  1518  4762728645  
1439226116  2192837814  2292213  339450082496  1200661  520496  1019917  3021782  154  3023288  2201  262531  5816  2260760  3519  266522  325160500324  15  205  344  53949  108  46  260  20429  134602  4650  8077678  69566  1942792667  3336884  278  202347  585309  329196  1518  4904653438  
1439226126  2237644438  2348171  348120644534  1200661  520496  1019917  3082722  154  3094381  2201  262531  5816  2260760  3519  266522  333506852777  15  205  344  53949  108  46  260  20429  134602  4650  8077678  69566  1998309840  3417945  278  202347  585309  339179  1518  5017422483  
1439226136  2290637875  2406927  357360701879  1200661  520496  1019917  3152076  154  3175820  2201  262531  5816  2260760  3519  266522  342342313719  15  205  344  53949  108  46  260  20429  134602  4650  8077678  69566  2065165334  3511138  278  202347  585309  350941  1518  5164305419  
1439226146  2347694766  2471651  367244035581  1200661  520496  1019917  3227488  154  3265728  2201  262531  5816  2260760  3519  266522  351796255703  15  205  344  53949  108  46  260  20429  134602  4650  8077678  69566  2151773748  3615960  278  202347  585309  365872  1518  5327651829  
1439226156  2396877337  2533238  377316353990  1200661  520496  1019917  3293200  154  3342628  2201  262531  5816  2260760  3519  266522  361499812768  15  205  344  53949  108  46  260  20429  134602  4650  8077678  69566  2216293282  3703789  278  202347  585309  376814  1518  5453736904  
1439226166  2445631737  2590236  386333326373  1200661  520496  1019917  3355164  154  3414140  2201  262531  5816  2260760  3519  266522  370188870983  15  205  344  53949  108  46  260  20429  134602  4650  8077678  69566  2281988991  3785549  278  202347  585309  387067  1518  5570460411  
1439226176  2501727830  2638924  393988401212  1200661  520496  1019917  3424344  154  3496565  2201  262531  5816  2260760  3519  266522  377373580993  15  205  344  53949  108  46  260  20429  134602  4650  8077678  69566  2361997402  3880670  278  202347  585309  399780  1518  5750595392  
1439226186  2559354472  2694850  403159241580  1200661  520496  1019917  3494553  154  3580227  2201  262531  5816  2260760  3519  266522  386090699149  15  205  344  53949  108  46  260  20429  134602  4650  8077678  69566  2457447964  3977638  278  202347  585309  413558  1518  5922109430  
1439226196  2610611508  2747563  411555560782  1200661  520496  1019917  3557421  154  3654786  2201  262531  5816  2260760  3519  266522  394105140168  15  205  344  53949  108  46  260  20429  134602  4650  8077678  69566  2527288288  4063184  278  202347  585309  424704  1518  6064419479  
1439226206  2659939056  2819761  422525838244  1200661  520496  1019917  3626959  154  3737053  2201  262531  5816  2260760  3519  266522  404734970347  15  205  344  53949  108  46  260  20429  134602  4650  8077678  69566  2599276588  4158553  278  202347  585309  437820  1518  6181920501  
1439226216  2713115844  2882118  432059622518  1200661  520496  1019917  3697901  154  3818470  2201  262531  5816  2260760  3519  266522  413878668944  15  205  344  53949  108  46  260  20429  134602  4650  8077678  69566  2659788350  4250439  278  202347  585309  448298  1518  6318776588  
1439226226  2767923182  2942572  441458569317  1200661  520496  1019917  3770094  154  3903495  2201  262531  5816  2260760  3519  266522  422866221677  15  205  344  53949  108  46  260  20429  134602  4650  8077678  69566  2735434373  4347896  278  202347  585309  460736  1518  6473454613  
1439226236  2816391623  3007074  451267418791  1200661  520496  1019917  3836237  154  3981004  2201  262531  5816  2260760  3519  266522  432353025821  15  205  344  53949  108  46  260  20429  134602  4650  8077678  69566  2800775391  4436563  278  202347  585309  471947  1518  6585410059  
1439226246  2870437240  3063922  460090852719  1200661  520496  1019917  3904961  154  4061138  2201  262531  5816  2260760  3519  266522  440779673170  15  205  344  53949  108  46  260  20429  134602  4650  8077678  69566  2873043308  4528197  278  202347  585309  483455  1518  6733879686  
1439226256  2922989471  3125275  469637795406  1200661  520496  1019917  3972853  154  4139574  2201  262531  5816  2260760  3519  266522  449943154581  15  205  344  53949  108  46  260  20429  134602  4650  8077678  69566  2936861309  4617880  278  202347  585309  494711  1518  6867144438  
1439226266  2975838272  3201597  481394908255  1200661  520496  1019917  4045024  154  4226464  2201  262531  5816  2260760  3519  266522  461328698961  15  205  344  53949  108  46  260  20429  134602  4650  8077678  69566  3008805942  4719379  278  202347  585309  509340  1518  6990643339  
1439226276  3027720619  3268420  491202699891  1200661  520496  1019917  4116601  154  4312732  2201  262531  5816  2260760  3519  266522  470752461172  15  205  344  53949  108  46  260  20429  134602  4650  8077678  69566  3088464127  4820146  278  202347  585309  523864  1518  7130803557  
1439226286  3074541488  3333379  501318126012  1200661  520496  1019917  4181838  154  4389080  2201  262531  5816  2260760  3519  266522  480549388384  15  205  344  53949  108  46  260  20429  134602  4650  8077678  69566  3148924784  4907135  278  202347  585309  534513  1485  7238433342  
1439226296  3126447215  3384813  509741639874  1200661  520496  1019917  4244372  154  4460438  2201  262531  5816  2260760  3519  266522  488601048392  15  205  344  53949  108  46  260  20429  134602  4650  8077678  69566  3205662631  4987723  278  202347  585309  543753  1485  7367028905  
1439226306  3181480503  3458952  520924962072  1200661  520496  1019917  4320310  154  4550358  2201  262531  5816  2260760  3519  266522  499394815080  15  205  344  53949  108  46  260  20429  134602  4650  8077678  69566  3281374228  5091033  278  202347  585309  557150  1485  7503934202  
1439226316  3232001729  3522058  531027299354  1200661  520496  1019917  4388332  154  4628459  2201  262531  5816  2260760  3519  266522  509129494610  15  205  344  53949  108  46  260  20429  134602  4650  8077678  69566  3345464241  5179721  278  202347  585309  567786  1485  7623998829  
1439226326  3281656190  3574616  539632231343  1200661  520496  1019917  4452718  154  4704850  2201  262531  5816  2260760  3519  266522  517360088661  15  205  344  53949  138  46  260  10613  134602  4650  9175792  69566  3414969824  5267697  278  202347  585309  579476  1485  7762813334  
1439226336  3331845788  3637968  549152190076  1200661  520496  1019917  4519355  154  4780350  2201  262531  5816  2260760  3519  266522  526545055992  15  205  344  53949  138  46  260  10613  134602  4650  9175792  69566  3466636710  5351932  278  202347  585309  588331  1485  7870472474  
1439226346  3388661183  3709473  560484892997  1200661  520496  1019917  4596982  154  4869106  2201  262531  5816  2260760  3519  266522  537476001043  15  205  344  53949  138  46  260  10613  134602  4650  9175792  69566  3534061541  5451790  278  202347  585309  599840  1485  8003118494  
1439226356  3436550977  3774576  570799606939  1200661  520496  1019917  4661447  154  4945011  1672  262531  5816  2260760  3519  266522  547461648892  15  205  344  53949  138  46  260  10613  134602  4650  9175792  69566  3592813751  5538982  278  202347  585309  611167  1485  8110122167  
1439226366  3482337887  3832396  579489528305  1200661  520496  1019917  4722827  154  5016804  1672  262531  5816  2260760  3519  266522  555830684586  15  205  344  53949  138  46  260  10613  134602  4650  9175792  69566  3646238799  5621012  278  202347  585309  621443  1485  8220773557  
1439226376  3533582636  3891530  588536013632  1200661  520496  1019917  4790288  154  5095025  1672  262531  5816  2260760  3519  266522  564511890172  15  205  344  53949  138  46  260  10613  134602  4650  9175792  69566  3706945358  5710290  278  202347  585309  632532  1485  8348443486  
1439226386  3590726706  3967727  600033054857  1200661  520496  1019917  4868314  154  5185543  1672  262531  5816  2260760  3519  266522  575624860559  15  205  344  53949  138  46  260  10613  134602  4650  9175792  69566  3774515920  5812684  278  202347  585309  644422  1485  8476878508  
1439226396  3646106968  4001585  605701175923  1200661  520496  1019917  4929797  154  5256901  1672  262531  5816  2260760  3519  266522  580834390523  15  205  344  53949  138  46  260  10613  134602  4650  9175792  69566  3842831680  5894087  278  202347  585309  654480  1485  8653264908  
1439226406  3699590957  4050408  613675031172  1200661  520496  1019917  4994300  154  5334806  1672  262531  5816  2260760  3519  266522  588380520956  15  205  344  53949  138  46  260  10613  134602  4650  9175792  69566  3935421210  5985918  269  202347  585309  668416  1485  8823690914  
1439226416  3752341441  4100078  622115083262  1200661  520496  1019917  5057909  154  5411007  1672  262531  5816  2260760  3519  266522  596409462125  15  205  344  53949  138  46  260  10613  134602  4650  9175792  69566  4014316340  6074840  269  202347  585309  681202  1485  8977478588  
1439226426  3809469638  4143801  629723727766  1200661  520496  1019917  5121315  154  5490002  1672  262531  5816  2260760  3519  266522  603564342491  15  205  344  53949  138  46  260  10613  134602  4650  9175792  69566  4114717503  6169246  269  202347  585309  696690  1485  9164604513  
1439226436  3865661869  4182721  636316777274  1200661  520496  1019917  5184103  154  5569845  1672  262531  5816  2260760  3519  266522  609679841491  15  205  344  53949  138  46  260  10613  134602  4650  9175792  69566  4233189603  6266759  269  202347  585309  714361  1485  9373813048  
1439226446  3916584039  4228347  644001692074  1200661  520496  1019917  5243703  154  5649640  1672  262531  5816  2260760  3519  266522  616925488102  15  205  344  53949  138  46  260  10613  134602  4650  9175792  69566  4358438757  6366369  269  202347  585309  734180  1485  9567815943  
1439226456  3966772118  4268405  650923951683  1200661  520496  1019917  5299917  154  5726080  1672  262531  5816  2260760  3519  266522  623389653715  15  205  344  53949  138  46  260  10613  134602  4650  9175792  69566  4496478358  6463317  269  202347  585309  754688  1485  9777546408  
1439226466  4018308472  4306812  657596907836  1200661  520496  1019917  5355546  154  5804957  1672  262531  5816  2260760  3519  266522  629565224075  15  205  344  53949  138  46  260  10613  134602  4650  9175792  69566  4641972914  6564755  269  202347  585309  777249  1485  10007470909  
1439226476  4052637807  4344362  664347910658  1200661  520496  1019917  5393690  154  5855076  1672  262531  5816  2260760  3519  266522  636058736968  15  205  344  53949  138  46  260  10613  134602  4650  9175792  69566  4724105350  6627000  269  202347  585309  789537  1485  10115021022  
1439226486  4080661990  4462630  679188858090  1200661  520496  1019917  5443398  154  5973699  1672  262531  5816  2575051  3519  266522  650580712552  18  205  344  53949  138  46  260  10613  134602  4650  9175792  69566  5008597497  6813866  263  588073  585309  858686  1485  10320993681  
