#Type:X;CI:1;ww:0;ca:0;co:1;fr:0;Type:X;CI:1;PI:0;PT:EP;U0:0;U1:0;
#time  Pp  gt  gs  cn  cm  cb  Nc  Pc  cp  Tc  Nm  pr  ps  pt  px  pd  Pm  Om  fs  ft  Oc  Em  Gp  Ec  Ge  ot  os  Total_cycles_diff  Successful_get_diff  Total_get_diff  succ_put_diff  total_put_diff  get_hit  
1438585986  0  0  0  0  0  0  0  0  0  2455473  0  0  0  0  0  0  0  0  0  21  0  0  0  0  0  46  0  2455473  0  0  0  0  
1438585996  0  0  0  0  0  0  0  0  0  2455473  0  0  0  0  0  0  0  0  0  21  0  0  0  0  0  46  0  0  0  0  0  0  0 
1438586006  0  26528  0  23787  5  6541788  677  26630  2843  3507570296  677  0  26630  26635  5  0  26630  272  0  54  272  26630  0  26630  0  46  0  3505114823  0  26528  26630  26635  0.0  
1438586016  0  126688  0  123288  5  8490571  2472  108527  3668  16830151185  2472  0  126956  126961  5  0  108528  272  0  54  31  108528  0  108527  0  46  0  13322580889  0  100160  100326  100326  0.0  
1438586026  0  227081  40808  221516  5  8311547  2762  107017  3563  30589760673  3027  0  225246  225250  5  0  114657  272  0  54  2  114657  0  107017  40808  46  0  13759609488  40808  100393  98290  98289  17.9706800657  
1438586036  0  341328  112821  335754  5  8595818  2679  103396  3716  45750408019  3027  0  339642  339643  5  0  114657  272  0  54  4  114657  0  103396  112821  46  0  15160647346  72013  114247  114396  114393  33.0535438054  
1438586046  0  460725  187881  453943  5  10719535  2893  105623  4580  62009866316  3027  0  458747  458746  5  0  114657  272  0  64  176  114657  0  105623  187881  46  0  16259458297  75060  119397  119105  119103  40.7794237343  
1438586056  0  593361  275581  585836  5  12035222  2778  104766  5071  80114741736  3027  0  591136  591131  5  0  114657  272  0  64  37  114657  0  104766  275581  46  0  18104875420  87700  132636  132389  132385  46.4440703046  
1438586066  0  706174  346301  698760  5  12035222  2815  104703  5071  95929747100  3027  0  704063  704056  5  0  114657  272  0  64  27  114657  0  104703  346301  46  0  15815005364  70720  112813  112927  112925  49.0390470337  
1438586076  0  821805  423107  814474  5  12273595  2746  104031  5157  111682171710  3027  0  819883  819874  5  0  114657  272  0  64  5  114657  0  104031  423107  46  0  15752424610  76806  115631  115820  115818  51.4850846612  
1438586086  0  930664  494084  923106  5  12760333  2775  102223  5353  126989286021  3027  0  928767  928757  5  0  114657  272  0  64  5  114657  0  102223  494084  46  0  15307114311  70977  108859  108884  108883  53.089407133  
1438586096  0  1063061  575851  1055217  5  12829190  2781  100614  5378  145579542468  3027  0  1060912  1060900  5  0  114657  272  0  64  2  114657  0  100614  575851  46  0  18590256447  81767  132397  132145  132143  54.1691398706  
1438586106  0  1172781  642474  1164971  5  12908242  2721  100178  5408  161141200369  3027  0  1170705  1170691  5  0  114657  272  0  64  3  114657  0  100178  642474  46  0  15561657901  66623  109720  109793  109791  54.7820948668  
1438586116  0  1283310  710593  1275102  5  13821488  2721  98599  5770  176640200692  3027  0  1281250  1281236  5  0  114657  272  0  64  6  114657  0  98599  710593  46  0  15499000323  68119  110529  110545  110545  55.3718898785  
1438586126  0  1420492  796794  1412126  5  13917193  2701  97878  5805  195597836186  3027  0  1418315  1418300  5  0  114657  272  0  64  5  114657  0  97878  796794  46  0  18957635494  86201  137182  137065  137064  56.0928185446  
1438586136  0  1545123  876959  1536962  5  13935008  2655  98724  5810  212443104231  3027  0  1543166  1543149  5  0  114657  272  0  64  4  114657  0  98724  876959  46  0  16845268045  80165  124631  124851  124849  56.7565818385  
1438586146  0  1652854  943847  1644499  5  13930268  2654  98877  5809  227550381854  3027  0  1650711  1650691  5  0  114657  272  0  64  2  114657  0  98877  943847  46  0  15107277623  66888  107731  107545  107542  57.1040757381  
1438586156  0  1780635  1023601  1772056  5  14663913  2647  99142  6093  245208612469  3027  0  1778586  1778563  5  0  114657  272  0  64  5  114657  0  99142  1023601  46  0  17658230615  79754  127781  127875  127872  57.4851668085  
1438586166  0  1895658  1095566  1887064  5  14675287  2636  97649  6097  261561938685  3027  0  1893662  1893635  5  0  114657  272  0  64  4  114657  0  97649  1095566  46  0  16353326216  71965  115023  115076  115072  57.793441644  
1438586176  0  2023808  1177578  2014971  5  15304201  2657  98784  6334  279121836101  3027  0  2021812  2021784  5  0  114657  272  0  64  5  114657  0  98784  1177578  46  0  17559897416  82012  128150  128150  128149  58.1862508696  
1438586186  0  2143683  1254788  2134441  5  15878581  2612  98441  6562  295483793327  3027  0  2141586  2141558  5  0  114657  272  0  64  5  114657  0  98441  1254788  46  0  16361957226  77210  119875  119774  119774  58.5342142472  
1438586196  0  2280007  1341567  2270704  5  15987615  2710  98477  6601  314140263983  3027  0  2277891  2277861  5  0  114657  272  0  64  4  114657  0  98477  1341567  46  0  18656470656  86779  136324  136305  136303  58.8404772441  
1438586206  0  2400776  1417273  2391634  5  15987615  2642  97489  6601  330952331164  3027  0  2398827  2398796  5  0  114657  272  0  64  2  114657  0  97489  1417273  46  0  16812067181  75706  120769  120936  120935  59.0339540215  
1438586216  0  2513139  1486954  2503827  5  16048582  2689  98891  6623  346773713375  3027  0  2511045  2511013  5  0  114657  272  0  64  3  114657  0  98891  1486954  46  0  15821382211  69681  112363  112218  112217  59.1672008592  
1438586226  0  2635557  1562784  2625979  5  16813344  2689  98250  6929  364144880939  3027  0  2633700  2633664  5  0  114657  272  0  64  6  114657  0  98250  1562784  46  0  17371167564  75830  122418  122655  122651  59.2961563723  
1438586236  0  2757521  1639631  2747446  5  17104067  2642  97874  7037  380990746037  3027  0  2755279  2755240  5  0  114657  272  0  64  5  114657  0  97874  1639631  46  0  16845865098  76847  121964  121579  121576  59.4603268661  
1438586246  0  2879308  1715072  2869262  5  17146631  2628  98148  7052  397793239173  3027  0  2877116  2877076  5  0  114657  272  0  64  4  114657  0  98148  1715072  46  0  16802493136  75441  121787  121837  121836  59.5654233587  
1438586256  0  2997336  1787699  2987407  5  17368189  2690  99418  7130  414403374668  3027  0  2995404  2995362  5  0  114657  272  0  64  4  114657  0  99418  1787699  46  0  16610135495  72627  118028  118288  118286  59.6429295881  
1438586266  0  3121074  1867109  3110788  5  17840682  2695  98819  7329  431802692282  3027  0  3118993  3118950  5  0  114657  272  0  64  5  114657  0  98819  1867109  46  0  17399317614  79410  123738  123589  123588  59.8226443846  
1438586276  0  3239246  1940679  3228939  5  17840682  2652  98151  7329  448377369299  3027  0  3237150  3237105  5  0  114657  272  0  64  2  114657  0  98151  1940679  46  0  16574677017  73570  118172  118157  118155  59.9114423542  
1438586286  0  3351674  2009099  3341333  5  17987308  2665  98190  7382  464471095286  3027  0  3349709  3349663  5  0  114657  272  0  64  4  114657  0  98190  2009099  46  0  16093725987  68420  112428  112559  112558  59.9431507957  
1438586296  0  3476824  2086816  3465810  5  19017515  2654  98372  7797  482153400464  3027  0  3474721  3474673  5  0  114657  272  0  64  6  114657  0  98372  2086816  46  0  17682305178  77717  125150  125012  125010  60.0207545737  
1438586306  0  3594211  2157628  3582839  5  19393723  2671  98286  7940  498567040499  3027  0  3592026  3591974  5  0  114657  272  0  64  5  114657  0  98286  2157628  46  0  16413640035  70812  117387  117305  117301  60.0306437213  
1438586316  0  3707817  2226538  3696613  5  19497541  2679  98277  7977  515011323556  3027  0  3705849  3705797  5  0  114657  272  0  64  4  114657  0  98277  2226538  46  0  16444283057  68910  113606  113823  113823  60.0498352535  
1438586326  0  3822168  2295316  3810774  5  19793214  2682  98371  8100  531543810646  3027  0  3820241  3820188  5  0  114657  272  0  64  5  114657  0  98371  2295316  46  0  16532487090  68778  114351  114392  114391  60.0527240038  
1438586336  0  3943766  2369365  3932080  5  20228140  2722  98932  8264  548447997029  3027  0  3941718  3941664  5  0  114657  272  0  64  5  114657  0  98932  2369365  46  0  16904186383  74049  121598  121477  121476  60.0787419943  
1438586346  0  4057329  2439447  4045445  5  20293937  2685  98702  8291  564531933683  3027  0  4055153  4055098  5  0  114657  272  0  64  3  114657  0  98702  2439447  46  0  16083936654  70082  113563  113435  113434  60.1244562617  
1438586356  0  4190903  2522516  4179094  5  20875657  2638  97922  8508  582879013025  3027  0  4189033  4188978  5  0  114657  272  0  64  4  114657  0  97922  2522516  46  0  18347079342  83069  133574  133880  133880  60.1902740292  
1438586366  0  4315911  2601998  4303624  5  21402907  2656  98909  8720  600010284811  3027  0  4313859  4313803  5  0  114657  272  0  64  5  114657  0  98909  2601998  46  0  17131271786  79482  125008  124826  124825  60.288499925  
1438586376  0  4441962  2680017  4429590  5  21407244  2697  99506  8722  616977588173  3027  0  4439833  4439775  5  0  114657  272  0  64  3  114657  0  99506  2680017  46  0  16967303362  78019  126051  125974  125972  60.3340821016  
1438586386  0  4565047  2757638  4552776  5  21407244  2650  98350  8722  633599171245  3027  0  4563023  4562963  5  0  114657  272  0  64  2  114657  0  98350  2757638  46  0  16621583072  77621  123085  123190  123188  60.4076584535  
1438586396  0  4691275  2838124  4678716  5  22044663  2681  98220  8972  651351201098  3027  0  4689280  4689218  5  0  114657  272  0  64  5  114657  0  98220  2838124  46  0  17752029853  80486  126228  126257  126255  60.4979243383  
1438586406  0  4814926  2917657  4802370  5  21957580  2639  97929  8942  668704317633  3027  0  4813064  4812998  5  0  114657  272  0  64  6  114657  0  97929  2917657  46  0  17353116535  79533  123651  123784  123780  60.5960922349  
1438586416  0  4934820  2994284  4921810  5  22551551  2624  98102  9168  685258606729  3027  0  4932735  4932667  5  0  114657  272  0  64  4  114657  0  98102  2994284  46  0  16554289096  76627  119894  119671  119669  60.6766609522  
1438586426  0  5067048  3077026  5054226  5  22551551  2668  99060  9168  703543888164  3027  0  5065162  5065093  5  0  114657  272  0  64  2  114657  0  99060  3077026  46  0  18285281435  82742  132228  132427  132426  60.7262058698  
1438586436  0  5181688  3149628  5168443  5  23213854  2636  98067  9426  719636124596  3027  0  5179742  5179673  5  0  114657  272  0  64  5  114657  0  98067  3149628  46  0  16092236432  72602  114640  114580  114580  60.7838217971  
1438586446  0  5305312  3225603  5291878  5  23254839  2644  97966  9441  736738186229  3027  0  5303193  5303121  5  0  114657  272  0  64  5  114657  0  97966  3225603  46  0  17102061633  75975  123624  123451  123448  60.7994968062  
1438586456  0  5440039  3310299  5426684  5  23308742  2693  98725  9460  755319383395  3027  0  5438023  5437951  5  0  114657  272  0  64  5  114657  0  98725  3310299  46  0  18581197166  84696  134727  134830  134830  60.8506483134  
1438586466  0  5550871  3379137  5537538  5  23417518  2684  98983  9495  770918395320  3027  0  5548999  5548926  5  0  114657  272  0  64  3  114657  0  98983  3379137  46  0  15599011925  68838  110832  110976  110975  60.8757976901  
1438586476  0  5667655  3453619  5653415  5  24546279  2645  98651  9949  787122166538  3027  0  5665537  5665463  5  0  114657  272  0  64  7  114657  0  98651  3453619  46  0  16203771218  74482  116784  116538  116537  60.9355897633  
1438586486  0  5804185  3537316  5790003  5  24820430  2642  98478  10045  806003006461  3027  0  5802223  5802148  5  0  114657  272  0  64  4  114657  0  98478  3537316  46  0  18880839923  83697  136530  136686  136685  60.9442324805  
1438586496  0  5927647  3615234  5913327  5  24826692  2631  98457  10048  823373309446  3027  0  5925554  5925479  5  0  114657  272  0  64  3  114657  0  98457  3615234  46  0  17370302985  77918  123462  123331  123331  60.9893605338  
1438586506  0  6036733  3682657  6022394  5  24968433  2653  98881  10105  838742009211  3027  0  6034792  6034716  5  0  114657  272  0  64  4  114657  0  98881  3682657  46  0  15368699765  67423  109086  109238  109237  61.0041391594  
1438586516  0  6164165  3762309  6149433  5  25395710  2663  98312  10276  855931151563  3027  0  6162008  6161931  5  0  114657  272  0  64  5  114657  0  98312  3762309  46  0  17189142352  79652  127432  127216  127215  61.0351767028  
1438586526  0  6293453  3843619  6278812  5  25456433  2638  97516  10298  873917173908  3027  0  6291460  6291381  5  0  114657  272  0  64  5  114657  0  97516  3843619  46  0  17986022345  81310  129288  129452  129450  61.0732931508  
1438586536  0  6419366  3923555  6404584  5  26080281  2708  98992  10534  890947268423  3027  0  6417476  6417394  5  0  114657  272  0  64  6  114657  0  98992  3923555  46  0  17030094515  79936  125913  126016  126013  61.1205997602  
1438586546  0  6525625  3989146  6510319  5  26589239  2690  98909  10740  906086434979  3027  0  6523471  6523386  5  0  114657  272  0  64  5  114657  0  98909  3989146  46  0  15139166556  65591  106259  105995  105992  61.1304817546  
1438586556  0  6654688  4067699  6639541  5  26666174  2670  98743  10767  924429373706  3027  0  6652730  6652644  5  0  114657  272  0  64  5  114657  0  98743  4067699  46  0  18342938727  78553  129063  129259  129258  61.1253149659  
1438586566  0  6782841  4149844  6767742  5  26671705  2726  99074  10769  942088190223  3027  0  6780943  6780853  5  0  114657  272  0  64  4  114657  0  99074  4149844  46  0  17658816517  82145  128153  128213  128209  61.1815019695  
1438586576  0  6893728  4216955  6878513  5  26764875  2697  98970  10802  957573812175  3027  0  6891759  6891668  5  0  114657  272  0  64  3  114657  0  98970  4216955  46  0  15485621952  67111  110887  110816  110815  61.1708933106  
1438586586  0  7020270  4294825  7004469  5  27485682  2686  98893  11087  975208992282  3027  0  7018156  7018062  5  0  114657  272  0  64  6  114657  0  98893  4294825  46  0  17635180107  77870  126542  126397  126394  61.1774903244  
1438586596  0  7142987  4370179  7127231  5  27724011  2666  98822  11185  992221374657  3027  0  7141017  7140920  5  0  114657  272  0  64  4  114657  0  98822  4370179  46  0  17012382375  75354  122717  122861  122858  61.1813937223  
1438586606  0  7265293  4445396  7249298  5  27761192  2725  97909  11198  1008726707541  3027  0  7263103  7263006  5  0  114657  272  0  64  4  114657  0  97909  4445396  46  0  16505332884  75217  122306  122086  122086  61.1867408513  
1438586616  0  7370581  4510425  7354578  5  27931161  2634  98669  11258  1023593838453  3027  0  7368555  7368458  5  0  114657  272  0  64  4  114657  0  98669  4510425  46  0  14867130912  65029  105288  105452  105452  61.1949722824  
