#Type:X;CI:2;ww:0;ca:0;co:0;fr:0;Type:X;CI:2;PI:0;PT:EP;U0:0;U1:0;
#time  Pp  gt  gs  cn  cm  cb  Nc  Pc  cp  Tc  Nm  pr  ps  pt  px  pd  Pm  Om  fs  ft  Oc  Em  Gp  Ec  Ge  ot  os  Total_cycles_diff  Successful_get_diff  Total_get_diff  succ_put_diff  total_put_diff  get_hit  
1436640736  0  0  0  0  0  0  0  0  0  2151450  0  0  0  0  0  0  0  0  0  19  0  0  0  0  0  42  0  2151450  0  0  0  0  
#Type:X;CI:2;ww:0;ca:0;co:0;fr:0;Type:X;CI:2;PI:0;PT:EP;U0:0;U1:0;
#time  Pp  gt  gs  cn  cm  cb  Nc  Pc  cp  Tc  Nm  pr  ps  pt  px  pd  Pm  Om  fs  ft  Oc  Em  Gp  Ec  Ge  ot  os  Total_cycles_diff  Successful_get_diff  Total_get_diff  succ_put_diff  total_put_diff  get_hit  
1436640796  0  67030  59061  0  0  0  280  7822  0  907573470  281  0  68928  68928  0  0  7834  300  0  170919  152  7834  0  7822  59061  4998  308  907573470  59061  67030  68928  68928  88.1112934507  
1436640806  0  112363  90744  0  0  0  714  21554  0  1479961344  723  0  114343  114339  0  0  21648  374  0  171008  373  21648  0  21554  90744  4998  308  572387874  31683  45333  45415  45411  80.7596806778  
1436640816  0  177273  148933  0  0  0  909  27306  0  2432974678  912  0  178386  178374  0  0  27433  477  0  171137  476  27433  0  27306  148933  4998  308  953013334  58189  64910  64043  64035  84.0133579282  
1436640826  0  302172  264335  0  0  0  895  27158  0  4081212551  951  0  302820  302768  0  0  27433  501  0  171141  449  27433  0  27158  264335  4998  308  1648237873  115402  124899  124434  124394  87.4783236038  
1436640836  0  439387  393280  0  0  0  938  27140  0  6300486488  951  0  442047  441974  0  0  27433  501  0  171189  411  27433  0  27140  393280  4998  308  2219273937  128945  137215  139227  139206  89.506517034  
1436640846  0  507111  452190  0  0  0  1059  27144  0  7209184574  1065  0  510004  509893  0  0  27433  501  0  171190  444  27433  0  27144  452190  4998  308  908698086  58910  67724  67957  67919  89.1698267243  
1436640856  0  665651  598092  0  0  0  1028  27401  0  9046791539  1122  0  669778  669634  0  0  27433  501  0  171216  436  27433  0  27401  598092  4998  308  1837606965  145902  158540  159774  159741  89.8506875224  
1436640866  0  761250  681196  0  0  0  991  27401  0  10465476509  1122  0  765038  764871  0  0  27433  501  0  171216  413  27433  0  27401  681196  4998  308  1418684970  83104  95599  95260  95237  89.4838752053  
1436640876  0  876342  786204  0  0  0  1004  27322  0  12025513767  1122  0  878859  878678  0  0  27433  501  0  171238  446  27433  0  27322  786204  4998  308  1560037258  105008  115092  113821  113807  89.7142896267  
1436640886  0  963302  863189  0  0  0  1004  27402  0  13207924298  1122  0  966943  966735  0  0  27433  501  0  171238  423  27433  0  27402  863189  4998  308  1182410531  76985  86960  88084  88057  89.6073090267  
1436640896  0  1037105  925150  0  0  0  1031  27403  0  14260893028  1122  0  1040023  1039784  0  0  27433  501  0  171238  458  27433  0  27403  925150  4998  308  1052968730  61961  73803  73080  73049  89.2050467407  
1436640906  0  1151059  1024436  0  0  0  1025  27389  0  15945381274  1122  0  1153433  1153136  0  0  27433  501  0  171238  469  27433  0  27389  1024436  4998  308  1684488246  99286  113954  113410  113352  88.9994344339  
1436640916  0  1279462  1134398  0  0  0  994  26912  0  17811031321  1122  0  1282222  1281856  0  0  27433  501  0  171246  454  27433  0  26912  1134398  4998  308  1865650047  109962  128403  128789  128720  88.6621095429  
#Type:X;CI:2;ww:0;ca:0;co:0;fr:0;Type:X;CI:2;PI:0;PT:EP;U0:0;U1:0;
#time  Pp  gt  gs  cn  cm  cb  Nc  Pc  cp  Tc  Nm  pr  ps  pt  px  pd  Pm  Om  fs  ft  Oc  Em  Gp  Ec  Ge  ot  os  Total_cycles_diff  Successful_get_diff  Total_get_diff  succ_put_diff  total_put_diff  get_hit  
1436640936  0  1778974  1574513  0  0  0  1015  27113  0  24907918318  1122  0  1783008  1782595  0  0  27433  501  0  172475  434  27433  0  27113  1574513  4998  308  24907918318  1574513  1778974  1783008  1782595  88.5068022354  
1436640946  0  2070483  1829352  0  0  0  872  27415  0  28930697170  1122  0  2075792  2075367  0  0  27433  501  0  176204  351  27433  0  27415  1829352  4998  308  4022778852  254839  291509  292784  292772  88.353876849  
1436640956  0  2187803  1913377  0  0  0  799  27396  0  30699630030  1122  0  2193008  2192583  0  0  27433  501  0  182585  347  27433  0  27396  1913377  4998  308  1768932860  84025  117320  117216  117216  87.4565488757  
1436640966  0  2286659  1982415  0  0  0  795  27417  0  32080749992  1122  0  2291569  2291143  0  0  27433  501  0  188921  371  27433  0  27417  1982415  4998  308  1381119962  69038  98856  98561  98560  86.6948241955  
1436640976  0  2333010  2010128  0  0  0  791  27418  0  32752838595  1122  0  2338321  2337895  0  0  27433  501  0  191722  370  27433  0  27418  2010128  4998  308  672088603  27713  46351  46752  46752  86.1602822105  
1436640986  0  2374069  2037507  0  0  0  823  27414  0  33389621581  1122  0  2379218  2378792  0  0  27433  501  0  194822  367  27433  0  27414  2037507  4998  308  636782986  27379  41059  40897  40897  85.8234111982  
1436640996  0  2425997  2070781  0  0  0  821  27424  0  34188586062  1122  0  2431212  2430784  0  0  27433  501  0  198217  369  27433  0  27424  2070781  4998  308  798964481  33274  51928  51994  51992  85.3579373759  
#Type:X;CI:2;ww:0;ca:0;co:0;fr:0;Type:X;CI:2;PI:0;PT:EP;U0:0;U1:0;
#time  Pp  gt  gs  cn  cm  cb  Nc  Pc  cp  Tc  Nm  pr  ps  pt  px  pd  Pm  Om  fs  ft  Oc  Em  Gp  Ec  Ge  ot  os  Total_cycles_diff  Successful_get_diff  Total_get_diff  succ_put_diff  total_put_diff  get_hit  
1436641016  0  2555250  2160450  0  0  0  791  27439  0  36205157985  1122  0  2560585  2560157  0  0  27439  501  0  207981  347  27439  0  27439  2160450  4998  308  36205157985  2160450  2555250  2560585  2560157  84.5494570003  
1436641026  0  2597733  2189829  0  0  0  773  27295  0  36893041777  1122  0  2602852  2602422  0  0  27442  501  0  210384  340  27442  0  27295  2189829  4998  308  687883792  29379  42483  42267  42265  84.2976934119  
1436641036  0  2643957  2219421  0  0  0  800  27405  0  37555398815  1122  0  2649121  2648690  0  0  27447  501  0  213308  351  27447  0  27405  2219421  4998  308  662357038  29592  46224  46269  46268  83.9431579258  
1436641046  0  2689672  2249925  0  0  0  819  27377  0  38251872585  1122  0  2694715  2694282  0  0  27450  501  0  216735  356  27450  0  27377  2249925  4998  308  696473770  30504  45715  45594  45592  83.6505343402  
1436641056  0  2740658  2286542  0  0  0  794  27409  0  39079053229  1122  0  2745932  2745499  0  0  27450  501  0  220899  367  27450  0  27409  2286542  4998  308  827180644  36617  50986  51217  51217  83.43040248  
1436641066  0  2915389  2413374  0  0  0  811  27239  0  41520462290  1122  0  2920578  2920144  0  0  27450  501  0  231863  373  27450  0  27239  2413374  4998  308  2441409061  126832  174731  174646  174645  82.780514024  
1436641076  0  3098886  2557214  0  0  0  786  27308  0  44241423049  1122  0  3104117  3103683  0  0  27450  501  0  237765  347  27450  0  27308  2557214  4998  308  2720960759  143840  183497  183539  183539  82.5204283088  
1436641086  0  3225997  2650640  0  0  0  791  27427  0  46101045348  1122  0  3231338  3230904  0  0  27451  501  0  245093  339  27451  0  27427  2650640  4998  308  1859622299  93426  127111  127221  127221  82.1649865142  
1436641096  0  3318742  2716667  0  0  0  794  27451  0  47484189552  1122  0  3324160  3323725  0  0  27452  501  0  251377  355  27452  0  27451  2716667  4998  308  1383144204  66027  92745  92822  92821  81.858336683  
1436641106  0  3358507  2740750  0  0  0  783  27366  0  48087238621  1122  0  3363718  3363283  0  0  27453  501  0  255267  375  27453  0  27366  2740750  4998  308  603049069  24083  39765  39558  39558  81.6062018034  
1436641116  0  3413681  2779513  0  0  0  805  27452  0  48940884222  1122  0  3419096  3418661  0  0  27453  501  0  258277  357  27453  0  27452  2779513  4998  308  853645601  38763  55174  55378  55378  81.4227515693  
1436641126  0  3456628  2809099  0  0  0  811  27402  0  49587430234  1122  0  3461981  3461545  0  0  27453  501  0  261340  364  27453  0  27402  2809099  4998  308  646546012  29586  42947  42885  42884  81.2670324953  
1436641136  0  3501694  2840818  0  0  0  813  27280  0  50282854538  1122  0  3506884  3506448  0  0  27453  501  0  264793  360  27453  0  27280  2840818  4998  308  695424304  31719  45066  44903  44903  81.1269631213  
1436641146  0  3569417  2893450  0  0  0  814  27449  0  51385593521  1122  0  3574800  3574364  0  0  27453  501  0  267055  348  27453  0  27449  2893450  4998  308  1102738983  52632  67723  67916  67916  81.0622575059  
1436641156  0  3636269  2942840  0  0  0  798  27450  0  52423017661  1122  0  3641335  3640899  0  0  27453  501  0  269072  357  27453  0  27450  2942840  4998  308  1037424140  49390  66852  66535  66535  80.9302062086  
1436641166  0  3678601  2972995  0  0  0  783  27403  0  53093943096  1122  0  3683652  3683215  0  0  27453  501  0  271419  334  27453  0  27403  2972995  4998  308  670925435  30155  42332  42317  42316  80.8186318658  
1436641176  0  3711378  2994429  0  0  0  774  27336  0  53606182134  1122  0  3716692  3716255  0  0  27453  501  0  274246  339  27453  0  27336  2994429  4998  308  512239038  21434  32777  33040  33040  80.6824042175  
1436641186  0  3770494  3036382  0  0  0  803  27423  0  54467713974  1122  0  3775851  3775414  0  0  27453  501  0  278484  356  27453  0  27423  3036382  4998  308  861531840  41953  59116  59159  59159  80.5300843868  
1436641196  0  3809594  3063365  0  0  0  815  27348  0  55048907225  1122  0  3814976  3814539  0  0  27453  501  0  281637  356  27453  0  27348  3063365  4998  308  581193251  26983  39100  39125  39125  80.4118496617  
1436641206  0  3840847  3085333  0  0  0  799  27451  0  55517719697  1122  0  3846299  3845862  0  0  27453  501  0  284188  352  27453  0  27451  3085333  4998  308  468812472  21968  31253  31323  31323  80.3294950307  
1436641216  0  3912439  3138401  0  0  0  775  27433  0  56662828218  1122  0  3917849  3917412  0  0  27453  501  0  288925  367  27453  0  27433  3138401  4998  308  1145108521  53068  71592  71550  71550  80.2159726963  
1436641226  0  4000975  3202206  0  0  0  815  27371  0  57975068191  1122  0  4006350  4005913  0  0  27453  501  0  293669  368  27453  0  27371  3202206  4998  308  1312239973  63805  88536  88501  88501  80.0356413124  
#Type:X;CI:2;ww:0;ca:0;co:0;fr:0;Type:X;CI:2;PI:0;PT:EP;U0:0;U1:0;
#time  Pp  gt  gs  cn  cm  cb  Nc  Pc  cp  Tc  Nm  pr  ps  pt  px  pd  Pm  Om  fs  ft  Oc  Em  Gp  Ec  Ge  ot  os  Total_cycles_diff  Successful_get_diff  Total_get_diff  succ_put_diff  total_put_diff  get_hit  
1436641246  0  4116574  3289184  0  0  0  809  27322  0  59732075200  1122  0  4121869  4121432  0  0  27453  501  0  299501  345  27453  0  27322  3289184  4998  308  59732075200  3289184  4116574  4121869  4121432  79.9010050591  
1436641256  0  4218154  3367583  0  0  0  788  27450  0  61245143773  1122  0  4223627  4223190  0  0  27453  501  0  303494  347  27453  0  27450  3367583  4998  308  1513068573  78399  101580  101758  101758  79.8354683115  
1436641266  0  4256173  3397140  0  0  0  775  27432  0  61804077306  1122  0  4261605  4261168  0  0  27453  501  0  304924  331  27453  0  27432  3397140  4998  308  558933533  29557  38019  37978  37978  79.8167743651  
1436641276  0  4335066  3458367  0  0  0  778  27346  0  63057972101  1122  0  4340498  4340061  0  0  27453  501  0  309040  337  27453  0  27346  3458367  4998  308  1253894795  61227  78893  78893  78893  79.7765708757  
1436641286  0  4399908  3504500  0  0  0  815  27424  0  63998471414  1122  0  4405355  4404918  0  0  27453  501  0  314361  353  27453  0  27424  3504500  4998  308  940499313  46133  64842  64857  64857  79.6493926691  
#Type:X;CI:2;ww:0;ca:0;co:0;fr:0;Type:X;CI:2;PI:0;PT:EP;U0:0;U1:0;
#time  Pp  gt  gs  cn  cm  cb  Nc  Pc  cp  Tc  Nm  pr  ps  pt  px  pd  Pm  Om  fs  ft  Oc  Em  Gp  Ec  Ge  ot  os  Total_cycles_diff  Successful_get_diff  Total_get_diff  succ_put_diff  total_put_diff  get_hit  
1436641307  0  4470021  3558649  0  0  0  786  27450  0  65151661484  1122  0  4475506  4475069  0  0  27453  501  0  319293  368  27453  0  27450  3558649  4998  308  65151661484  3558649  4470021  4475506  4475069  79.6114604383  
1436641317  0  4513982  3591703  0  0  0  778  27398  0  65830246607  1122  0  4519276  4518839  0  0  27453  501  0  321203  377  27453  0  27398  3591703  4998  308  678585123  33054  43961  43770  43770  79.56839438  
1436641327  0  4551654  3618669  0  0  0  794  27439  0  66421855817  1122  0  4557085  4556647  0  0  27453  501  0  324707  368  27453  0  27439  3618669  4998  308  591609210  26966  37672  37809  37808  79.5022864216  
#Type:X;CI:2;ww:0;ca:0;co:0;fr:0;Type:X;CI:2;PI:0;PT:EP;U0:0;U1:0;
#time  Pp  gt  gs  cn  cm  cb  Nc  Pc  cp  Tc  Nm  pr  ps  pt  px  pd  Pm  Om  fs  ft  Oc  Em  Gp  Ec  Ge  ot  os  Total_cycles_diff  Successful_get_diff  Total_get_diff  succ_put_diff  total_put_diff  get_hit  
1436641347  0  4595369  3651713  0  0  0  814  27308  0  67120887523  1122  0  4600616  4600178  0  0  27453  501  0  327259  363  27453  0  27308  3651713  4998  308  67120887523  3651713  4595369  4600616  4600178  79.4650658086  
1436641357  0  4650891  3693678  0  0  0  807  27280  0  68031101613  1122  0  4656167  4655729  0  0  27453  501  0  329689  369  27453  0  27280  3693678  4998  308  910214090  41965  55522  55551  55551  79.4187178328  
1436641367  0  4717350  3745521  0  0  0  800  27406  0  69128195026  1122  0  4722899  4722461  0  0  27453  501  0  331732  340  27453  0  27406  3745521  4998  308  1097093413  51843  66459  66732  66732  79.398836211  
1436641377  0  4763264  3778703  0  0  0  798  27353  0  69805949287  1122  0  4768726  4768288  0  0  27453  501  0  334483  333  27453  0  27353  3778703  4998  308  677754261  33182  45914  45827  45827  79.3301190108  
1436641387  0  4781521  3791990  0  0  0  787  27433  0  70098024564  1122  0  4787125  4786687  0  0  27453  501  0  335794  337  27453  0  27433  3791990  4998  308  292075277  13287  18257  18399  18399  79.3050997789  
1436641397  0  4845414  3840698  0  0  0  773  27321  0  71117248420  1122  0  4850833  4850395  0  0  27453  501  0  339389  340  27453  0  27321  3840698  4998  308  1019223856  48708  63893  63708  63708  79.2645994749  
1436641407  0  4883367  3867791  0  0  0  778  27441  0  71674230336  1122  0  4888743  4888305  0  0  27453  501  0  340852  340  27453  0  27441  3867791  4998  308  556981916  27093  37953  37910  37910  79.2033652191  
1436641417  0  4921499  3895516  0  0  0  785  27452  0  72275934658  1122  0  4927015  4926577  0  0  27453  501  0  343518  346  27453  0  27452  3895516  4998  308  601704322  27725  38132  38272  38272  79.1530385356  
#Type:X;CI:2;ww:0;ca:0;co:0;fr:0;Type:X;CI:2;PI:0;PT:EP;U0:0;U1:0;
#time  Pp  gt  gs  cn  cm  cb  Nc  Pc  cp  Tc  Nm  pr  ps  pt  px  pd  Pm  Om  fs  ft  Oc  Em  Gp  Ec  Ge  ot  os  Total_cycles_diff  Successful_get_diff  Total_get_diff  succ_put_diff  total_put_diff  get_hit  
1436641438  0  4972062  3932090  0  0  0  813  27446  0  73052757567  1122  0  4977678  4977240  0  0  27453  501  0  347114  364  27453  0  27446  3932090  4998  308  73052757567  3932090  4972062  4977678  4977240  79.0836880152  
1436641448  0  5011833  3960253  0  0  0  805  27433  0  73668456172  1122  0  5017245  5016807  0  0  27453  501  0  349351  358  27453  0  27433  3960253  4998  308  615698605  28163  39771  39567  39567  79.018055869  
1436641458  0  5056098  3992986  0  0  0  785  27422  0  74362544884  1122  0  5061667  5061229  0  0  27453  501  0  352415  364  27453  0  27422  3992986  4998  308  694088712  32733  44265  44422  44422  78.9736670452  
1436641468  0  5137408  4057096  0  0  0  771  27245  0  75610550780  1122  0  5142823  5142385  0  0  27453  501  0  355288  368  27453  0  27245  4057096  4998  308  1248005896  64110  81310  81156  81156  78.9716526311  
1436641478  0  5167939  4083055  0  0  0  783  27336  0  76116706385  1122  0  5173269  5172830  0  0  27453  501  0  355833  364  27453  0  27336  4083055  4998  308  506155605  25959  30531  30446  30445  79.0074147547  
1436641488  0  5232593  4129545  0  0  0  809  27447  0  77077385480  1122  0  5237953  5237514  0  0  27453  501  0  360406  361  27453  0  27447  4129545  4998  308  960679095  46490  64654  64684  64684  78.919667553  
#Type:X;CI:2;ww:0;ca:0;co:0;fr:0;Type:X;CI:2;PI:0;PT:EP;U0:0;U1:0;
#time  Pp  gt  gs  cn  cm  cb  Nc  Pc  cp  Tc  Nm  pr  ps  pt  px  pd  Pm  Om  fs  ft  Oc  Em  Gp  Ec  Ge  ot  os  Total_cycles_diff  Successful_get_diff  Total_get_diff  succ_put_diff  total_put_diff  get_hit  
1436641510  0  5334130  4208055  0  0  0  806  27418  0  78664668016  1122  0  5339662  5339223  0  0  27453  501  0  363756  346  27453  0  27418  4208055  4998  308  78664668016  4208055  5334130  5339662  5339223  78.8892471687  
1436641520  0  5394082  4252684  0  0  0  793  27448  0  79620576745  1122  0  5399654  5399215  0  0  27453  501  0  367324  340  27453  0  27448  4252684  4998  308  955908729  44629  59952  59992  59992  78.8398099992  
1436641530  0  5476755  4318310  0  0  0  772  27441  0  80837796853  1122  0  5482261  5481822  0  0  27453  501  0  371328  335  27453  0  27441  4318310  4998  308  1217220108  65626  82673  82607  82607  78.8479674552  
1436641540  0  5526540  4355981  0  0  0  771  27389  0  81553500206  1122  0  5532034  5531595  0  0  27453  501  0  374292  340  27453  0  27389  4355981  4998  308  715703353  37671  49785  49773  49773  78.8193155211  
1436641550  0  5546126  4370986  0  0  0  774  27432  0  81873290921  1122  0  5551642  5551203  0  0  27453  501  0  375055  337  27453  0  27432  4370986  4998  308  319790715  15005  19586  19608  19608  78.811516363  
1436641560  0  5581014  4392741  0  0  0  798  27449  0  82380597408  1122  0  5586522  5586083  0  0  27453  501  0  378716  355  27453  0  27449  4392741  4998  308  507306487  21755  34888  34880  34880  78.7086540188  
1436641570  0  5656734  4448204  0  0  0  808  27377  0  83520474546  1122  0  5661903  5661464  0  0  27453  501  0  382969  356  27453  0  27377  4448204  4998  308  1139877138  55463  75720  75381  75381  78.6355518927  
1436641580  0  5704817  4485416  0  0  0  771  27178  0  84286978570  1122  0  5710155  5709716  0  0  27453  501  0  386078  360  27453  0  27178  4485416  4998  308  766504024  37212  48083  48252  48252  78.6250636962  
1436641590  0  5710046  4489550  0  0  0  780  27449  0  84376219226  1122  0  5715600  5715161  0  0  27453  501  0  386355  366  27453  0  27449  4489550  4998  308  89240656  4134  5229  5445  5445  78.6254611609  
1436641600  0  5739321  4510295  0  0  0  777  27428  0  84807410104  1122  0  5744839  5744400  0  0  27453  501  0  388208  368  27453  0  27428  4510295  4998  308  431190878  20745  29275  29239  29239  78.585864077  
1436641610  0  5783867  4541140  0  0  0  801  27451  0  85462431018  1122  0  5789524  5789085  0  0  27453  501  0  390865  354  27453  0  27451  4541140  4998  308  655020914  30845  44546  44685  44685  78.5139077368  
1436641620  0  5813187  4560754  0  0  0  814  27449  0  85904536293  1122  0  5818699  5818260  0  0  27453  501  0  391673  364  27453  0  27449  4560754  4998  308  442105275  19614  29320  29175  29175  78.4553120345  
1436641632  0  5844145  4583579  0  0  0  809  27409  0  86378633702  1122  0  5849626  5849187  0  0  27453  501  0  393949  371  27453  0  27409  4583579  4998  308  474097409  22825  30958  30927  30927  78.4302750873  
1436641642  0  5871323  4603758  0  0  0  811  27449  0  86815578670  1122  0  5876902  5876463  0  0  27453  501  0  395500  363  27453  0  27449  4603758  4998  308  436944968  20179  27178  27276  27276  78.4109135198  
1436641652  0  5920990  4640913  0  0  0  801  27449  0  87555711560  1122  0  5926556  5926117  0  0  27453  501  0  397337  347  27453  0  27449  4640913  4998  308  740132890  37155  49667  49654  49654  78.3806930936  
#Type:X;CI:2;ww:0;ca:0;co:0;fr:0;Type:X;CI:2;PI:0;PT:EP;U0:0;U1:0;
#time  Pp  gt  gs  cn  cm  cb  Nc  Pc  cp  Tc  Nm  pr  ps  pt  px  pd  Pm  Om  fs  ft  Oc  Em  Gp  Ec  Ge  ot  os  Total_cycles_diff  Successful_get_diff  Total_get_diff  succ_put_diff  total_put_diff  get_hit  
1436641672  0  6012061  4708997  0  0  0  778  27450  0  89066679262  1122  0  6017576  6017137  0  0  27453  501  0  401559  342  27453  0  27450  4708997  4998  308  89066679262  4708997  6012061  6017576  6017137  78.32583535  
1436641682  0  6046823  4736049  0  0  0  764  27324  0  89613045349  1122  0  6052216  6051777  0  0  27453  501  0  403865  327  27453  0  27324  4736049  4998  308  546366087  27052  34762  34640  34640  78.3229309011  
1436641692  0  6082009  4763276  0  0  0  773  27388  0  90206650903  1122  0  6087575  6087136  0  0  27453  501  0  405207  340  27453  0  27388  4763276  4998  308  593605554  27227  35186  35359  35359  78.3174770047  
1436641702  0  6116821  4787748  0  0  0  781  27414  0  90721079080  1122  0  6122338  6121899  0  0  27453  501  0  407082  339  27453  0  27414  4787748  4998  308  514428177  24472  34812  34763  34763  78.2718343401  
#Type:X;CI:2;ww:0;ca:0;co:0;fr:0;Type:X;CI:2;PI:0;PT:EP;U0:0;U1:0;
#time  Pp  gt  gs  cn  cm  cb  Nc  Pc  cp  Tc  Nm  pr  ps  pt  px  pd  Pm  Om  fs  ft  Oc  Em  Gp  Ec  Ge  ot  os  Total_cycles_diff  Successful_get_diff  Total_get_diff  succ_put_diff  total_put_diff  get_hit  
1436641726  0  6191519  4843900  0  0  0  810  27312  0  91885753562  1122  0  6197062  6196621  0  0  27453  501  0  410408  356  27453  0  27312  4843900  4998  308  91885753562  4843900  6191519  6197062  6196621  78.2344364929  
1436641736  0  6225941  4868390  0  0  0  807  27360  0  92433293721  1122  0  6231513  6231072  0  0  27453  501  0  413955  352  27453  0  27360  4868390  4998  308  547540159  24490  34422  34451  34451  78.1952479151  
1436641746  0  6270963  4901884  0  0  0  782  27412  0  93142940925  1122  0  6276577  6276136  0  0  27453  501  0  418000  364  27453  0  27412  4901884  4998  308  709647204  33494  45022  45064  45064  78.1679624007  
1436641757  0  6293872  4917226  0  0  0  787  27450  0  93474335473  1122  0  6299557  6299116  0  0  27453  501  0  420039  379  27453  0  27450  4917226  4998  308  331394548  15342  22909  22980  22980  78.1272005532  
1436641767  0  6342913  4953259  0  0  0  796  27415  0  94205523879  1122  0  6348420  6347979  0  0  27453  501  0  421968  374  27453  0  27415  4953259  4998  308  731188406  36033  49041  48863  48863  78.0912334758  
1436641777  0  6403943  5000592  0  0  0  818  27449  0  95148425416  1122  0  6409552  6409111  0  0  27453  501  0  424242  365  27453  0  27449  5000592  4998  308  942901537  47333  61030  61132  61132  78.0861416162  
1436641787  0  6468225  5046756  0  0  0  809  27307  0  96117859829  1122  0  6473726  6473285  0  0  27453  501  0  427625  359  27453  0  27307  5046756  4998  308  969434413  46164  64282  64174  64174  78.0238164257  
1436641797  0  6492012  5063525  0  0  0  807  27448  0  96469849948  1122  0  6497685  6497244  0  0  27453  501  0  429148  342  27453  0  27448  5063525  4998  308  351990119  16769  23787  23959  23959  77.9962359897  
1436641807  0  6539958  5098939  0  0  0  805  27449  0  97175318928  1122  0  6545576  6545135  0  0  27453  501  0  431669  337  27453  0  27449  5098939  4998  308  705468980  35414  47946  47891  47891  77.9659288332  
1436641817  0  6612679  5155413  0  0  0  779  27329  0  98286969566  1122  0  6618276  6617835  0  0  27453  501  0  434991  341  27453  0  27329  5155413  4998  308  1111650638  56474  72721  72700  72700  77.9625474033  
1436641827  0  6674860  5202763  0  0  0  777  27364  0  99243757985  1122  0  6680214  6679773  0  0  27453  501  0  438249  339  27453  0  27364  5202763  4998  308  956788419  47350  62181  61938  61938  77.9456497964  
1436641837  0  6698052  5221266  0  0  0  764  27284  0  99594564297  1122  0  6703493  6703052  0  0  27453  501  0  439637  336  27453  0  27284  5221266  4998  308  350806312  18503  23192  23279  23279  77.9520075389  
1436641847  0  6736550  5249261  0  0  0  789  27451  0  100205501639  1122  0  6742146  6741705  0  0  27453  501  0  442220  339  27453  0  27451  5249261  4998  308  610937342  27995  38498  38653  38653  77.9220966222  
1436641857  0  6794851  5291265  0  0  0  810  27390  0  101090172509  1122  0  6800332  6799891  0  0  27453  501  0  446073  354  27453  0  27390  5291265  4998  308  884670870  42004  58301  58186  58186  77.8716854866  
1436641867  0  6833774  5320256  0  0  0  795  27340  0  101698638705  1122  0  6839201  6838760  0  0  27453  501  0  448826  358  27453  0  27340  5320256  4998  308  608466196  28991  38923  38869  38869  77.8523843487  
1436641877  0  6871431  5347753  0  0  0  771  27357  0  102296682533  1122  0  6876862  6876421  0  0  27453  501  0  451829  362  27453  0  27357  5347753  4998  308  598043828  27497  37657  37661  37661  77.8258997289  
1436641887  0  6888739  5360957  0  0  0  776  27383  0  102556805639  1122  0  6894409  6893968  0  0  27453  501  0  452920  376  27453  0  27383  5360957  4998  308  260123106  13204  17308  17547  17547  77.8220368053  
1436641897  0  6928969  5391579  0  0  0  775  27397  0  103182168534  1122  0  6934482  6934040  0  0  27453  501  0  454869  368  27453  0  27397  5391579  4998  308  625362895  30622  40230  40073  40072  77.8121391509  
1436641907  0  6980587  5430965  0  0  0  802  27367  0  104003591173  1122  0  6986112  6985670  0  0  27453  501  0  456685  362  27453  0  27367  5430965  4998  308  821422639  39386  51618  51630  51630  77.8009786283  
1436641917  0  7020466  5461547  0  0  0  810  27293  0  104638568194  1122  0  7026014  7025572  0  0  27453  501  0  458813  365  27453  0  27293  5461547  4998  308  634977021  30582  39879  39902  39902  77.7946506685  
1436641927  0  7039678  5477125  0  0  0  816  27441  0  104953514424  1122  0  7045300  7044858  0  0  27453  501  0  459786  370  27453  0  27441  5477125  4998  308  314946230  15578  19212  19286  19286  77.8036296547  
1436641937  0  7094814  5519622  0  0  0  813  27449  0  105828653633  1122  0  7100548  7100106  0  0  27453  501  0  461993  353  27453  0  27449  5519622  4998  308  875139209  42497  55136  55248  55248  77.7979803276  
1436641947  0  7149028  5560854  0  0  0  814  27412  0  106657483690  1122  0  7154639  7154197  0  0  27453  501  0  464131  347  27453  0  27412  5560854  4998  308  828830057  41232  54214  54091  54091  77.7847561934  
1436641957  0  7197825  5598546  0  0  0  790  27390  0  107408539123  1122  0  7203383  7202940  0  0  27453  501  0  465652  340  27453  0  27390  5598546  4998  308  751055433  37692  48797  48744  48743  77.7810797012  
1436641967  0  7206162  5603446  0  0  0  797  27230  0  107529365024  1122  0  7211498  7211055  0  0  27453  501  0  466378  351  27453  0  27230  5603446  4998  308  120825901  4900  8337  8115  8115  77.7590900676  
#Type:X;CI:2;ww:0;ca:0;co:0;fr:0;Type:X;CI:2;PI:0;PT:EP;U0:0;U1:0;
#time  Pp  gt  gs  cn  cm  cb  Nc  Pc  cp  Tc  Nm  pr  ps  pt  px  pd  Pm  Om  fs  ft  Oc  Em  Gp  Ec  Ge  ot  os  Total_cycles_diff  Successful_get_diff  Total_get_diff  succ_put_diff  total_put_diff  get_hit  
1436641987  0  7272101  5648003  0  0  0  778  27278  0  108535738260  1122  0  7277599  7277156  0  0  27453  501  0  470488  341  27453  0  27278  5648003  4998  308  108535738260  5648003  7272101  7277599  7277156  77.6667293262  
#Type:X;CI:2;ww:0;ca:0;co:0;fr:0;Type:X;CI:2;PI:0;PT:EP;U0:0;U1:0;
#time  Pp  gt  gs  cn  cm  cb  Nc  Pc  cp  Tc  Nm  pr  ps  pt  px  pd  Pm  Om  fs  ft  Oc  Em  Gp  Ec  Ge  ot  os  Total_cycles_diff  Successful_get_diff  Total_get_diff  succ_put_diff  total_put_diff  get_hit  
1436642008  0  7326914  5690148  0  0  0  788  27396  0  109398761731  1122  0  7332504  7332061  0  0  27453  501  0  473569  342  27453  0  27396  5690148  4998  308  109398761731  5690148  7326914  7332504  7332061  77.6609088083  
1436642018  0  7355893  5709974  0  0  0  804  27452  0  109828797140  1122  0  7361639  7361196  0  0  27453  501  0  475837  353  27453  0  27452  5709974  4998  308  430035409  19826  28979  29135  29135  77.6244842061  
1436642028  0  7398360  5742102  0  0  0  805  27451  0  110508233629  1122  0  7404048  7403605  0  0  27453  501  0  478209  352  27453  0  27451  5742102  4998  308  679436489  32128  42467  42409  42409  77.6131737304  
1436642038  0  7444283  5778439  0  0  0  802  27324  0  111267396064  1122  0  7449812  7449369  0  0  27453  501  0  480533  355  27453  0  27324  5778439  4998  308  759162435  36337  45923  45764  45764  77.6225057537  
1436642048  0  7485330  5812993  0  0  0  785  27367  0  111942380048  1122  0  7490952  7490509  0  0  27453  501  0  482249  360  27453  0  27367  5812993  4998  308  674983984  34554  41047  41140  41140  77.6584733071  
1436642058  0  7516317  5834702  0  0  0  784  27451  0  112410545064  1122  0  7521945  7521502  0  0  27453  501  0  484120  376  27453  0  27451  5834702  4998  308  468165016  21709  30987  30993  30993  77.6271410586  
1436642068  0  7560779  5870443  0  0  0  792  27368  0  113111969813  1122  0  7566334  7565891  0  0  27453  501  0  485071  378  27453  0  27368  5870443  4998  308  701424749  35741  44462  44389  44389  77.6433618811  
1436642078  0  7622261  5919358  0  0  0  805  27355  0  114087712995  1122  0  7627833  7627390  0  0  27453  501  0  486875  360  27453  0  27355  5919358  4998  308  975743182  48915  61482  61499  61499  77.658820657  
1436642088  0  7679415  5963432  0  0  0  820  27449  0  115015398312  1122  0  7685100  7684657  0  0  27453  501  0  489505  372  27453  0  27449  5963432  4998  308  927685317  44074  57154  57267  57267  77.654769276  
1436642098  0  7696768  5977770  0  0  0  823  27337  0  115248555433  1122  0  7702395  7701952  0  0  27453  501  0  489895  377  27453  0  27337  5977770  4998  308  233157121  14338  17353  17295  17295  77.6659761604  
1436642108  0  7742385  6012040  0  0  0  806  27352  0  115904272570  1122  0  7747966  7747523  0  0  27453  501  0  492250  344  27453  0  27352  6012040  4998  308  655717137  34270  45617  45571  45571  77.651008055  
#Type:X;CI:2;ww:0;ca:0;co:0;fr:0;Type:X;CI:2;PI:0;PT:EP;U0:0;U1:0;
#time  Pp  gt  gs  cn  cm  cb  Nc  Pc  cp  Tc  Nm  pr  ps  pt  px  pd  Pm  Om  fs  ft  Oc  Em  Gp  Ec  Ge  ot  os  Total_cycles_diff  Successful_get_diff  Total_get_diff  succ_put_diff  total_put_diff  get_hit  
1436642128  0  7835248  6079357  0  0  0  797  27445  0  117294962023  1122  0  7840964  7840521  0  0  27453  501  0  496272  349  27453  0  27445  6079357  4998  308  117294962023  6079357  7835248  7840964  7840521  77.5898478261  
1436642138  0  7846716  6086521  0  0  0  779  27297  0  117446217999  1122  0  7852245  7851802  0  0  27453  501  0  497222  339  27453  0  27297  6086521  4998  308  151255976  7164  11468  11281  11281  77.5677493616  
1436642148  0  7882365  6109736  0  0  0  782  27450  0  117986210019  1122  0  7888129  7887686  0  0  27453  501  0  500190  338  27453  0  27450  6109736  4998  308  539992020  23215  35649  35884  35884  77.5114575384  
1436642158  0  7929121  6142443  0  0  0  785  27434  0  118655087945  1122  0  7934807  7934364  0  0  27453  501  0  503302  348  27453  0  27434  6142443  4998  308  668877926  32707  46756  46678  46678  77.4668844125  
1436642168  0  7983921  6183647  0  0  0  812  27425  0  119497360177  1122  0  7989600  7989157  0  0  27453  501  0  506774  365  27453  0  27425  6183647  4998  308  842272232  41204  54800  54793  54793  77.4512548408  
1436642182  0  8006927  6198924  0  0  0  811  27298  0  119845871933  1122  0  8012471  8012028  0  0  27453  501  0  508582  352  27453  0  27298  6198924  4998  308  348511756  15277  23006  22871  22871  77.419514378  
#Type:X;CI:2;ww:0;ca:0;co:0;fr:0;Type:X;CI:2;PI:0;PT:EP;U0:0;U1:0;
#time  Pp  gt  gs  cn  cm  cb  Nc  Pc  cp  Tc  Nm  pr  ps  pt  px  pd  Pm  Om  fs  ft  Oc  Em  Gp  Ec  Ge  ot  os  Total_cycles_diff  Successful_get_diff  Total_get_diff  succ_put_diff  total_put_diff  get_hit  
1436642202  0  8075568  6247035  0  0  0  779  27242  0  120881720536  1122  0  8081012  8080568  0  0  27453  501  0  513620  363  27453  0  27242  6247035  4998  308  120881720536  6247035  8075568  8081012  8080568  77.3572211887  
1436642212  0  8103192  6267402  0  0  0  777  27333  0  121306853284  1122  0  8108685  8108241  0  0  27453  501  0  515274  374  27453  0  27333  6267402  4998  308  425132748  20367  27624  27673  27673  77.3448537317  
1436642222  0  8124207  6282115  0  0  0  781  27451  0  121629023257  1122  0  8129877  8129433  0  0  27453  501  0  516523  369  27453  0  27451  6282115  4998  308  322169973  14713  21015  21192  21192  77.325885468  
1436642232  0  8147201  6297956  0  0  0  796  27248  0  121989985121  1122  0  8152544  8152100  0  0  27453  501  0  518103  359  27453  0  27248  6297956  4998  308  360961864  15841  22994  22667  22667  77.3020820279  
1436642242  0  8174419  6317973  0  0  0  808  27450  0  122420532349  1122  0  8180148  8179704  0  0  27453  501  0  519675  362  27453  0  27450  6317973  4998  308  430547228  20017  27218  27604  27604  77.28956639  
1436642252  0  8205658  6340682  0  0  0  810  27450  0  122894473990  1122  0  8211401  8210957  0  0  27453  501  0  522299  368  27453  0  27450  6340682  4998  308  473941641  22709  31239  31253  31253  77.2720725139  
1436642262  0  8244718  6370123  0  0  0  813  27177  0  123511991300  1122  0  8250185  8249741  0  0  27453  501  0  524505  370  27453  0  27177  6370123  4998  308  617517310  29441  39060  38784  38784  77.2630792224  
#Type:X;CI:2;ww:0;ca:0;co:0;fr:0;Type:X;CI:2;PI:0;PT:EP;U0:0;U1:0;
#time  Pp  gt  gs  cn  cm  cb  Nc  Pc  cp  Tc  Nm  pr  ps  pt  px  pd  Pm  Om  fs  ft  Oc  Em  Gp  Ec  Ge  ot  os  Total_cycles_diff  Successful_get_diff  Total_get_diff  succ_put_diff  total_put_diff  get_hit  
1436642282  0  8300569  6413586  0  0  0  803  27449  0  124365694229  1122  0  8306269  8305825  0  0  27453  501  0  526797  347  27453  0  27449  6413586  4998  308  124365694229  6413586  8300569  8306269  8305825  77.2668235154  
1436642292  0  8336835  6441286  0  0  0  803  27326  0  124946980347  1122  0  8342447  8342003  0  0  27453  501  0  528268  341  27453  0  27326  6441286  4998  308  581286118  27700  36266  36178  36178  77.2629661016  
#Type:X;CI:2;ww:0;ca:0;co:0;fr:0;Type:X;CI:2;PI:0;PT:EP;U0:0;U1:0;
#time  Pp  gt  gs  cn  cm  cb  Nc  Pc  cp  Tc  Nm  pr  ps  pt  px  pd  Pm  Om  fs  ft  Oc  Em  Gp  Ec  Ge  ot  os  Total_cycles_diff  Successful_get_diff  Total_get_diff  succ_put_diff  total_put_diff  get_hit  
1436642312  0  8375104  6468748  0  0  0  793  27383  0  125513568576  1122  0  8380662  8380218  0  0  27453  501  0  530526  346  27453  0  27383  6468748  4998  308  125513568576  6468748  8375104  8380662  8380218  77.2378229572  
1436642322  0  8397566  6484144  0  0  0  779  27398  0  125856552410  1122  0  8403055  8402611  0  0  27453  501  0  531781  339  27453  0  27398  6484144  4998  308  342983834  15396  22462  22393  22393  77.2145643154  
1436642332  0  8420726  6499811  0  0  0  765  27384  0  126216701818  1122  0  8426443  8425999  0  0  27453  501  0  533834  323  27453  0  27384  6499811  4998  308  360149408  15667  23160  23388  23388  77.1882495642  
#Type:X;CI:2;ww:0;ca:0;co:0;fr:0;Type:X;CI:2;PI:0;PT:EP;U0:0;U1:0;
#time  Pp  gt  gs  cn  cm  cb  Nc  Pc  cp  Tc  Nm  pr  ps  pt  px  pd  Pm  Om  fs  ft  Oc  Em  Gp  Ec  Ge  ot  os  Total_cycles_diff  Successful_get_diff  Total_get_diff  succ_put_diff  total_put_diff  get_hit  
1436642352  0  8464638  6531853  0  0  0  765  27104  0  126900958147  1122  0  8470057  8469613  0  0  27453  501  0  535782  330  27453  0  27104  6531853  4998  308  126900958147  6531853  8464638  8470057  8469613  77.1663596246  
1436642362  0  8497136  6556976  0  0  0  784  27434  0  127421387829  1122  0  8502815  8502371  0  0  27453  501  0  537761  344  27453  0  27434  6556976  4998  308  520429682  25123  32498  32758  32758  77.166894822  
1436642372  0  8527448  6579943  0  0  0  799  27407  0  127919488231  1122  0  8533090  8532646  0  0  27453  501  0  539834  347  27453  0  27407  6579943  4998  308  498100402  22967  30312  30275  30275  77.1619246462  
1436642382  0  8550548  6596234  0  0  0  814  27448  0  128281765665  1122  0  8556231  8555787  0  0  27453  501  0  541861  357  27453  0  27448  6596234  4998  308  362277434  16291  23100  23141  23141  77.1439912389  
1436642392  0  8567294  6609002  0  0  0  807  27307  0  128550264864  1122  0  8572943  8572499  0  0  27453  501  0  542982  352  27453  0  27307  6609002  4998  308  268499199  12768  16746  16712  16712  77.1422341757  
1436642402  0  8598678  6634090  0  0  0  802  27275  0  129064027580  1122  0  8604249  8603805  0  0  27453  501  0  544989  355  27453  0  27275  6634090  4998  308  513762716  25088  31384  31306  31306  77.1524413404  
1436642412  0  8618119  6648366  0  0  0  803  27233  0  129356038122  1122  0  8623530  8623086  0  0  27453  501  0  546246  359  27453  0  27233  6648366  4998  308  292010542  14276  19441  19281  19281  77.144049647  
1436642422  0  8646010  6671645  0  0  0  795  27437  0  129805882924  1122  0  8651700  8651256  0  0  27453  501  0  547359  370  27453  0  27437  6671645  4998  308  449844802  23279  27891  28170  28170  77.1644377002  
1436642432  0  8666869  6689286  0  0  0  779  27292  0  130140892547  1122  0  8672136  8671692  0  0  27453  501  0  547790  368  27453  0  27292  6689286  4998  308  335009623  17641  20859  20436  20436  77.1822673217  
1436642442  0  8681576  6696728  0  0  0  779  27437  0  130341451046  1122  0  8687264  8686820  0  0  27453  501  0  549251  377  27453  0  27437  6696728  4998  308  200558499  7442  14707  15128  15128  77.1372386765  
1436642452  0  8707884  6715079  0  0  0  782  27401  0  130737413456  1122  0  8713626  8713182  0  0  27453  501  0  551056  369  27453  0  27401  6715079  4998  308  395962410  18351  26308  26362  26362  77.1149340069  
1436642462  0  8743817  6740999  0  0  0  805  27375  0  131291853300  1122  0  8749444  8749000  0  0  27453  501  0  552396  359  27453  0  27375  6740999  4998  308  554439844  25920  35933  35818  35818  77.0944657236  
1436642472  0  8757801  6751840  0  0  0  803  27344  0  131505889899  1122  0  8763415  8762971  0  0  27453  501  0  553325  362  27453  0  27344  6751840  4998  308  214036599  10841  13984  13971  13971  77.0951520821  
1436642482  0  8789543  6777334  0  0  0  820  27304  0  132024852471  1122  0  8795089  8794645  0  0  27453  501  0  554775  363  27453  0  27304  6777334  4998  308  518962572  25494  31742  31674  31674  77.1067847327  
1436642492  0  8827768  6806015  0  0  0  810  27349  0  132623978342  1122  0  8833377  8832933  0  0  27453  501  0  556861  370  27453  0  27349  6806015  4998  308  599125871  28681  38225  38288  38288  77.097800939  
1436642502  0  8861802  6830118  0  0  0  818  27449  0  133124997442  1122  0  8867359  8866915  0  0  27453  501  0  558902  356  27453  0  27449  6830118  4998  308  501019100  24103  34034  33982  33982  77.0736922355  
1436642512  0  8891069  6853010  0  0  0  800  27313  0  133598685844  1122  0  8896664  8896220  0  0  27453  501  0  559514  342  27453  0  27313  6853010  4998  308  473688402  22892  29267  29305  29305  77.0774582899  
1436642522  0  8925714  6878259  0  0  0  805  27334  0  134152049956  1122  0  8931214  8930770  0  0  27453  501  0  561290  343  27453  0  27334  6878259  4998  308  553364112  25249  34645  34550  34550  77.0611628381  
1436642532  0  8956554  6899854  0  0  0  788  27413  0  134609192430  1122  0  8962316  8961872  0  0  27453  501  0  562910  341  27453  0  27413  6899854  4998  308  457142474  21595  30840  31102  31102  77.0369273718  
1436642542  0  8985455  6920690  0  0  0  782  27401  0  135051088166  1122  0  8991207  8990763  0  0  27453  501  0  564870  344  27453  0  27401  6920690  4998  308  441895736  20836  28901  28891  28891  77.0210300981  
1436642552  0  8998470  6930278  0  0  0  780  27428  0  135240957901  1122  0  9004138  9003694  0  0  27453  501  0  565783  343  27453  0  27428  6930278  4998  308  189869735  9588  13015  12931  12931  77.0161816398  
1436642562  0  9027716  6951445  0  0  0  779  27451  0  135687701875  1122  0  9033411  9032967  0  0  27453  501  0  567670  336  27453  0  27451  6951445  4998  308  446743974  21167  29246  29273  29273  77.0011484632  
1436642572  0  9049562  6966443  0  0  0  770  27392  0  136012046053  1122  0  9054970  9054526  0  0  27453  501  0  568965  333  27453  0  27392  6966443  4998  308  324344178  14998  21846  21559  21559  76.9809964283  
1436642582  0  9079939  6989846  0  0  0  788  27231  0  136486432381  1122  0  9085483  9085039  0  0  27453  501  0  570120  346  27453  0  27231  6989846  4998  308  474386328  23403  30377  30513  30513  76.9811999838  
1436642592  0  9095996  7001158  0  0  0  784  27319  0  136739025135  1122  0  9101654  9101210  0  0  27453  501  0  571635  339  27453  0  27319  7001158  4998  308  252592754  11312  16057  16171  16171  76.9696688521  
1436642602  0  9124499  7020776  0  0  0  816  27429  0  137180287401  1122  0  9130041  9129597  0  0  27453  501  0  573371  364  27453  0  27429  7020776  4998  308  441262266  19618  28503  28387  28387  76.9442355136  
1436642612  0  9167244  7055554  0  0  0  810  27299  0  137891072541  1122  0  9172739  9172295  0  0  27453  501  0  574866  356  27453  0  27299  7055554  4998  308  710785140  34778  42745  42698  42698  76.9648326149  
#Type:X;CI:2;ww:0;ca:0;co:0;fr:0;Type:X;CI:2;PI:0;PT:EP;U0:0;U1:0;
#time  Pp  gt  gs  cn  cm  cb  Nc  Pc  cp  Tc  Nm  pr  ps  pt  px  pd  Pm  Om  fs  ft  Oc  Em  Gp  Ec  Ge  ot  os  Total_cycles_diff  Successful_get_diff  Total_get_diff  succ_put_diff  total_put_diff  get_hit  
1436642632  0  9216314  7093088  0  0  0  801  27438  0  138677331836  1122  0  9222103  9221659  0  0  27453  501  0  577592  354  27453  0  27438  7093088  4998  308  138677331836  7093088  9216314  9222103  9221659  76.9623083589  
1436642642  0  9251857  7123244  0  0  0  785  27451  0  139266818394  1122  0  9257725  9257281  0  0  27453  501  0  579129  361  27453  0  27451  7123244  4998  308  589486558  30156  35543  35622  35622  76.9925864613  
1436642652  0  9283242  7146772  0  0  0  788  27451  0  139767222290  1122  0  9288873  9288429  0  0  27453  501  0  580161  382  27453  0  27451  7146772  4998  308  500403896  23528  31385  31148  31148  76.9857340787  
1436642663  0  9321386  7174950  0  0  0  786  27348  0  140374125660  1122  0  9327040  9326596  0  0  27453  501  0  581964  373  27453  0  27348  7174950  4998  308  606903370  28178  38144  38167  38167  76.9729952177  
1436642673  0  9345616  7193348  0  0  0  791  27308  0  140730612493  1122  0  9351295  9350851  0  0  27453  501  0  582849  357  27453  0  27308  7193348  4998  308  356486833  18398  24230  24255  24255  76.9702928089  
1436642683  0  9394277  7230097  0  0  0  817  27393  0  141494094401  1122  0  9399976  9399532  0  0  27453  501  0  585103  360  27453  0  27393  7230097  4998  308  763481908  36749  48661  48681  48681  76.9627827666  
1436642693  0  9454776  7276519  0  0  0  819  27258  0  142406854623  1122  0  9460389  9459945  0  0  27453  501  0  588016  375  27453  0  27258  7276519  4998  308  912760222  46422  60499  60413  60413  76.9613050589  
1436642703  0  9505124  7315795  0  0  0  808  27315  0  143192258502  1122  0  9510552  9510108  0  0  27453  501  0  589527  347  27453  0  27315  7315795  4998  308  785403879  39276  50348  50163  50163  76.96685493  
1436642713  0  9532078  7340528  0  0  0  738  24572  0  143384584467  1122  0  9534181  9533737  0  0  27453  501  0  589717  331  27453  0  24572  7340528  4998  308  192325965  24733  26954  23629  23629  77.0086858291  
1436642723  0  9536248  7344694  0  0  0  780  27376  0  143491801649  1122  0  9542060  9541616  0  0  27453  501  0  591161  324  27453  0  27376  7344694  4998  308  107217182  4166  4170  7879  7879  77.0186975003  
1436642733  0  9552948  7361392  0  0  0  780  27429  0  143780073800  1122  0  9558819  9558375  0  0  27453  501  0  595677  324  27453  0  27429  7361392  4998  308  288272151  16698  16700  16759  16759  77.0588513619  
1436642743  0  9573424  7381862  0  0  0  780  27376  0  144121098441  1122  0  9579242  9578798  0  0  27453  501  0  599866  324  27453  0  27376  7381862  4998  308  341024641  20470  20476  20423  20423  77.1078560816  
1436642756  0  9580917  7389355  0  0  0  778  27276  0  144249569310  1122  0  9586635  9586191  0  0  27453  501  0  602515  324  27453  0  27276  7389355  4998  308  128470869  7493  7493  7393  7393  77.1257594654  
