#Type:X;CI:4;ww:0;ca:0;co:1;fr:0;Type:X;CI:4;PI:0;PT:EP;U0:0;U1:0;Type:X;CI:4;PI:1;PT:EP;U0:0;U1:0;
#time  Pp  gt  gs  cn  cm  cb  Nc  Pc  cp  Tc  Nm  pr  ps  pt  px  pd  Pm  Om  fs  ft  Oc  Em  Gp  Ec  Ge  ot  os  Total_cycles_diff  Successful_get_diff  Total_get_diff  succ_put_diff  total_put_diff  get_hit  
1439218895  0  0  0  0  0  0  0  0  0  16075  0  0  0  0  0  0  0  0  0  0  0  0  0  0  0  0  0  16075  0  0  0  0  
1439218905  0  0  0  0  0  0  0  0  0  16075  0  0  0  0  0  0  0  0  0  0  0  0  0  0  0  0  0  0  0  0  0  0  0 
1439218915  0  7584  0  3119  5  8210288  315  6631  3512  975383681  315  0  6631  6636  5  0  6631  311  0  71  311  6631  0  6631  0  0  0  975367606  0  7584  6631  6636  0.0  
1439218925  0  16384  0  11923  5  8210288  476  15435  3512  2049745055  476  0  15435  15440  5  0  15435  311  0  71  311  15435  0  15435  0  0  0  1074361374  0  8800  8804  8804  0.0  
1439218935  0  74367  20  69813  5  2177353  1299  68250  846  8726749767  1501  0  73325  73330  5  0  69683  311  0  71  28  69683  0  68250  20  0  0  6677004712  20  57983  57890  57890  0.0268936490648  
1439218945  0  129247  20  124145  5  1160028  1074  50753  444  14966155362  1531  0  128101  128106  5  0  79841  311  0  71  24  79841  0  50753  20  0  0  6239405595  0  54880  54776  54776  0.0154742469845  
1439218955  0  194386  34  189448  5  55861  1543  63619  19  23162472116  1873  0  193509  193514  5  0  79841  311  0  71  3  79841  0  63619  34  0  0  8196316754  14  65139  65408  65408  0.017490971572  
1439218965  0  208664  242  203348  5  13598  433  17698  13  24937320522  1873  0  207422  207427  5  0  79841  311  0  71  3  79841  0  17698  242  0  0  1774848406  208  14278  13913  13913  0.115975923015  
1439218975  0  230008  714  224935  5  0  630  25306  0  27769474070  1873  0  229010  229015  5  0  79841  311  0  71  2  79841  0  25306  714  0  0  2832153548  472  21344  21588  21588  0.310423985253  
1439218985  0  241930  2295  235848  5  13598  310  10130  13  29460212658  1873  0  239936  239941  5  0  79841  311  0  71  3  79841  0  10130  2295  0  0  1690738588  1581  11922  10926  10926  0.948621502087  
1439218996  0  254836  3139  247528  5  1396  399  12906  1  31297473820  1873  0  251617  251622  5  0  79841  311  0  71  3  79841  0  12906  3139  0  0  1837261162  844  12906  11681  11681  1.231772591  
1439219006  0  270994  4587  263607  5  1396  688  22570  1  33707763935  1873  0  267696  267701  5  0  79841  311  0  71  3  79841  0  22570  4587  0  0  2410290115  1448  16158  16079  16079  1.69265740201  
1439219016  0  301359  8749  293880  5  253080  1053  35732  131  37830024114  1873  0  298100  298105  5  0  79841  311  0  71  4  79841  0  35732  8749  0  0  4122260179  4162  30365  30404  30404  2.90318191924  
1439219026  0  321923  11114  314300  5  282227  895  29405  141  40503917922  1873  0  318530  318535  5  0  79841  311  0  71  5  79841  0  29405  11114  0  0  2673893808  2365  20564  20430  20430  3.45237836377  
1439219036  0  353824  16695  346152  5  29147  1241  40809  10  44870104979  1873  0  350382  350387  5  0  79841  311  0  71  3  79841  0  40809  16695  0  0  4366187057  5581  31901  31852  31852  4.71844758976  
1439219046  0  380138  20584  372593  5  17755  1351  43963  9  48808639742  1873  0  376832  376837  5  0  79841  311  0  71  3  79841  0  43963  20584  0  0  3938534763  3889  26314  26450  26450  5.41487565042  
1439219056  0  415390  27353  407890  5  3116  1326  43809  2  53915050998  1873  0  412130  412135  5  0  79841  311  0  71  2  79841  0  43809  27353  0  0  5106411256  6769  35252  35298  35298  6.58489612172  
1439219066  0  437283  29844  428382  5  2397433  1296  38879  1000  57143514499  1873  0  433621  433626  5  0  79841  311  0  89  212  79841  0  38879  29844  0  0  3228463501  2491  21893  21491  21491  6.82487085023  
1439219076  0  456685  32846  447472  5  1678107  1048  30019  697  59935518010  1873  0  452711  452716  5  0  79841  311  0  89  160  79841  0  30019  32846  0  0  2792003511  3002  19402  19090  19090  7.19226600392  
1439219086  0  473164  34770  464172  5  0  939  29171  0  62215787773  1873  0  469411  469416  5  0  79841  311  0  89  2  79841  0  29171  34770  0  0  2280269763  1924  16479  16700  16700  7.34840351337  
1439219096  0  495265  38527  486131  5  0  1044  33400  0  65653210113  1873  0  491370  491375  5  0  79841  311  0  89  2  79841  0  33400  38527  0  0  3437422340  3757  22101  21959  21959  7.7790677718  
1439219106  0  513941  41203  505057  5  0  924  28526  0  68449899188  1873  0  510296  510301  5  0  79841  311  0  89  2  79841  0  28526  41203  0  0  2796689075  2676  18676  18926  18926  8.01706810704  
1439219116  0  544999  46390  535943  5  0  1292  40726  0  73049343157  1873  0  541182  541187  5  0  79841  311  0  89  2  79841  0  40726  46390  0  0  4599443969  5187  31058  30886  30886  8.51194222375  
1439219126  0  570630  51285  561737  5  0  1253  40768  0  76795987004  1873  0  566976  566981  5  0  79841  311  0  89  2  79841  0  40768  51285  0  0  3746643847  4895  25631  25794  25794  8.98743494033  
1439219136  0  586851  53650  577944  5  0  902  27901  0  79197817076  1873  0  583183  583188  5  0  79841  311  0  89  2  79841  0  27901  53650  0  0  2401830072  2365  16221  16207  16207  9.14201390131  
1439219146  0  612037  58353  602815  5  0  1069  33069  0  82853976166  1873  0  608054  608059  5  0  79841  311  0  89  2  79841  0  33069  58353  0  0  3656159090  4703  25186  24871  24871  9.53422750585  
1439219156  0  632267  60953  623225  5  0  1153  36310  0  86148809214  1873  0  628464  628469  5  0  79841  311  0  89  2  79841  0  36310  60953  0  0  3294833048  2600  20230  20410  20410  9.64038926593  
1439219166  0  663773  66737  654807  5  0  1177  37117  0  90687470650  1873  0  660046  660051  5  0  79841  311  0  89  2  79841  0  37117  66737  0  0  4538661436  5784  31506  31582  31582  10.0541902126  
1439219176  0  684579  70540  675681  5  0  1162  37214  0  93442893279  1873  0  680920  680925  5  0  79841  311  0  89  2  79841  0  37214  70540  0  0  2755422629  3803  20806  20874  20874  10.3041431303  
1439219186  0  708759  74422  699673  5  0  1111  35391  0  96724193349  1873  0  704912  704917  5  0  79841  311  0  89  2  79841  0  35391  74422  0  0  3281300070  3882  24180  23992  23992  10.5003252163  
1439219196  0  722720  76188  712868  5  2146389  1047  31289  837  98753915139  1873  0  718944  718949  5  0  79841  311  0  89  58  79841  0  31289  76188  0  0  2029721790  1766  13961  14032  14032  10.5418419305  
1439219206  0  748427  79552  738359  5  732919  1018  31279  303  102562603931  1873  0  744435  744440  5  0  79841  311  0  89  29  79841  0  31279  79552  0  0  3808688792  3364  25707  25491  25491  10.6292263641  
1439219216  0  772410  83183  762587  5  0  1207  39256  0  106071868799  1873  0  768663  768668  5  0  79841  311  0  89  2  79841  0  39256  83183  0  0  3509264868  3631  23983  24228  24228  10.7692805634  
1439219226  0  793976  87593  784164  5  0  1126  37171  0  109254306157  1873  0  790240  790245  5  0  79841  311  0  89  2  79841  0  37171  87593  0  0  3182437358  4410  21566  21577  21577  11.0321974468  
1439219236  0  821279  92977  811559  5  0  1206  37712  0  113341878215  1873  0  817635  817640  5  0  79841  311  0  89  2  79841  0  37712  92977  0  0  4087572058  5384  27303  27395  27395  11.321000537  
1439219246  0  847560  96981  837498  5  0  1072  33872  0  117135929418  1873  0  843574  843579  5  0  79841  311  0  89  2  79841  0  33872  96981  0  0  3794051203  4004  26281  25939  25939  11.442375761  
1439219256  0  870024  101231  860062  5  0  1047  32330  0  120238133986  1873  0  866138  866143  5  0  79841  311  0  89  2  79841  0  32330  101231  0  0  3102204568  4250  22464  22564  22564  11.6354261492  
1439219266  0  889828  103832  879843  5  0  870  27038  0  122891941657  1873  0  885919  885924  5  0  79841  311  0  89  2  79841  0  27038  103832  0  0  2653807671  2601  19804  19781  19781  11.6687719424  
1439219276  0  915912  107976  906169  5  0  1033  33046  0  126539301049  1873  0  912245  912250  5  0  79841  311  0  89  2  79841  0  33046  107976  0  0  3647359392  4144  26084  26326  26326  11.7889054844  
1439219286  0  946273  113802  936584  5  0  1202  38568  0  131155594500  1873  0  942660  942665  5  0  79841  311  0  89  2  79841  0  38568  113802  0  0  4616293451  5826  30361  30415  30415  12.026339122  
1439219296  0  967797  118071  958017  5  0  1159  37484  0  134368900451  1873  0  964093  964098  5  0  79841  311  0  89  2  79841  0  37484  118071  0  0  3213305951  4269  21524  21433  21433  12.1999758214  
1439219306  0  992749  121482  983038  5  0  1238  39031  0  137931772869  1873  0  989114  989119  5  0  79841  311  0  89  2  79841  0  39031  121482  0  0  3562872418  3411  24952  25021  25021  12.2369299793  
1439219316  0  1005288  123945  995448  5  0  925  27696  0  139642010815  1873  0  1001524  1001529  5  0  79841  311  0  89  2  79841  0  27696  123945  0  0  1710237946  2463  12539  12410  12410  12.3293026476  
1439219326  0  1037036  128534  1027321  5  0  1051  32853  0  144207954729  1873  0  1033397  1033402  5  0  79841  311  0  89  2  79841  0  32853  128534  0  0  4565943914  4589  31748  31873  31873  12.3943623944  
1439219336  0  1063471  133269  1053784  5  0  1096  35970  0  148100435930  1873  0  1059860  1059865  5  0  79841  311  0  89  2  79841  0  35970  133269  0  0  3892481201  4735  26435  26463  26463  12.5315123779  
1439219346  0  1087369  137494  1077699  5  0  1135  37566  0  151508056042  1873  0  1083775  1083780  5  0  79841  311  0  89  2  79841  0  37566  137494  0  0  3407620112  4225  23898  23915  23915  12.6446496084  
1439219356  0  1108729  141487  1099046  5  0  996  32213  0  154896154057  1873  0  1105122  1105127  5  0  79841  311  0  89  2  79841  0  32213  141487  0  0  3388098015  3993  21360  21347  21347  12.7611887125  
1439219366  0  1121975  142456  1112011  5  0  700  21928  0  156957286299  1873  0  1118087  1118092  5  0  79841  311  0  89  2  79841  0  21928  142456  0  0  2061132242  969  13246  12965  12965  12.6968960984  
1439219376  0  1154333  146866  1144476  5  0  1143  36910  0  161800626419  1873  0  1150552  1150557  5  0  79841  311  0  89  2  79841  0  36910  146866  0  0  4843340120  4410  32358  32465  32465  12.7230184011  
1439219386  0  1178655  152241  1168912  5  1558  1268  41802  1  165517255134  1873  0  1174989  1174994  5  0  79841  311  0  89  2  79841  0  41802  152241  0  0  3716628715  5375  24322  24437  24437  12.9165022844  
1439219396  0  1208728  157287  1198793  5  1558  1274  39652  1  170140352771  1873  0  1204870  1204875  5  0  79841  311  0  89  2  79841  0  39652  157287  0  0  4623097637  5046  30073  29881  29881  13.0126049864  
1439219406  0  1230949  161542  1221126  5  0  1242  40866  0  173181672779  1873  0  1227203  1227208  5  0  79841  311  0  89  2  79841  0  40866  161542  0  0  3041320008  4255  22221  22333  22333  13.1233706677  
1439219416  0  1250561  165874  1240860  5  0  1068  33386  0  175902646691  1873  0  1246937  1246942  5  0  79841  311  0  89  2  79841  0  33386  165874  0  0  2720973912  4332  19612  19734  19734  13.2639671316  
1439219426  0  1266584  167832  1256651  5  0  761  22619  0  178158007069  1873  0  1262728  1262733  5  0  79841  311  0  89  2  79841  0  22619  167832  0  0  2255360378  1958  16023  15791  15791  13.2507595233  
1439219436  0  1290255  170671  1280515  5  1558  896  27004  1  181580097464  1873  0  1286593  1286598  5  0  79841  311  0  89  2  79841  0  27004  170671  0  0  3422090395  2839  23671  23865  23865  13.2276953005  
1439219446  0  1311140  174192  1301437  5  0  1064  33643  0  184510267599  1873  0  1307515  1307520  5  0  79841  311  0  89  2  79841  0  33643  174192  0  0  2930170135  3521  20885  20922  20922  13.2855377763  
1439219456  0  1331324  176637  1321579  5  0  954  30257  0  187445135286  1873  0  1327657  1327662  5  0  79841  311  0  89  2  79841  0  30257  176637  0  0  2934867687  2445  20184  20142  20142  13.2677695287  
1439219466  0  1344282  178258  1334571  5  0  908  28656  0  189439416960  1873  0  1340649  1340654  5  0  79841  311  0  89  2  79841  0  28656  178258  0  0  1994281674  1621  12958  12992  12992  13.2604617186  
1439219476  0  1379583  183580  1369861  5  0  1175  37847  0  194754092949  1873  0  1375939  1375944  5  0  79841  311  0  89  2  79841  0  37847  183580  0  0  5314675989  5322  35301  35290  35290  13.3069195547  
1439219486  0  1396054  186090  1386288  5  0  1132  36466  0  197273717616  1873  0  1392366  1392371  5  0  79841  311  0  89  2  79841  0  36466  186090  0  0  2519624667  2510  16471  16427  16427  13.3297136071  
1439219496  0  1419227  188896  1409346  5  0  1096  34784  0  200635283086  1873  0  1415424  1415429  5  0  79841  311  0  89  2  79841  0  34784  188896  0  0  3361565470  2806  23173  23058  23058  13.3097806059  
1439219506  0  1450825  194498  1441033  5  0  1338  43132  0  205206117747  1873  0  1447111  1447116  5  0  79841  311  0  89  2  79841  0  43132  194498  0  0  4570834661  5602  31598  31687  31687  13.406027605  
1439219516  0  1477585  198681  1467653  5  0  1171  37501  0  208976958651  1873  0  1473731  1473736  5  0  79841  311  0  89  2  79841  0  37501  198681  0  0  3770840904  4183  26760  26620  26620  13.4463330367  
1439219526  0  1505520  204082  1495806  5  0  1179  38512  0  213074631287  1873  0  1501884  1501889  5  0  79841  311  0  89  2  79841  0  38512  204082  0  0  4097672636  5401  27935  28153  28153  13.5555821244  
1439219536  0  1532433  209744  1522387  5  0  1121  35947  0  217078260724  1873  0  1528465  1528470  5  0  79841  311  0  89  2  79841  0  35947  209744  0  0  4003629437  5662  26913  26581  26581  13.6869931671  
1439219546  0  1554811  213418  1544860  5  0  1112  35389  0  220455415084  1873  0  1550938  1550943  5  0  79841  311  0  89  2  79841  0  35389  213418  0  0  3377154360  3674  22378  22473  22473  13.7262985662  
1439219556  0  1569937  216472  1559939  5  0  706  20788  0  222332602020  1873  0  1566017  1566022  5  0  79841  311  0  89  2  79841  0  20788  216472  0  0  1877186936  3054  15126  15079  15079  13.7885787774  
1439219566  0  1578312  217331  1568505  5  0  564  16996  0  223536345415  1873  0  1574583  1574588  5  0  79841  311  0  89  2  79841  0  16996  217331  0  0  1203743395  859  8375  8566  8566  13.7698376493  
1439219576  0  1580070  217415  1570139  5  0  300  8706  0  223816051591  1873  0  1576217  1576222  5  0  79841  311  0  89  2  79841  0  8706  217415  0  0  279706176  84  1758  1634  1634  13.7598334251  
1439219586  0  1580581  217415  1570393  5  0  111  2641  0  223860394353  1873  0  1576471  1576476  5  0  79841  311  0  89  2  79841  0  2641  217415  0  0  44342762  0  511  254  254  13.7553848869  
1439219596  0  1581139  217415  1571173  5  0  73  1383  0  224026450915  1873  0  1577251  1577256  5  0  79841  311  0  89  2  79841  0  1383  217415  0  0  166056562  0  558  780  780  13.750530472  
1439219606  0  1581139  217415  1571173  5  0  39  780  0  224026450915  1873  0  1577251  1577256  5  0  79841  311  0  89  2  79841  0  780  217415  0  0  0  0  0  0  0  13.750530472  
1439219616  0  1581201  217415  1571474  5  0  25  301  0  224083165671  1873  0  1577552  1577557  5  0  79841  311  0  89  2  79841  0  301  217415  0  0  56714756  0  62  301  301  13.7499913041  
1439219626  0  1581201  217415  1571474  5  0  25  301  0  224083165671  1873  0  1577552  1577557  5  0  79841  311  0  89  2  79841  0  301  217415  0  0  0  0  0  0  0  13.7499913041  
1439219636  0  1581201  217415  1571474  5  0  0  0  0  224083165671  1873  0  1577552  1577557  5  0  79841  311  0  89  0  79841  0  0  217415  0  0  0  0  0  0  0  13.7499913041  
1439219646  0  1581201  217415  1571474  5  0  0  0  0  224083165671  1873  0  1577552  1577557  5  0  79841  311  0  89  0  79841  0  0  217415  0  0  0  0  0  0  0  13.7499913041  
1439219656  0  1581201  217415  1571474  5  0  0  0  0  224083165671  1873  0  1577552  1577557  5  0  79841  311  0  89  0  79841  0  0  217415  0  0  0  0  0  0  0  13.7499913041  
1439219666  0  1581201  217415  1571474  5  0  0  0  0  224083165671  1873  0  1577552  1577557  5  0  79841  311  0  89  0  79841  0  0  217415  0  0  0  0  0  0  0  13.7499913041  
1439219676  0  1581201  217415  1571474  5  0  0  0  0  224083165671  1873  0  1577552  1577557  5  0  79841  311  0  89  0  79841  0  0  217415  0  0  0  0  0  0  0  13.7499913041  
