#Type:X;CI:2;ww:0;ca:0;co:0;fr:0;Type:X;CI:2;PI:0;PT:EP;U0:0;U1:0;Type:X;CI:2;PI:1;PT:EP;U0:0;U1:0;
#time  Pp  gt  gs  cn  cm  cb  Nc  Pc  cp  Tc  Nm  pr  ps  pt  px  pd  Pm  Om  fs  ft  Oc  Em  Gp  Ec  Ge  ot  os  Total_cycles_diff  Successful_get_diff  Total_get_diff  succ_put_diff  total_put_diff  get_hit  
1439191288  0  0  0  0  0  0  0  0  0  1370177  0  0  0  0  0  0  0  0  0  21  0  0  0  0  0  46  0  1370177  0  0  0  0  
1439191298  0  0  0  0  0  0  0  0  0  1372728  0  0  0  0  0  0  0  0  0  21  0  0  0  0  0  46  0  2551  0  0  0  0  0 
1439191308  0  0  0  0  0  0  0  0  0  8742586  0  0  0  0  0  0  0  0  0  21  0  0  0  0  0  46  0  7369858  0  0  0  0  0 
1439191318  0  0  0  0  0  0  0  0  0  22959218  0  0  0  0  0  0  0  0  0  21  0  0  0  0  0  46  0  14216632  0  0  0  0  0 
1439191328  0  0  0  0  0  0  0  0  0  41770667  0  0  0  0  0  0  0  0  0  21  0  0  0  0  0  46  0  18811449  0  0  0  0  0 
1439191338  0  12256  0  0  0  0  358  11190  0  181022582  358  0  11190  11190  0  0  11190  272  0  80  272  11190  0  11190  0  46  0  139251915  0  12256  11190  11190  0.0  
1439191348  0  44992  0  0  0  0  660  37041  0  519009337  873  0  44032  44032  0  0  40636  272  0  80  2  40636  0  37041  0  46  0  337986755  0  32736  32842  32842  0.0  
1439191358  0  72736  0  0  0  0  606  31583  0  800249789  873  0  71837  71837  0  0  40636  272  0  80  2  40636  0  31583  0  46  0  281240452  0  27744  27805  27805  0.0  
1439191368  0  106206  1674  0  0  0  918  43486  0  1151317204  1109  0  105525  105525  0  0  54191  272  0  80  29  54191  0  43486  1674  46  0  351067415  1674  33470  33688  33688  1.5761821366  
1439191378  0  126148  4994  0  0  0  546  24703  0  1366476169  1109  0  123391  123391  0  0  54191  272  0  80  4  54191  0  24703  4994  46  0  215158965  3320  19942  17866  17866  3.95884199512  
1439191388  0  145828  6352  0  0  0  713  31348  0  1575252494  1109  0  142835  142835  0  0  54191  272  0  80  4  54191  0  31348  6352  46  0  208776325  1358  19680  19444  19444  4.35581644129  
1439191398  0  176587  9516  0  0  0  939  40360  0  1924583848  1109  0  173768  173768  0  0  54191  272  0  80  3  54191  0  40360  9516  46  0  349331354  3164  30759  30933  30933  5.38884515848  
1439191408  0  202479  16101  0  0  0  955  39244  0  2232069205  1109  0  199597  199597  0  0  54191  272  0  80  4  54191  0  39244  16101  46  0  307485357  6585  25892  25829  25829  7.9519357563  
1439191418  0  229317  24761  0  0  0  997  38607  0  2553318521  1109  0  226476  226476  0  0  54191  272  0  80  3  54191  0  38607  24761  46  0  321249316  8660  26838  26879  26879  10.7977166978  
1439191428  0  254094  31535  0  0  0  989  35504  0  2867795057  1109  0  251292  251292  0  0  54191  272  0  80  3  54191  0  35504  31535  46  0  314476536  6774  24777  24816  24816  12.4107613718  
1439191438  0  269619  34775  0  0  0  809  27702  0  3052221094  1109  0  266684  266684  0  0  54191  272  0  80  4  54191  0  27702  34775  46  0  184426037  3240  15525  15392  15392  12.8978299007  
1439191448  0  289449  39146  0  0  0  783  25823  0  3291434669  1109  0  286492  286492  0  0  54191  272  0  80  2  54191  0  25823  39146  46  0  239213575  4371  19830  19808  19808  13.5243168917  
1439191458  0  305674  42826  0  0  0  887  28580  0  3491094453  1109  0  302738  302738  0  0  54191  272  0  80  38  54191  0  28580  42826  46  0  199659784  3680  16225  16246  16246  14.0103508967  
1439191470  0  332132  48377  0  0  0  990  31212  0  3790487612  1109  0  328705  328705  0  0  54191  272  0  96  179  54191  0  31212  48377  46  0  299393159  5551  26458  25967  25967  14.5655944022  
1439191480  0  357747  54576  0  0  0  1056  38367  0  4101217575  1109  0  354481  354481  0  0  54191  272  0  96  3  54191  0  38367  54576  46  0  310729963  6199  25615  25776  25776  15.2554738405  
1439191490  0  384058  62909  0  0  0  1083  38621  0  4416080964  1132  0  380564  380564  0  0  54191  272  0  96  3  54191  0  38621  62909  46  0  314863389  8333  26311  26083  26083  16.3800780091  
1439191500  0  418333  73813  0  0  0  1185  43274  0  4843517226  1233  0  414921  414921  0  0  54191  272  0  96  4  54191  0  43274  73813  46  0  427436262  10904  34275  34357  34357  17.6445558921  
1439191510  0  437009  80126  0  0  0  995  34535  0  5086637471  1233  0  433719  433719  0  0  54191  272  0  96  3  54191  0  34535  80126  46  0  243120245  6313  18676  18798  18798  18.335091497  
1439191520  0  448521  83100  0  0  0  750  23239  0  5228979675  1233  0  445295  445295  0  0  54191  272  0  96  3  54191  0  23239  83100  46  0  142342204  2974  11512  11576  11576  18.5275605824  
1439191530  0  468802  86356  0  0  0  703  22032  0  5473144967  1233  0  465383  465383  0  0  54191  272  0  96  3  54191  0  22032  86356  46  0  244165292  3256  20281  20088  20088  18.4205698781  
1439191540  0  482377  88496  0  0  0  763  23778  0  5641552135  1233  0  478961  478961  0  0  54191  272  0  96  3  54191  0  23778  88496  46  0  168407168  2140  13575  13578  13578  18.3458166538  
1439191550  0  497948  91217  0  0  0  840  26028  0  5835048206  1233  0  494764  494764  0  0  54191  272  0  96  36  54191  0  26028  91217  46  0  193496071  2721  15571  15803  15803  18.3185794501  
1439191560  0  531968  99439  0  0  0  1188  40054  0  6242882065  1233  0  528466  528466  0  0  54191  272  0  96  40  54191  0  40054  99439  46  0  407833859  8222  34020  33702  33702  18.6926657243  
1439191570  0  555328  107820  0  0  0  1114  38350  0  6548254843  1266  0  552132  552132  0  0  54191  272  0  96  2  54191  0  38350  107820  46  0  305372778  8381  23360  23666  23666  19.4155526103  
1439191580  0  575490  111933  0  0  0  929  29675  0  6784036488  1266  0  572032  572032  0  0  54191  272  0  96  2  54191  0  29675  111933  46  0  235781645  4113  20162  19900  19900  19.4500338842  
1439191590  0  604555  118296  0  0  0  1149  39645  0  7141923109  1266  0  601379  601379  0  0  54191  272  0  96  3  54191  0  39645  118296  46  0  357886621  6363  29065  29347  29347  19.5674504388  
1439191600  0  641633  129916  0  0  0  1290  46740  0  7605378759  1326  0  638439  638439  0  0  54191  272  0  96  3  54191  0  46740  129916  46  0  463455650  11620  37078  37060  37060  20.2477116981  
1439191610  0  657500  134228  0  0  0  879  27432  0  7802261822  1326  0  654141  654141  0  0  54191  272  0  96  3  54191  0  27432  134228  46  0  196883063  4312  15867  15702  15702  20.414904943  
1439191620  0  679758  138768  0  0  0  977  31786  0  8076770036  1326  0  676545  676545  0  0  54191  272  0  96  2  54191  0  31786  138768  46  0  274508214  4540  22258  22404  22404  20.4143239212  
1439191630  0  699833  142713  0  0  0  996  32669  0  8320666478  1326  0  696403  696403  0  0  54191  272  0  96  4  54191  0  32669  142713  46  0  243896442  3945  20075  19858  19858  20.3924364813  
1439191640  0  719850  146379  0  0  0  907  29010  0  8552633851  1326  0  716593  716593  0  0  54191  272  0  96  2  54191  0  29010  146379  46  0  231967373  3666  20017  20190  20190  20.3346530527  
1439191650  0  739353  151018  0  0  0  911  29998  0  8784083971  1326  0  736061  736061  0  0  54191  272  0  96  3  54191  0  29998  151018  46  0  231450120  4639  19503  19468  19468  20.4256965211  
1439191660  0  754492  153224  0  0  0  904  28705  0  8962867605  1326  0  751293  751293  0  0  54191  272  0  96  4  54191  0  28705  153224  46  0  178783634  2206  15139  15232  15232  20.3082338845  
1439191670  0  786133  160785  0  0  0  1088  36467  0  9346689284  1326  0  782846  782846  0  0  54191  272  0  96  5  54191  0  36467  160785  46  0  383821679  7561  31641  31553  31553  20.4526460535  
1439191680  0  822108  170830  0  0  0  1354  48626  0  9791330119  1365  0  818804  818804  0  0  54191  272  0  96  5  54191  0  48626  170830  46  0  444640835  10045  35975  35958  35958  20.7795082884  
1439191690  0  842489  177752  0  0  0  1220  43844  0  10046139926  1396  0  838995  838995  0  0  54191  272  0  96  4  54191  0  43844  177752  46  0  254809807  6922  20381  20191  20191  21.0984357066  
1439191700  0  875364  189666  0  0  0  1094  36782  0  10464926698  1396  0  872163  872163  0  0  54191  272  0  96  3  54191  0  36782  189666  46  0  418786772  11914  32875  33168  33168  21.6671007718  
1439191710  0  897266  196561  0  0  0  1021  34181  0  10729481509  1396  0  893844  893844  0  0  54191  272  0  96  3  54191  0  34181  196561  46  0  264554811  6895  21902  21681  21681  21.906658672  
1439191720  0  926202  202877  0  0  0  1034  35035  0  11085950747  1396  0  923036  923036  0  0  54191  272  0  96  3  54191  0  35035  202877  46  0  356469238  6316  28936  29192  29192  21.9041850482  
1439191730  0  948269  208859  0  0  0  1065  36787  0  11358155289  1396  0  945069  945069  0  0  54191  272  0  96  3  54191  0  36787  208859  46  0  272204542  5982  22067  22033  22033  22.0252902921  
1439191740  0  958448  211206  0  0  0  700  21988  0  11481766489  1396  0  955273  955273  0  0  54191  272  0  96  2  54191  0  21988  211206  46  0  123611200  2347  10179  10204  10204  22.0362502713  
1439191750  0  994472  219481  0  0  0  1106  37082  0  11913107182  1396  0  991035  991035  0  0  54191  272  0  96  2  54191  0  37082  219481  46  0  431340693  8275  36024  35762  35762  22.0701035323  
1439191760  0  1012596  224566  0  0  0  1197  41883  0  12140143417  1396  0  1009279  1009279  0  0  54191  272  0  96  3  54191  0  41883  224566  46  0  227036235  5085  18124  18244  18244  22.1772552923  
1439191770  0  1021310  225758  0  0  0  631  20100  0  12237384964  1396  0  1018024  1018024  0  0  54191  272  0  96  3  54191  0  20100  225758  46  0  97241547  1192  8714  8745  8745  22.1047478239  
1439191780  0  1048266  230162  0  0  0  919  29157  0  12563000208  1396  0  1045022  1045022  0  0  54191  272  0  96  2  54191  0  29157  230162  46  0  325615244  4404  26956  26998  26998  21.956449985  
1439191790  0  1072022  237946  0  0  0  1007  32766  0  12865415741  1396  0  1068819  1068819  0  0  54191  272  0  96  3  54191  0  32766  237946  46  0  302415533  7784  23756  23797  23797  22.195999709  
1439191800  0  1091735  241612  0  0  0  982  33186  0  13091903768  1396  0  1088293  1088293  0  0  54191  272  0  96  2  54191  0  33186  241612  46  0  226488027  3666  19713  19474  19474  22.1310116466  
1439191810  0  1103806  244468  0  0  0  816  26233  0  13235113185  1396  0  1100445  1100445  0  0  54191  272  0  96  2  54191  0  26233  244468  46  0  143209417  2856  12071  12152  12152  22.147732482  
1439191820  0  1128493  249195  0  0  0  848  27924  0  13527715422  1396  0  1125173  1125173  0  0  54191  272  0  96  2  54191  0  27924  249195  46  0  292602237  4727  24687  24728  24728  22.0821041867  
1439191830  0  1150435  254733  0  0  0  1039  35663  0  13798218220  1396  0  1147236  1147236  0  0  54191  272  0  96  3  54191  0  35663  254733  46  0  270502798  5538  21942  22063  22063  22.1423200789  
1439191840  0  1168087  257681  0  0  0  905  29522  0  14011114633  1396  0  1164924  1164924  0  0  54191  272  0  96  3  54191  0  29522  257681  46  0  212896413  2948  17652  17688  17688  22.0600862778  
1439191850  0  1188897  262103  0  0  0  930  31039  0  14258574649  1396  0  1185655  1185655  0  0  54191  272  0  96  3  54191  0  31039  262103  46  0  247460016  4422  20810  20731  20731  22.0458963224  
1439191860  0  1213398  266801  0  0  0  953  33099  0  14545563045  1396  0  1210206  1210206  0  0  54191  272  0  96  3  54191  0  33099  266801  46  0  286988396  4698  24501  24551  24551  21.9879215229  
1439191870  0  1229549  272018  0  0  0  928  31040  0  14739883874  1396  0  1226340  1226340  0  0  54191  272  0  96  2  54191  0  31040  272018  46  0  194320829  5217  16151  16134  16134  22.1233964649  
1439191880  0  1243846  274393  0  0  0  700  21787  0  14911087119  1396  0  1240503  1240503  0  0  54191  272  0  96  2  54191  0  21787  274393  46  0  171203245  2375  14297  14163  14163  22.0600460186  
1439191890  0  1260021  277651  0  0  0  769  24576  0  15102785830  1396  0  1256831  1256831  0  0  54191  272  0  96  2  54191  0  24576  277651  46  0  191698711  3258  16175  16328  16328  22.0354263937  
1439191900  0  1284270  281539  0  0  0  968  33340  0  15385742657  1396  0  1281019  1281019  0  0  54191  272  0  96  3  54191  0  33340  281539  46  0  282956827  3888  24249  24188  24188  21.9221036075  
1439191910  0  1303379  287224  0  0  0  918  30379  0  15610127871  1396  0  1300076  1300076  0  0  54191  272  0  96  2  54191  0  30379  287224  46  0  224385214  5685  19109  19057  19057  22.0368749228  
1439191920  0  1318540  290223  0  0  0  800  25772  0  15782530680  1396  0  1315066  1315066  0  0  54191  272  0  96  3  54191  0  25772  290223  46  0  172402809  2999  15161  14990  14990  22.0109363387  
1439191930  0  1341860  295110  0  0  0  897  29893  0  16061223411  1396  0  1338545  1338545  0  0  54191  272  0  96  2  54191  0  29893  295110  46  0  278692731  4887  23320  23479  23479  21.9926072765  
1439191940  0  1366265  301503  0  0  0  1025  35935  0  16350365231  1396  0  1362877  1362877  0  0  54191  272  0  96  2  54191  0  35935  301503  46  0  289141820  6393  24405  24332  24332  22.0676808672  
1439191951  0  1379733  304774  0  0  0  864  28599  0  16503761329  1396  0  1376478  1376478  0  0  54191  272  0  96  2  54191  0  28599  304774  46  0  153396098  3271  13468  13601  13601  22.0893462721  
1439191961  0  1398230  308443  0  0  0  768  25066  0  16728981052  1396  0  1394866  1394866  0  0  54191  272  0  96  3  54191  0  25066  308443  46  0  225219723  3669  18497  18388  18388  22.0595324088  
1439191971  0  1405580  309776  0  0  0  683  21210  0  16811385306  1396  0  1402202  1402202  0  0  54191  272  0  96  2  54191  0  21210  309776  46  0  82404254  1333  7350  7336  7336  22.0390159223  
1439191981  0  1412040  311434  0  0  0  434  12667  0  16886808036  1396  0  1408204  1408204  0  0  54191  272  0  96  2  54191  0  12667  311434  46  0  75422730  1658  6460  6002  6002  22.0556074899  
1439191991  0  1417624  311695  0  0  0  411  12686  0  16948898402  1396  0  1413877  1413877  0  0  54191  272  0  96  5  54191  0  12686  311695  46  0  62090366  261  5584  5673  5673  21.9871418655  
1439192001  0  1426421  312511  0  0  0  376  11174  0  17040363779  1396  0  1422911  1422911  0  0  54191  272  0  96  7  54191  0  11174  312511  46  0  91465377  816  8797  9034  9034  21.9087492402  
1439192011  0  1428537  312585  0  0  0  357  9967  0  17065958403  1396  0  1425217  1425217  0  0  54191  272  0  96  4  54191  0  9967  312585  46  0  25594624  74  2116  2306  2306  21.8814773436  
