#type:G;
#time  Rt  Nm  Tt  Nc  Rx  Gz  Pc  Pf  Ra  Te  Pm  Fp  Fc  Ta  Fm  Om  Lm  Oc  Sm  Sc  Em  Af  Ea  Cf  Ec  Gd  Zt  Et  Ep  dedup_put_diff  total_eph_put_diff  dedup_factor  dedup_curr  compression_saving  tze_saving  
1438713930  0  0  2571  0  0  0  0  0  0  2497  0  0  0  0  0  0  0  0  0  0  0  0  0  0  0  0  0  0  0  0  0  0 0 0 0 
1438713940  0  0  2580  0  0  0  0  0  0  2497  0  0  0  0  0  0  0  0  0  0  0  0  0  0  0  0  0  0  0  0  0  0 0 0 0 
1438713950  0  0  4144  0  0  0  0  0  0  2597  0  0  0  0  0  0  0  0  0  0  0  0  0  0  0  0  0  0  0  0  0  0 0 0 0 
1438713960  0  232  9219  187  0  0  2686  0  0  2610  3418  0  2686  746  3418  350  0  197  0  0  3418  0  0  0  2686  0  0  0  3418  0  3418  0.0  100.0  0 0 
1438713970  0  232  42655  214  0  0  3084  0  0  2610  3418  0  3084  348  3418  350  0  233  0  0  3418  0  0  0  3084  0  0  0  3816  0  398  0.0  100.0  0 0 
1438713980  0  232  79687  214  0  0  3084  0  0  2610  3418  0  3084  348  3418  350  0  233  0  0  3418  0  0  0  3084  0  0  0  3816  0  0  0.0  100.0  0 0 
1438713990  0  232  157988  212  0  0  4457  0  0  2610  4457  0  4457  0  4457  350  0  128  0  0  4457  0  0  0  4457  0  0  0  6556  0  2740  0.0  100.0  0 0 
1438714000  0  279  198737  279  0  0  5714  0  0  2610  5714  0  5714  0  5714  350  0  176  0  0  5714  0  0  0  5714  0  0  0  7816  0  1260  0.0  100.0  0 0 
1438714010  0  613  243856  613  0  0  17592  0  0  2610  17592  0  17592  0  17592  361  0  361  0  0  17592  0  0  0  17592  0  0  0  22874  0  15058  0.0  100.0  0 0 
1438714020  0  937  289960  937  0  0  27533  0  0  2610  27533  0  27533  0  27533  517  0  517  0  0  27533  0  0  0  27533  0  0  0  39072  0  16198  0.0  100.0  0 0 
1438714030  0  1091  334259  1089  0  0  32478  0  0  2610  32521  0  32478  44  32521  585  0  585  0  0  32521  0  0  0  32478  0  0  0  52693  0  13621  0.0  100.0  0 0 
1438714040  0  1167  372391  1163  0  0  34763  0  0  2610  34897  0  34763  137  34897  655  0  653  0  0  34897  0  0  0  34763  0  0  0  65224  0  12531  0.0  100.0  0 0 
1438714050  0  1352  413292  1352  0  0  40054  0  0  2610  40055  0  40054  1  40055  750  0  750  0  0  40055  0  0  0  40054  0  0  0  79295  0  14071  0.0  100.0  0 0 
1438714060  0  1488  454640  1486  0  0  44363  0  0  2610  44431  0  44363  68  44431  830  0  828  0  0  44431  0  0  0  44363  0  0  0  92403  0  13108  0.0  100.0  0 0 
1438714070  0  1603  498940  1577  0  0  48565  0  0  2610  49013  0  48565  454  49013  877  0  859  0  0  49012  0  0  0  48565  0  0  0  106523  0  14120  0.0  100.0  0 0 
1438714080  0  1619  538245  1608  0  0  49205  0  0  2610  49536  0  49205  333  49536  884  0  875  0  0  49536  0  0  0  49205  0  0  0  117561  0  11038  0.0  100.0  0 0 
1438714090  0  1675  575041  1641  0  0  49659  0  0  2610  50619  0  49659  977  50619  916  0  877  0  0  50619  0  0  0  49659  0  0  0  128357  0  10796  0.0  100.0  0 0 
1438714100  0  1675  611248  1654  0  0  49570  0  0  2610  50619  0  49570  1071  50619  916  0  882  0  0  50619  0  0  0  49570  0  0  0  139874  0  11517  0.0  100.0  0 0 
1438714110  0  1675  647391  1657  0  0  49634  0  0  2610  50619  0  49634  1008  50619  916  0  888  0  0  50619  0  0  0  49634  0  0  0  150085  0  10211  0.0  100.0  0 0 
1438714120  0  1730  680256  1729  0  0  51223  0  0  2610  51268  0  51223  45  51268  930  0  929  0  0  51268  0  0  0  51223  0  0  0  159930  0  9845  0.0  100.0  0 0 
1438714130  0  1746  712994  1702  0  0  51164  0  0  2610  51748  0  51164  585  51748  939  0  904  0  0  51748  0  0  0  51164  0  0  0  168780  0  8850  0.0  100.0  0 0 
1438714140  0  1746  751129  1655  0  0  49561  0  0  2610  51748  0  49561  2213  51748  939  0  874  0  0  51748  0  0  0  49561  0  0  0  178878  0  10098  0.0  100.0  0 0 
1438714150  0  1746  777813  1654  0  0  49245  0  0  2610  51748  0  49245  2540  51748  939  0  879  0  0  51748  0  0  0  49245  0  0  0  186147  0  7269  0.0  100.0  0 0 
1438714160  0  1746  812309  1690  0  0  49813  0  0  2610  51748  0  49813  1979  51748  939  0  895  0  0  51748  0  0  0  49813  0  0  0  196353  0  10206  0.0  100.0  0 0 
1438714170  0  1746  846558  1694  0  0  49466  0  0  2610  51748  0  49466  2341  51748  939  0  890  0  0  51748  0  0  0  49466  0  0  0  204850  0  8497  0.0  100.0  0 0 
1438714180  0  1746  880309  1682  0  0  49798  0  0  2610  51748  0  49798  1992  51748  939  0  907  0  0  51748  0  0  0  49798  0  0  0  215114  0  10264  0.0  100.0  0 0 
1438714190  0  1753  915384  1747  0  0  51036  0  0  2610  51748  0  51036  721  51748  939  0  924  0  0  51748  0  0  0  51036  0  0  0  225751  0  10637  0.0  100.0  0 0 
1438714200  0  1753  943178  1724  0  0  51091  0  0  2610  51748  0  51091  666  51748  939  0  905  0  0  51748  0  0  0  51091  0  0  0  233797  0  8046  0.0  100.0  0 0 
1438714210  0  1753  980801  1687  0  0  51184  0  0  2610  51748  0  51184  567  51748  939  0  877  0  0  51748  0  0  0  51184  0  0  0  244947  0  11150  0.0  100.0  0 0 
1438714220  0  1753  1011002  1693  0  0  51604  0  0  2610  52115  0  51604  513  52115  939  0  884  0  0  52115  0  0  0  51604  0  0  0  253635  0  8688  0.0  100.0  0 0 
1438714230  0  1753  1043228  1673  0  0  50047  0  0  2610  52115  0  50047  2076  52115  939  0  897  0  0  52115  0  0  0  50047  0  0  0  262063  0  8428  0.0  100.0  0 0 
1438714240  0  1753  1080093  1666  0  0  49104  0  0  2610  52115  0  49104  3035  52115  939  0  898  0  0  52115  0  0  0  49104  0  0  0  272673  0  10610  0.0  100.0  0 0 
1438714250  0  1753  1103479  1674  0  0  49961  0  0  2610  52115  0  49961  2178  52115  939  0  897  0  0  52115  0  0  0  49961  0  0  0  278937  0  6264  0.0  100.0  0 0 
1438714260  0  1753  1135078  1682  0  0  50732  0  0  2610  52115  0  50732  1407  52115  939  0  885  0  0  52115  0  0  0  50732  0  0  0  288452  0  9515  0.0  100.0  0 0 
1438714270  0  1753  1166411  1665  0  0  50484  0  0  2610  52115  0  50484  1662  52115  939  0  872  0  0  52115  0  0  0  50484  0  0  0  297294  0  8842  0.0  100.0  0 0 
1438714280  0  1753  1202684  1602  0  0  47945  0  0  2610  52115  0  47945  4205  52115  939  0  867  0  0  52115  0  0  0  47945  0  0  0  306255  0  8961  0.0  100.0  0 0 
1438714290  0  1753  1234283  1636  0  0  47737  0  0  2610  52115  0  47737  4413  52115  939  0  890  0  0  52115  0  0  0  47737  0  0  0  315736  0  9481  0.0  100.0  0 0 
1438714300  0  1753  1263406  1654  0  0  48711  0  0  2610  52115  0  48711  3441  52115  939  0  893  0  0  52115  0  0  0  48711  0  0  0  323932  0  8196  0.0  100.0  0 0 
1438714310  0  1753  1300233  1670  0  0  48312  0  0  2610  52115  0  48312  3847  52115  939  0  902  0  0  52115  0  0  0  48312  0  0  0  334004  0  10072  0.0  100.0  0 0 
1438714320  0  1753  1331847  1648  0  0  48345  0  0  2610  52115  0  48345  3819  52115  939  0  883  0  0  52115  0  0  0  48345  0  0  0  342808  0  8804  0.0  100.0  0 0 
1438714330  0  1753  1364248  1665  0  0  48703  0  0  2610  52115  0  48703  3465  52115  939  0  878  0  0  52115  0  0  0  48703  0  0  0  351454  0  8646  0.0  100.0  0 0 
1438714340  0  1753  1390942  1660  0  0  49212  0  0  2610  52115  0  49212  2958  52115  939  0  884  0  0  52115  0  0  0  49212  0  0  0  358549  0  7095  0.0  100.0  0 0 
1438714350  0  1753  1420222  1675  0  0  50137  0  0  2610  52115  0  50137  2024  52115  939  0  878  0  0  52115  0  0  0  50137  0  0  0  368258  0  9709  0.0  100.0  0 0 
1438714360  0  1753  1445159  1722  0  0  51913  0  0  2610  52178  0  51913  265  52178  939  0  898  0  0  52178  0  0  0  51913  0  0  0  375457  0  7199  0.0  100.0  0 0 
1438714370  0  1753  1473595  1704  0  0  52336  0  0  2610  53237  0  52336  901  53237  939  0  893  0  0  53237  0  0  0  52336  0  0  0  383131  0  7674  0.0  100.0  0 0 
1438714380  0  1753  1501656  1726  0  0  52798  0  0  2610  53308  0  52798  516  53308  939  0  905  0  0  53308  0  0  0  52798  0  0  0  390806  0  7675  0.0  100.0  0 0 
1438714390  0  1804  1533901  1787  0  0  54181  0  0  2610  54558  0  54181  377  54558  939  0  925  0  0  54558  0  0  0  54181  0  0  0  400533  0  9727  0.0  100.0  0 0 
1438714400  0  1804  1557603  1748  0  0  53617  0  0  2610  54558  0  53617  942  54558  939  0  897  0  0  54558  0  0  0  53617  0  0  0  406513  0  5980  0.0  100.0  0 0 
1438714410  0  1804  1589703  1693  0  0  52061  0  0  2610  54558  0  52061  2515  54558  939  0  904  0  0  54558  0  0  0  52061  0  0  0  415477  0  8964  0.0  100.0  0 0 
1438714420  0  1804  1623188  1717  0  0  53081  0  0  2610  54558  0  53081  1480  54558  939  0  898  0  0  54558  0  0  0  53081  0  0  0  426083  0  10606  0.0  100.0  0 0 
1438714430  0  1804  1646549  1745  0  0  53980  0  0  2610  54558  0  53980  581  54558  939  0  895  0  0  54558  0  0  0  53980  0  0  0  432449  0  6366  0.0  100.0  0 0 
1438714441  0  1836  1677289  1824  0  0  54795  0  0  2610  55238  0  54795  447  55238  951  0  944  0  0  55238  0  0  0  54795  0  0  0  441797  0  9348  0.0  100.0  0 0 
1438714451  0  1836  1702728  1776  0  0  54032  0  0  2610  55238  0  54032  1215  55238  951  0  917  0  0  55238  0  0  0  54032  0  0  0  447898  0  6101  0.0  100.0  0 0 
1438714461  0  1836  1735211  1803  0  0  54104  0  0  2610  55238  0  54104  1153  55238  951  0  943  0  0  55238  0  0  0  54104  0  0  0  458042  0  10144  0.0  100.0  0 0 
1438714471  0  1836  1768447  1769  0  0  53718  0  0  2610  55238  0  53718  1541  55238  951  0  912  0  0  55238  0  0  0  53718  0  0  0  467004  0  8962  0.0  100.0  0 0 
1438714481  0  1836  1792645  1739  0  0  52617  0  0  2610  55238  0  52617  2648  55238  951  0  908  0  0  55238  0  0  0  52617  0  0  0  473053  0  6049  0.0  100.0  0 0 
1438714491  0  1836  1813019  1736  0  0  52461  0  0  2610  55238  0  52461  2806  55238  951  0  909  0  0  55238  0  0  0  52461  0  0  0  478799  0  5746  0.0  100.0  0 0 
1438714501  0  1836  1842710  1702  0  0  52294  0  0  2610  55238  0  52294  2985  55238  951  0  886  0  0  55238  0  0  0  52294  0  0  0  487137  0  8338  0.0  100.0  0 0 
1438714511  0  1836  1870185  1740  0  0  51822  0  0  2610  55238  0  51822  3460  55238  951  0  916  0  0  55238  0  0  0  51822  0  0  0  494561  0  7424  0.0  100.0  0 0 
1438714521  0  1836  1903480  1730  0  0  51401  0  0  2610  55238  0  51401  3883  55238  951  0  915  0  0  55238  0  0  0  51401  0  0  0  503341  0  8780  0.0  100.0  0 0 
1438714531  0  1836  1931795  1722  0  0  53390  0  0  2610  55238  0  53390  1896  55238  951  0  895  0  0  55238  0  0  0  53390  0  0  0  511923  0  8582  0.0  100.0  0 0 
1438714541  0  1836  1957245  1761  0  0  53833  0  0  2610  55238  0  53833  1444  55238  951  0  901  0  0  55238  0  0  0  53833  0  0  0  519204  0  7281  0.0  100.0  0 0 
1438714551  0  1836  1990852  1714  0  0  52368  0  0  2610  55238  0  52368  2908  55238  951  0  891  0  0  55238  0  0  0  52368  0  0  0  529346  0  10142  0.0  100.0  0 0 
1438714561  0  1836  2021472  1680  0  0  50854  0  0  2610  55238  0  50854  4427  55238  951  0  895  0  0  55238  0  0  0  50854  0  0  0  538078  0  8732  0.0  100.0  0 0 
1438714571  0  1836  2044437  1675  0  0  49803  0  0  2610  55238  0  49803  5482  55238  951  0  897  0  0  55238  0  0  0  49803  0  0  0  543684  0  5606  0.0  100.0  0 0 
1438714581  0  1836  2074176  1678  0  0  50269  0  0  2610  55238  0  50269  5018  55238  951  0  891  0  0  55238  0  0  0  50269  0  0  0  552089  0  8405  0.0  100.0  0 0 
