#Type:X;CI:1;ww:0;ca:0;co:1;fr:0;Type:X;CI:1;PI:0;PT:EP;U0:0;U1:0;
#time  Pp  gt  gs  cn  cm  cb  Nc  Pc  cp  Tc  Nm  pr  ps  pt  px  pd  Pm  Om  fs  ft  Oc  Em  Gp  Ec  Ge  ot  os  Total_cycles_diff  Successful_get_diff  Total_get_diff  succ_put_diff  total_put_diff  get_hit  
1438614595  0  0  0  0  0  0  0  0  0  2263420  0  0  0  0  0  0  0  0  0  21  0  0  0  0  0  46  0  2263420  0  0  0  0  
1438614605  0  0  0  0  0  0  0  0  0  2263420  0  0  0  0  0  0  0  0  0  21  0  0  0  0  0  46  0  0  0  0  0  0  0 
1438614615  0  27852  0  25150  5  6546124  702  27997  2847  3603331276  702  0  27997  28002  5  0  27997  274  0  54  274  27997  0  27997  0  46  0  3601067856  0  27852  27997  28002  0.0  
1438614625  0  125632  0  122252  5  1948783  1880  86027  825  16709450638  1910  0  125924  125929  5  0  86925  274  0  54  30  86925  0  86027  0  46  0  13106119362  0  97780  97927  97927  0.0  
1438614635  0  231474  5914  227949  5  32154  2198  85437  20  31380975128  2206  0  231641  231646  5  0  86925  274  0  54  3  86925  0  85437  5914  46  0  14671524490  5914  105842  105717  105717  2.55493057536  
1438614645  0  342507  52386  336988  5  235977  2236  85905  125  45631366244  2249  0  340806  340808  5  0  86925  274  0  54  4  86925  0  85905  52386  46  0  14250391116  46472  111033  109165  109162  15.2948698859  
1438614655  0  451721  93739  445088  5  2234175  2271  86157  904  59598677121  2351  0  449843  449845  5  0  86925  274  0  64  174  86925  0  86157  93739  46  0  13967310877  41353  109214  109037  109037  20.7515258312  
1438614665  0  573625  146389  566997  5  73696  2177  85674  27  75553599709  2351  0  571788  571787  5  0  86925  274  0  64  4  86925  0  85674  146389  46  0  15954922588  52650  121904  121945  121942  25.519982567  
1438614675  0  692169  200905  685339  5  0  2228  85792  0  90643299239  2351  0  690132  690128  5  0  86925  274  0  64  2  86925  0  85792  200905  46  0  15089699530  54516  118544  118344  118341  29.0254258714  
1438614685  0  804393  250774  797222  5  1154281  2251  85986  433  105685159748  2351  0  802451  802444  5  0  86925  274  0  64  37  86925  0  85986  250774  46  0  15041860509  49869  112224  112319  112316  31.1755572214  
1438614695  0  918341  300201  911225  5  114597  2232  85803  40  120875016397  2351  0  916500  916492  5  0  86925  274  0  64  3  86925  0  85803  300201  46  0  15189856649  49427  113948  114049  114048  32.6894911585  
1438614705  0  1037899  349636  1030619  5  84981  2265  85891  32  137024397699  2351  0  1035927  1035917  5  0  86925  274  0  64  3  86925  0  85891  349636  46  0  16149381302  49435  119558  119427  119425  33.6869001704  
1438614715  0  1143795  391647  1136633  5  0  2230  85889  0  151512863234  2351  0  1141943  1141930  5  0  86925  274  0  64  2  86925  0  85889  391647  46  0  14488465535  42011  105896  106016  106013  34.2410134683  
1438614725  0  1241764  429233  1234559  5  159149  2233  85940  60  165412334274  2351  0  1239943  1239927  5  0  86925  274  0  64  4  86925  0  85940  429233  46  0  13899471040  37586  97969  98000  97997  34.5663910373  
1438614735  0  1364187  480197  1356623  5  541854  2289  85883  203  182081492767  2351  0  1362233  1362214  5  0  86925  274  0  64  5  86925  0  85883  480197  46  0  16669158493  50964  122423  122290  122287  35.2002328127  
1438614745  0  1466927  521533  1459281  5  0  2279  85822  0  196122180335  2351  0  1464891  1464872  5  0  86925  274  0  64  2  86925  0  85822  521533  46  0  14040687568  41336  102740  102658  102658  35.5527575673  
1438614755  0  1578090  568320  1570476  5  106867  2237  85878  38  210966092074  2351  0  1576129  1576108  5  0  86925  274  0  64  4  86925  0  85878  568320  46  0  14843911739  46787  111163  111238  111236  36.0131551432  
1438614765  0  1680697  607677  1673035  5  47792  2242  85916  17  225080806878  2351  0  1678692  1678669  5  0  86925  274  0  64  3  86925  0  85916  607677  46  0  14114714804  39357  102607  102563  102561  36.1562494608  
1438614775  0  1806758  664528  1799112  5  0  2224  85906  0  241987335575  2351  0  1804772  1804748  5  0  86925  274  0  64  2  86925  0  85906  664528  46  0  16906528697  56851  126061  126080  126079  36.7801332553  
1438614785  0  1911795  707803  1903934  5  91013  2270  85733  37  256410007392  2351  0  1909662  1909636  5  0  86925  274  0  64  5  86925  0  85733  707803  46  0  14422671817  43275  105037  104890  104888  37.022954867  
1438614795  0  2018122  755195  2009941  5  904786  2262  86011  358  270973778882  2351  0  2016031  2016003  5  0  86925  274  0  64  6  86925  0  86011  755195  46  0  14563771490  47392  106327  106369  106367  37.4206812076  
1438614805  0  2144717  807136  2136743  5  0  2235  85922  0  287951301680  2351  0  2142840  2142810  5  0  86925  274  0  64  2  86925  0  85922  807136  46  0  16977522798  51941  126595  126809  126807  37.6336831386  
1438614815  0  2248543  847098  2240511  5  0  2206  85928  0  302022825358  2351  0  2246612  2246580  5  0  86925  274  0  64  2  86925  0  85928  847098  46  0  14071523678  39962  103826  103772  103770  37.673195487  
1438614825  0  2351181  892708  2343134  5  152916  2228  85963  51  315935872577  2351  0  2349287  2349254  5  0  86925  274  0  64  4  86925  0  85963  892708  46  0  13913047219  45610  102638  102675  102674  37.9684932806  
1438614835  0  2478188  949420  2469961  5  337933  2255  85978  150  332705335376  2351  0  2476266  2476227  5  0  86925  274  0  64  5  86925  0  85978  949420  46  0  16769462799  56712  127007  126979  126973  38.311056304  
1438614845  0  2584268  992864  2576236  5  0  2212  85926  0  347182058534  2351  0  2582544  2582502  5  0  86925  274  0  64  2  86925  0  85926  992864  46  0  14476723158  43444  106080  106278  106275  38.4195447221  
1438614855  0  2682139  1030105  2673578  5  633222  2226  86021  240  360891174884  2351  0  2680127  2680084  5  0  86925  274  0  64  4  86925  0  86021  1030105  46  0  13709116350  37241  97871  97583  97582  38.4061005041  
1438614865  0  2799297  1079865  2790662  5  445428  2255  86014  184  376744537953  2351  0  2797402  2797355  5  0  86925  274  0  64  5  86925  0  86014  1079865  46  0  15853363069  49760  117158  117275  117271  38.5762925477  
1438614875  0  2907637  1122414  2899004  5  45421  2273  85893  17  391529915477  2351  0  2905764  2905715  5  0  86925  274  0  64  5  86925  0  85893  1122414  46  0  14785377524  42549  108340  108362  108360  38.6022739427  
1438614885  0  3010730  1165253  3001993  5  0  2243  85920  0  405705417154  2351  0  3008757  3008707  5  0  86925  274  0  64  2  86925  0  85920  1165253  46  0  14175501677  42839  103093  102993  102992  38.7033377287  
1438614895  0  3110229  1205803  3101390  5  258967  2209  85986  97  419725245670  2351  0  3108297  3108245  5  0  86925  274  0  64  5  86925  0  85986  1205803  46  0  14019828516  40550  99499  99540  99538  38.7689459522  
1438614905  0  3227420  1257042  3218357  5  271388  2254  85963  122  435828068460  2351  0  3225419  3225363  5  0  86925  274  0  64  5  86925  0  85963  1257042  46  0  16102822790  51239  117191  117122  117118  38.9488198003  
1438614915  0  3339368  1305484  3330184  5  559833  2224  85992  211  451111692205  2351  0  3337460  3337401  5  0  86925  274  0  64  4  86925  0  85992  1305484  46  0  15283623745  48442  111948  112041  112038  39.0937446846  
1438614925  0  3447223  1349741  3437909  5  0  2224  85905  0  465846354275  2351  0  3445188  3445127  5  0  86925  274  0  64  2  86925  0  85905  1349741  46  0  14734662070  44257  107855  107728  107726  39.1544440264  
1438614935  0  3563971  1397678  3554547  5  477319  2201  86022  196  481714983393  2351  0  3562041  3561977  5  0  86925  274  0  64  5  86925  0  86022  1397678  46  0  15868629118  47937  116748  116853  116850  39.216873538  
1438614945  0  3674628  1443245  3665259  5  19248  2238  85909  7  496525733325  2351  0  3672764  3672697  5  0  86925  274  0  64  4  86925  0  85909  1443245  46  0  14810749932  45567  110657  110723  110720  39.275948477  
1438614955  0  3788110  1492028  3778617  5  0  2211  85943  0  511626395578  2351  0  3786124  3786055  5  0  86925  274  0  64  2  86925  0  85943  1492028  46  0  15100662253  48783  113482  113360  113358  39.3871350093  
1438614965  0  3894262  1532008  3884728  5  346104  2217  86008  143  526099105270  2351  0  3892412  3892340  5  0  86925  274  0  64  4  86925  0  86008  1532008  46  0  14472709692  39980  106152  106288  106285  39.3401368475  
1438614975  0  4007329  1580127  3997587  5  571031  2205  85965  222  541379803656  2351  0  4005522  4005447  5  0  86925  274  0  64  6  86925  0  85965  1580127  46  0  15280698386  48119  113067  113110  113107  39.4309276828  
1438614985  0  4120991  1628736  4111108  5  0  2196  85920  0  556520686113  2351  0  4119049  4118972  5  0  86925  274  0  64  2  86925  0  85920  1628736  46  0  15140882457  48609  113662  113527  113525  39.5229205791  
1438614995  0  4219700  1668623  4209726  5  1677  2242  85792  4  570203266673  2351  0  4217694  4217613  5  0  86925  274  0  64  3  86925  0  85792  1668623  46  0  13682580560  39887  98709  98645  98641  39.5436405432  
1438615005  0  4335143  1713340  4325026  5  393376  2238  85878  146  586209676630  2351  0  4333195  4333112  5  0  86925  274  0  64  5  86925  0  85878  1713340  46  0  16006409957  44717  115443  115501  115499  39.5221103433  
1438615015  0  4440153  1752938  4430061  5  0  2238  85917  0  600565430880  2351  0  4438233  4438149  5  0  86925  274  0  64  2  86925  0  85917  1752938  46  0  14355754250  39598  105010  105038  105037  39.4792251528  
1438615025  0  4549326  1803348  4539180  5  261735  2267  85985  102  615145726691  2351  0  4547459  4547372  5  0  86925  274  0  64  3  86925  0  85985  1803348  46  0  14580295811  50410  109173  109226  109223  39.6398939096  
1438615035  0  4664495  1850587  4654146  5  698477  2247  86017  284  630760120048  2351  0  4662739  4662648  5  0  86925  274  0  64  6  86925  0  86017  1850587  46  0  15614393357  47239  115169  115280  115276  39.6738982462  
1438615045  0  4771400  1895516  4760953  5  72183  2248  85915  26  645438467736  2351  0  4769575  4769481  5  0  86925  274  0  64  5  86925  0  85915  1895516  46  0  14678347688  44929  106905  106836  106833  39.7266211175  
1438615055  0  4878523  1936396  4867859  5  0  2282  85932  0  660173887332  2351  0  4876487  4876392  5  0  86925  274  0  64  2  86925  0  85932  1936396  46  0  14735419596  40880  107123  106912  106911  39.692259317  
1438615065  0  4996164  1988064  4985521  5  26960  2236  85961  8  676215634925  2351  0  4994161  4994063  5  0  86925  274  0  64  3  86925  0  85961  1988064  46  0  16041747593  51668  117641  117674  117671  39.7918082753  
1438615075  0  5106280  2033497  5095595  5  467099  2262  86011  194  691219416546  2351  0  5104430  5104329  5  0  86925  274  0  64  5  86925  0  86011  2033497  46  0  15003781621  45433  110116  110269  110266  39.8234526896  
1438615085  0  5216869  2081692  5205974  5  63695  2282  85958  26  705758867258  2351  0  5214840  5214736  5  0  86925  274  0  64  4  86925  0  85958  2081692  46  0  14539450712  48195  110589  110410  110407  39.9030912986  
1438615095  0  5322687  2125656  5311606  5  581165  2236  85987  219  720067115360  2351  0  5320699  5320594  5  0  86925  274  0  64  4  86925  0  85987  2125656  46  0  14308248102  43964  105818  105859  105858  39.9357692834  
1438615105  0  5443436  2178433  5432272  5  524573  2243  86023  215  736450723024  2351  0  5441584  5441476  5  0  86925  274  0  64  5  86925  0  86023  2178433  46  0  16383607664  52777  120749  120885  120882  40.0194472756  
1438615116  0  5552659  2224959  5541437  5  4353  2253  85898  2  751387605183  2351  0  5550755  5550642  5  0  86925  274  0  64  3  86925  0  85898  2224959  46  0  14936882159  46526  109223  109171  109166  40.0701537768  
1438615126  0  5665805  2274492  5654682  5  0  2282  85940  0  767071113879  2351  0  5664003  5663888  5  0  86925  274  0  64  2  86925  0  85940  2274492  46  0  15683508696  49533  113146  113248  113246  40.1441983972  
1438615136  0  5781018  2321225  5769464  5  526188  2301  86021  218  783184095014  2351  0  5779053  5778932  5  0  86925  274  0  64  5  86925  0  86021  2321225  46  0  16112981135  46733  115213  115050  115044  40.1525302291  
1438615146  0  5887468  2366986  5875801  5  236876  2302  85950  95  798142884264  2351  0  5885459  5885334  5  0  86925  274  0  64  5  86925  0  85950  2366986  46  0  14958789250  45761  106450  106406  106402  40.2038023816  
1438615156  0  5996603  2413277  5984757  5  543838  2257  85950  205  813267829483  2351  0  5994622  5994496  5  0  86925  274  0  64  4  86925  0  85950  2413277  46  0  15124945219  46291  109135  109163  109162  40.2440681833  
1438615166  0  6101558  2451004  6089671  5  201830  2323  85970  73  828390421627  2351  0  6099642  6099513  5  0  86925  274  0  64  4  86925  0  85970  2451004  46  0  15122592144  37727  104955  105020  105017  40.1701335954  
1438615176  0  6211089  2497564  6198813  5  400024  2236  85879  173  843676712132  2355  0  6208961  6208830  5  0  86925  274  0  64  5  86925  0  85879  2497564  46  0  15286290505  46560  109531  109319  109317  40.211370341  
1438615186  0  6316867  2539876  6304710  5  0  2255  85834  0  858491588893  2355  0  6314860  6314728  5  0  86925  274  0  64  2  86925  0  85834  2539876  46  0  14814876761  42312  105778  105899  105898  40.2078435402  
1438615196  0  6417879  2579449  6405660  5  0  2281  85827  0  872829562768  2355  0  6415814  6415677  5  0  86925  274  0  64  2  86925  0  85827  2579449  46  0  14337973875  39573  101012  100954  100949  40.1916115901  
1438615206  0  6525652  2618094  6513208  5  365881  2286  85946  162  887942546764  2355  0  6523612  6523474  5  0  86925  274  0  64  5  86925  0  85946  2618094  46  0  15112983996  38645  107773  107798  107797  40.1200370476  
1438615216  0  6633853  2665313  6621113  5  644587  2268  85961  244  902890703589  2355  0  6631764  6631623  5  0  86925  274  0  64  4  86925  0  85961  2665313  46  0  14948156825  47219  108201  108152  108149  40.1774504198  
1438615226  0  6745620  2712924  6732921  5  17562  2257  85910  6  918181734272  2355  0  6743581  6743436  5  0  86925  274  0  64  5  86925  0  85910  2712924  46  0  15291030683  47611  111767  111817  111813  40.2175633967  
