#Type:X;CI:1;ww:0;ca:0;co:1;fr:0;Type:X;CI:1;PI:0;PT:EP;U0:0;U1:0;Type:X;CI:1;PI:1;PT:EP;U0:0;U1:0;
#time  Pp  gt  gs  cn  cm  cb  Nc  Pc  cp  Tc  Nm  pr  ps  pt  px  pd  Pm  Om  fs  ft  Oc  Em  Gp  Ec  Ge  ot  os  Total_cycles_diff  Successful_get_diff  Total_get_diff  succ_put_diff  total_put_diff  get_hit  
1439889257  0  0  0  0  0  0  0  0  0  1417899  0  0  0  0  0  0  0  0  0  21  0  0  0  0  0  46  0  1417899  0  0  0  0  
1439889267  0  0  0  0  0  0  0  0  0  1419363  0  0  0  0  0  0  0  0  0  21  0  0  0  0  0  46  0  1464  0  0  0  0  0 
1439889277  0  541  329  13  5  6228283  176  2630  2624  254299487  233  0  3405  3410  5  0  3405  351  0  109  183  3405  0  2630  329  8629  128  252880124  329  541  3405  3410  60.8133086876  
1439889287  0  592  380  13  5  6084643  176  2579  2573  260407741  233  0  3405  3410  5  0  3405  351  0  109  183  3405  0  2579  380  8629  128  6108254  51  51  0  0  64.1891891892  
1439889297  0  592  380  37  19  6354848  169  2657  2627  347888652  233  0  3811  3830  19  0  3405  351  0  14499  161  3405  0  2657  380  8726  176  87480911  0  0  406  420  64.1891891892  
1439889307  0  592  380  37  19  6051494  152  2509  2479  381027281  233  0  3862  3881  19  0  3405  351  0  37137  128  3405  0  2509  380  8814  211  33138629  0  0  51  51  64.1891891892  
1439889317  0  592  380  37  19  4518371  112  1870  1840  417420315  233  0  3889  3908  19  0  3405  351  0  69369  78  3405  0  1870  380  9374  273  36393034  0  0  27  27  64.1891891892  
1439889327  0  615  380  42  20  6365115  109  2606  2571  644193442  233  0  4675  4695  20  0  3405  351  0  88266  63  3405  0  2606  380  10725  291  226773127  0  23  786  787  61.7886178862  
1439889337  0  676  399  42  20  6309254  108  2587  2552  668267230  233  0  4675  4695  20  0  3405  351  0  113190  63  3405  0  2587  399  11431  291  24073788  19  61  0  0  59.0236686391  
1439889347  0  847  538  42  20  5889658  109  2436  2401  697632718  233  0  4680  4700  20  0  3405  351  0  132095  59  3405  0  2436  538  11950  296  29365488  139  171  5  5  63.5182998819  
1439889357  0  1054  601  42  20  5761633  106  2375  2340  707065153  233  0  4682  4702  20  0  3405  351  0  157862  55  3405  0  2375  601  12882  296  9432435  63  207  2  2  57.0208728653  
1439889367  0  15108  606  42  20  5835681  215  4092  4057  784714738  233  0  6405  6425  20  0  4092  351  0  170071  151  4092  0  4092  606  13547  297  77649585  5  14054  1723  1723  4.01111993646  
1439889377  0  29247  606  42  20  5932488  329  5862  5827  865834434  329  0  8175  8195  20  0  5862  351  0  182258  260  5862  0  5862  606  14133  297  81119696  0  14139  1770  1770  2.07200738537  
1439889388  0  44111  606  42  20  6020654  430  7466  7431  926060068  430  0  9779  9799  20  0  7466  357  0  195115  357  7466  0  7466  606  14492  297  60225634  0  14864  1604  1604  1.37380698692  
1439889398  0  61561  606  42  20  6128551  593  10205  10170  987600860  593  0  12518  12538  20  0  10205  519  0  209740  519  10205  0  10205  606  15292  297  61540792  0  17450  2739  2739  0.984389467358  
1439889408  0  83618  606  42  22  7408818  1556  31301  31266  1614320334  1556  0  33614  33636  22  0  31301  1400  0  210675  1400  31301  0  31301  606  15676  297  626719474  0  22057  21096  21098  0.724724341649  
1439889418  0  106869  606  42  22  8313031  2563  54481  54446  2212805231  2563  0  56794  56816  22  0  54481  2313  0  210771  2313  54481  0  54481  606  16680  297  598484897  0  23251  23180  23180  0.567049378211  
1439889428  0  131018  606  42  22  9334357  3623  79061  79026  2903284144  3623  0  81374  81396  22  0  79061  3274  0  210946  3274  79061  0  79061  606  17053  297  690478913  0  24149  24580  24580  0.46253186585  
1439889438  0  144036  625  42  22  9821828  4180  91786  91751  3276258445  4180  0  94353  94375  22  0  91786  3789  0  211015  3789  91786  0  91786  625  17522  307  372974301  19  13018  12979  12979  0.433919297953  
1439889448  0  152962  648  42  22  9862693  4234  93689  93654  3514176618  4477  0  103219  103241  22  0  98893  4063  0  211047  3848  98893  0  93689  648  17820  589  237918173  23  8926  8866  8866  0.423634628208  
1439889458  0  172823  667  42  22  10114732  4526  101187  101152  4095288946  4708  0  123056  123078  22  0  104827  4273  0  211138  4092  104827  0  101187  667  18360  1104  581112328  19  19861  19837  19837  0.385944000509  
1439889468  0  193913  686  42  22  10231596  4704  104097  104062  4698902101  4799  0  144336  144358  22  0  107193  4346  0  211296  4256  107193  0  104097  686  19121  1821  603613155  19  21090  21280  21280  0.353766895463  
1439889478  0  219914  723  42  22  10301607  4798  107475  107440  5479938250  4861  0  170495  170517  22  0  108417  4390  0  211434  4337  108417  0  107475  723  20105  2762  781036149  37  26001  26159  26159  0.328764880817  
1439889488  0  234266  723  42  22  10265885  4762  106519  106484  5908403940  5067  0  185039  185061  22  0  113589  4587  0  211487  4309  113589  0  106519  723  20743  3376  428465690  0  14352  14544  14544  0.308623530517  
1439889498  0  241735  723  42  22  10101517  4577  102167  102132  6143446193  5067  0  192404  192426  22  0  113712  4594  0  211593  4140  113712  0  102167  723  21232  3835  235042253  0  7469  7365  7365  0.299087844127  
1439889508  0  254221  723  42  22  10387570  4880  109587  109552  6492723093  5067  0  205003  205025  22  0  113712  4594  0  211696  4416  113712  0  109587  723  21452  4043  349276900  0  12486  12599  12599  0.284398220446  
1439889518  0  268817  723  42  22  10513737  4994  112390  112355  6897690885  5216  0  219574  219596  22  0  117874  4732  0  211774  4521  117874  0  112390  723  21937  4507  404967792  0  14596  14571  14571  0.268956204407  
1439889528  0  284345  723  42  22  10875819  5375  120861  120826  7359127801  5375  0  235210  235232  22  0  120861  4894  0  211858  4894  120861  0  120861  723  22217  4771  461436916  0  15528  15636  15636  0.25426858218  
1439889538  0  292942  723  42  22  10889217  5383  121189  121154  7615114597  5395  0  244006  244028  22  0  121569  4913  0  211943  4904  121569  0  121189  723  22582  5116  255986796  0  8597  8796  8796  0.246806535082  
1439889548  0  309151  723  42  22  10983257  5457  122991  122956  8060129315  5457  0  260094  260116  22  0  122991  4961  0  212027  4961  122991  0  122991  723  23188  5690  445014718  0  16209  16088  16088  0.233866298346  
1439889558  0  330648  723  42  22  10821516  5265  117828  117793  8657673758  5558  0  281694  281716  22  0  124585  5060  0  212129  4791  124585  0  117828  723  24299  6749  597544443  0  21497  21600  21600  0.218661537345  
1439889568  0  345307  741  42  22  10738704  5185  115800  115765  9087423141  5558  0  296215  296237  22  0  124585  5060  0  212236  4706  124585  0  115800  741  24992  7407  429749383  18  14659  14521  14521  0.214591653225  
1439889578  0  363525  764  42  22  10710172  5165  115725  115690  9590882627  5558  0  314510  314532  22  0  124585  5060  0  212332  4716  124585  0  115725  764  25718  8098  503459486  23  18218  18295  18295  0.210164362836  
1439889588  0  396515  785  42  22  10869011  5370  120808  120773  10574732710  5570  0  347902  347924  22  0  125072  5060  0  212479  4883  125072  0  120808  785  26942  9253  983850083  21  32990  33392  33392  0.197974855932  
1439889598  0  423925  823  42  22  10959844  5513  124311  124276  11396386125  5580  0  375396  375418  22  0  125846  5075  0  212501  5023  125846  0  124311  823  27947  10204  821653415  38  27410  27494  27494  0.194138114053  
1439889608  0  450454  823  42  22  10772317  5289  119810  119775  12158653068  5580  0  401941  401963  22  0  125846  5075  0  212840  4801  125846  0  119810  823  29287  11485  762266943  0  26529  26545  26545  0.182704560288  
1439889618  0  456761  823  42  22  11029521  5554  126095  126060  12333730821  5580  0  408226  408248  22  0  126095  5075  0  212865  5041  126095  0  126095  823  29287  11485  175077753  0  6307  6285  6285  0.180181758075  
1439889628  0  467443  823  42  22  10802317  5326  119957  119922  12649799119  5587  0  418900  418922  22  0  126536  5075  0  212929  4817  126536  0  119957  823  29992  12155  316068298  0  10682  10674  10674  0.176064247406  
1439889638  0  486740  823  42  22  10890813  5432  121443  121408  13219587287  5587  0  437954  437976  22  0  126536  5075  0  213065  4927  126536  0  121443  823  30686  12819  569788168  0  19297  19054  19054  0.169084110613  
1439889648  0  496581  823  42  22  11024560  5551  124210  124175  13501583757  5587  0  448035  448057  22  0  126536  5075  0  213102  5035  126536  0  124210  823  30999  13109  281996470  0  9841  10081  10081  0.165733284197  
1439889658  0  501349  823  42  22  10938658  5425  122163  122128  13641096134  5587  0  452806  452828  22  0  126536  5075  0  213126  4919  126536  0  122163  823  31301  13398  139512377  0  4768  4771  4771  0.164157104133  
1439889668  0  520018  823  42  22  11053160  5556  124929  124894  14146057763  5587  0  471490  471512  22  0  126536  5075  0  213229  5048  126536  0  124929  823  31951  14014  504961629  0  18669  18684  18684  0.158263752409  
1439889678  0  543849  839  42  22  11044681  5538  123674  123639  14831806288  5590  0  495563  495585  22  0  126536  5076  0  213362  5032  126536  0  123674  839  32997  15009  685748525  16  23831  24073  24073  0.154270762657  
1439889688  0  567292  863  42  22  10983540  5493  122852  122817  15478019984  5590  0  518944  518966  22  0  126536  5076  0  213464  5002  126536  0  122852  863  33989  15952  646213696  24  23443  23381  23381  0.152126241865  
1439889698  0  588404  884  42  22  10778580  5289  118510  118475  16089318683  5590  0  540287  540309  22  0  126536  5081  0  213515  4792  126536  0  118510  884  35099  17004  611298699  21  21112  21343  21343  0.150236912054  
1439889708  0  612567  916  42  22  10809399  5333  119863  119828  16813937804  5590  0  564363  564385  22  0  126536  5081  0  213772  4847  126536  0  119863  916  36041  17895  724619121  32  24163  24076  24076  0.149534663147  
1439889718  0  633712  937  42  22  11014711  5592  125979  125944  17457614980  5592  0  585413  585435  22  0  126536  5081  0  213890  5071  126536  0  125979  937  36690  18510  643677176  21  21145  21050  21050  0.147858964324  
1439889728  0  643711  937  42  22  10755580  5294  119231  119196  17771330535  5596  0  595472  595494  22  0  126536  5081  0  213969  4810  126536  0  119231  937  37390  19182  313715555  0  9999  10059  10059  0.145562216585  
1439889738  0  652256  937  42  22  10782632  5312  120087  120052  18027791022  5596  0  604226  604248  22  0  126536  5081  0  214025  4814  126536  0  120087  937  37737  19513  256460487  0  8545  8754  8754  0.143655251926  
1439889748  0  673379  937  42  22  11000927  5536  124159  124124  18590858236  5596  0  625290  625312  22  0  126536  5081  0  214154  5027  126536  0  124159  937  38402  20148  563067214  0  21123  21064  21064  0.13914897851  
1439889758  0  689898  937  42  22  10716747  5228  116680  116645  19096967675  5625  0  641953  641975  22  0  126536  5096  0  214252  4743  126536  0  116680  937  39418  21106  506109439  0  16519  16663  16663  0.135817178771  
1439889768  0  707689  937  42  22  10789004  5257  118084  118049  19617619677  5625  0  659650  659672  22  0  126536  5096  0  214340  4764  126536  0  118084  937  40116  21770  520652002  0  17791  17697  17697  0.132402792752  
1439889778  0  730453  937  42  22  10826914  5298  118360  118325  20243698351  5625  0  682492  682514  22  0  126536  5112  0  214492  4810  126536  0  118360  937  41051  22663  626078674  0  22764  22842  22842  0.128276562626  
1439889788  0  742156  956  42  22  10982178  5478  122071  122036  20579796376  5657  0  694358  694380  22  0  126536  5139  0  214536  4975  126536  0  122071  956  41374  22971  336098025  19  11703  11866  11866  0.128813888185  
1439889798  0  759747  981  42  22  10978150  5493  122654  122619  21066620254  5664  0  711840  711862  22  0  126536  5151  0  214647  5004  126536  0  122654  981  42076  23634  486823878  25  17591  17482  17482  0.12912193138  
1439889808  0  768603  981  42  22  10998296  5517  123141  123106  21315663327  5664  0  720677  720699  22  0  126536  5151  0  214738  5029  126536  0  123141  981  42424  23963  249043073  0  8856  8837  8837  0.12763416224  
1439889818  0  778603  1002  42  22  11044215  5569  124341  124306  21625999441  5664  0  730866  730888  22  0  126536  5151  0  214800  5072  126536  0  124341  1002  42783  24304  310336114  21  10000  10189  10189  0.128692029186  
1439889828  0  793010  1023  42  22  11008831  5573  124246  124211  22030576180  5664  0  745130  745152  22  0  126536  5151  0  214875  5066  126536  0  124246  1023  43417  24903  404576739  21  14407  14264  14264  0.129002156341  
1439889838  0  820369  1056  42  22  10718431  5277  117931  117896  22835321242  5664  0  772672  772694  22  0  126866  5151  0  215020  4800  126866  0  117931  1056  44835  26248  804745062  33  27359  27542  27542  0.128722562652  
1439889849  0  848800  1057  42  22  10970701  5559  124647  124612  23666997854  5664  0  800941  800963  22  0  126866  5151  0  215251  5057  126866  0  124647  1057  45761  27136  831676612  1  28431  28269  28269  0.124528746466  
1439889859  0  857539  1057  42  22  11043086  5582  126423  126388  23898575337  5664  0  810042  810064  22  0  127204  5151  0  215299  5069  127204  0  126423  1057  46090  27447  231577483  0  8739  9101  9101  0.123259700142  
1439889869  0  862896  1057  42  22  10806542  5332  119947  119912  24062391160  5664  0  815377  815399  22  0  127752  5151  0  215366  4853  127752  0  119947  1057  46532  27867  163815823  0  5357  5335  5335  0.122494483692  
1439889879  0  882061  1059  42  22  11028017  5583  124822  124787  24641555442  5664  0  834496  834518  22  0  127752  5151  0  215541  5070  127752  0  124822  1059  47145  28451  579164282  2  19165  19119  19119  0.120059723761  
1439889889  0  892752  1059  42  22  10816207  5361  119283  119248  24949467829  5664  0  844972  844994  22  0  127752  5151  0  215597  4874  127752  0  119283  1059  47796  29070  307912387  0  10691  10476  10476  0.118621968923  
1439889899  0  904980  1059  42  22  11022642  5547  124346  124311  25281739405  5664  0  857218  857240  22  0  127752  5151  0  215649  5028  127752  0  124346  1059  48109  29366  332271576  0  12228  12246  12246  0.117019160644  
1439889909  0  911650  1059  42  22  10978818  5494  122787  122752  25447327667  5664  0  863873  863895  22  0  127752  5151  0  215694  4999  127752  0  122787  1059  48444  29679  165588262  0  6670  6655  6655  0.116163001152  
1439889919  0  918129  1059  42  22  10882812  5390  120221  120186  25634551437  5664  0  870579  870601  22  0  127752  5151  0  215781  4898  127752  0  120221  1059  48832  30048  187223770  0  6479  6706  6706  0.115343268756  
1439889929  0  925870  1059  42  22  10854789  5372  119258  119223  25850164182  5664  0  878381  878403  22  0  127752  5151  0  215822  4891  127752  0  119258  1059  49205  30403  215612745  0  7741  7802  7802  0.114378908486  
1439889939  0  939915  1073  42  22  10807166  5276  117396  117361  26266709650  5664  0  892122  892144  22  0  127752  5151  0  215906  4805  127752  0  117396  1073  49845  31011  416545468  14  14045  13741  13741  0.114159259082  
1439889949  0  951966  1075  42  22  10970254  5451  121773  121738  26569551985  5664  0  904252  904274  22  0  127752  5151  0  215987  4954  127752  0  121773  1075  50165  31316  302842335  2  12051  12130  12130  0.112924201074  
1439889959  0  968602  1102  42  22  10988017  5490  122996  122961  27063086669  5664  0  921117  921139  22  0  127752  5151  0  216057  5008  127752  0  122996  1102  50809  31927  493534684  27  16636  16865  16865  0.113772220169  
1439889969  0  994427  1123  42  22  11006779  5549  124462  124427  27826838715  5664  0  946878  946900  22  0  127752  5151  0  216194  5031  127752  0  124462  1123  51866  32928  763752046  21  25825  25761  25761  0.112929355297  
1439889979  0  1025493  1156  42  22  10964754  5529  124408  124373  28765043621  5664  0  978118  978140  22  0  127752  5151  0  216274  5038  127752  0  124408  1156  53155  34146  938204906  33  31066  31240  31240  0.112726269219  
1439889989  0  1041201  1156  42  22  10902336  5445  123080  123045  29224765492  5664  0  994009  994031  22  0  127752  5151  0  216520  4948  127752  0  123080  1156  53913  34874  459721871  0  15708  15891  15891  0.111025632899  
1439889999  0  1053817  1156  42  22  10782122  5314  119958  119923  29581643816  5664  0  1006323  1006345  22  0  127752  5151  0  216588  4829  127752  0  119958  1156  54562  35493  356878324  0  12616  12314  12314  0.109696465326  
1439890009  0  1061052  1156  42  22  10780197  5280  119542  119507  29782413870  5664  0  1013807  1013829  22  0  127752  5151  0  216626  4793  127752  0  119542  1156  54876  35792  200770054  0  7235  7484  7484  0.108948477549  
1439890019  0  1079264  1156  42  22  10896824  5429  121582  121547  30276668195  5664  0  1031775  1031797  22  0  127752  5151  0  216779  4924  127752  0  121582  1156  55522  36410  494254325  0  18212  17968  17968  0.107110030539  
1439890029  0  1088666  1156  42  22  10901738  5417  121781  121746  30555849912  5664  0  1041368  1041390  22  0  127752  5151  0  216835  4916  127752  0  121781  1156  55929  36791  279181717  0  9402  9593  9593  0.106185000726  
1439890039  0  1096644  1156  42  22  10959289  5451  122577  122542  30802212237  5664  0  1049535  1049557  22  0  127752  5151  0  216879  4959  127752  0  122577  1156  56225  37069  246362325  0  7978  8167  8167  0.105412513085  
1439890049  0  1121085  1156  42  22  11005566  5504  123714  123679  31476979020  5664  0  1073852  1073874  22  0  127752  5151  0  216976  4994  127752  0  123714  1156  57204  38000  674766783  0  24441  24317  24317  0.103114393645  
1439890059  0  1147516  1204  42  22  11080452  5595  124657  124622  32279172854  5716  0  1100434  1100456  22  0  127813  5187  0  217160  5086  127813  0  124657  1204  58255  39004  802193834  48  26431  26582  26582  0.104922284308  
1439890069  0  1157363  1223  42  22  10813904  5317  118430  118395  32557713603  5716  0  1110134  1110156  22  0  127813  5187  0  217212  4831  127813  0  118430  1223  58924  39635  278540749  19  9847  9700  9700  0.105671254395  
1439890079  0  1165650  1237  42  22  10814906  5306  118274  118239  32797517310  5716  0  1118661  1118683  22  0  127813  5187  0  217256  4834  127813  0  118274  1237  59261  39956  239803707  14  8287  8527  8527  0.106121048342  
1439890089  0  1175090  1261  42  22  10845343  5370  119830  119795  33077728166  5716  0  1127806  1127828  22  0  127813  5187  0  217326  4880  127813  0  119830  1261  59574  40256  280210856  24  9440  9145  9145  0.107310929376  
1439890099  0  1186069  1261  42  22  10998136  5543  123785  123750  33396175638  5716  0  1139150  1139172  22  0  127813  5187  0  217378  5044  127813  0  123785  1261  59891  40552  318447472  0  10979  11344  11344  0.106317591978  
1439890109  0  1198068  1261  42  22  10789283  5293  118663  118628  33738211148  5718  0  1151209  1151231  22  0  128361  5198  0  217431  4811  128361  0  118663  1261  60627  41257  342035510  0  11999  12059  12059  0.105252790326  
1439890119  0  1221635  1283  42  22  11061060  5621  126447  126412  34426494911  5718  0  1174759  1174781  22  0  128361  5198  0  217552  5120  128361  0  126447  1283  61283  41870  688283763  22  23567  23550  23550  0.10502318614  
1439890129  0  1243746  1297  42  22  11065734  5624  127268  127233  35084759006  5728  0  1196996  1197018  22  0  129487  5208  0  217767  5123  129487  0  127268  1297  62208  42757  658264095  14  22111  22237  22237  0.104281742414  
1439890139  0  1263451  1297  42  22  10817626  5306  120454  120419  35657063369  5766  0  1216659  1216681  22  0  130841  5245  0  217859  4827  130841  0  120454  1297  63318  43809  572304363  0  19705  19663  19663  0.102655346349  
1439890149  0  1267895  1297  42  22  10986971  5499  124816  124781  35780717346  5766  0  1221021  1221043  22  0  130841  5245  0  217901  5004  130841  0  124816  1297  63318  43809  123653977  0  4444  4362  4362  0.102295537091  
1439890159  0  1287750  1297  42  22  10919030  5442  122461  122426  36348178976  5766  0  1241080  1241102  22  0  130841  5245  0  218043  4936  130841  0  122461  1297  64239  44687  567461630  0  19855  20059  20059  0.100718307125  
1439890169  0  1295749  1297  42  22  11247031  5780  130301  130266  36559133141  5780  0  1248920  1248942  22  0  130841  5245  0  218096  5242  130841  0  130301  1297  64239  44687  210954165  0  7999  7840  7840  0.100096546476  
1439890179  0  1305231  1297  42  22  11032255  5520  124821  124786  36831587180  5806  0  1258278  1258300  22  0  131237  5264  0  218151  4999  131237  0  124821  1297  64876  45289  272454039  0  9482  9358  9358  0.099369383657  
1439890189  0  1313533  1297  42  22  10944989  5434  122348  122313  37067310113  5853  0  1266665  1266687  22  0  132135  5310  0  218205  4925  132135  0  122348  1297  65325  45716  235722933  0  8302  8387  8387  0.0987413334876  
1439890199  0  1337363  1297  42  22  11058733  5553  124256  124221  37773407910  5853  0  1290863  1290885  22  0  132135  5310  0  218312  5039  132135  0  124256  1297  66242  46590  706097797  0  23830  24198  24198  0.0969818964634  
1439890209  0  1348768  1337  42  22  11186927  5729  128126  128091  38115584608  5882  0  1302009  1302031  22  0  132135  5345  0  218403  5208  132135  0  128126  1337  66547  46880  342176698  40  11405  11146  11146  0.0991275000593  
1439890219  0  1363178  1354  42  22  11113691  5647  126862  126827  38491094183  5909  0  1316657  1316679  22  0  133051  5380  0  218486  5145  133051  0  126862  1354  67189  47490  375509575  17  14410  14648  14648  0.0993267203549  
1439890229  0  1392182  1354  42  22  11214374  5784  129585  129550  39345429801  5909  0  1345779  1345801  22  0  133051  5389  0  218647  5252  133051  0  129585  1354  68293  48540  854335618  0  29004  29122  29122  0.0972573988171  
1439890239  0  1414514  1376  42  22  11186232  5762  129801  129766  39986528341  5912  0  1368141  1368163  22  0  133776  5389  0  218783  5232  133776  0  129801  1376  69247  49442  641098540  22  22332  22362  22362  0.0972772273728  
1439890249  0  1424193  1377  42  22  11245936  5812  131514  131479  40265475170  5917  0  1377595  1377617  22  0  133776  5389  0  218845  5280  133776  0  131514  1377  69582  49758  278946829  1  9679  9454  9454  0.0966863339449  
1439890259  0  1449769  1605  42  22  10574491  5499  124712  124677  41009469427  5917  0  1403466  1403488  22  0  133776  5389  0  219043  5007  133776  0  124712  1605  70959  51070  743994257  228  25576  25871  25871  0.110707291989  
1439890269  0  1450303  2119  42  22  9305080  5477  124103  124068  41058402648  5917  0  1403466  1403488  22  0  133776  5389  0  219533  4999  133776  0  124103  2119  70961  51071  48933221  514  534  0  0  0.146107399626  
1439890279  0  1450303  2119  42  22  9305080  5477  124103  124068  41058402648  5917  0  1403466  1403488  22  0  133776  5389  0  219533  4999  133776  0  124103  2119  70961  51071  0  0  0  0  0  0.146107399626  
1439890289  0  1450303  2119  42  22  9305080  5477  124103  124068  41058402648  5917  0  1403466  1403488  22  0  133776  5389  0  219533  4999  133776  0  124103  2119  70961  51071  0  0  0  0  0  0.146107399626  
