#type:T;
#time  gt  cn  Pt  Px  gx  cx  gn  gm  Pn  Pm  Ft  cm  pt  Fx  px  ct  pn  Fm  Fn  pm  dn  On  Om  dm  dx  Ox  dt  Ot  Gt  Cn  Cm  Gx  Cx  Gn  Gm  Ct  
1439575934  10686773  0  0  0  32557  0  19443  154  0  2147483647  59338  2147483647  0  2170  0  0  0  236  84  2147483647  0  184  251  2147483647  0  6045  0  163486  0  0  2147483647  0  0  0  2147483647  0  
1439575944  10694733  0  0  0  32557  0  19447  154  0  2147483647  59338  2147483647  0  2170  0  0  0  236  84  2147483647  0  184  251  2147483647  0  6045  0  163486  0  0  2147483647  0  0  0  2147483647  0  
1439575954  11909467  0  49396888  36047  32557  0  20448  154  13518  1933  151284  2147483647  0  2679  0  0  0  208  395  2147483647  0  30240  236  2147483647  0  50254  0  44897091  8546573  14668  581  36835  34554  1150  1533  29568581  
1439575964  12214016  0  49396888  36047  32557  0  20727  154  13518  1933  151284  2147483647  0  2679  0  0  0  208  395  2147483647  0  30240  236  2147483647  0  50254  0  44897091  10203768  14852  581  36835  34554  1334  1533  30205359  
1439575974  12214016  0  51819200  36047  32557  0  20727  154  13939  1933  9183282  2147483647  0  10308  0  0  0  205  11589  2147483647  0  30339  236  2147483647  0  50254  0  45543734  10244882  15275  581  36835  34554  1336  1533  31272413  
1439575984  12214016  0  57199028  36047  32557  0  20727  154  14805  1933  42672582  2147483647  0  30701  0  0  0  205  48560  2147483647  0  30626  236  2147483647  0  51538  0  47385764  10244882  16141  581  36835  34554  1336  1533  33560769  
1439575994  12214016  0  60054928  36047  32557  0  20727  154  15258  1933  121799465  2147483647  0  30701  0  0  0  205  135726  2147483647  0  30999  208  2147483647  0  52421  0  49353344  10244882  16594  581  36835  34554  1336  1533  34773569  
1439576004  12214016  0  66959194  36047  32557  0  20727  154  16057  1933  194523915  2147483647  0  38406  0  0  0  205  221678  2147483647  0  32046  208  2147483647  0  78663  0  53962527  10285008  17398  581  36835  34554  1341  1533  37713255  
1439576014  12238538  0  74200681  36047  32557  0  20747  154  16877  1933  287956383  2147483647  0  38406  0  0  0  205  319939  2147483647  0  35635  208  2147483647  0  78663  0  57894834  10469829  18237  581  36835  34554  1360  1533  40798422  
1439576024  12470901  0  86189601  36047  32557  0  21100  154  18448  1933  352210184  2147483647  0  39731  0  0  0  205  420795  2147483647  0  40842  205  2147483647  0  78663  0  61075219  13400645  20168  581  36835  34554  1720  1533  47237873  
1439576034  17559651  0  89151401  36047  32557  0  38519  154  19292  1933  370345085  2147483647  0  39731  0  0  0  205  492644  2147483647  0  43483  205  2147483647  0  78663  0  61858551  14960515  21423  581  36835  34554  2131  1533  49458432  
1439576045  47494867  0  107870688  39633  32557  0  81597  154  22312  1933  407909708  2147483647  0  44385  0  0  0  205  582763  2147483647  0  48266  205  2147483647  0  78663  0  64699404  15401359  24533  581  36835  34554  2221  1533  56944354  
1439576055  103806350  0  150557130  45787  48329  0  132290  154  26589  1933  452426516  2147483647  0  44385  0  0  0  205  628342  2147483647  0  50900  205  2147483647  0  78663  0  67503057  15678761  28834  581  36835  34554  2245  1533  71713668  
1439576065  168583921  0  216989293  45787  50608  0  194340  154  33858  1933  503164938  2147483647  0  44385  0  0  0  205  682081  2147483647  0  52246  205  2147483647  0  78663  0  68850655  15708242  36104  581  36835  34554  2246  1533  95660114  
1439576075  246874637  0  410856416  45787  50608  0  266261  154  55055  1933  551854595  2147483647  0  44385  0  0  0  205  732043  2147483647  0  54603  205  2147483647  0  78663  0  72358958  15708242  57301  581  36835  35769  2246  1533  169109740  
1439576085  324748280  0  963952975  72029  51222  0  336626  154  117509  1933  560642750  2147483647  0  44385  0  0  0  205  740196  2147483647  0  57053  205  2147483647  0  78663  0  76313843  15708242  119755  581  36835  66433  2246  1533  381539938  
1439576095  408458790  0  1630463785  104021  51222  0  408104  154  189674  1933  561338524  2147483647  0  44385  0  0  0  205  740591  2147483647  0  58217  205  2147483647  0  78663  0  79063942  15748697  191924  581  36835  66433  2250  1533  630677500  
1439576105  493218506  0  2297835062  104021  51222  0  479345  154  261310  1933  561808783  2147483647  0  44385  0  0  0  205  740853  2147483647  0  59812  205  2147483647  0  78663  0  82042669  16012631  263587  581  36835  66433  2277  1533  878629215  
1439576115  581949698  0  3013102115  104021  84025  0  557466  154  340550  1933  562783292  2147483647  0  44385  0  0  0  205  741510  2147483647  0  61792  205  2147483647  0  78663  0  85671740  16184156  342844  581  36835  66433  2294  1533  1145962154  
1439576125  653025356  0  3580332984  104021  84025  0  615422  154  399094  1933  563289053  2147483647  0  44385  0  0  0  205  741777  2147483647  0  63211  205  2147483647  0  78663  0  88338454  16305548  401403  581  36835  66433  2310  1533  1350696418  
1439576135  713125825  0  4041778699  104021  84025  0  665044  154  448135  1933  563745983  2147483647  0  44385  0  0  0  205  742042  2147483647  0  65145  205  2147483647  0  78663  0  92073463  16491860  450462  581  36835  82398  2328  1533  1519126948  
1439576145  776718865  0  4541685126  113088  84025  0  717092  154  500570  1933  564453067  2147483647  0  44385  0  0  0  205  742468  2147483647  0  66441  205  2147483647  0  78663  0  94655648  16533246  502899  581  36835  106903  2330  1533  1701785110  
1439576155  849802645  0  5131989320  113088  84025  0  778404  154  561911  1933  565085188  2147483647  0  44385  0  0  0  205  742812  2147483647  0  68438  205  2147483647  0  78663  0  98488805  16563967  564242  581  36835  106903  2332  1533  1917562173  
1439576165  922267985  0  5713850989  113088  84025  0  839530  154  623859  1933  565804656  2147483647  0  44385  0  0  0  205  743241  2147483647  0  70903  205  2147483647  0  78663  0  103050396  16572317  626191  581  36835  106903  2333  1533  2131509119  
1439576175  989229039  0  6249642420  113088  84025  0  896857  154  681358  1933  566520062  2147483647  0  44385  0  0  0  205  743614  2147483647  0  73176  205  2147483647  0  78663  0  107565591  16572317  683690  581  36835  106903  2333  1533  2328185510  
1439576185  1057897874  0  6788408297  113088  84025  0  953966  154  738068  1933  567231406  2147483647  0  44385  0  0  0  205  744009  2147483647  0  74661  205  2147483647  0  78663  0  110690063  16572317  740400  581  36835  106903  2333  1533  2524822129  
1439576195  1154429591  0  7571709912  113088  84025  0  1039187  154  824111  1933  568087761  2147483647  0  44385  0  0  0  205  744477  2147483647  0  78312  205  2147483647  0  78663  0  117589211  16572317  826442  581  36835  106903  2333  1533  2814012350  
1439576205  1233874134  0  8221160161  123023  84025  0  1106430  154  891321  1933  568864387  2147483647  0  44385  0  0  0  205  744945  2147483647  0  80734  205  2147483647  0  78663  0  122546118  16572317  893650  581  36835  106903  2333  1533  3048729441  
1439576215  1318418996  0  8914688038  123023  84025  0  1179352  154  964620  1933  569719680  2147483647  0  44385  0  0  0  205  745418  2147483647  0  82826  205  2147483647  0  78663  0  126446450  16572317  966949  581  36835  106903  2333  1533  3302116960  
1439576225  1390802920  0  9488708790  123023  84025  0  1241551  154  1026600  1933  570288121  2147483647  0  44385  0  0  0  205  745731  2147483647  0  85228  205  2147483647  0  78663  0  131037464  16663967  1028938  581  36835  106903  2342  1533  3512929559  
1439576235  1459793537  0  10032349857  137753  84025  0  1300033  154  1085929  1933  570754808  2147483647  0  44385  0  0  0  205  745998  2147483647  0  87363  205  2147483647  0  78663  0  133848148  16932368  1088301  581  38394  106903  2376  1533  3712604552  
1439576245  1531379148  0  10610634607  137753  84025  0  1360974  154  1147426  1933  571277331  2147483647  0  44385  0  0  0  205  746289  2147483647  0  89609  205  2147483647  0  78663  0  137623714  17225423  1149827  581  38394  106903  2406  1533  3922961450  
1439576255  1604575581  0  11185146627  137753  84025  0  1421071  154  1207381  1933  571942409  2147483647  0  44385  0  0  0  205  746699  2147483647  0  92062  205  2147483647  0  78663  0  142389541  17239838  1209782  581  38394  106903  2407  1533  4129580442  
1439576265  1674803478  0  11750232545  137753  84025  0  1479849  154  1266640  1933  572561029  2147483647  0  44385  0  0  0  205  747025  2147483647  0  94084  205  2147483647  0  78663  0  145895081  17419357  1269059  581  38394  106903  2425  1533  4335122668  
1439576275  1749976525  0  12364475485  137753  84025  0  1543580  154  1330382  1933  573247767  2147483647  0  44385  0  0  0  205  747426  2147483647  0  96402  205  2147483647  0  78663  0  150621585  17419357  1332800  581  38394  106903  2425  1533  4556906558  
1439576285  1824341479  0  12968859585  137753  84025  0  1606271  154  1392647  1933  574093393  2147483647  0  44385  0  0  0  205  747913  2147483647  0  98615  205  2147483647  0  78663  0  155003036  17462602  1395067  581  38394  106903  2428  1533  4777169329  
1439576295  1901227986  0  13593337803  137753  84025  0  1673540  154  1460583  1933  574774669  2147483647  0  44385  0  0  0  205  748255  2147483647  0  100278  205  2147483647  0  78663  0  157997427  17561987  1463012  581  38394  106903  2437  1533  5006131721  
1439576305  1984166083  0  14254586790  137753  84025  0  1743208  154  1530076  1933  575424578  2147483647  0  44385  0  0  0  205  748654  2147483647  0  103069  205  2147483647  0  78663  0  163240804  17561987  1532505  581  38394  106903  2437  1533  5247702727  
1439576315  2052950415  0  14794596613  137753  84025  0  1800965  154  1588113  1933  576090976  2147483647  0  44385  0  0  0  205  749044  2147483647  0  105237  205  2147483647  0  78663  0  167479434  17561987  1590534  581  38394  106903  2437  1533  5445119211  
1439576325  2141792749  0  15511550147  137753  84025  0  1876661  154  1663907  1933  576775400  2147483647  0  44385  0  0  0  205  749430  2147483647  0  108151  205  2147483647  0  78663  0  173746837  17606300  1666333  581  38394  106903  2442  1533  5708204416  
1439576335  2208727490  0  16051769206  137753  84025  0  1933121  154  1721154  1933  577126357  2147483647  0  44385  0  0  0  205  749629  2147483647  0  110713  205  2147483647  0  78663  0  178291415  17690588  1723585  581  38394  106903  2450  1533  5903828499  
1439576345  2285587553  0  16680621570  137753  84025  0  1997838  154  1785548  1933  577915218  2147483647  0  44385  0  0  0  205  750098  2147483647  0  112746  205  2147483647  0  78663  0  182584779  17906934  1787999  581  38394  106903  2471  1533  6131259009  
1439576355  2353748200  0  17220336349  137753  84025  0  2053375  154  1841547  1933  578594188  2147483647  0  44385  0  0  0  205  750471  2147483647  0  114480  205  2147483647  0  78663  0  186002793  18162546  1844025  581  38394  106903  2499  1533  6326385431  
1439576365  2415879683  0  17719691598  137753  84025  0  2105197  154  1893612  1933  579180063  2147483647  0  44385  0  0  0  205  750783  2147483647  0  116157  205  2147483647  0  78663  0  189355748  18376739  1896114  541  38394  106903  2523  1533  6507659263  
1439576375  2493038469  0  18361780084  137753  84025  0  2171148  154  1959796  1933  579850063  2147483647  0  44385  0  0  0  205  751159  2147483647  0  118484  205  2147483647  0  78663  0  193958486  18492706  1962312  541  38394  106903  2537  1533  6740737455  
1439576385  2579688628  0  19066943296  137753  84025  0  2245939  154  2034314  1933  580590597  2147483647  0  44385  0  0  0  205  751628  2147483647  0  120939  205  2147483647  0  78663  0  199018680  18492706  2036830  541  38394  106903  2537  1533  6999539276  
1439576395  2671575101  0  19835108823  137753  84025  0  2325739  154  2114642  1933  581514651  2147483647  0  44385  0  0  0  205  752200  2147483647  0  123671  205  2147483647  0  78663  0  204732635  18514220  2117160  541  38394  106903  2539  1533  7280021030  
1439576405  2745563797  0  20438896837  137753  84025  0  2388071  154  2176856  1933  582187127  2147483647  0  44385  0  0  0  205  752565  2147483647  0  126170  205  2147483647  0  78663  0  209796478  18514220  2179372  541  38394  106903  2539  1533  7498401171  
1439576415  2830470760  0  21137092182  137753  84025  0  2461190  154  2250311  1933  582809257  2147483647  0  44385  0  0  0  205  752933  2147483647  0  128957  205  2147483647  0  78663  0  215445826  18571509  2252831  541  38394  106903  2543  1533  7753944200  
1439576425  2898325587  0  21686569870  137753  84025  0  2519285  154  2308389  1933  583497351  2147483647  0  44385  0  0  0  205  753379  2147483647  0  130725  205  2147483647  0  78663  0  218774714  18714992  2310922  541  38394  106903  2557  1533  7951683230  
1439576435  2961406539  0  22184897215  137753  102858  0  2570011  154  2359904  1933  583863624  2147483647  0  44385  0  0  0  205  753570  2147483647  0  132553  205  2147483647  0  78663  0  222172018  18763475  2362440  541  38394  106903  2560  1533  8131607560  
1439576445  3029180211  0  22699365879  137753  102858  0  2626069  154  2415733  1933  584378879  2147483647  0  44385  0  0  0  205  753876  2147483647  0  134097  205  2147483647  0  78663  0  225215771  18921852  2418287  541  38394  106903  2578  1533  8315797330  
1439576455  3111122220  0  23359465363  137753  102858  0  2698114  154  2488300  1933  585148799  2147483647  0  50964  0  0  0  205  754311  2147483647  0  136952  205  2147483647  0  78663  0  229775870  18970753  2490857  541  38394  106903  2581  1533  8552144670  
1439576465  3177601595  0  23870413904  137753  102858  0  2752811  154  2542803  1933  585757400  2147483647  0  50964  0  0  0  205  754658  2147483647  0  138873  205  2147483647  0  78663  0  233149632  18970753  2545360  541  38394  106903  2581  1533  8734433999  
1439576475  3242450349  0  24380673390  137753  102858  0  2807297  154  2597496  1933  586385247  2147483647  0  50964  0  0  0  205  755034  2147483647  0  140951  205  2147483647  0  78663  0  236087713  19127471  2600068  541  38394  106903  2596  1533  8914900118  
1439576485  3329128426  0  25096826032  137753  102858  0  2884105  154  2674600  1933  587128204  2147483647  0  50964  0  0  0  205  755455  2147483647  0  143519  205  2147483647  0  78663  0  241290837  19127471  2677172  541  38394  106903  2596  1533  9172580823  
1439576495  3417141111  0  25793776733  137753  102858  0  2958511  154  2748499  1933  588097165  2147483647  0  50964  0  0  0  205  756068  2147483647  0  146003  205  2147483647  0  78663  0  246348439  19360623  2751096  541  38394  106903  2622  1533  9424715757  
1439576505  3508534787  0  26529309065  137753  102858  0  3039247  154  2829846  1933  588795022  2147483647  0  50964  0  0  0  205  756439  2147483647  0  148567  205  2147483647  0  78663  0  250940018  19398134  2832445  541  38394  106903  2624  1533  9691407802  
1439576515  3591947730  0  27194848615  137753  102858  0  3112744  154  2903520  1933  589378570  2147483647  0  50964  0  0  0  205  756790  2147483647  0  151607  205  2147483647  0  78663  0  257410775  19398134  2906119  541  38394  106903  2624  1533  9932281102  
1439576526  3668823560  0  27820653742  137753  102858  0  3178047  154  2968973  1933  590036294  2147483647  0  50964  0  0  0  205  757171  2147483647  0  153539  205  2147483647  0  78663  0  261501798  19505393  2971581  541  38394  106903  2634  1533  10155849144  
1439576536  3738759651  0  28378943465  137753  102858  0  3238106  154  3028809  1933  590602442  2147483647  0  50964  0  0  0  205  757493  2147483647  0  156076  205  2147483647  0  78663  0  265751914  19505393  3031417  541  38394  106903  2634  1533  10354924418  
1439576546  3803885446  0  28886981025  137753  102858  0  3292383  154  3083726  1933  591148149  2147483647  0  50964  0  0  0  205  757799  2147483647  0  157795  205  2147483647  0  78663  0  268973789  19505393  3086334  541  38394  106903  2634  1533  10536646023  
1439576556  3868042603  0  29384955961  137753  102858  0  3345988  154  3137247  1933  591767553  2147483647  0  50964  0  0  0  205  758148  2147483647  0  159629  205  2147483647  0  78663  0  271858333  19599370  3139865  541  38394  106903  2644  1533  10714284590  
1439576566  3936535029  0  29924197537  137753  102858  0  3403094  154  3194541  1933  592384510  2147483647  0  50964  0  0  0  205  758545  2147483647  0  161392  205  2147483647  0  78663  0  275155301  19599370  3197159  541  38394  106903  2644  1533  10907192877  
1439576576  4007890963  0  30472154819  137753  102858  0  3461814  154  3253878  1933  592873528  2147483647  0  50964  0  0  0  205  758802  2147483647  0  163424  205  2147483647  0  78663  0  279240904  19599370  3256495  541  38394  106903  2644  1533  11102963843  
1439576586  4077559687  0  31020669834  137753  102858  0  3521042  154  3313006  1933  593557666  2147483647  0  50964  0  0  0  205  759231  2147483647  0  165855  205  2147483647  0  78663  0  283813510  19736095  3315637  541  38394  106903  2658  1533  11299343528  
1439576596  4162069048  0  31701567147  137753  102858  0  3593189  154  3384717  1933  594436589  2147483647  0  50964  0  0  0  205  759737  2147483647  0  167717  205  2147483647  0  78663  0  287682131  19969278  3387368  541  38394  106903  2678  1533  11542584161  
1439576606  4242091749  0  32349531758  137753  102858  0  3664677  154  3456987  1933  595154537  2147483647  0  50964  0  0  0  205  760167  2147483647  0  170133  205  2147483647  0  78663  0  291997208  19992249  3459639  541  38394  106903  2679  1533  11776706345  
1439576616  4320276495  0  32987317043  137753  102858  0  3732728  154  3525161  1933  595710382  2147483647  0  50964  0  0  0  205  760448  2147483647  0  172628  205  2147483647  0  78663  0  296536488  19992249  3527813  541  38394  106903  2679  1533  12005100583  
1439576626  4394591270  0  33589371301  137753  102858  0  3797982  154  3590934  1933  596174227  2147483647  0  50964  0  0  0  205  760722  2147483647  0  174570  205  2147483647  0  78663  0  300553141  20167598  3593605  541  38394  106903  2698  1533  12221919333  
1439576636  4476851305  0  34230625551  137753  102858  0  3868450  154  3661033  1933  597097975  2147483647  0  50964  0  0  0  205  761313  2147483647  0  177163  205  2147483647  0  78663  0  305057029  20382971  3663724  541  38394  106903  2718  1533  12451750471  
1439576646  4541798221  0  34735578922  137753  102858  0  3921509  154  3714710  1933  597641878  2147483647  0  50964  0  0  0  205  761639  2147483647  0  178925  205  2147483647  0  78663  0  307923103  20603182  3717426  541  38394  106903  2743  1533  12631744922  
1439576656  4616457872  0  35334256099  137753  102858  0  3985451  154  3778436  1933  598043408  2147483647  0  50964  0  0  0  205  761893  2147483647  0  180742  205  2147483647  0  78663  0  311826375  20970222  3781194  541  38394  106903  2785  1533  12847071570  
1439576666  4690185656  0  35919118922  137753  102858  0  4048433  154  3842044  1933  598832435  2147483647  0  50964  0  0  0  205  762440  2147483647  0  182953  205  2147483647  0  78663  0  316238095  20970222  3844802  541  38394  106903  2785  1533  13056562800  
1439576676  4754388598  0  36411609994  137753  102858  0  4101561  154  3894966  1933  599362738  2147483647  0  50964  0  0  0  205  762711  2147483647  0  184477  205  2147483647  0  78663  0  319026488  20970222  3897724  541  38394  106903  2785  1533  13232132944  
1439576686  4824661465  0  36972796946  137753  102858  0  4162503  154  3956201  1933  599989175  2147483647  0  50964  0  0  0  205  763074  2147483647  0  186958  205  2147483647  0  78663  0  323660066  21018737  3958973  541  38394  106903  2799  1533  13433713561  
1439576696  4921918187  0  37751915083  137753  102858  0  4246026  154  4039525  1933  600873487  2147483647  0  50964  0  0  0  205  763624  2147483647  0  189336  205  2147483647  0  78663  0  328816347  21193050  4042310  541  38394  106903  2812  1533  13714054167  
1439576706  4997011473  0  38362930487  137753  102858  0  4311300  154  4105168  1933  601539267  2147483647  0  50964  0  0  0  205  764145  2147483647  0  191372  205  2147483647  0  78663  0  332634499  21193050  4107952  541  38394  106903  2812  1533  13931558836  
1439576716  5068467950  0  38935756879  137753  102858  0  4373381  154  4167400  1933  602155170  2147483647  0  50964  0  0  0  205  764473  2147483647  0  193192  205  2147483647  0  78663  0  336388838  21610792  4170229  541  38394  106903  2857  1533  14134624581  
1439576726  5143250062  0  39521385354  137753  102858  0  4436358  154  4230004  1933  602773421  2147483647  0  50964  0  0  0  205  764815  2147483647  0  195244  205  2147483647  0  78663  0  340704000  21633763  4232832  541  38394  106903  2858  1533  14344569471  
1439576736  5209792854  0  40030601414  137753  102858  0  4491269  154  4285536  1933  603390085  2147483647  0  50964  0  0  0  205  765202  2147483647  0  196612  205  2147483647  0  78663  0  343492863  21679967  4288367  541  38394  106903  2861  1533  14525819830  
1439576746  5287084982  0  40653932226  137753  102858  0  4558360  154  4352783  1933  604154727  2147483647  0  50964  0  0  0  205  765644  2147483647  0  198839  205  2147483647  0  78663  0  347883629  21733705  4355620  541  38394  106903  2867  1533  14749508083  
1439576756  5376541991  0  41378589838  137753  102858  0  4634167  154  4429078  1933  604904862  2147483647  0  50964  0  0  0  205  766073  2147483647  0  201035  205  2147483647  0  78663  0  352253748  21773091  4431917  541  38394  118761  2870  1533  15008239051  
1439576766  5448195317  0  41950939528  137753  102858  0  4694980  154  4489855  1933  605579943  2147483647  0  50964  0  0  0  205  766478  2147483647  0  203101  205  2147483647  0  78663  0  355760174  21773091  4492694  541  38394  118761  2870  1533  15210736932  
1439576776  5526340444  0  42571745095  137753  102858  0  4758985  154  4554093  1933  606341162  2147483647  0  50964  0  0  0  205  766950  2147483647  0  205150  205  2147483647  0  78663  0  360224569  21821778  4556936  541  38394  118761  2874  1533  15430085900  
1439576786  5601821303  0  43171590715  137753  102858  0  4822870  154  4618359  1933  606915411  2147483647  0  50964  0  0  0  205  767246  2147483647  0  206420  205  2147483647  0  78663  0  362759979  21935982  4621215  541  38394  118761  2887  1533  15645499846  
1439576796  5667059855  0  43697918025  137753  102858  0  4877686  154  4673395  1933  607500802  2147483647  0  50964  0  0  0  205  767591  2147483647  0  207762  205  2147483647  0  78663  0  365131352  22047381  4676261  541  38394  118761  2897  1533  15831136330  
1439576806  5740195639  0  44280190015  137753  102858  0  4941036  154  4735927  1933  608292084  2147483647  0  50964  0  0  0  205  768080  2147483647  0  209682  205  2147483647  0  78663  0  369331086  22047381  4738793  541  38394  118761  2897  1533  16040088130  
1439576816  5812083827  0  44856264473  137753  102858  0  5002603  154  4797846  1933  608956149  2147483647  0  50964  0  0  0  205  768462  2147483647  0  211576  205  2147483647  0  78663  0  372804894  22047381  4800712  541  38394  118761  2897  1533  16245333633  
1439576826  5885570583  0  45446714456  137753  102858  0  5064943  154  4860508  1933  609568962  2147483647  0  50964  0  0  0  205  768836  2147483647  0  213351  205  2147483647  0  78663  0  376504281  22047381  4863374  541  38394  118761  2897  1533  16455656618  
1439576836  5951451570  0  45966537640  137753  102858  0  5120723  154  4916745  1933  610073103  2147483647  0  50964  0  0  0  205  769137  2147483647  0  214303  205  2147483647  0  78663  0  378100885  22167505  4919624  541  38394  118761  2910  1533  16641095526  
1439576846  6026249451  0  46556173113  137753  102858  0  5182501  154  4978436  1933  610617337  2147483647  0  50964  0  0  0  205  769498  2147483647  0  215916  205  2147483647  0  78663  0  381390464  22167505  4981315  541  38394  118761  2910  1533  16851246634  
1439576856  6109745997  0  47238690842  137753  102858  0  5254211  154  5050509  1933  611346298  2147483647  0  50964  0  0  0  205  769947  2147483647  0  217434  205  2147483647  0  78663  0  384670309  22179653  5053391  541  38394  118761  2913  1533  17094270248  
1439576866  6195251146  0  47928074702  137753  102858  0  5327354  154  5123872  1933  612064885  2147483647  0  50964  0  0  0  205  770381  2147483647  0  219392  205  2147483647  0  78663  0  388884010  22179653  5126754  541  38394  118761  2913  1533  17341936297  
1439576876  6276330269  0  48574684699  137753  102858  0  5396924  154  5193345  1933  612826231  2147483647  0  50964  0  0  0  205  770863  2147483647  0  220827  205  2147483647  0  78663  0  392064688  22179653  5196227  541  38394  118761  2913  1533  17573410445  
1439576886  6362404908  0  49264242709  137753  102858  0  5468407  154  5265236  1933  613489293  2147483647  0  50964  0  0  0  205  771268  2147483647  0  222605  205  2147483647  0  78663  0  395989906  22317175  5268139  541  38394  118761  2934  1533  17818228387  
1439576896  6432074346  0  49818883721  137753  102858  0  5527560  154  5324407  1933  614076014  2147483647  0  50964  0  0  0  205  771582  2147483647  0  224048  205  2147483647  0  78663  0  398334098  22380166  5327315  541  38394  118761  2939  1533  18015957534  
1439576906  6494859107  0  50314660575  137753  102858  0  5579951  154  5376721  1933  614543409  2147483647  0  50964  0  0  0  205  771855  2147483647  0  225196  205  2147483647  0  78663  0  400802844  22380166  5379629  541  38394  118761  2939  1533  18191623810  
1439576916  6566537229  0  50885834094  137753  102858  0  5640382  154  5437632  1933  615243037  2147483647  0  50964  0  0  0  205  772269  2147483647  0  226685  205  2147483647  0  78663  0  404048324  22380166  5440540  541  38394  118761  2939  1533  18396322854  
1439576926  6644664638  0  51533398925  137753  102858  0  5709204  154  5506681  1933  615909221  2147483647  0  50964  0  0  0  205  772649  2147483647  0  228144  205  2147483647  0  78663  0  406807832  22380166  5509589  541  38394  118761  2939  1533  18626926306  
1439576936  6711028997  0  52048552824  137753  102858  0  5765099  154  5562409  1933  616779442  2147483647  0  50964  0  0  0  205  773320  2147483647  0  229449  205  2147483647  0  78663  0  409475276  22380166  5565317  541  38394  118761  2939  1533  18809585333  
