#Type:X;CI:1;ww:0;ca:0;co:1;fr:0;Type:X;CI:1;PI:0;PT:EP;U0:0;U1:0;
#time  Pp  gt  gs  cn  cm  cb  Nc  Pc  cp  Tc  Nm  pr  ps  pt  px  pd  Pm  Om  fs  ft  Oc  Em  Gp  Ec  Ge  ot  os  Total_cycles_diff  Successful_get_diff  Total_get_diff  succ_put_diff  total_put_diff  get_hit  
1436900075  0  0  0  0  0  0  0  0  0  2399262  0  0  0  0  0  0  0  0  0  21  0  0  0  0  0  46  0  2399262  0  0  0  0  
1436900085  0  0  0  0  0  0  0  0  0  2399262  0  0  0  0  0  0  0  0  0  21  0  0  0  0  0  46  0  0  0  0  0  0  
1436900095  0  65184  0  62426  5  0  555  26818  0  7468997002  724  0  65269  65274  5  0  28078  272  0  65  1  28078  0  26818  0  46  0  7466597740  0  65184  65269  65274  0.0  
1436900105  0  169059  43240  164111  5  1888415  1021  26849  765  23371270931  1026  0  168656  168661  5  0  28078  272  0  73  162  28078  0  26849  43240  46  0  15902273929  43240  103875  103387  103387  25.5768696136  
1436900115  0  278435  91790  273228  5  450118  932  26914  159  42590433845  1033  0  278241  278246  5  0  28078  272  0  73  23  28078  0  26914  91790  46  0  19219162914  48550  109376  109585  109585  32.9664014941  
1436900125  0  369928  129898  364417  5  0  968  26922  0  61869722558  1033  0  369494  369499  5  0  28078  272  0  73  1  28078  0  26922  129898  46  0  19279288713  38108  91493  91253  91253  35.1144006401  
1436900135  0  457492  166837  452168  5  0  920  26963  0  81629662058  1033  0  457328  457333  5  0  28078  272  0  73  1  28078  0  26963  166837  46  0  19759939500  36939  87564  87834  87834  36.4677415124  
1436900145  0  534716  199924  529061  5  0  910  26960  0  97279449353  1033  0  534429  534434  5  0  28078  272  0  73  1  28078  0  26960  199924  46  0  15649787295  33087  77224  77101  77101  37.3888194855  
1436900155  0  590825  223340  585075  5  0  910  26976  0  108910081228  1033  0  590444  590449  5  0  28078  272  0  73  1  28078  0  26976  223340  46  0  11630631875  23416  56109  56015  56015  37.8013794271  
1436900165  0  676463  258571  670661  5  0  922  26983  0  128401246199  1033  0  676095  676100  5  0  28078  272  0  73  1  28078  0  26983  258571  46  0  19491164971  35231  85638  85651  85651  38.2239679036  
1436900175  0  778885  301523  772780  5  0  923  26956  0  148742446147  1033  0  778624  778629  5  0  28078  272  0  73  1  28078  0  26956  301523  46  0  20341199948  42952  102422  102529  102529  38.7121333701  
1436900185  0  867248  339355  861164  5  0  943  26980  0  170189804083  1033  0  867008  867013  5  0  28078  272  0  73  1  28078  0  26980  339355  46  0  21447357936  37832  88363  88384  88384  39.1300988875  
1436900195  0  954619  378936  948526  5  0  959  26954  0  190856291181  1033  0  954465  954470  5  0  28078  272  0  73  1  28078  0  26954  378936  46  0  20666487098  39581  87371  87457  87457  39.6949987377  
1436900205  0  1044891  418005  1038400  5  0  962  26981  0  211197360469  1033  0  1044535  1044540  5  0  28078  272  0  73  1  28078  0  26981  418005  46  0  20341069288  39069  90272  90070  90070  40.0046512029  
1436900215  0  1140582  460091  1134115  5  0  929  26983  0  234858431170  1033  0  1140250  1140255  5  0  28078  272  0  73  1  28078  0  26983  460091  46  0  23661070701  42086  95691  95715  95715  40.3382659028  
1436900225  0  1226593  496337  1220124  5  0  937  26965  0  254767030379  1033  0  1226442  1226447  5  0  28078  272  0  73  1  28078  0  26965  496337  46  0  19908599209  36246  86011  86192  86192  40.4646855151  
1436900235  0  1315596  534676  1308760  5  0  935  26887  0  273890032167  1033  0  1315364  1315369  5  0  28078  272  0  73  1  28078  0  26887  534676  46  0  19123001788  38339  89003  88922  88922  40.6413519044  
1436900245  0  1412149  575706  1405337  5  0  897  26983  0  297388325980  1033  0  1411943  1411948  5  0  28078  272  0  73  1  28078  0  26983  575706  46  0  23498293813  41030  96553  96579  96579  40.7680775895  
1436900255  0  1497664  611569  1490790  5  986  947  26966  1  318597374927  1033  0  1497490  1497495  5  0  28078  272  0  73  1  28078  0  26966  611569  46  0  21209048947  35863  85515  85547  85547  40.8348601555  
1436900265  0  1590440  650867  1583410  5  0  955  26970  0  338542547612  1033  0  1590308  1590313  5  0  28078  272  0  73  1  28078  0  26970  650867  46  0  19945172685  39298  92776  92818  92818  40.9237066472  
1436900275  0  1683282  690696  1676050  5  0  954  26982  0  361521424852  1033  0  1682948  1682953  5  0  28078  272  0  73  1  28078  0  26982  690696  46  0  22978877240  39829  92842  92640  92640  41.0326968387  
1436900285  0  1769062  725571  1761749  5  0  929  26977  0  382762602191  1033  0  1768753  1768758  5  0  28078  272  0  73  1  28078  0  26977  725571  46  0  21241177339  34875  85780  85805  85805  41.0144472042  
1436900295  0  1856589  763570  1848881  5  0  957  26940  0  402251372545  1033  0  1856254  1856259  5  0  28078  272  0  73  1  28078  0  26940  763570  46  0  19488770354  37999  87527  87501  87501  41.1275732001  
1436900305  0  1945521  802110  1938009  5  0  940  26985  0  423661368948  1033  0  1945383  1945388  5  0  28078  272  0  73  1  28078  0  26985  802110  46  0  21409996403  38540  88932  89129  89129  41.2285449502  
1436900315  0  2030918  838468  2023080  5  118627  970  26773  48  443955766810  1033  0  2030558  2030563  5  0  28078  272  0  73  3  28078  0  26773  838468  46  0  20294397862  36358  85397  85175  85175  41.285172518  
1436900325  0  2123326  877408  2115370  5  0  916  26968  0  463816126696  1033  0  2123035  2123040  5  0  28078  272  0  73  1  28078  0  26968  877408  46  0  19860359886  38940  92408  92477  92477  41.3223405167  
1436900335  0  2211669  914431  2203663  5  0  957  26952  0  484950594253  1033  0  2211329  2211334  5  0  28078  272  0  73  1  28078  0  26952  914431  46  0  21134467557  37023  88343  88294  88294  41.3457438704  
1436900345  0  2308907  955057  2300702  5  38681  920  26811  13  507615084855  1033  0  2308507  2308512  5  0  28078  272  0  73  2  28078  0  26811  955057  46  0  22664490602  40626  97238  97178  97178  41.3640306864  
1436900355  0  2399360  994577  2390837  5  0  936  26899  0  527195485573  1033  0  2398978  2398983  5  0  28078  272  0  73  1  28078  0  26899  994577  46  0  19580400718  39520  90453  90471  90471  41.4517621366  
1436900365  0  2484130  1027500  2475838  5  0  915  26985  0  547573328989  1033  0  2483979  2483984  5  0  28078  272  0  73  1  28078  0  26985  1027500  46  0  20377843416  32923  84770  85001  85001  41.3625695918  
1436900375  0  2579746  1067916  2571225  5  0  939  26853  0  570327255264  1033  0  2579399  2579404  5  0  28078  272  0  73  1  28078  0  26853  1067916  46  0  22753926275  40416  95616  95420  95420  41.39616846  
1436900385  0  2671316  1107011  2662728  5  986  939  26962  1  589573513443  1033  0  2671161  2671166  5  0  28078  272  0  73  1  28078  0  26962  1107011  46  0  19246258179  39095  91570  91762  91762  41.4406607081  
1436900395  0  2745236  1138611  2736273  5  72739  953  26773  26  606422390849  1033  0  2745519  2745524  5  0  28078  272  0  84  3  28078  0  26773  1138611  46  0  16848877406  31600  73920  74358  74358  41.4758876832  
1436900405  0  2838148  1178161  2827171  5  0  944  26872  0  622847260550  1033  0  2837975  2837980  5  0  28078  272  0  89  1  28078  0  26872  1178161  46  0  16424869701  39550  92912  92456  92456  41.5116125022  
1436900415  0  2945321  1224859  2933403  5  71529  942  26904  27  643306420210  1033  0  2945063  2945068  5  0  28078  272  0  89  6  28078  0  26904  1224859  46  0  20459159660  46698  107173  107088  107088  41.5866046519  
1436900425  0  3033826  1262526  3021772  5  0  932  26783  0  664372251736  1033  0  3033516  3033521  5  0  28078  272  0  90  1  28078  0  26783  1262526  46  0  21065831526  37667  88505  88453  88453  41.6149772597  
1436900435  0  3120870  1297851  3108931  5  0  907  26980  0  684602271049  1033  0  3120678  3120683  5  0  28078  272  0  91  1  28078  0  26980  1297851  46  0  20230019313  35325  87044  87162  87162  41.5861923118  
1436900445  0  3218691  1338069  3206463  5  0  913  26977  0  705475659185  1033  0  3218358  3218363  5  0  28078  272  0  91  1  28078  0  26977  1338069  46  0  20873388136  40218  97821  97680  97680  41.571837744  
1436900455  0  3307779  1377249  3295592  5  0  959  26980  0  726474380491  1033  0  3307487  3307492  5  0  28078  272  0  91  1  28078  0  26980  1377249  46  0  20998721306  39180  89088  89129  89129  41.6366691971  
1436900465  0  3392777  1411512  3380464  5  0  945  26907  0  746775190132  1033  0  3392506  3392511  5  0  28078  272  0  91  1  28078  0  26907  1411512  46  0  20300809641  34263  84998  85019  85019  41.6034416645  
1436900476  0  3493684  1456194  3481131  5  0  942  26975  0  768663311686  1033  0  3493553  3493558  5  0  28078  272  0  91  1  28078  0  26975  1456194  46  0  21888121554  44682  100907  101047  101047  41.6807587635  
1436900486  0  3581856  1491872  3569221  5  0  917  26948  0  789473945396  1033  0  3581644  3581649  5  0  28078  272  0  91  1  28078  0  26948  1491872  46  0  20810633710  35678  88172  88091  88091  41.6508089661  
1436900496  0  3665173  1526992  3652604  5  0  934  26906  0  809810792392  1033  0  3665027  3665032  5  0  28078  272  0  91  1  28078  0  26906  1526992  46  0  20336846996  35120  83317  83383  83383  41.6622080322  
1436900506  0  3754795  1564524  3741728  5  51387  951  26900  18  829919792857  1033  0  3754441  3754446  5  0  28078  272  0  91  4  28078  0  26900  1564524  46  0  20109000465  37532  89622  89414  89414  41.667361334  
1436900516  0  3851149  1603792  3838356  5  0  974  26979  0  852011952067  1033  0  3851071  3851076  5  0  28078  272  0  91  1  28078  0  26979  1603792  46  0  22092159210  39268  96354  96630  96630  41.6445066135  
1436900526  0  3936805  1641050  3923967  5  0  951  26979  0  872678170090  1033  0  3936730  3936735  5  0  28078  272  0  91  1  28078  0  26979  1641050  46  0  20666218023  37258  85656  85659  85659  41.6848180187  
1436900536  0  4031244  1679488  4017975  5  0  962  26965  0  892033334522  1033  0  4031165  4031170  5  0  28078  272  0  91  1  28078  0  26965  1679488  46  0  19355164432  38438  94439  94435  94435  41.6617798377  
1436900546  0  4124593  1717495  4111297  5  0  950  26983  0  914375265846  1033  0  4124487  4124492  5  0  28078  272  0  91  1  28078  0  26983  1717495  46  0  22341931324  38007  93349  93322  93322  41.6403509389  
1436900556  0  4214332  1756909  4200808  5  0  930  26897  0  933724280355  1033  0  4213998  4214003  5  0  28078  272  0  91  1  28078  0  26897  1756909  46  0  19349014509  39414  89739  89511  89511  41.6889082303  
1436900566  0  4304718  1795355  4291099  5  0  957  26959  0  953879844000  1033  0  4304581  4304586  5  0  28078  272  0  91  1  28078  0  26959  1795355  46  0  20155563645  38446  90386  90583  90583  41.7066809022  
1436900576  0  4389927  1831237  4376182  5  0  963  26984  0  974216696541  1033  0  4389664  4389669  5  0  28078  272  0  91  1  28078  0  26984  1831237  46  0  20336852541  35882  85209  85083  85083  41.7145205376  
1436900586  0  4491036  1875177  4477210  5  0  938  26920  0  996878291953  1033  0  4490803  4490808  5  0  28078  272  0  91  1  28078  0  26920  1875177  46  0  22661595412  43940  101109  101139  101139  41.7537735168  
1436900596  0  4583156  1917047  4569036  5  0  943  26965  0  1017245793350  1033  0  4582993  4582998  5  0  28078  272  0  91  1  28078  0  26965  1917047  46  0  20367501397  41870  92120  92190  92190  41.8280983672  
1436900606  0  4673261  1956424  4658968  5  0  935  26983  0  1037146346332  1033  0  4672925  4672930  5  0  28078  272  0  91  1  28078  0  26983  1956424  46  0  19900552982  39377  90105  89932  89932  41.8642143035  
1436900616  0  4769874  1995459  4755818  5  986  953  26984  1  1059252723703  1033  0  4769777  4769782  5  0  28078  272  0  91  1  28078  0  26984  1995459  46  0  22106377371  39035  96613  96852  96852  41.8346270782  
1436900626  0  4861619  2032854  4847212  5  0  919  26924  0  1079051903439  1033  0  4861462  4861467  5  0  28078  272  0  91  1  28078  0  26924  2032854  46  0  19799179736  37395  91745  91685  91685  41.8143420947  
1436900636  0  4949049  2068619  4934514  5  0  935  26895  0  1099094576594  1033  0  4948764  4948769  5  0  28078  272  0  91  1  28078  0  26895  2068619  46  0  20042673155  35765  87430  87302  87302  41.7983131709  
1436900646  0  5045215  2108440  5030603  5  0  919  26949  0  1120519446724  1033  0  5044917  5044922  5  0  28078  272  0  91  1  28078  0  26949  2108440  46  0  21424870130  39821  96166  96153  96153  41.7908850267  
1436900656  0  5137870  2147954  5122871  5  0  925  26969  0  1141024629136  1033  0  5137597  5137602  5  0  28078  272  0  91  1  28078  0  26969  2147954  46  0  20505182412  39514  92655  92680  92680  41.8063127327  
1436900666  0  5225378  2185415  5210274  5  0  935  26932  0  1161448960324  1033  0  5225000  5225005  5  0  28078  272  0  91  1  28078  0  26932  2185415  46  0  20424331188  37461  87508  87403  87403  41.8230987308  
1436900676  0  5309213  2221270  5294334  5  0  927  26977  0  1182190529967  1033  0  5309060  5309065  5  0  28078  272  0  91  1  28078  0  26977  2221270  46  0  20741569643  35855  83835  84060  84060  41.8380275947  
1436900686  0  5408806  2263156  5393438  5  80387  911  26841  28  1203851234906  1033  0  5408453  5408458  5  0  28078  272  0  91  3  28078  0  26841  2263156  46  0  21660704939  41886  99593  99393  99393  41.8420627399  
