#Type:X;CI:2;ww:0;ca:0;co:1;fr:0;Type:X;CI:2;PI:0;PT:EP;U0:0;U1:0;
#time  Pp  gt  gs  cn  cm  cb  Nc  Pc  cp  Tc  Nm  pr  ps  pt  px  pd  Pm  Om  fs  ft  Oc  Em  Gp  Ec  Ge  ot  os  Total_cycles_diff  Successful_get_diff  Total_get_diff  succ_put_diff  total_put_diff  get_hit  
1436850693  0  0  0  0  0  0  0  0  0  2280765  0  0  0  0  0  0  0  0  0  21  0  0  0  0  0  46  0  2280765  0  0  0  0  
1436850706  0  3136  2715  47  15  7691784  117  3411  3375  647838495  228  0  8154  8168  15  0  4179  285  0  53341  49  4179  0  3411  2715  11095  301  645557730  2715  3136  8154  8168  86.575255102  
1436850720  0  7538  7047  51  15  7280120  115  3143  3108  988768105  228  0  12218  12232  15  0  4179  285  0  58371  49  4179  0  3143  7047  11095  301  340929610  4332  4402  4064  4064  93.4863358981  
1436850730  0  27866  27115  54  15  7716100  130  3654  3620  3099350476  228  0  32797  32811  15  0  4179  285  0  62817  49  4179  0  3654  27115  11095  301  2110582371  20068  20328  20579  20579  97.3049594488  
1436850740  0  46171  45153  54  15  7602194  138  3677  3644  4662571804  228  0  50858  50872  15  0  4179  285  0  66457  49  4179  0  3677  45153  11095  301  1563221328  18038  18305  18061  18061  97.7951528015  
1436850750  0  69099  64731  55  15  7204642  134  3433  3401  6316846469  228  0  70192  70206  15  0  5584  285  0  69115  49  5584  0  3433  64731  11095  301  1654274665  19578  22928  19334  19334  93.678635002  
1436850760  0  75760  68608  55  15  8468340  542  7687  7655  6730463379  542  0  78323  78336  15  0  7796  460  0  69174  460  7795  0  7687  68608  11095  301  413616910  3877  6661  8131  8130  90.5596620908  
1436850770  0  92182  80837  55  15  9199807  860  12091  12058  7910480588  861  0  94956  94969  15  0  12095  766  0  69290  765  12095  0  12091  80837  11095  301  1180017209  12229  16422  16633  16633  87.6928250635  
1436850780  0  105415  88945  55  15  9099492  1421  16428  16395  8669330301  1428  0  107401  107414  15  0  16516  1364  0  69374  1358  16516  0  16428  88945  11095  301  758849713  8108  13233  12445  12445  84.3760375658  
1436850790  0  116716  95461  55  15  9708644  2008  21631  21598  9305301496  2008  0  119120  119133  15  0  21631  1987  0  69406  1987  21631  0  21631  95461  11095  301  635971195  6516  11301  11719  11719  81.7891291682  
1436850800  0  127893  99710  55  15  9887354  2786  27343  27306  9768399546  2786  0  129081  129094  15  0  27343  2810  0  69442  2810  27343  0  27343  99710  11095  301  463098050  4249  11177  9961  9961  77.9636102054  
1436850810  0  140661  104418  56  15  10115683  3548  34274  34235  10275401605  3548  0  140724  140736  15  0  34277  3630  0  69444  3630  34277  0  34274  104418  11096  302  507002059  4708  12768  11643  11642  74.2337961482  
1436850820  0  150159  107030  56  15  10534434  3478  35984  35945  10916979297  3619  0  152355  152367  15  0  36237  3706  0  69464  3554  36237  0  35984  107030  12091  1285  641577692  2612  9498  11631  11631  71.2777788877  
1436850830  0  227842  159250  56  15  10633617  2503  27710  27674  17425250965  3824  0  232526  232538  15  0  40330  3926  0  70209  2508  40330  0  27710  159250  16595  5520  6508271668  52220  77683  80171  80171  69.8949271864  
1436850840  0  347662  233377  56  15  11139311  2694  29707  29677  24422082576  3824  0  352624  352636  15  0  40330  3926  0  73282  2707  40330  0  29707  233377  22143  10784  6996831611  74127  119820  120098  120098  67.127554924  
1436850850  0  479546  310626  56  15  11370339  2924  32378  32348  31628852416  3824  0  484595  484607  15  0  40330  3926  0  75589  2974  40330  0  32378  310626  28681  16987  7206769840  77249  131884  131971  131971  64.7750163696  
1436850860  0  597015  367377  56  15  11560398  3443  36719  36687  36574354603  3824  0  601990  602002  15  0  40330  3926  0  77649  3500  40330  0  36719  367377  35800  23747  4945502187  56751  117469  117395  117395  61.535639808  
1436850870  0  757767  446604  56  15  11637957  3660  38778  38743  42909429850  3931  0  762682  762693  15  0  41086  4032  0  80817  3739  41086  0  38778  446604  45808  33241  6335075247  79227  160752  160692  160691  58.9368499816  
1436850880  0  913425  512938  56  15  11775888  3953  41183  41145  47914542339  4126  0  918247  918258  15  0  42748  4242  0  83953  4051  42748  0  41183  512938  56750  43619  5005112489  66334  155658  155565  155565  56.1554588499  
1436850890  0  1060387  574107  56  15  11965331  4269  43762  43718  52814714041  4484  0  1065051  1065062  15  0  45902  4614  0  86286  4383  45902  0  43762  574107  67182  53519  4900171702  61169  146962  146804  146804  54.1412710642  
1436850900  0  1197855  634243  56  15  12185749  4797  48514  48469  57153332987  4889  0  1202413  1202424  15  0  49606  5047  0  87312  4954  49606  0  48514  634243  76182  62089  4338618946  60136  137468  137362  137362  52.9482282914  
1436850910  0  1275224  677442  56  15  11732300  4326  44093  44050  60109653067  4890  0  1279425  1279436  15  0  49606  5049  0  87942  4458  49606  0  44093  677442  81034  66734  2956320080  43199  77369  77012  77012  53.1233728349  
1436850920  0  1350933  712846  56  15  10911535  4686  45261  45213  62290182967  4890  0  1351731  1351741  15  0  49606  5049  0  88031  4834  49606  0  45261  712846  85516  70994  2180529900  35404  75709  72306  72305  52.7669395892  
1436850930  0  1458316  820239  56  15  12273704  4889  49376  49327  67329642623  4891  0  1463239  1463247  15  0  49606  5049  0  88413  5047  49606  0  49376  820239  85516  70994  5039459656  107393  107383  111508  111506  56.2456285195  
1436850940  0  1558367  904950  56  15  12049906  4780  48096  48052  71740678137  4892  0  1562302  1562309  15  0  49606  5049  0  89496  4925  49606  0  48096  904950  87474  72883  4411035514  84711  100051  99063  99062  58.0704031849  
1436850950  0  1615766  928284  56  15  11515800  4034  41350  41303  73652535610  4892  0  1619032  1619038  15  0  49606  5049  0  89899  4142  49606  0  41350  928284  92553  77721  1911857473  23334  57399  56730  56729  57.4516359423  
1436850960  0  1722963  1017167  56  15  12176460  4841  48824  48774  77918374185  4892  0  1727357  1727362  15  0  49606  5049  0  90403  4992  49606  0  48824  1017167  94042  79142  4265838575  88883  107197  108325  108324  59.0359166157  
1436850970  0  1810944  1075130  56  15  11547251  3820  39044  38999  81711274965  4892  0  1815411  1815415  15  0  49643  5049  0  91583  3904  49643  0  39044  1075130  99073  83927  3792900780  57963  87981  88054  88053  59.3684840614  
1436850980  0  1943577  1127339  56  15  11638891  3789  39250  39210  85402248874  4892  0  1947959  1947963  15  0  49643  5049  0  93048  3878  49643  0  39250  1127339  109123  93507  3690973909  52209  132633  132548  132548  58.0033103911  
1436850990  0  1984727  1135047  56  15  10499171  4097  39589  39547  86332779949  4892  0  1984650  1984653  15  0  49643  5049  0  93304  4202  49643  0  39589  1135047  112776  96980  930531075  7708  41150  36691  36690  57.1890743664  
1436851000  0  2131734  1263256  56  15  12115871  4510  46125  46081  91764541693  4892  0  2136754  2136756  15  0  49643  5049  0  94081  4643  49643  0  46125  1263256  114923  99060  5431761744  128209  147007  152104  152103  59.2595511447  
1436851010  0  2344727  1340452  56  15  11977281  4492  45429  45382  97169028146  4892  0  2349588  2349589  15  0  49643  5049  0  96383  4613  49643  0  45429  1340452  132067  115364  5404486453  77196  212993  212834  212833  57.168787667  
1436851020  0  2529065  1406279  56  15  12127322  4536  46305  46256  102145602992  4892  0  2533955  2533955  15  0  49643  5049  0  97794  4668  49643  0  46305  1406279  146903  129476  4976574846  65827  184338  184367  184366  55.6046997606  
1436851030  0  2677627  1467215  56  15  12019323  4106  42394  42339  106832990810  4892  0  2682860  2682860  15  0  49643  5049  0  99664  4200  49643  0  42394  1467215  158461  140449  4687387818  60936  148562  148905  148905  54.7953467753  
1436851043  0  2677702  1467290  56  15  12000743  4106  42356  42301  106842058200  4892  0  2682897  2682897  15  0  49643  5049  0  99664  4200  49643  0  42356  1467290  158461  140449  9067390  75  75  37  37  54.7966129166  
1436851053  0  2841103  1528956  56  15  11701596  3829  40281  40226  111863364059  4892  0  2845673  2845673  15  0  49643  5049  0  101940  3935  49643  0  40281  1528956  171447  152783  5021305859  61666  163401  162776  162776  53.8155779639  
1436851063  0  2993660  1591962  56  15  11784289  4033  41655  41600  116855266207  4892  0  2998463  2998463  15  0  49643  5049  0  103928  4140  49643  0  41655  1591962  182580  163341  4991902148  63006  152557  152790  152790  53.1777823801  
1436851073  0  3166388  1664773  56  15  11647387  3693  38524  38467  122623898284  4892  0  3171238  3171237  15  0  49643  5049  0  105829  3765  49643  0  38524  1664773  195558  175655  5768632077  72811  172728  172775  172774  52.5764056711  
1436851087  0  3260922  1707724  56  15  11637838  3538  37553  37502  125970400099  4892  0  3266121  3266120  15  0  49643  5049  0  106849  3615  49643  0  37553  1707724  202208  181962  3346501815  42951  94534  94883  94883  52.3693605673  
1436851097  0  3307102  1726933  56  15  11844655  4070  42162  42110  127831439029  4892  0  3312084  3312083  15  0  49643  5049  0  107387  4174  49643  0  42162  1726933  205024  184651  1861038930  19209  46180  45963  45963  52.2189215815  
1436851107  0  3461051  1792979  56  15  11070955  3702  38390  38338  132926406466  4892  0  3465713  3465712  15  0  49643  5049  0  109202  3778  49643  0  38390  1792979  216498  195523  5094967437  66046  153949  153629  153629  51.8044663312  
1436851117  0  3606535  1856402  56  15  11665047  3740  38880  38831  138073768063  4892  0  3611472  3611471  15  0  49643  5049  0  110935  3810  49643  0  38880  1856402  226793  205301  5147361597  63423  145484  145759  145759  51.4732839138  
1436851127  0  3760570  1926943  56  15  11752193  3804  39554  39505  143313920034  4892  0  3765726  3765725  15  0  49643  5049  0  112963  3876  49643  0  39554  1926943  237249  215225  5240151971  70541  154035  154254  154254  51.240716168  
1436851139  0  3797703  1942638  56  15  11768108  3829  40454  40404  144745787699  4892  0  3802883  3802882  15  0  49643  5049  0  113364  3933  49643  0  40454  1942638  239865  217698  1431867665  15695  37133  37157  37157  51.1529732578  
1436851149  0  3882391  1977724  56  15  11733697  4168  42829  42778  147755133991  4892  0  3887359  3887358  15  0  49643  5049  0  114415  4281  49643  0  42829  1977724  245767  223294  3009346292  35086  84688  84476  84476  50.9408763826  
1436851159  0  4033867  2041269  56  15  11670704  3914  41055  41003  152445398290  4892  0  4038855  4038854  15  0  49643  5049  0  115995  4007  49643  0  41055  2041269  257099  234050  4690264299  63545  151476  151496  151496  50.6032796818  
1436851169  0  4132341  2085924  56  15  11728487  3954  40821  40768  156246411208  4892  0  4137109  4137108  15  0  49643  5049  0  117597  4041  49643  0  40821  2085924  263848  240455  3801012918  44655  98474  98254  98254  50.4780220219  
1436851180  0  4187275  2111737  56  15  11036717  3729  38264  38210  158606483914  4892  0  4190933  4190932  15  0  49643  5049  0  118447  3812  49643  0  38264  2111737  267735  244141  2360072706  25813  54934  53824  53824  50.432250091  
1436851191  0  4194267  2113424  56  15  11676228  4087  42105  42051  158860887180  4892  0  4198714  4198713  15  0  49643  5049  0  118478  4191  49643  0  42105  2113424  268017  244406  254403266  1687  6992  7781  7781  50.3883992125  
1436851201  0  4310081  2159379  56  15  11870807  4064  42230  42176  162929413384  4892  0  4315083  4315082  15  0  49643  5049  0  119849  4175  49643  0  42230  2159379  276839  252776  4068526204  45955  115814  116369  116369  50.1006593612  
1436851211  0  4435629  2217951  56  15  11715118  3883  40044  39986  167656598938  4892  0  4440745  4440744  15  0  49643  5049  0  121927  3978  49643  0  40044  2217951  285535  261020  4727185554  58572  125548  125662  125662  50.0030773539  
1436851224  0  4547786  2266204  56  15  11749367  3819  40109  40050  171717872376  4892  0  4552988  4552987  15  0  49643  5049  0  123555  3909  49643  0  40109  2266204  293632  268703  4061273438  48253  112157  112243  112243  49.83092872  
1436851234  0  4605878  2291776  56  15  11773931  4012  41995  41937  174139230883  4892  0  4610839  4610838  15  0  49643  5049  0  124440  4129  49643  0  41995  2291776  297445  272321  2421358507  25572  58092  57851  57851  49.7576357863  
1436851244  0  4638542  2306055  56  15  10689002  3563  36498  36438  175741318286  4892  0  4642120  4642119  15  0  49643  5049  0  124840  3629  49643  0  36498  2306055  300288  275022  1602087403  14279  32664  31281  31281  49.715082886  
1436851254  0  4741096  2345794  56  15  11844660  4013  41953  41891  179444499414  4892  0  4746298  4746297  15  0  49643  5049  0  125732  4124  49643  0  41953  2345794  307704  282052  3703181128  39739  102554  104178  104178  49.4778844385  
1436851264  0  4852777  2393291  56  15  11629811  3672  38387  38329  183455404700  4892  0  4857939  4857938  15  0  49643  5049  0  127054  3739  49643  0  38387  2393291  316231  290156  4010905286  47497  111681  111641  111641  49.3179678357  
1436851274  0  4863351  2399768  56  15  11485934  3511  36547  36488  184137329287  4892  0  4868120  4868119  15  0  49643  5049  0  127382  3573  49643  0  36547  2399768  316891  290775  681924587  6477  10574  10181  10181  49.3439194498  
1436851284  0  4940175  2427964  56  15  11774717  3972  41046  40986  186886285126  4892  0  4945260  4945259  15  0  49643  5049  0  128132  4079  49643  0  41046  2427964  322505  296095  2748955839  28196  76824  77140  77140  49.1473277769  
1436851294  0  4979050  2441485  56  15  11707593  4005  41515  41456  188450152926  4892  0  4983590  4983589  15  0  49643  5049  0  128473  4106  49643  0  41515  2441485  325612  299048  1563867800  13521  38875  38330  38330  49.0351573091  
1436851304  0  5118120  2504031  56  15  11762121  3886  40578  40516  193579492392  4892  0  5123365  5123362  15  0  49643  5049  0  130292  3983  49643  0  40578  2504031  335437  308364  5129339466  62546  139070  139775  139773  48.9248200511  
1436851315  0  5141795  2513676  56  15  11668360  3715  38676  38616  194475687131  4892  0  5147034  5147031  15  0  49643  5049  0  130486  3788  49643  0  38676  2513676  337427  310257  896194739  9645  23675  23669  23669  48.8871298836  
1436851325  0  5263689  2567082  56  15  11807300  3952  40996  40939  199117250706  4892  0  5268935  5268932  15  0  49643  5049  0  132451  4054  49643  0  40996  2567082  345766  318164  4641563575  53406  121894  121901  121901  48.769636656  
1436851335  0  5397875  2622038  56  15  11852492  4002  41913  41850  203806543416  4892  0  5403093  5403090  15  0  49643  5049  0  133679  4118  49643  0  41913  2622038  355620  327514  4689292710  54956  134186  134158  134158  48.5753745687  
1436851345  0  5520862  2675317  56  15  11767643  3954  40734  40673  208685780602  4892  0  5525941  5525938  15  0  49643  5049  0  134932  4053  49643  0  40734  2675317  364518  335955  4879237186  53279  122987  122848  122848  48.4583204579  
1436851358  0  5593369  2706052  56  15  11731609  3890  40172  40111  211271835788  4892  0  5598511  5598508  15  0  49643  5049  0  135818  3983  49643  0  40172  2706052  369848  341015  2586055186  30735  72507  72570  72570  48.3796438247  
1436851368  0  5675540  2742155  56  15  11569285  3509  37138  37078  214368053839  4892  0  5680810  5680807  15  0  49643  5049  0  136507  3587  49643  0  37138  2742155  376070  346912  3096218051  36103  82171  82299  82299  48.3153144899  
1436851378  0  5805604  2798328  56  15  11542872  3530  36949  36889  219061006033  4892  0  5810829  5810826  15  0  49643  5049  0  138251  3597  49643  0  36949  2798328  385372  355743  4692952194  56173  130064  130019  130019  48.2004628631  
1436851388  0  5929353  2850609  56  15  11719249  3763  39729  39668  223822663851  4892  0  5934675  5934672  15  0  49643  5049  0  139668  3844  49643  0  39729  2850609  394084  364015  4761657818  52281  123749  123846  123846  48.0762234935  
1436851398  0  6197429  3088725  56  15  8649915  1746  18457  18389  232872019937  4892  0  6198588  6198585  15  0  49643  5049  0  141092  1780  49643  0  18457  3088725  400013  369635  9049356086  238116  268076  263913  263913  49.8388121913  
