#type:T;
#time  gt  cn  Pt  Px  gx  cx  gn  gm  Pn  Pm  Ft  cm  pt  Fx  px  ct  pn  Fm  Fn  pm  dn  On  Om  dm  dx  Ox  dt  Ot  Gt  Cn  Cm  Gx  Cx  Gn  Gm  Ct  
1436850693  2553200598  7291182  151187159504  132736428  87405  623487  3850055  154  7291218  6028  163208439  5462  1277369  91620  149257  136781273045  15  205  164583  62735  0  492634  205  2147483647  0  431163  0  4051752355  75920697773  63  393  132724012  4836  3448688  3179  74725  
1436850706  2553485196  7299351  151736540783  132736428  87405  623487  3850705  154  7299372  6028  181926881  5462  2391037  91620  149257  137321030870  30  205  217874  62037  0  503683  205  2147483647  0  431163  0  4058851271  75989658932  116  393  132724012  32393  3451403  3179  169500  
1436850720  2553519804  7303415  151931764912  132736428  87405  623487  3850775  154  7303436  6028  184975054  5462  2391037  91620  149257  137508508875  30  205  222904  62037  0  503683  205  2147483647  0  431163  0  4058851271  76132314500  125  340  132724012  32393  3455735  2888  180260  
1436850730  2553660572  7323994  153183593842  132736428  87405  623487  3851035  154  7324015  6028  191177676  5462  2391037  92411  149257  138669838874  30  205  227350  62037  0  503683  205  2147483647  0  431163  0  4058851271  76985277151  130  340  132724012  32393  3475803  2888  190388  
1436850740  2553817215  7342055  154041450922  132736428  87405  623487  3851303  154  7342076  6028  195662743  5462  2391037  92411  149257  139463116318  30  205  230990  62037  0  503683  205  2147483647  0  431163  0  4058851271  77686319545  130  340  132724012  32393  3493841  2888  190388  
1436850750  2559237516  7361389  155025861786  132736428  87405  623487  3854653  154  7361410  6028  198874274  5462  2391037  92411  149257  140373913310  30  205  233648  62037  0  503683  205  2147483647  0  431163  0  4058851271  78347725616  133  340  132724012  32393  3513419  2888  199487  
1436850760  2562935753  7369520  155316962096  132736428  87405  623487  3857434  154  7369541  6028  198952410  5462  2391037  92411  149257  140643177401  30  205  233707  62037  0  503683  205  2147483647  0  431163  0  4058851271  78466478761  133  340  132724012  32393  3517296  2888  199487  
1436850770  2568174307  7386153  155872073107  132736428  87405  623487  3861624  154  7386174  6028  199052826  5462  2391037  92411  149257  141147696205  30  205  233823  62037  0  503683  205  2147483647  0  431163  0  4058851271  79086112324  133  340  132724012  32393  3529525  2888  199487  
1436850780  2572150328  7398598  156211719994  132736428  87405  623487  3866747  154  7398619  6028  199082515  5462  2391037  92411  149257  141453704737  30  205  233907  62037  0  503683  205  2147483647  0  431163  0  4058851271  79501458044  133  340  132724012  32393  3537633  2888  199487  
1436850790  2576446437  7410317  156539328660  132736428  87405  623487  3871532  154  7410338  6028  199093811  5462  2391037  92411  149257  141754145707  30  205  233939  62037  0  503683  205  2147483647  0  431163  0  4058851271  79805544196  133  340  132724012  32393  3544149  2888  199487  
1436850800  2582457168  7420274  156802076993  132736428  87405  623487  3878460  154  7420299  6028  199116381  5462  2391037  92411  149257  141985810773  30  205  233975  62037  0  503683  205  2147483647  0  431163  0  4058851271  79999881141  133  340  132724012  32393  3548398  2888  199487  
1436850810  2590177352  7431916  157094162422  132736428  87405  623487  3886520  154  7431942  6028  199120070  5462  2391037  92411  149257  142242890963  30  205  233977  62037  0  503684  205  2147483647  0  431163  0  4058859228  80207192038  134  340  132724012  32393  3553106  2888  201533  
1436850820  2599349567  7443547  157552019095  132736428  87405  623487  3893405  154  7443573  6028  199165670  5462  2391037  92411  149257  142661118802  30  205  233997  62037  0  504679  205  2147483647  0  431163  0  4076229527  80364324943  134  340  132724012  32393  3555718  2888  201533  
1436850830  2624854175  7523718  161866683097  132736428  87405  623487  3918871  154  7523744  6028  200605261  5462  2391037  92411  149257  146655791606  30  205  234742  62037  0  509183  205  2147483647  0  431163  0  4119452285  82489406312  134  340  132724012  32393  3607938  2888  201533  
1436850840  2661036970  7643815  166404269968  132736428  87405  623487  3964570  154  7643842  6028  207225745  5462  2391037  92411  149257  150834736060  30  205  237815  62037  0  514731  205  2147483647  0  431163  0  4166517020  84860041164  134  340  132724012  32393  3682065  2888  201533  
1436850850  2702148877  7775786  171178614082  132736428  87405  623487  4019200  154  7775813  6028  210187850  5462  2391037  92411  149257  155279430518  30  205  240122  62037  0  521269  205  2147483647  0  431163  0  4225863265  87190125992  134  340  132724012  32393  3759314  2888  201533  
1436850860  2745567206  7893180  174511847413  132736428  87405  623487  4079918  154  7893208  6028  213799968  5462  2391037  92411  149257  158367015648  30  205  242182  62037  0  528388  205  2147483647  0  431163  0  4287948008  88694258502  134  340  132724012  32393  3816065  2888  201533  
1436850870  2802179754  8053872  178722505433  132736428  87405  623487  4161449  154  8053900  6028  219493026  5462  2391037  92411  149257  162226856224  30  205  245350  62037  0  538396  205  2147483647  0  431163  0  4366358987  90678901478  134  340  132724012  32393  3895292  2888  201533  
1436850880  2864693543  8209436  182106578171  132736428  87405  623487  4250772  154  8209465  6028  224395347  5462  2391037  92411  149257  165332164303  30  205  248486  62037  0  549338  205  2147483647  0  431163  0  4460781208  92139062702  134  340  132724012  32393  3961626  2888  201533  
1436850890  2923560124  8356239  185403971415  132736428  87405  623487  4336552  154  8356269  6028  227426045  5462  2391037  92411  149257  168353655686  30  205  250819  62037  0  559770  205  2147483647  0  431163  0  4555405466  93586180302  134  340  132724012  32393  4022795  2888  201533  
1436850900  2975900887  8493600  188028708976  132736428  87405  623487  4413886  154  8493631  6028  229179440  5462  2391037  92411  149257  170755903160  30  205  251845  62037  0  568770  205  2147483647  0  431163  0  4634145705  95168050410  134  340  132724012  32393  4082931  2888  201533  
1436850910  3001092598  8570612  189687196025  132736428  87405  623487  4448059  154  8570643  6028  229693366  5462  2391037  92411  149257  172269333987  30  205  252475  62037  0  573622  205  2147483647  0  431163  0  4674750892  96399789498  134  340  132724012  32393  4126130  2888  201533  
1436850920  3027630994  8642909  190809891655  132736428  87405  623487  4488361  154  8642949  6028  229790788  5462  2391037  92411  149257  173269318550  30  205  252564  62037  0  578104  205  2147483647  0  431163  0  4708097100  97397861583  134  340  132724012  32393  4161534  2888  201533  
1436850930  3027630994  8754415  192702442554  132736428  87405  623487  4488361  154  8754457  6028  230446991  5462  2391037  92411  149257  174980624700  30  205  252946  62037  0  578104  205  2147483647  0  431163  0  4708097100  100544621648  134  340  132724012  32393  4268927  2888  201533  
1436850940  3041986342  8853476  194747910096  132736428  87405  623487  4503708  154  8853520  6028  232209003  5462  2391037  92411  149257  176836330994  30  205  254029  62037  0  580062  205  2147483647  0  431163  0  4728089823  102874366069  134  340  132724012  32393  4353638  2888  201533  
1436850950  3069425756  8910205  195922588507  132736428  87405  623487  4537774  154  8910250  6028  232683798  5462  2391037  92411  149257  177902795787  30  205  254432  62037  0  585141  205  2147483647  0  431163  0  4780617043  103531393580  134  340  132724012  32393  4376972  2888  201533  
1436850960  3080261456  9018527  197760106348  132736428  87405  623487  4556088  154  9018575  6028  233646634  5462  2391037  92411  149257  179562382327  30  205  254936  62037  0  586630  205  2147483647  0  431163  0  4792224805  105936742125  134  340  132724012  32393  4465855  2888  201533  
1436850970  3105208785  9106581  199890625940  132736428  87405  623487  4586112  154  9106629  6028  235670276  5462  2391037  92411  149257  181504100823  30  205  256116  62037  0  591661  205  2147483647  0  431163  0  4843188272  107521936287  134  340  132724012  32393  4523818  2888  201533  
1436850980  3157851550  9239129  202328437029  132736428  87405  623487  4666538  154  9239177  6028  237711966  5462  2391037  92411  149257  183703472915  30  205  257581  62037  0  601711  205  2147483647  0  431163  0  4929635172  108634245287  134  340  132724012  32393  4576027  2888  201533  
1436850990  3179767841  9275818  202983827973  132736428  87405  623487  4699958  154  9275868  6028  238005286  5462  2391037  92411  149257  184291763708  30  205  257837  62037  0  605364  205  2147483647  0  431163  0  4959636783  108857265946  134  340  132724012  32393  4583735  2888  201533  
1436851000  3191973759  9427916  205329880319  132736428  87405  623487  4718768  154  9427972  6028  238539492  5462  2391037  92411  149257  186418224876  30  205  258614  62037  0  607511  205  2147483647  0  431163  0  4979358427  111910896422  134  340  132724012  32393  4711944  2888  201533  
1436851010  3276708642  9640748  209045369373  132736428  87405  623487  4854571  154  9640806  6028  241580803  5462  2391037  92411  149257  189780303473  30  205  260916  62037  0  624655  205  2147483647  0  431163  0  5110186331  113382451415  134  340  132724012  32393  4789140  2888  201533  
1436851020  3350798380  9825114  212478964637  132736428  87405  623487  4973092  154  9825173  6028  243336841  5462  2391037  92411  149257  192893010295  30  205  262327  62037  0  639491  205  2147483647  0  431163  0  5231254950  114729390009  134  340  132724012  32393  4854967  2888  201533  
1436851030  3407662092  9974019  215681730513  132736428  87405  623487  5060723  154  9974078  6028  245989082  5462  2391037  92411  149257  195806037784  30  205  264197  62037  0  651049  205  2147483647  0  431163  0  5329369209  116057308494  134  340  132724012  32393  4915903  2888  201533  
1436851043  3407662092  9974056  215684170229  132736428  87405  623487  5060723  154  9974115  6028  245989082  5462  2391037  92411  149257  195808362969  30  205  264197  62037  0  651049  205  2147483647  0  431163  0  5329369209  116063936168  134  340  132724012  32393  4915978  2888  201533  
1436851053  3475468236  10136832  219022401387  132736428  87405  623487  5162460  154  10136891  6028  249317490  5462  2391037  92411  149257  198845861937  30  205  266473  62037  0  664035  205  2147483647  0  431163  0  5441777691  117564695025  134  340  132724012  32393  4977644  2888  201533  
1436851063  3537016648  10289621  222435427951  132736428  87405  623487  5252007  154  10289681  6028  252026015  5462  2391037  92411  149257  201954771448  30  205  268461  62037  0  675168  205  2147483647  0  431163  0  5527833987  118993999512  134  340  132724012  32393  5040650  2888  201533  
1436851073  3602042620  10462394  226347240848  132736428  87405  623487  5351934  154  10462456  6028  253931093  5462  2391037  92411  149257  205539017993  30  205  270362  62037  0  688146  205  2147483647  0  431163  0  5642262155  120670588051  134  340  132724012  32393  5113461  2888  201533  
1436851087  3636707112  10557277  228605352228  132736428  87405  623487  5403523  154  10557339  6028  255857269  5462  2391037  92411  149257  207611814977  30  205  271382  62037  0  694796  205  2147483647  0  431163  0  5702735723  121662520528  134  340  132724012  32393  5156412  2888  201533  
1436851097  3654370762  10603240  229819957419  132736428  87405  623487  5430492  154  10603302  6028  256339421  5462  2391037  92411  149257  208736599206  30  205  271920  62037  0  697612  205  2147483647  0  431163  0  5726740948  122266906555  134  340  132724012  32393  5175621  2888  201533  
1436851107  3713969094  10756869  233305779018  132736428  87405  623487  5518392  154  10756931  6028  258574522  5462  2391037  92411  149257  211928462148  30  205  273735  62037  0  709086  205  2147483647  0  431163  0  5822555733  123719324443  134  340  132724012  32393  5241667  2888  201533  
1436851117  3771080815  10902627  236783662242  132736428  87405  623487  5600458  154  10902690  6028  260436870  5462  2391037  92411  149257  215100340336  30  205  275468  62037  0  719381  205  2147483647  0  431163  0  5920900698  125232368271  134  340  132724012  32393  5305090  2888  201533  
1436851127  3828826184  11056881  240321150822  132736428  87405  623487  5683958  154  11056944  6028  263227736  5462  2391037  92411  149257  218326482012  30  205  277496  62037  0  729837  205  2147483647  0  431163  0  6007276949  126789301038  134  340  132724012  32393  5375631  2888  201533  
1436851139  3844556949  11094038  241283786028  132736428  87405  623487  5705395  154  11094101  6028  263588226  5462  2391037  92411  149257  219201897379  30  205  277897  62037  0  732453  205  2147483647  0  431163  0  6029039335  127220842285  134  340  132724012  32393  5391326  2888  201533  
1436851149  3879127622  11178514  243318349361  132736428  87405  623487  5754997  154  11178577  6028  264296022  5462  2391037  92411  149257  221065224408  30  205  278948  62037  0  738355  205  2147483647  0  431163  0  6078659114  128111007082  134  340  132724012  32393  5426412  2888  201533  
1436851159  3939562084  11330010  246499215796  132736428  87405  623487  5842931  154  11330073  6028  266429857  5462  2391037  92411  149257  223978416155  30  205  280528  62037  0  749687  205  2147483647  0  431163  0  6167992920  129469203684  134  340  132724012  32393  5489957  2888  201533  
1436851169  3977604016  11428264  248986697119  132736428  87405  623487  5896746  154  11428327  6028  271286840  5462  2391037  92411  149257  226212640582  30  205  282130  62037  0  756436  205  2147483647  0  431163  0  6250750589  130657525431  134  340  132724012  32393  5534612  2888  201533  
1436851181  4000312600  11482088  250529696201  132736428  87405  623487  5925864  154  11482151  6028  272889578  5462  2391037  92411  149257  227607193334  30  205  282980  62037  0  760323  205  2147483647  0  431163  0  6289220768  131412139475  134  340  132724012  32393  5560425  2888  201533  
1436851191  4004518097  11489869  250722687582  132736428  87405  623487  5931169  154  11489932  6028  272931499  5462  2391037  92411  149257  227786613468  30  205  283011  62037  0  760605  205  2147483647  0  431163  0  6290948147  131467578987  134  340  132724012  32393  5562112  2888  201533  
1436851201  4056793673  11606238  253524039979  132736428  87405  623487  6001023  154  11606301  6028  274748632  5462  2391037  92411  149257  230343353046  30  205  284382  62037  0  769427  205  2147483647  0  431163  0  6366486962  132605974798  134  340  132724012  32393  5608067  2888  201533  
1436851211  4107126704  11731900  256655210667  132736428  87405  623487  6067996  154  11731963  6028  278534891  5462  2391037  92411  149257  233182547896  30  205  286460  62037  0  778123  205  2147483647  0  431163  0  6442106535  134073410089  134  340  132724012  32393  5666639  2888  201533  
1436851224  4154877295  11844143  259414593095  132736428  87405  623487  6131899  154  11844206  6028  281327476  5462  2391037  92411  149257  235682369460  30  205  288088  62037  0  786220  205  2147483647  0  431163  0  6520437184  135247263961  134  340  132724012  32393  5714892  2888  201533  
1436851234  4181373787  11901993  261051104284  132736428  87405  623487  6164418  154  11902057  6028  283121856  5462  2391037  92411  149257  237185302100  30  205  288973  62037  0  790033  205  2147483647  0  431163  0  6558146315  135966654935  134  340  132724012  32393  5740464  2888  201533  
1436851244  4199659728  11933274  262086358441  132736428  87405  623487  6182800  154  11933338  6028  283461972  5462  2391037  92411  149257  238124733559  30  205  289373  62037  0  792876  205  2147483647  0  431163  0  6597186732  136476129582  134  340  132724012  32393  5754743  2888  201533  
1436851254  4249005649  12037452  264617106527  132736428  87405  623487  6245614  154  12037516  6028  285294833  5462  2391037  92411  149257  240390727047  30  205  290265  62037  0  800292  205  2147483647  0  431163  0  6673584851  137521696600  134  340  132724012  32393  5794482  2888  201533  
1436851264  4295799852  12149093  267350175446  132736428  87405  623487  6309799  154  12149157  6028  287705012  5462  2391037  92411  149257  242875691976  30  205  291587  62037  0  808819  205  2147483647  0  431163  0  6754838687  138669882328  134  340  132724012  32393  5841979  2888  201533  
1436851274  4301825890  12159274  267776891446  132736428  87405  623487  6313892  154  12159338  6028  288528361  5462  2391037  92411  149257  243255523750  30  205  291915  62037  0  809479  205  2147483647  0  431163  0  6767785937  138905312026  134  340  132724012  32393  5848456  2888  201533  
1436851284  4343687719  12236413  269668317598  132736428  87405  623487  6362520  154  12236478  6028  289616189  5462  2391037  92411  149257  244967357615  30  205  292665  62037  0  815093  205  2147483647  0  431163  0  6829252076  139658795626  134  340  132724012  32393  5876652  2888  201533  
1436851294  4364687178  12274743  270711866621  132736428  87405  623487  6387874  154  12274808  6028  290752843  5462  2391037  92411  149257  245912289113  30  205  293006  62037  0  818200  205  2147483647  0  431163  0  6867804166  140118816167  134  340  132724012  32393  5890173  2888  201533  
1436851304  4419061631  12414517  274207710271  132736428  87405  623487  6464404  154  12414583  6028  293280275  5462  2391037  92411  149257  249088602930  30  205  294825  62037  0  828025  205  2147483647  0  431163  0  6958712922  141605296056  134  340  132724012  32393  5952719  2888  201533  
1436851315  4429221653  12438186  274784477350  132736428  87405  623487  6478433  154  12438252  6028  293649251  5462  2391037  92411  149257  249618598724  30  205  295019  62037  0  830015  205  2147483647  0  431163  0  6977638963  141895937588  134  340  132724012  32393  5962364  2888  201533  
1436851325  4479999166  12560087  277908321642  132736428  87405  623487  6546923  154  12560153  6028  296828349  5462  2391037  92411  149257  252465675389  30  205  296984  62037  0  838354  205  2147483647  0  431163  0  7058663958  143279371127  134  340  132724012  32393  6015770  2888  201533  
1436851335  4535516391  12694245  281041338038  132736428  87405  623487  6626157  154  12694311  5994  298068000  5462  2391037  92411  149257  255342731115  30  205  298212  62037  0  848208  205  2147483647  0  431163  0  7152016394  144686696242  134  340  132724012  32393  6070726  2888  201533  
1436851345  4586632265  12817093  284352823891  132736428  87405  623487  6695861  154  12817159  5994  300053510  5462  2391037  92411  149257  258378730952  30  205  299465  62037  0  857106  205  2147483647  0  431163  0  7238044603  146116516422  134  340  132724012  32393  6124005  2888  201533  
1436851358  4618111548  12889663  286095666929  132736428  87405  623487  6737633  154  12889729  5994  301170471  5462  2391037  92411  149257  259975257930  30  205  300351  62037  0  862436  205  2147483647  0  431163  0  7292914229  146872743929  134  340  132724012  32393  6154740  2888  201533  
1436851368  4652556863  12971961  288209859565  132736428  87405  623487  6783704  154  12972028  5994  301843446  5462  2391037  92411  149257  261921832782  30  205  301040  62037  0  868658  205  2147483647  0  431163  0  7338616112  147774387872  134  340  132724012  32393  6190843  2888  201533  
1436851378  4706418176  13101980  291310454705  132736428  87405  623487  6857590  154  13102047  5994  304368680  5462  2391037  92411  149257  264763094777  30  205  302784  62037  0  877960  205  2147483647  0  431163  0  7433124224  149217256402  134  340  132724012  32393  6247016  2888  201533  
1436851388  4760220490  13225825  294553379466  132736428  87405  623487  6929057  154  13225893  5994  305936574  5462  2391037  92411  149257  267756772873  30  205  304201  62037  0  886672  205  2147483647  0  431163  0  7503488104  150611222015  134  340  132724012  32393  6299297  2888  201533  
1436851398  4783667184  13489738  300508404783  132736428  87405  623487  6959019  154  13489806  5994  308882207  5462  2391037  92411  149257  272797299469  30  205  305625  62037  0  892601  205  2147483647  0  431163  0  7556009073  153627069195  134  340  132724012  32393  6537413  2888  201533  
