#Type:X;CI:2;ww:0;ca:0;co:1;fr:0;Type:X;CI:2;PI:0;PT:EP;U0:0;U1:0;
#time  Pp  gt  gs  cn  cm  cb  Nc  Pc  cp  Tc  Nm  pr  ps  pt  px  pd  Pm  Om  fs  ft  Oc  Em  Gp  Ec  Ge  ot  os  Total_cycles_diff  Successful_get_diff  Total_get_diff  succ_put_diff  total_put_diff  get_hit  
1439039833  0  0  0  0  0  0  0  0  0  3244324  0  0  0  0  0  0  0  0  0  0  0  0  0  0  0  0  0  3244324  0  0  0  0  
1439039843  0  0  0  0  0  0  0  0  0  3244324  0  0  0  0  0  0  0  0  0  0  0  0  0  0  0  0  0  0  0  0  0  0  0 
1439039853  0  0  0  0  0  0  0  0  0  3244324  0  0  0  0  0  0  0  0  0  0  0  0  0  0  0  0  0  0  0  0  0  0  0 
1439039863  0  0  0  0  0  0  0  0  0  3244324  0  0  0  0  0  0  0  0  0  0  0  0  0  0  0  0  0  0  0  0  0  0  0 
1439039873  0  0  0  0  0  0  0  0  0  3244324  0  0  0  0  0  0  0  0  0  0  0  0  0  0  0  0  0  0  0  0  0  0  0 
1439039883  0  0  0  0  0  0  0  0  0  3244324  0  0  0  0  0  0  0  0  0  0  0  0  0  0  0  0  0  0  0  0  0  0  0 
1439039893  0  0  0  0  0  0  0  0  0  3244324  0  0  0  0  0  0  0  0  0  0  0  0  0  0  0  0  0  0  0  0  0  0  0 
1439039903  0  0  0  0  0  0  0  0  0  3244324  0  0  0  0  0  0  0  0  0  0  0  0  0  0  0  0  0  0  0  0  0  0  0 
1439039913  0  0  0  0  0  0  0  0  0  3244324  0  0  0  0  0  0  0  0  0  0  0  0  0  0  0  0  0  0  0  0  0  0  0 
1439039923  0  0  0  0  0  0  0  0  0  3244324  0  0  0  0  0  0  0  0  0  0  0  0  0  0  0  0  0  0  0  0  0  0  0 
1439039933  0  0  0  0  0  0  0  0  0  3244324  0  0  0  0  0  0  0  0  0  0  0  0  0  0  0  0  0  0  0  0  0  0  0 
1439039943  0  0  0  0  0  0  0  0  0  3995353  0  0  0  0  0  0  0  0  0  0  0  0  0  0  0  0  0  751029  0  0  0  0  0 
1439039953  0  0  0  0  0  0  0  0  0  4207541  0  0  0  0  0  0  0  0  0  0  0  0  0  0  0  0  0  212188  0  0  0  0  0 
1439039963  0  0  0  0  0  0  0  0  0  4213949  0  0  0  0  0  0  0  0  0  0  0  0  0  0  0  0  0  6408  0  0  0  0  0 
1439039973  0  0  0  0  0  0  0  0  0  4213949  0  0  0  0  0  0  0  0  0  0  0  0  0  0  0  0  0  0  0  0  0  0  0 
1439039983  0  0  0  0  0  0  0  0  0  4213949  0  0  0  0  0  0  0  0  0  0  0  0  0  0  0  0  0  0  0  0  0  0  0 
1439039993  0  0  0  0  0  0  0  0  0  4213949  0  0  0  0  0  0  0  0  0  0  0  0  0  0  0  0  0  0  0  0  0  0  0 
1439040003  0  0  0  0  0  0  0  0  0  4213949  0  0  0  0  0  0  0  0  0  0  0  0  0  0  0  0  0  0  0  0  0  0  0 
1439040013  0  0  0  0  0  0  0  0  0  4213949  0  0  0  0  0  0  0  0  0  0  0  0  0  0  0  0  0  0  0  0  0  0  0 
1439040023  0  0  0  0  0  0  0  0  0  4213949  0  0  0  0  0  0  0  0  0  0  0  0  0  0  0  0  0  0  0  0  0  0  0 
1439040033  0  0  0  0  0  0  0  0  0  4213949  0  0  0  0  0  0  0  0  0  0  0  0  0  0  0  0  0  0  0  0  0  0  0 
1439040043  0  0  0  0  0  0  0  0  0  4213949  0  0  0  0  0  0  0  0  0  0  0  0  0  0  0  0  0  0  0  0  0  0  0 
1439040053  0  0  0  0  0  0  0  0  0  4213949  0  0  0  0  0  0  0  0  0  0  0  0  0  0  0  0  0  0  0  0  0  0  0 
1439040063  0  0  0  0  0  0  0  0  0  4213949  0  0  0  0  0  0  0  0  0  0  0  0  0  0  0  0  0  0  0  0  0  0  0 
1439040073  0  0  0  0  0  0  0  0  0  4213949  0  0  0  0  0  0  0  0  0  0  0  0  0  0  0  0  0  0  0  0  0  0  0 
1439040083  0  0  0  0  0  0  0  0  0  4213949  0  0  0  0  0  0  0  0  0  0  0  0  0  0  0  0  0  0  0  0  0  0  0 
1439040093  0  0  0  0  0  0  0  0  0  4213949  0  0  0  0  0  0  0  0  0  0  0  0  0  0  0  0  0  0  0  0  0  0  0 
1439040103  0  0  0  0  0  0  0  0  0  4213949  0  0  0  0  0  0  0  0  0  0  0  0  0  0  0  0  0  0  0  0  0  0  0 
1439040113  0  0  0  0  0  0  0  0  0  4213949  0  0  0  0  0  0  0  0  0  0  0  0  0  0  0  0  0  0  0  0  0  0  0 
1439040123  0  0  0  0  0  0  0  0  0  4213949  0  0  0  0  0  0  0  0  0  0  0  0  0  0  0  0  0  0  0  0  0  0  0 
