#Type:X;CI:1;ww:0;ca:0;co:1;fr:0;Type:X;CI:1;PI:0;PT:EP;U0:0;U1:0;
#time  Pp  gt  gs  cn  cm  cb  Nc  Pc  cp  Tc  Nm  pr  ps  pt  px  pd  Pm  Om  fs  ft  Oc  Em  Gp  Ec  Ge  ot  os  Total_cycles_diff  Successful_get_diff  Total_get_diff  succ_put_diff  total_put_diff  get_hit  
1439005943  0  0  0  0  0  0  0  0  0  0  0  0  0  0  0  0  0  0  0  0  0  0  0  0  0  0  0  0  0  0  0  0  
1439005953  0  0  0  0  0  0  0  0  0  0  0  0  0  0  0  0  0  0  0  0  0  0  0  0  0  0  0  0  0  0  0  0  0 
1439005963  0  185  184  13  5  6586628  184  2771  2762  243561117  233  0  3455  3460  5  0  3455  353  0  54  191  3455  0  2771  184  1886  128  243561117  184  185  3455  3460  99.4594594595  
1439005973  0  185  184  13  5  6586628  184  2771  2762  253519058  233  0  3455  3460  5  0  3455  353  0  54  191  3455  0  2771  184  4695  128  9957941  0  0  0  0  99.4594594595  
1439005983  0  185  184  13  5  6586628  184  2771  2762  263577101  233  0  3455  3460  5  0  3455  353  0  54  191  3455  0  2771  184  7548  128  10058043  0  0  0  0  99.4594594595  
1439005993  0  538  326  13  5  6211417  177  2629  2623  280476250  233  0  3455  3460  5  0  3455  353  0  54  187  3455  0  2629  326  9635  128  16899149  142  353  0  0  60.594795539  
1439006003  0  538  326  37  19  4541638  110  1872  1842  390002620  233  0  3885  3904  19  0  3455  353  0  44341  74  3455  0  1872  326  9996  279  109526370  0  0  430  444  60.594795539  
1439006013  0  538  326  37  19  4541638  110  1872  1842  407948027  233  0  3885  3904  19  0  3455  353  0  64050  74  3455  0  1872  326  10408  279  17945407  0  0  0  0  60.594795539  
1439006023  0  622  337  42  20  6411580  107  2615  2580  528312438  233  0  4684  4704  20  0  3455  353  0  116547  57  3455  0  2615  337  12379  300  120364411  11  84  799  800  54.1800643087  
1439006033  0  622  337  42  20  6412766  110  2616  2581  557350962  233  0  4685  4705  20  0  3455  353  0  146453  58  3455  0  2616  337  13229  300  29038524  0  0  1  1  54.1800643087  
1439006043  0  1591  572  42  20  5882356  110  2430  2395  609103159  233  0  4734  4754  20  0  3455  353  0  191999  53  3455  0  2430  572  15774  300  51752197  235  969  49  49  35.9522313011  
1439006053  0  27773  590  42  20  5934548  191  3750  3715  701572678  233  0  6072  6092  20  0  3750  353  0  217073  134  3750  0  3750  590  16955  300  92469519  18  26182  1338  1338  2.12436539085  
1439006063  0  76274  619  42  22  7618489  1621  34110  34075  1625872894  1621  0  36461  36483  22  0  34110  1441  0  235291  1441  34110  0  34110  619  18220  300  924300216  29  48501  30389  30391  0.81154784068  
1439006073  0  113352  668  42  22  9153878  3231  71235  71200  2676454951  3231  0  73635  73657  22  0  71235  2914  0  235461  2914  71235  0  71235  668  19180  300  1050582057  49  37078  37174  37174  0.589314701108  
1439006083  0  162027  723  42  22  10081864  4213  95113  95078  4106003797  4280  0  122814  122836  22  0  96167  3892  0  235471  3818  96167  0  95113  723  20771  1338  1429548846  55  48675  49179  49179  0.446221925975  
1439006094  0  194591  752  42  22  10150608  4367  98383  98348  5072369916  4442  0  154991  155013  22  0  99755  4030  0  236027  3948  99755  0  98383  752  21989  2491  966366119  29  32564  32177  32177  0.386451583064  
1439006104  0  229281  791  42  22  10279354  4464  102313  102278  6103007914  4554  0  190095  190117  22  0  103662  4110  0  236188  4044  103662  0  102313  791  23310  3751  1030637998  39  34690  35104  35104  0.34499151696  
1439006114  0  270237  803  42  22  10348845  4464  102039  102004  7326471377  4633  0  231327  231349  22  0  105138  4193  0  236208  4046  105138  0  102039  803  25033  5389  1223463463  12  40956  41232  41232  0.297146578744  
1439006124  0  320965  822  42  22  10514853  4717  106075  106040  8844110477  4728  0  281995  282017  22  0  106566  4287  0  236800  4282  106566  0  106075  822  26969  7228  1517639100  19  50728  50668  50668  0.256102690324  
1439006134  0  351568  856  42  22  10497039  4657  104351  104316  9761604245  4838  0  312563  312585  22  0  108453  4404  0  236961  4230  108453  0  104351  856  28297  8491  917493768  34  30603  30568  30568  0.243480635325  
1439006144  0  404513  925  42  22  10546678  4749  106708  106673  11336413663  4894  0  366155  366177  22  0  109659  4447  0  237042  4319  109659  0  106708  925  30478  10553  1574809418  69  52945  53592  53592  0.228670030382  
1439006154  0  435424  947  42  22  10508757  4717  107388  107353  12278004583  4909  0  396983  397005  22  0  111497  4450  0  237052  4263  111497  0  107388  947  31785  11795  941590920  22  30911  30828  30828  0.217489159991  
1439006164  0  469685  982  42  22  10487023  4758  107856  107821  13310267544  4953  0  431033  431055  22  0  112778  4473  0  237744  4294  112778  0  107856  982  33152  13098  1032262961  35  34261  34050  34050  0.209076295815  
1439006174  0  518745  993  42  22  10532793  4723  105923  105888  14806613273  5117  0  480194  480216  22  0  116089  4647  0  237927  4304  116089  0  105923  993  35290  15125  1496345729  11  49060  49161  49161  0.191423531793  
1439006184  0  559086  1026  42  22  10703605  4923  110618  110583  15987318866  5193  0  521072  521094  22  0  117251  4728  0  237927  4476  117251  0  110618  1026  36791  16551  1180705593  33  40341  40878  40878  0.183513806463  
1439006194  0  606661  1081  42  22  10592014  4829  108449  108414  17401605156  5274  0  568241  568263  22  0  118971  4802  0  238568  4386  118971  0  108449  1081  38854  18514  1414286290  55  47575  47169  47169  0.178188477585  
1439006204  0  641458  1104  42  22  10827879  5090  115209  115174  18409471926  5290  0  603140  603162  22  0  119338  4802  0  238719  4608  119338  0  115209  1104  40079  19669  1007866770  23  34797  34899  34899  0.172107916652  
1439006214  0  676292  1146  42  22  10928001  5136  117477  117442  19450745864  5297  0  638499  638521  22  0  119948  4802  0  238765  4651  119948  0  117477  1146  41471  20995  1041273938  42  34834  35359  35359  0.169453431358  
1439006224  0  711777  1180  42  22  10644017  4864  111134  111099  20502565902  5297  0  674207  674229  22  0  120793  4802  0  238803  4404  120793  0  111134  1180  43218  22654  1051820038  34  35485  35708  35708  0.165782260455  
1439006234  0  762255  1197  42  22  10717874  4968  112455  112420  21982378549  5297  0  724373  724395  22  0  120793  4809  0  239492  4518  120793  0  112455  1197  45252  24588  1479812647  17  50478  50166  50166  0.157034063404  
1439006244  0  798268  1230  42  22  10959359  5227  117909  117874  23079918244  5297  0  760469  760491  22  0  120793  4809  0  239581  4763  120793  0  117909  1230  46514  25782  1097539695  33  36013  36096  36096  0.154083590974  
1439006254  0  849106  1289  42  22  10651997  4872  110035  110000  24631394203  5297  0  811705  811727  22  0  120793  4809  0  239583  4403  120793  0  110035  1289  49036  28180  1551475959  59  50838  51236  51236  0.151806723778  
1439006264  0  880136  1318  42  22  10989621  5247  118857  118822  25562520485  5297  0  842435  842457  22  0  120793  4809  0  240129  4759  120793  0  118857  1318  49947  29035  931126282  29  31030  30730  30730  0.149749584155  
1439006274  0  915623  1341  42  22  10814537  4983  114320  114285  26643426047  5297  0  877991  878013  22  0  120793  4809  0  240326  4497  120793  0  114320  1341  51664  30677  1080905562  23  35487  35556  35556  0.146457657791  
1439006284  0  960862  1394  42  22  10919812  5181  117551  117516  27954208710  5297  0  923538  923560  22  0  120793  4809  0  240394  4698  120793  0  117551  1394  53404  32325  1310782663  53  45239  45547  45547  0.145078065321  
1439006294  0  1002651  1394  42  22  10722468  4929  110715  110680  29211186032  5297  0  965822  965844  22  0  120793  4809  0  240409  4481  120793  0  110715  1394  55428  34245  1256977322  0  41789  42284  42284  0.139031427685  
1439006304  0  1044815  1460  42  22  10627616  4903  110614  110579  30470812277  5297  0  1007423  1007445  22  0  120793  4809  0  241023  4450  120793  0  110614  1460  57181  35915  1259626245  66  42164  41601  41601  0.139737656906  
1439006314  0  1090503  1471  42  22  10565647  4775  107551  107516  31859204448  5297  0  1053476  1053498  22  0  120793  4809  0  241127  4327  120793  0  107551  1471  59253  37874  1388392171  11  45688  46053  46053  0.134891880169  
1439006324  0  1124450  1489  42  22  10772369  4933  112854  112819  32876453531  5297  0  1087619  1087641  22  0  120793  4809  0  241127  4461  120793  0  112854  1489  60490  39055  1017249083  18  33947  34143  34143  0.132420294366  
1439006334  0  1158234  1518  42  22  10731769  4911  111807  111772  33895606418  5297  0  1121025  1121047  22  0  120793  4809  0  241698  4444  120793  0  111807  1518  61909  40410  1019152887  29  33784  33406  33406  0.131061598952  
1439006344  0  1211281  1541  42  22  10686051  4886  109915  109880  35470431552  5297  0  1174663  1174685  22  0  120793  4809  0  241936  4447  120793  0  109915  1541  64234  42611  1574825134  23  53047  53638  53638  0.127220686199  
1439006354  0  1248770  1555  42  22  10533998  4709  105375  105340  36618876408  5297  0  1212307  1212329  22  0  120793  4809  0  241936  4286  120793  0  105375  1555  65967  44257  1148444856  14  37489  37644  37644  0.12452253017  
1439006364  0  1301329  1606  42  22  10649293  4886  110682  110647  38179577253  5297  0  1265253  1265275  22  0  120793  4809  0  241937  4426  120793  0  110682  1606  68006  46194  1560700845  51  52559  52946  52946  0.123412296199  
1439006374  0  1334343  1635  42  22  10623712  4850  110142  110107  39168868846  5297  0  1297563  1297585  22  0  120793  4809  0  242717  4392  120793  0  110142  1635  69396  47508  989291593  29  33014  32310  32310  0.122532212482  
1439006384  0  1368308  1658  42  22  10458072  4637  105547  105512  40208215001  5297  0  1331686  1331708  22  0  120793  4809  0  242811  4174  120793  0  105547  1658  71028  49060  1039346155  23  33965  34123  34123  0.121171549096  
1439006394  0  1414593  1683  42  22  10715281  4945  112033  111998  41582540334  5297  0  1378347  1378369  22  0  120793  4809  0  242872  4500  120793  0  112033  1683  72694  50646  1374325333  25  46285  46661  46661  0.118974150162  
1439006404  0  1455976  1687  42  22  10401427  4624  104261  104226  42829648250  5297  0  1419862  1419884  22  0  120793  4809  0  243427  4199  120793  0  104261  1687  74753  52594  1247107916  4  41383  41515  41515  0.115867294516  
1439006414  0  1503893  1732  42  22  10418560  4615  103950  103915  44245411971  5297  0  1467617  1467639  22  0  120793  4809  0  243618  4190  120793  0  103950  1732  76769  54517  1415763721  45  47917  47755  47755  0.11516776792  
1439006424  0  1542283  1778  42  22  10296022  4483  101637  101602  45402216663  5297  0  1506123  1506145  22  0  120793  4809  0  243619  4060  120793  0  101637  1778  78493  56143  1156804692  46  38390  38506  38506  0.115283641199  
1439006434  0  1575295  1796  42  22  10357939  4558  103929  103894  46416490800  5297  0  1539588  1539610  22  0  120793  4809  0  243620  4110  120793  0  103929  1796  79816  57407  1014274137  18  33012  33465  33465  0.114010391704  
1439006444  0  1607541  1825  42  22  10336218  4497  102258  102223  47386051618  5297  0  1571287  1571309  22  0  120793  4809  0  244313  4065  120793  0  102258  1825  81179  58701  969560818  29  32246  31699  31699  0.113527431027  
1439006454  0  1659538  1844  42  22  10574983  4774  107934  107899  48931758284  5297  0  1623774  1623796  22  0  120793  4809  0  244413  4337  120793  0  107934  1844  83148  60571  1545706666  19  51997  52487  52487  0.111115262199  
1439006464  0  1696748  1862  42  22  10454434  4682  105143  105108  50055745859  5297  0  1661219  1661241  22  0  120793  4809  0  244413  4262  120793  0  105143  1862  84797  62134  1123987575  18  37210  37445  37445  0.10973933666  
1439006474  0  1749043  1893  42  22  10377653  4516  102137  102102  51618586404  5297  0  1713245  1713267  22  0  120793  4809  0  245046  4095  120793  0  102137  1893  87162  64377  1562840545  31  52295  52026  52026  0.108230615256  
1439006484  0  1779696  1963  42  22  10232999  4480  101456  101421  52522548026  5297  0  1744004  1744026  22  0  120793  4809  0  245212  4054  120793  0  101456  1963  88480  65631  903961622  70  30653  30759  30759  0.110299736584  
1439006494  0  1815147  2003  42  22  10349786  4572  104296  104261  53579978635  5297  0  1779682  1779704  22  0  120793  4809  0  245254  4133  120793  0  104296  2003  89844  66929  1057430609  40  35451  35678  35678  0.110349189349  
1439006504  0  1854556  2007  42  22  10405380  4562  103794  103759  54768370963  5297  0  1819355  1819377  22  0  120793  4809  0  245300  4136  120793  0  103794  2007  91539  68530  1188392328  4  39409  39673  39673  0.108219972867  
1439006514  0  1901159  2007  42  22  10463813  4592  103327  103292  56169669788  5297  0  1865801  1865823  22  0  120793  4809  0  245934  4177  120793  0  103327  2007  93484  70381  1401298825  0  46603  46446  46446  0.105567182966  
1439006524  0  1933039  2074  42  22  10409930  4598  102835  102800  57120180165  5297  0  1897861  1897883  22  0  120793  4809  0  246023  4184  120793  0  102835  2074  94820  71651  950510377  67  31880  32060  32060  0.107292196381  
1439006534  0  1989003  2087  42  22  10470658  4644  104817  104782  58777420469  5297  0  1954230  1954252  22  0  120793  4809  0  246024  4208  120793  0  104817  2087  97139  73844  1657240304  13  55964  56369  56369  0.104926940784  
1439006544  0  2019978  2134  42  22  10381830  4554  103632  103597  59702275424  5297  0  1984528  1984550  22  0  120793  4809  0  246579  4120  120793  0  103632  2134  98489  75136  924854955  47  30975  30298  30298  0.105644714942  
1439006554  0  2053552  2165  42  22  10429765  4581  104332  104297  60732598462  5297  0  2018406  2018428  22  0  120793  4809  0  246760  4128  120793  0  104332  2165  99840  76423  1030323038  31  33574  33878  33878  0.105427084388  
1439006564  0  2102689  2165  42  22  10594217  4765  108074  108039  62169472055  5297  0  2068164  2068186  22  0  120793  4809  0  246807  4334  120793  0  108074  2165  101781  78255  1436873593  0  49137  49758  49758  0.102963395918  
1439006574  0  2139018  2178  42  22  10457053  4600  103218  103183  63254689778  5297  0  2104488  2104510  22  0  120793  4809  0  246807  4183  120793  0  103218  2178  103481  79869  1085217723  13  36329  36324  36324  0.101822425057  
1439006584  0  2189743  2230  42  22  10539343  4771  107203  107168  64700313450  5297  0  2155143  2155165  22  0  120793  4809  0  247532  4306  120793  0  107203  2230  105480  81773  1445623672  52  50725  50655  50655  0.101838434921  
1439006594  0  2226951  2241  42  22  10451973  4604  104446  104411  65821768431  5297  0  2192486  2192508  22  0  120793  4809  0  247569  4169  120793  0  104446  2241  107158  83359  1121454981  11  37208  37343  37343  0.100630862556  
1439006604  0  2261399  2278  42  22  10554033  4718  108121  108086  66875877269  5297  0  2226986  2227008  22  0  120793  4809  0  247569  4260  120793  0  108121  2278  108478  84624  1054108838  37  34448  34500  34500  0.100734103093  
1439006614  0  2301503  2304  42  22  10521484  4737  107952  107917  68064088827  5297  0  2266772  2266794  22  0  120793  4809  0  248221  4295  120793  0  107952  2304  110128  86186  1188211558  26  40104  39786  39786  0.100108494319  
1439006624  0  2346335  2304  42  22  10451352  4631  104456  104421  69401519183  5297  0  2311962  2311984  22  0  120793  4809  0  248385  4200  120793  0  104456  2304  112147  88101  1337430356  0  44832  45190  45190  0.0981956966929  
1439006634  0  2379078  2317  42  22  10516329  4699  105686  105651  70410230978  5297  0  2344965  2344987  22  0  120793  4809  0  248385  4270  120793  0  105686  2317  113453  89342  1008711795  13  32743  33003  33003  0.0973906698309  
1439006644  0  2432074  2367  42  22  10698591  4947  111088  111053  71988985089  5297  0  2398303  2398325  22  0  120793  4809  0  248386  4490  120793  0  111088  2367  115502  91287  1578754111  50  52996  53338  53338  0.0973243412824  
1439006654  0  2464247  2395  42  22  10732274  4910  111822  111787  72947845121  5297  0  2429972  2429994  22  0  120793  4809  0  249110  4443  120793  0  111822  2395  116819  92538  958860032  28  32173  31669  31669  0.097189932665  
1439006664  0  2498456  2437  42  22  10435889  4652  106549  106514  74000990197  5297  0  2464490  2464512  22  0  120793  4809  0  249212  4196  120793  0  106549  2437  118471  94110  1053145076  42  34209  34518  34518  0.0975402408528  
1439006674  0  2543695  2443  42  22  10753972  4940  111746  111711  75364752190  5297  0  2510110  2510132  22  0  120793  4809  0  249234  4489  120793  0  111746  2443  120161  95714  1363761993  6  45239  45620  45620  0.0960413886099  
1439006684  0  2584726  2443  42  22  10591225  4725  106104  106069  76581653681  5297  0  2550974  2550996  22  0  120793  4809  0  249812  4296  120793  0  106104  2443  122102  97548  1216901491  0  41031  40864  40864  0.0945167882398  
1439006694  0  2628741  2504  42  22  10579787  4831  108562  108527  77881345389  5297  0  2594935  2594957  22  0  120793  4809  0  249976  4387  120793  0  108562  2504  123828  99198  1299691708  61  44015  43961  43961  0.0952547246001  
1439006704  0  2669625  2508  42  22  10701531  4897  111258  111223  79070566162  5297  0  2636255  2636277  22  0  120793  4809  0  249977  4426  120793  0  111258  2508  125500  100775  1189220773  4  40884  41320  41320  0.0939457789015  
1439006714  0  2701437  2536  42  22  10713246  4871  111660  111625  80025203869  5297  0  2668224  2668246  22  0  120793  4809  0  249978  4397  120793  0  111660  2536  126825  102039  954637707  28  31812  31969  31969  0.0938759630523  
1439006724  0  2735607  2578  42  22  10676693  4910  111903  111868  81040436687  5297  0  2701832  2701854  22  0  120793  4809  0  250664  4436  120793  0  111903  2578  128193  103341  1015232818  42  34170  33608  33608  0.0942386826763  
1439006734  0  2784313  2583  42  22  10849795  5116  114843  114808  82499492185  5297  0  2751332  2751354  22  0  120793  4809  0  250753  4664  120793  0  114843  2583  130136  105184  1459055498  5  48706  49500  49500  0.0927697424823  
1439006744  0  2823473  2595  42  22  10901900  5077  114305  114270  83652364225  5297  0  2790713  2790735  22  0  120793  4809  0  250753  4611  120793  0  114305  2595  131811  106769  1152872040  12  39160  39381  39381  0.091908086247  
1439006754  0  2877955  2644  42  22  10758939  5022  113418  113383  85254764625  5297  0  2844739  2844761  22  0  120793  4809  0  251459  4539  120793  0  113418  2644  134149  108992  1602400400  49  54482  54026  54026  0.0918707901965  
1439006764  0  2908120  2677  42  22  10616021  4913  110472  110437  86167363503  5297  0  2875232  2875254  22  0  120793  4809  0  251460  4450  120793  0  110472  2677  135535  110307  912598878  33  30165  30493  30493  0.0920525975544  
1439006774  0  2941649  2700  42  22  10825034  5007  115149  115114  87187285148  5297  0  2908962  2908984  22  0  120793  4809  0  251460  4524  120793  0  115149  2700  136785  111499  1019921645  23  33529  33730  33730  0.0917852537811  
1439006784  0  2981126  2723  42  22  10735681  4961  112888  112853  88366487021  5297  0  2948168  2948190  22  0  120793  4809  0  252020  4508  120793  0  112888  2723  138480  113106  1179201873  23  39477  39206  39206  0.0913413253918  
1439006794  0  3026317  2742  42  22  10659899  4840  109624  109589  89693945510  5297  0  2993546  2993568  22  0  120793  4809  0  252228  4398  120793  0  109624  2742  140497  115026  1327458489  19  45191  45378  45378  0.0906051811492  
1439006805  0  3068193  2773  42  22  10772450  4945  110811  110776  90958943508  5297  0  3035820  3035842  22  0  120793  4809  0  252233  4502  120793  0  110811  2773  142196  116633  1264997998  31  41876  42274  42274  0.0903789298783  
1439006815  0  3117743  2830  42  22  10779145  5023  113578  113543  92464480407  5297  0  3085769  3085791  22  0  120793  4809  0  252269  4546  120793  0  113578  2830  144233  118563  1505536899  57  49550  49949  49949  0.090770791563  
1439006825  0  3146820  2862  42  22  10637763  4844  110774  110739  93339398028  5297  0  3114268  3114290  22  0  120793  4809  0  253016  4372  120793  0  110774  2862  145570  119838  874917621  32  29077  28499  28499  0.0909489579957  
1439006835  0  3180803  2886  42  22  10753054  4943  113933  113898  94361742380  5297  0  3148370  3148392  22  0  120793  4809  0  253109  4474  120793  0  113933  2886  146834  121042  1022344352  24  33983  34102  34102  0.0907318057736  
1439006845  0  3229903  2890  42  22  10943487  5128  116021  115986  95838786338  5297  0  3197773  3197795  22  0  120793  4809  0  253161  4656  120793  0  116021  2890  148825  122929  1477043958  4  49100  49403  49403  0.0894763712718  
1439006855  0  3267823  2921  42  22  10792202  5033  113025  112990  96958813802  5297  0  3235565  3235587  22  0  120793  4809  0  253730  4574  120793  0  113025  2921  150521  124534  1120027464  31  37920  37792  37792  0.0893867262701  
1439006865  0  3317415  2969  42  22  10836102  5038  114076  114041  98435922782  5297  0  3285346  3285368  22  0  120793  4809  0  253908  4571  120793  0  114076  2969  152553  126471  1477108980  48  49592  49781  49781  0.0894973948089  
1439006875  0  3351959  3038  42  22  10940081  5150  116063  116028  99474807204  5297  0  3320117  3320139  22  0  120793  4809  0  253930  4663  120793  0  116063  3038  153942  127779  1038884422  69  34544  34771  34771  0.0906335668187  
1439006885  0  3389065  3082  42  22  10720494  4907  112556  112521  100608176859  5297  0  3357235  3357257  22  0  120793  4809  0  253957  4443  120793  0  112556  3082  155665  129425  1133369655  44  37106  37118  37118  0.0909395364208  
1439006895  0  3425507  3111  42  22  10954418  5182  118360  118325  101693053202  5297  0  3393395  3393417  22  0  120793  4809  0  254607  4703  120793  0  118360  3111  156911  130610  1084876343  29  36442  36160  36160  0.0908186729731  
1439006905  0  3474044  3131  42  22  10808685  5020  113187  113152  103164253253  5302  0  3442599  3442621  22  0  120793  4810  0  254717  4553  120793  0  113187  3131  159194  132773  1471200051  20  48537  49204  49204  0.0901255136665  
1439006915  0  3508331  3143  42  22  10819819  5044  113502  113467  104189418131  5310  0  3477080  3477102  22  0  120793  4822  0  254717  4586  120793  0  113502  3143  160593  134104  1025164878  12  34287  34481  34481  0.0895867579199  
1439006925  0  3557564  3178  42  22  10866932  5068  114569  114534  105605007113  5310  0  3525855  3525877  22  0  120793  4822  0  255415  4597  120793  0  114569  3178  162633  136035  1415588982  35  49233  48775  48775  0.0893307892704  
1439006935  0  3588129  3207  42  22  10726907  4921  111540  111505  106512281466  5310  0  3556491  3556513  22  0  120793  4822  0  255567  4454  120793  0  111540  3207  164049  137375  907274353  29  30565  30636  30636  0.0893780574779  
