#type:G;
#time  Rt  Nm  Tt  Nc  Rx  Gz  Pc  Pf  Ra  Te  Pm  Fp  Fc  Ta  Fm  Om  Lm  Oc  Sm  Sc  Em  Af  Ea  Cf  Ec  Gd  Zt  Et  Ep  dedup_put_diff  total_eph_put_diff  dedup_factor  dedup_curr  compression_saving  tze_saving  
1436649851  454  1078  18943406  0  0  0  0  0  454  5058  27455  0  0  27895  27455  575  0  0  0  0  27455  0  1886118  0  0  0  0  1886226  9222927  0  9222927  0.0  
#type:G;
#time  Rt  Nm  Tt  Nc  Rx  Gz  Pc  Pf  Ra  Te  Pm  Fp  Fc  Ta  Fm  Om  Lm  Oc  Sm  Sc  Em  Af  Ea  Cf  Ec  Gd  Zt  Et  Ep  dedup_put_diff  total_eph_put_diff  dedup_factor  dedup_curr  compression_saving  tze_saving  
1436649872  454  1078  19110670  176  0  0  4220  0  454  5308  27455  0  4220  23528  27455  575  0  150  0  0  27455  0  1886118  0  4220  0  0  1886226  9229275  0  9229275  0.0  100.0  
#type:G;
#time  Rt  Nm  Tt  Nc  Rx  Gz  Pc  Pf  Ra  Te  Pm  Fp  Fc  Ta  Fm  Om  Lm  Oc  Sm  Sc  Em  Af  Ea  Cf  Ec  Gd  Zt  Et  Ep  dedup_put_diff  total_eph_put_diff  dedup_factor  dedup_curr  compression_saving  tze_saving  
1436649892  454  1078  19165812  130  0  0  3571  0  454  5308  27455  0  3571  24196  27455  575  0  49  0  0  27455  0  1886118  0  3571  0  0  1886226  9252322  0  9252322  0.0  100.0  
#type:G;
#time  Rt  Nm  Tt  Nc  Rx  Gz  Pc  Pf  Ra  Te  Pm  Fp  Fc  Ta  Fm  Om  Lm  Oc  Sm  Sc  Em  Af  Ea  Cf  Ec  Gd  Zt  Et  Ep  dedup_put_diff  total_eph_put_diff  dedup_factor  dedup_curr  compression_saving  tze_saving  
1436649912  454  1078  19250627  196  0  0  5655  0  454  5308  27455  0  5655  22009  27455  575  0  90  0  0  27455  0  1886118  0  5655  0  0  1886226  9289665  0  9289665  0.0  100.0  
1436649922  454  1078  19274381  489  0  0  14949  0  454  5308  27455  0  14949  12451  27455  575  0  274  0  0  27455  0  1886118  0  14949  0  0  1886226  9300835  0  11170  0.0  100.0  
1436649932  454  1078  19364549  901  0  0  26612  0  454  5308  27455  0  26612  591  27455  575  0  475  0  0  27455  0  1886118  0  26612  0  0  1886226  9346089  0  45254  0.0  100.0  
1436649942  454  1078  19703548  853  0  0  25771  0  454  5308  27455  0  25771  1661  27455  575  0  437  0  0  27455  0  1895438  0  25771  0  0  1895563  9517041  0  170952  0.0  100.0  
1436649952  454  1078  19874501  913  0  0  27352  0  454  5308  27455  0  27352  78  27455  575  0  426  0  0  27455  0  1903527  0  27352  0  0  1903654  9603457  0  86416  0.0  100.0  
1436649962  454  1110  20009051  1090  0  0  27282  0  454  5308  27455  0  27282  121  27455  575  0  483  0  0  27455  0  1914992  0  27282  0  0  1915132  9670909  0  67452  0.0  100.0  
#type:G;
#time  Rt  Nm  Tt  Nc  Rx  Gz  Pc  Pf  Ra  Te  Pm  Fp  Fc  Ta  Fm  Om  Lm  Oc  Sm  Sc  Em  Af  Ea  Cf  Ec  Gd  Zt  Et  Ep  dedup_put_diff  total_eph_put_diff  dedup_factor  dedup_curr  compression_saving  tze_saving  
1436649982  454  1120  20336877  1046  0  0  27344  0  454  5308  27455  0  27344  59  27455  575  0  507  0  0  27455  0  1933543  0  27344  0  0  1933699  9833601  0  9833601  0.0  100.0  
1436649992  454  1120  20539747  1010  0  0  26869  0  454  5308  27455  0  26869  534  27455  575  0  450  0  0  27455  0  1947665  0  26869  0  0  1947839  9937072  0  103471  0.0  100.0  
1436650002  454  1120  20784983  995  0  0  27013  0  454  5308  27455  0  27013  392  27455  575  0  420  0  0  27455  0  1960218  0  27013  0  0  1960398  10060806  0  123734  0.0  100.0  
1436650012  454  1120  21002086  1054  0  0  27353  0  454  5308  27455  0  27353  54  27455  575  0  471  0  0  27455  0  1971414  0  27353  0  0  1971598  10169515  0  108709  0.0  100.0  
1436650022  454  1120  21245582  1061  0  0  27387  0  454  5308  27455  0  27387  21  27455  575  0  467  0  0  27455  0  1982641  0  27387  0  0  1982844  10291778  0  122263  0.0  100.0  
1436650032  454  1120  21645513  987  0  0  26829  0  454  5308  27455  0  26829  580  27455  575  0  417  0  0  27455  0  1996492  0  26829  0  0  1996704  10492646  0  200868  0.0  100.0  
1436650042  454  1120  21939019  985  0  0  27087  0  454  5308  27455  0  27087  324  27455  575  0  421  0  0  27455  0  2009194  0  27087  0  0  2009409  10639528  0  146882  0.0  100.0  
1436650052  454  1120  22269044  967  0  0  25469  0  454  5308  27455  0  25469  1943  27455  575  0  452  0  0  27455  0  2027896  0  25469  0  0  2028119  10804180  0  164652  0.0  100.0  
1436650062  454  1120  22637482  956  0  0  26985  0  454  5308  27455  0  26985  429  27455  575  0  416  0  0  27455  0  2050567  0  26985  0  0  2050807  10990527  0  186347  0.0  100.0  
1436650072  454  1120  23113623  988  0  0  27413  0  454  5308  27455  0  27413  2  27455  575  0  402  0  0  27455  0  2082307  0  27413  0  0  2082552  11229404  0  238877  0.0  100.0  
1436650082  454  1120  23536111  796  0  0  27334  0  454  5308  27455  0  27334  82  27455  575  0  346  0  0  27455  0  2120656  0  27334  0  0  2120901  11438849  0  209445  0.0  100.0  
1436650092  454  1120  23825074  813  0  0  27299  0  454  5308  27455  0  27299  120  27455  575  0  357  0  0  27455  0  2158646  0  27299  0  0  2158891  11579262  0  140413  0.0  100.0  
1436650103  454  1120  23973084  779  0  0  27137  0  454  5308  27455  0  27137  282  27455  575  0  373  0  0  27455  0  2175524  0  27137  0  0  2175769  11651420  0  72158  0.0  100.0  
1436650113  454  1120  24090592  808  0  0  27346  0  454  5308  27455  0  27346  76  27455  575  0  363  0  0  27455  0  2194092  0  27346  0  0  2194337  11708824  0  57404  0.0  100.0  
1436650123  454  1120  24204677  819  0  0  27413  0  454  5308  27455  0  27413  11  27455  575  0  377  0  0  27455  0  2213567  0  27413  0  0  2213813  11764043  0  55219  0.0  100.0  
1436650133  454  1120  24311994  804  0  0  27361  0  454  5308  27455  0  27361  63  27455  575  0  341  0  0  27455  0  2227460  0  27361  0  0  2227706  11816397  0  52354  0.0  100.0  
#type:G;
#time  Rt  Nm  Tt  Nc  Rx  Gz  Pc  Pf  Ra  Te  Pm  Fp  Fc  Ta  Fm  Om  Lm  Oc  Sm  Sc  Em  Af  Ea  Cf  Ec  Gd  Zt  Et  Ep  dedup_put_diff  total_eph_put_diff  dedup_factor  dedup_curr  compression_saving  tze_saving  
1436650153  454  1120  24615489  769  0  0  27355  0  454  5308  27455  0  27355  79  27455  575  0  323  0  0  27455  0  2263057  0  27355  0  0  2263303  11965974  0  11965974  0.0  100.0  
1436650163  454  1120  24768249  780  0  0  27276  0  454  5308  27455  0  27276  167  27455  575  0  337  0  0  27455  0  2279407  0  27276  0  0  2279653  12040568  0  74594  0.0  100.0  
1436650173  454  1120  24898299  810  0  0  27184  0  454  5308  27455  0  27184  265  27455  575  0  354  0  0  27455  0  2295965  0  27184  0  0  2296211  12104108  0  63540  0.0  100.0  
1436650183  454  1120  25017241  806  0  0  27419  0  454  5308  27455  0  27419  32  27455  575  0  354  0  0  27455  0  2310101  0  27419  0  0  2310347  12162195  0  58087  0.0  100.0  
1436650193  454  1120  25096792  773  0  0  27268  0  454  5308  27455  0  27268  183  27455  575  0  363  0  0  27455  0  2321347  0  27268  0  0  2321593  12200549  0  38354  0.0  100.0  
1436650203  454  1120  25459149  826  0  0  27448  0  454  5308  27455  0  27448  2  27455  575  0  375  0  0  27455  0  2368020  0  27448  0  0  2368267  12379132  0  178583  0.0  100.0  
1436650213  454  1120  25829060  768  0  0  27173  0  454  5308  27455  0  27173  277  27455  575  0  333  0  0  27455  0  2412447  0  27173  0  0  2412694  12560478  0  181346  0.0  100.0  
1436650223  454  1120  26195531  811  0  0  27450  0  454  5308  27455  0  27450  2  27455  575  0  350  0  0  27455  0  2453928  0  27450  0  0  2454175  12740548  0  180070  0.0  100.0  
1436650233  454  1120  26353279  783  0  0  27368  0  454  5308  27455  0  27368  84  27455  575  0  359  0  0  27455  0  2470810  0  27368  0  0  2471057  12817753  0  77205  0.0  100.0  
1436650243  454  1120  26461629  780  0  0  27410  0  454  5308  27455  0  27410  42  27455  575  0  363  0  0  27455  0  2485498  0  27410  0  0  2485745  12870551  0  52798  0.0  100.0  
1436650253  454  1120  26555548  805  0  0  27447  0  454  5308  27455  0  27447  5  27455  575  0  361  0  0  27455  0  2497182  0  27447  0  0  2497429  12916137  0  45586  0.0  100.0  
1436650263  454  1120  26656363  818  0  0  27426  0  454  5308  27455  0  27426  25  27455  575  0  371  0  0  27455  0  2512530  0  27426  0  0  2512777  12964785  0  48648  0.0  100.0  
1436650273  454  1120  26776800  803  0  0  27449  0  454  5308  27455  0  27449  2  27455  575  0  341  0  0  27455  0  2528128  0  27449  0  0  2528375  13024010  0  59225  0.0  100.0  
1436650283  454  1120  26884134  797  0  0  27394  0  454  5308  27455  0  27394  57  27455  575  0  342  0  0  27455  0  2542510  0  27394  0  0  2542757  13076325  0  52315  0.0  100.0  
1436650293  454  1120  26961475  799  0  0  27386  0  454  5308  27455  0  27386  65  27455  575  0  349  0  0  27455  0  2552624  0  27386  0  0  2552871  13113914  0  37589  0.0  100.0  
1436650303  454  1120  27061944  782  0  0  27444  0  454  5308  27455  0  27444  7  27455  575  0  340  0  0  27455  0  2571031  0  27444  0  0  2571278  13162751  0  48837  0.0  100.0  
1436650313  454  1120  27181016  796  0  0  27332  0  454  5308  27455  0  27332  119  27455  575  0  341  0  0  27455  0  2589347  0  27332  0  0  2589594  13219868  0  57117  0.0  100.0  
1436650323  454  1120  27238009  810  0  0  27449  0  454  5308  27455  0  27449  2  27455  575  0  362  0  0  27455  0  2597833  0  27449  0  0  2598080  13247579  0  27711  0.0  100.0  
1436650333  454  1120  27328402  808  0  0  27389  0  454  5308  27455  0  27389  62  27455  575  0  357  0  0  27455  0  2613619  0  27389  0  0  2613866  13291181  0  43602  0.0  100.0  
1436650343  454  1120  27440321  776  0  0  27336  0  454  5308  27455  0  27336  116  27455  575  0  363  0  0  27455  0  2625388  0  27336  0  0  2625635  13345369  0  54188  0.0  100.0  
1436650353  454  1120  27579480  790  0  0  27437  0  454  5308  27455  0  27437  16  27455  575  0  361  0  0  27455  0  2644085  0  27437  0  0  2644332  13413703  0  68334  0.0  100.0  
#type:G;
#time  Rt  Nm  Tt  Nc  Rx  Gz  Pc  Pf  Ra  Te  Pm  Fp  Fc  Ta  Fm  Om  Lm  Oc  Sm  Sc  Em  Af  Ea  Cf  Ec  Gd  Zt  Et  Ep  dedup_put_diff  total_eph_put_diff  dedup_factor  dedup_curr  compression_saving  tze_saving  
1436650373  454  1120  27806690  813  0  0  27449  0  454  5308  27455  0  27449  2  27455  575  0  362  0  0  27455  0  2673355  0  27449  0  0  2673602  13524895  0  13524895  0.0  100.0  
#type:G;
#time  Rt  Nm  Tt  Nc  Rx  Gz  Pc  Pf  Ra  Te  Pm  Fp  Fc  Ta  Fm  Om  Lm  Oc  Sm  Sc  Em  Af  Ea  Cf  Ec  Gd  Zt  Et  Ep  dedup_put_diff  total_eph_put_diff  dedup_factor  dedup_curr  compression_saving  tze_saving  
1436650396  454  1120  28067285  795  0  0  27350  0  454  5308  27455  0  27350  102  27455  575  0  340  0  0  27455  0  2700121  0  27350  0  0  2700368  13653299  0  13653299  0.0  100.0  
1436650406  454  1120  28200607  780  0  0  27267  0  454  5308  27455  0  27267  185  27455  575  0  340  0  0  27455  0  2715378  0  27267  0  0  2715625  13718346  0  65047  0.0  100.0  
1436650416  454  1120  28397281  779  0  0  27184  0  454  5308  27455  0  27184  268  27455  575  0  342  0  0  27455  0  2738968  0  27184  0  0  2739215  13814654  0  96308  0.0  100.0  
1436650426  454  1120  28425467  797  0  0  27450  0  454  5308  27455  0  27450  2  27455  575  0  345  0  0  27455  0  2742238  0  27450  0  0  2742485  13828529  0  13875  0.0  100.0  
1436650436  454  1120  28574649  821  0  0  27330  0  454  5308  27455  0  27330  122  27455  575  0  360  0  0  27455  0  2760644  0  27330  0  0  2760891  13901045  0  72516  0.0  100.0  
1436650446  454  1120  28676637  789  0  0  27415  0  454  5308  27455  0  27415  37  27455  575  0  365  0  0  27455  0  2773420  0  27415  0  0  2773667  13950176  0  49131  0.0  100.0  
1436650456  454  1120  28770106  778  0  0  27222  0  454  5308  27455  0  27222  230  27455  575  0  372  0  0  27455  0  2783954  0  27222  0  0  2784201  13995742  0  45566  0.0  100.0  
1436650466  454  1120  28827180  782  0  0  27406  0  454  5308  27455  0  27406  46  27455  575  0  371  0  0  27455  0  2790629  0  27406  0  0  2790876  14023868  0  28126  0.0  100.0  
1436650476  454  1120  28942557  805  0  0  27396  0  454  5308  27455  0  27396  56  27455  575  0  358  0  0  27455  0  2805138  0  27396  0  0  2805385  14080211  0  56343  0.0  100.0  
1436650486  454  1120  29048834  823  0  0  27449  0  454  5308  27455  0  27449  2  27455  575  0  372  0  0  27455  0  2816798  0  27449  0  0  2817045  14132283  0  52072  0.0  100.0  
1436650496  454  1120  29142065  808  0  0  27323  0  454  5308  27455  0  27323  128  27455  575  0  352  0  0  27455  0  2828829  0  27323  0  0  2829076  14177559  0  45276  0.0  100.0  
1436650506  454  1120  29208573  809  0  0  27449  0  454  5308  27455  0  27449  2  27455  575  0  344  0  0  27455  0  2833598  0  27449  0  0  2833845  14210896  0  33337  0.0  100.0  
1436650516  454  1120  29319108  795  0  0  27404  0  454  5308  27455  0  27404  47  27455  575  0  336  0  0  27455  0  2847413  0  27404  0  0  2847660  14265052  0  54156  0.0  100.0  
1436650526  454  1120  29429465  783  0  0  27441  0  454  5308  27455  0  27441  11  27455  575  0  340  0  0  27455  0  2861670  0  27441  0  0  2861917  14319245  0  54193  0.0  100.0  
1436650536  454  1120  29552458  774  0  0  27447  0  454  5308  27455  0  27447  5  27455  575  0  335  0  0  27455  0  2878725  0  27447  0  0  2878972  14379132  0  59887  0.0  100.0  
#type:G;
#time  Rt  Nm  Tt  Nc  Rx  Gz  Pc  Pf  Ra  Te  Pm  Fp  Fc  Ta  Fm  Om  Lm  Oc  Sm  Sc  Em  Af  Ea  Cf  Ec  Gd  Zt  Et  Ep  dedup_put_diff  total_eph_put_diff  dedup_factor  dedup_curr  compression_saving  tze_saving  
1436650556  454  1120  29654954  783  0  0  27450  0  454  5308  27455  0  27450  2  27455  575  0  339  0  0  27455  0  2891244  0  27450  0  0  2891491  14429101  0  14429101  0.0  100.0  
1436650566  454  1120  29728283  814  0  0  27450  0  454  5308  27455  0  27450  2  27455  575  0  361  0  0  27455  0  2903602  0  27450  0  0  2903849  14464046  0  34945  0.0  100.0  
1436650576  454  1120  29830941  810  0  0  27387  0  454  5308  27455  0  27387  64  27455  575  0  360  0  0  27455  0  2914984  0  27387  0  0  2915231  14514120  0  50074  0.0  100.0  
1436650587  454  1120  29876624  799  0  0  27287  0  454  5308  27455  0  27287  164  27455  575  0  354  0  0  27455  0  2921495  0  27287  0  0  2921742  14536037  0  21917  0.0  100.0  
1436650598  454  1120  29924319  786  0  0  27300  0  454  5308  27455  0  27300  151  27455  575  0  363  0  0  27455  0  2927340  0  27300  0  0  2927587  14559274  0  23237  0.0  100.0  
1436650608  454  1120  30006360  785  0  0  27373  0  454  5308  27455  0  27373  78  27455  575  0  372  0  0  27455  0  2936705  0  27373  0  0  2936952  14599577  0  40303  0.0  100.0  
1436650618  454  1120  30119260  791  0  0  27200  0  454  5308  27455  0  27200  254  27455  575  0  360  0  0  27455  0  2950210  0  27200  0  0  2950457  14654880  0  55303  0.0  100.0  
1436650628  454  1120  30233473  813  0  0  27281  0  454  5308  27455  0  27281  170  27455  575  0  367  0  0  27455  0  2964025  0  27281  0  0  2964272  14710692  0  55812  0.0  100.0  
1436650639  454  1120  30266865  815  0  0  27437  0  454  5308  27455  0  27437  14  27455  575  0  369  0  0  27455  0  2967179  0  27437  0  0  2967426  14727354  0  16662  0.0  100.0  
1436650649  454  1120  30488364  809  0  0  27434  0  454  5308  27455  0  27434  16  27455  575  0  349  0  0  27455  0  2983389  0  27434  0  0  2983636  14837595  0  110241  0.0  100.0  
1436650659  454  1120  30621044  811  0  0  27338  0  454  5308  27455  0  27338  112  27455  575  0  342  0  0  27455  0  2998247  0  27338  0  0  2998494  14902592  0  64997  0.0  100.0  
1436650669  454  1120  30749079  786  0  0  27449  0  454  5308  27455  0  27449  2  27455  575  0  345  0  0  27455  0  3014212  0  27449  0  0  3014459  14965413  0  62821  0.0  100.0  
1436650680  454  1120  30796109  781  0  0  27449  0  454  5308  27455  0  27449  2  27455  575  0  342  0  0  27455  0  3018910  0  27449  0  0  3019157  14988229  0  22816  0.0  100.0  
#type:G;
#time  Rt  Nm  Tt  Nc  Rx  Gz  Pc  Pf  Ra  Te  Pm  Fp  Fc  Ta  Fm  Om  Lm  Oc  Sm  Sc  Em  Af  Ea  Cf  Ec  Gd  Zt  Et  Ep  dedup_put_diff  total_eph_put_diff  dedup_factor  dedup_curr  compression_saving  tze_saving  
1436650710  454  1120  31252707  814  0  0  27397  0  454  5308  27455  0  27397  53  27455  575  0  356  0  0  27455  0  3068682  0  27397  0  0  3068929  15211488  0  15211488  0.0  100.0  
1436650720  454  1120  31344801  785  0  0  27430  0  454  5308  27455  0  27430  20  27455  575  0  365  0  0  27455  0  3079712  0  27430  0  0  3079959  15256159  0  44671  0.0  100.0  
1436650730  454  1120  31442397  775  0  0  27183  0  454  5308  27455  0  27183  267  27455  575  0  369  0  0  27455  0  3089939  0  27183  0  0  3090186  15304048  0  47889  0.0  100.0  
1436650740  454  1120  31530124  798  0  0  27449  0  454  5308  27455  0  27449  2  27455  575  0  347  0  0  27455  0  3104547  0  27449  0  0  3104794  15346813  0  42765  0.0  100.0  
1436650750  454  1120  31619689  814  0  0  27345  0  454  5308  27455  0  27345  106  27455  575  0  359  0  0  27455  0  3113437  0  27345  0  0  3113684  15390922  0  44109  0.0  100.0  
1436650760  454  1120  31691822  825  0  0  27391  0  454  5308  27455  0  27391  59  27455  575  0  380  0  0  27455  0  3121817  0  27391  0  0  3122064  15426260  0  35338  0.0  100.0  
1436650770  454  1120  31787007  806  0  0  27412  0  454  5308  27455  0  27412  38  27455  575  0  346  0  0  27455  0  3134723  0  27412  0  0  3134970  15472577  0  46317  0.0  100.0  
1436650780  454  1120  31883282  809  0  0  27448  0  454  5308  27455  0  27448  2  27455  575  0  345  0  0  27455  0  3147683  0  27448  0  0  3147930  15519397  0  46820  0.0  100.0  
#type:G;
#time  Rt  Nm  Tt  Nc  Rx  Gz  Pc  Pf  Ra  Te  Pm  Fp  Fc  Ta  Fm  Om  Lm  Oc  Sm  Sc  Em  Af  Ea  Cf  Ec  Gd  Zt  Et  Ep  dedup_put_diff  total_eph_put_diff  dedup_factor  dedup_curr  compression_saving  tze_saving  
1436650800  454  1120  32055477  788  0  0  27424  0  454  5308  27455  0  27424  27  27455  575  0  339  0  0  27455  0  3169931  0  27424  0  0  3170178  15603614  0  15603614  0.0  100.0  
1436650810  454  1120  32161644  773  0  0  27346  0  454  5308  27455  0  27346  105  27455  575  0  336  0  0  27455  0  3184083  0  27346  0  0  3184330  15655081  0  51467  0.0  100.0  
1436650820  454  1120  32242620  783  0  0  27342  0  454  5308  27455  0  27342  110  27455  575  0  345  0  0  27455  0  3193219  0  27342  0  0  3193466  15694500  0  39419  0.0  100.0  
1436650830  454  1120  32264490  789  0  0  27393  0  454  5308  27455  0  27393  59  27455  575  0  338  0  0  27455  0  3197207  0  27393  0  0  3197454  15705049  0  10549  0.0  100.0  
1436650840  454  1120  32304401  801  0  0  27430  0  454  5308  27455  0  27430  22  27455  575  0  350  0  0  27455  0  3203081  0  27430  0  0  3203328  15724215  0  19166  0.0  100.0  
#type:G;
#time  Rt  Nm  Tt  Nc  Rx  Gz  Pc  Pf  Ra  Te  Pm  Fp  Fc  Ta  Fm  Om  Lm  Oc  Sm  Sc  Em  Af  Ea  Cf  Ec  Gd  Zt  Et  Ep  dedup_put_diff  total_eph_put_diff  dedup_factor  dedup_curr  compression_saving  tze_saving  
1436650860  454  1120  32459041  786  0  0  27206  0  454  5308  27455  0  27206  246  27455  575  0  357  0  0  27455  0  3228009  0  27206  0  0  3228256  15798296  0  15798296  0.0  100.0  
1436650870  454  1120  32532962  783  0  0  27450  0  454  5308  27455  0  27450  2  27455  575  0  372  0  0  27455  0  3236876  0  27450  0  0  3237123  15834198  0  35902  0.0  100.0  
1436650880  454  1120  32625700  779  0  0  27380  0  454  5308  27455  0  27380  72  27455  575  0  373  0  0  27455  0  3243619  0  27380  0  0  3243866  15880180  0  45982  0.0  100.0  
1436650890  454  1120  32726578  806  0  0  27388  0  454  5308  27455  0  27388  64  27455  575  0  360  0  0  27455  0  3257618  0  27388  0  0  3257865  15929578  0  49398  0.0  100.0  
1436650900  454  1120  32842974  816  0  0  27388  0  454  5308  27455  0  27388  62  27455  575  0  360  0  0  27455  0  3270500  0  27388  0  0  3270747  15986950  0  57372  0.0  100.0  
1436650910  454  1120  32886447  816  0  0  27401  0  454  5308  27455  0  27401  49  27455  575  0  369  0  0  27455  0  3275741  0  27401  0  0  3275988  16007808  0  20858  0.0  100.0  
1436650920  454  1120  32965573  814  0  0  27442  0  454  5308  27455  0  27442  8  27455  575  0  355  0  0  27455  0  3285771  0  27442  0  0  3286018  16046669  0  38861  0.0  100.0  
1436650930  454  1120  33093101  808  0  0  27334  0  454  5308  27455  0  27334  116  27455  575  0  346  0  0  27455  0  3301298  0  27334  0  0  3301545  16109230  0  62561  0.0  100.0  
1436650940  454  1120  33215854  789  0  0  27325  0  454  5308  27455  0  27325  125  27455  575  0  343  0  0  27455  0  3315106  0  27325  0  0  3315353  16169270  0  60040  0.0  100.0  
1436650954  454  1120  33291363  771  0  0  27385  0  454  5308  27455  0  27385  65  27455  575  0  332  0  0  27455  0  3326152  0  27385  0  0  3326399  16205918  0  36648  0.0  100.0  
1436650965  454  1120  33417993  789  0  0  27400  0  454  5308  27455  0  27400  50  27455  575  0  341  0  0  27455  0  3344367  0  27400  0  0  3344614  16267164  0  61246  0.0  100.0  
1436650975  454  1120  33587049  816  0  0  27241  0  454  5308  27455  0  27241  211  27455  575  0  358  0  0  27455  0  3366348  0  27241  0  0  3366595  16349012  0  81848  0.0  100.0  
1436650986  454  1120  33638735  814  0  0  27429  0  454  5308  27455  0  27429  23  27455  575  0  354  0  0  27455  0  3372160  0  27429  0  0  3372407  16374391  0  25379  0.0  100.0  
1436650996  454  1120  33704542  789  0  0  27238  0  454  5308  27455  0  27238  214  27455  575  0  356  0  0  27455  0  3380067  0  27238  0  0  3380314  16406364  0  31973  0.0  100.0  
1436651006  454  1120  33774894  785  0  0  27450  0  454  5308  27455  0  27450  2  27455  575  0  374  0  0  27455  0  3389944  0  27450  0  0  3390191  16440612  0  34248  0.0  100.0  
1436651016  454  1120  33855419  788  0  0  27450  0  454  5308  27455  0  27450  2  27455  575  0  367  0  0  27455  0  3400320  0  27450  0  0  3400567  16479770  0  39158  0.0  100.0  
1436651026  454  1120  33949105  807  0  0  27450  0  454  5308  27455  0  27450  2  27455  575  0  362  0  0  27455  0  3412388  0  27450  0  0  3412635  16525522  0  45752  0.0  100.0  
1436651039  454  1120  33975420  806  0  0  27342  0  454  5308  27455  0  27342  110  27455  575  0  360  0  0  27455  0  3415129  0  27342  0  0  3415376  16538371  0  12849  0.0  100.0  
1436651049  454  1120  34031876  812  0  0  27351  0  454  5308  27455  0  27351  101  27455  575  0  369  0  0  27455  0  3423829  0  27351  0  0  3424077  16565809  0  27438  0.0  100.0  
1436651059  454  1120  34117589  819  0  0  27441  0  454  5308  27455  0  27441  10  27455  575  0  365  0  0  27455  0  3434738  0  27441  0  0  3434986  16607992  0  42183  0.0  100.0  
1436651069  454  1120  34210826  806  0  0  27312  0  454  5308  27455  0  27312  139  27455  575  0  341  0  0  27455  0  3445096  0  27312  0  0  3445344  16653752  0  45760  0.0  100.0  
1436651079  454  1120  34231077  808  0  0  27429  0  454  5308  27455  0  27429  22  27455  575  0  344  0  0  27455  0  3447465  0  27429  0  0  3447713  16663715  0  9963  0.0  100.0  
1436651089  454  1120  34294365  799  0  0  27449  0  454  5308  27455  0  27449  2  27455  575  0  336  0  0  27455  0  3456933  0  27449  0  0  3457181  16694595  0  30880  0.0  100.0  
1436651099  454  1120  34386380  796  0  0  27264  0  454  5308  27455  0  27264  187  27455  575  0  348  0  0  27455  0  3467049  0  27264  0  0  3467297  16739771  0  45176  0.0  100.0  
1436651109  454  1120  34486982  775  0  0  27449  0  454  5308  27455  0  27449  2  27455  575  0  339  0  0  27455  0  3476810  0  27449  0  0  3477058  16789211  0  49440  0.0  100.0  
1436651119  454  1120  34511311  779  0  0  27402  0  454  5308  27455  0  27402  49  27455  575  0  333  0  0  27455  0  3482173  0  27402  0  0  3482421  16800611  0  11400  0.0  100.0  
1436651129  454  1120  34582059  783  0  0  27313  0  454  5308  27455  0  27313  139  27455  575  0  342  0  0  27455  0  3491070  0  27313  0  0  3491318  16835062  0  34451  0.0  100.0  
1436651139  454  1120  34634512  786  0  0  27256  0  454  5308  27455  0  27256  197  27455  575  0  341  0  0  27455  0  3498746  0  27256  0  0  3498994  16860199  0  25137  0.0  100.0  
1436651149  454  1120  34696906  797  0  0  27199  0  454  5308  27455  0  27199  255  27455  575  0  347  0  0  27455  0  3505525  0  27199  0  0  3505773  16890154  0  29955  0.0  100.0  
1436651160  454  1120  34746066  808  0  0  27369  0  454  5308  27455  0  27369  85  27455  575  0  364  0  0  27455  0  3510610  0  27369  0  0  3510858  16914330  0  24176  0.0  100.0  
1436651170  454  1120  34794158  814  0  0  27260  0  454  5308  27455  0  27260  192  27455  575  0  357  0  0  27455  0  3518280  0  27260  0  0  3518528  16937532  0  23202  0.0  100.0  
1436651180  454  1120  34847620  809  0  0  27406  0  454  5308  27455  0  27406  46  27455  575  0  355  0  0  27455  0  3526450  0  27406  0  0  3526698  16963382  0  25850  0.0  100.0  
1436651190  454  1120  34902473  791  0  0  27391  0  454  5308  27455  0  27391  61  27455  575  0  365  0  0  27455  0  3533602  0  27391  0  0  3533850  16990085  0  26703  0.0  100.0  
1436651200  454  1120  34949822  764  0  0  27288  0  454  5308  27455  0  27288  164  27455  575  0  356  0  0  27455  0  3538266  0  27288  0  0  3538514  17013259  0  23174  0.0  100.0  
1436651210  454  1120  34998286  778  0  0  27418  0  454  5308  27455  0  27418  34  27455  575  0  374  0  0  27455  0  3543797  0  27418  0  0  3544045  17036932  0  23673  0.0  100.0  
1436651220  454  1120  35056769  783  0  0  27373  0  454  5308  27455  0  27373  79  27455  575  0  367  0  0  27455  0  3553355  0  27373  0  0  3553603  17065615  0  28683  0.0  100.0  
1436651230  454  1120  35131666  818  0  0  27420  0  454  5308  27455  0  27420  32  27455  575  0  383  0  0  27455  0  3561816  0  27420  0  0  3562064  17102323  0  36708  0.0  100.0  
1436651241  454  1120  35170511  827  0  0  27326  0  454  5308  27455  0  27326  124  27455  575  0  394  0  0  27455  0  3567436  0  27326  0  0  3567684  17120895  0  18572  0.0  100.0  
1436651251  454  1120  35250816  833  0  0  27386  0  454  5308  27455  0  27386  63  27455  575  0  399  0  0  27455  0  3577650  0  27386  0  0  3577898  17160112  0  39217  0.0  100.0  
1436651261  454  1120  35360778  820  0  0  27446  0  454  5308  27455  0  27446  2  27455  575  0  359  0  0  27455  0  3588856  0  27446  0  0  3589104  17214590  0  54478  0.0  100.0  
1436651271  454  1120  35461063  816  0  0  27447  0  454  5308  27455  0  27447  2  27455  575  0  347  0  0  27455  0  3601413  0  27447  0  0  3601661  17263828  0  49238  0.0  100.0  
1436651283  454  1120  35532847  800  0  0  27410  0  454  5308  27455  0  27410  41  27455  575  0  334  0  0  27455  0  3610708  0  27410  0  0  3610956  17298843  0  35015  0.0  100.0  
#type:G;
#time  Rt  Nm  Tt  Nc  Rx  Gz  Pc  Pf  Ra  Te  Pm  Fp  Fc  Ta  Fm  Om  Lm  Oc  Sm  Sc  Em  Af  Ea  Cf  Ec  Gd  Zt  Et  Ep  dedup_put_diff  total_eph_put_diff  dedup_factor  dedup_curr  compression_saving  tze_saving  
1436651303  454  1120  35746571  781  0  0  27450  0  454  5308  27455  0  27450  2  27455  575  0  339  0  0  27455  0  3639700  0  27450  0  0  3639948  17403715  0  17403715  0.0  100.0  
1436651313  454  1120  35849406  794  0  0  27336  0  454  5308  27455  0  27336  117  27455  575  0  352  0  0  27455  0  3650528  0  27336  0  0  3650776  17454056  0  50341  0.0  100.0  
1436651324  454  1120  35894824  803  0  0  27451  0  454  5308  27455  0  27451  2  27455  575  0  350  0  0  27455  0  3656045  0  27451  0  0  3656293  17476227  0  22171  0.0  100.0  
1436651334  454  1120  35954166  821  0  0  27366  0  454  5308  27455  0  27366  85  27455  575  0  364  0  0  27455  0  3664994  0  27366  0  0  3665242  17504775  0  28548  0.0  100.0  
#type:G;
#time  Rt  Nm  Tt  Nc  Rx  Gz  Pc  Pf  Ra  Te  Pm  Fp  Fc  Ta  Fm  Om  Lm  Oc  Sm  Sc  Em  Af  Ea  Cf  Ec  Gd  Zt  Et  Ep  dedup_put_diff  total_eph_put_diff  dedup_factor  dedup_curr  compression_saving  tze_saving  
1436651354  454  1120  36097586  792  0  0  27394  0  454  5308  27455  0  27394  57  27455  575  0  355  0  0  27455  0  3683182  0  27394  0  0  3683430  17574342  0  17574342  0.0  100.0  
1436651364  454  1120  36148395  785  0  0  27450  0  454  5308  27455  0  27450  2  27455  575  0  368  0  0  27455  0  3691425  0  27450  0  0  3691673  17599060  0  24718  0.0  100.0  
1436651374  454  1120  36174830  790  0  0  27344  0  454  5308  27455  0  27344  108  27455  575  0  383  0  0  27455  0  3695806  0  27344  0  0  3696054  17611835  0  12775  0.0  100.0  
1436651384  454  1120  36214577  788  0  0  27450  0  454  5308  27455  0  27450  2  27455  575  0  375  0  0  27455  0  3703338  0  27450  0  0  3703586  17630839  0  19004  0.0  100.0  
1436651394  454  1120  36270434  806  0  0  27341  0  454  5308  27455  0  27341  111  27455  575  0  365  0  0  27455  0  3712281  0  27341  0  0  3712529  17657862  0  27023  0.0  100.0  
1436651404  454  1120  36346746  816  0  0  27266  0  454  5308  27455  0  27266  185  27455  575  0  363  0  0  27455  0  3720967  0  27266  0  0  3721215  17695382  0  37520  0.0  100.0  
1436651414  454  1120  36394414  823  0  0  27399  0  454  5308  27455  0  27399  52  27455  575  0  373  0  0  27455  0  3727123  0  27399  0  0  3727371  17718834  0  23452  0.0  100.0  
1436651424  454  1120  36444421  817  0  0  27449  0  454  5308  27455  0  27449  2  27455  575  0  375  0  0  27455  0  3733825  0  27449  0  0  3734073  17743145  0  24311  0.0  100.0  
1436651434  454  1120  36490989  808  0  0  27312  0  454  5308  27455  0  27312  139  27455  575  0  349  0  0  27455  0  3743557  0  27312  0  0  3743805  17765377  0  22232  0.0  100.0  
1436651444  454  1120  36517058  809  0  0  27336  0  454  5308  27455  0  27336  115  27455  575  0  346  0  0  27455  0  3747874  0  27336  0  0  3748122  17778018  0  12641  0.0  100.0  
#type:G;
#time  Rt  Nm  Tt  Nc  Rx  Gz  Pc  Pf  Ra  Te  Pm  Fp  Fc  Ta  Fm  Om  Lm  Oc  Sm  Sc  Em  Af  Ea  Cf  Ec  Gd  Zt  Et  Ep  dedup_put_diff  total_eph_put_diff  dedup_factor  dedup_curr  compression_saving  tze_saving  
1436651464  454  1120  36656277  784  0  0  27337  0  454  5308  27455  0  27337  114  27455  575  0  338  0  0  27455  0  3764759  0  27337  0  0  3765007  17845809  0  17845809  0.0  100.0  
1436651474  454  1120  36734804  778  0  0  27449  0  454  5308  27455  0  27449  2  27455  575  0  341  0  0  27455  0  3773973  0  27449  0  0  3774221  17884471  0  38662  0.0  100.0  
1436651484  454  1120  36757780  791  0  0  27374  0  454  5308  27455  0  27374  77  27455  575  0  346  0  0  27455  0  3777710  0  27374  0  0  3777958  17895374  0  10903  0.0  100.0  
1436651494  454  1120  36835659  778  0  0  27449  0  454  5308  27455  0  27449  2  27455  575  0  336  0  0  27455  0  3789290  0  27449  0  0  3789538  17933107  0  37733  0.0  100.0  
1436651504  454  1120  36908146  770  0  0  27389  0  454  5308  27455  0  27389  63  27455  575  0  331  0  0  27455  0  3798750  0  27389  0  0  3798998  17968304  0  35197  0.0  100.0  
1436651514  454  1120  36955677  793  0  0  27351  0  454  5308  27455  0  27351  101  27455  575  0  349  0  0  27455  0  3807087  0  27351  0  0  3807335  17990633  0  22329  0.0  100.0  
1436651524  454  1120  36971879  801  0  0  27447  0  454  5308  27455  0  27447  5  27455  575  0  349  0  0  27455  0  3809782  0  27447  0  0  3810030  17998336  0  7703  0.0  100.0  
1436651534  454  1120  37040109  812  0  0  27399  0  454  5308  27455  0  27399  53  27455  575  0  358  0  0  27455  0  3817334  0  27399  0  0  3817582  18031525  0  33189  0.0  100.0  
#type:G;
#time  Rt  Nm  Tt  Nc  Rx  Gz  Pc  Pf  Ra  Te  Pm  Fp  Fc  Ta  Fm  Om  Lm  Oc  Sm  Sc  Em  Af  Ea  Cf  Ec  Gd  Zt  Et  Ep  dedup_put_diff  total_eph_put_diff  dedup_factor  dedup_curr  compression_saving  tze_saving  
1436651554  454  1120  37121252  802  0  0  27358  0  454  5308  27455  0  27358  94  27455  575  0  356  0  0  27455  0  3832641  0  27358  0  0  3832889  18070251  0  18070251  0.0  100.0  
1436651564  454  1120  37145276  783  0  0  27340  0  454  5308  27455  0  27340  112  27455  575  0  360  0  0  27455  0  3837796  0  27340  0  0  3838044  18081806  0  11555  0.0  100.0  
1436651574  454  1120  37177124  782  0  0  27333  0  454  5308  27455  0  27333  119  27455  575  0  366  0  0  27455  0  3841000  0  27333  0  0  3841248  18097302  0  15496  0.0  100.0  
1436651584  454  1120  37236374  787  0  0  27417  0  454  5308  27455  0  27417  36  27455  575  0  377  0  0  27455  0  3847083  0  27417  0  0  3847331  18126536  0  29234  0.0  100.0  
1436651594  454  1120  37303561  785  0  0  27231  0  454  5308  27455  0  27231  222  27455  575  0  366  0  0  27455  0  3854846  0  27231  0  0  3855094  18159381  0  32845  0.0  100.0  
1436651605  454  1120  37370702  803  0  0  27451  0  454  5308  27455  0  27451  2  27455  575  0  359  0  0  27455  0  3863460  0  27451  0  0  3863708  18192580  0  33199  0.0  100.0  
1436651615  454  1120  37421637  809  0  0  27451  0  454  5308  27455  0  27451  2  27455  575  0  363  0  0  27455  0  3868335  0  27451  0  0  3868583  18217554  0  24974  0.0  100.0  
1436651625  454  1120  37485588  817  0  0  27451  0  454  5308  27455  0  27451  2  27455  575  0  366  0  0  27455  0  3876277  0  27451  0  0  3876525  18248844  0  31290  0.0  100.0  
1436651635  454  1120  37527853  820  0  0  27450  0  454  5308  27455  0  27450  2  27455  575  0  374  0  0  27455  0  3884411  0  27450  0  0  3884659  18268964  0  20120  0.0  100.0  
1436651645  454  1120  37598258  814  0  0  27374  0  454  5308  27455  0  27374  77  27455  575  0  351  0  0  27455  0  3892584  0  27374  0  0  3892832  18303380  0  34416  0.0  100.0  
1436651655  454  1120  37624070  812  0  0  27449  0  454  5308  27455  0  27449  2  27455  575  0  346  0  0  27455  0  3895746  0  27449  0  0  3895994  18316168  0  12788  0.0  100.0  
#type:G;
#time  Rt  Nm  Tt  Nc  Rx  Gz  Pc  Pf  Ra  Te  Pm  Fp  Fc  Ta  Fm  Om  Lm  Oc  Sm  Sc  Em  Af  Ea  Cf  Ec  Gd  Zt  Et  Ep  dedup_put_diff  total_eph_put_diff  dedup_factor  dedup_curr  compression_saving  tze_saving  
1436651675  454  1120  37765868  792  0  0  27444  0  454  5308  27455  0  27444  7  27455  575  0  335  0  0  27455  0  3911220  0  27444  0  0  3911468  18386013  0  18386013  0.0  100.0  
1436651685  454  1120  37818333  789  0  0  27379  0  454  5308  27455  0  27379  73  27455  575  0  337  0  0  27455  0  3917395  0  27379  0  0  3917643  18411954  0  25941  0.0  100.0  
1436651695  454  1120  37860049  803  0  0  27450  0  454  5308  27455  0  27450  2  27455  575  0  351  0  0  27455  0  3922884  0  27450  0  0  3923132  18432131  0  20177  0.0  100.0  
1436651705  454  1120  37945380  782  0  0  27365  0  454  5308  27455  0  27365  89  27455  575  0  344  0  0  27455  0  3931521  0  27365  0  0  3931769  18473510  0  41379  0.0  100.0  
1436651715  454  1120  38049739  781  0  0  27396  0  454  5308  27455  0  27396  59  27455  575  0  346  0  0  27455  0  3940766  0  27396  0  0  3941014  18525256  0  51746  0.0  100.0  
#type:G;
#time  Rt  Nm  Tt  Nc  Rx  Gz  Pc  Pf  Ra  Te  Pm  Fp  Fc  Ta  Fm  Om  Lm  Oc  Sm  Sc  Em  Af  Ea  Cf  Ec  Gd  Zt  Et  Ep  dedup_put_diff  total_eph_put_diff  dedup_factor  dedup_curr  compression_saving  tze_saving  
1436651735  454  1120  38150294  785  0  0  27453  0  454  5308  27455  0  27453  2  27455  575  0  346  0  0  27455  0  3952896  0  27453  0  0  3953144  18574110  0  18574110  0.0  100.0  
1436651745  454  1120  38224283  807  0  0  27352  0  454  5308  27455  0  27352  102  27455  575  0  347  0  0  27455  0  3961168  0  27352  0  0  3961416  18609895  0  35785  0.0  100.0  
1436651755  454  1120  38287605  822  0  0  27403  0  454  5308  27455  0  27403  49  27455  575  0  360  0  0  27455  0  3967501  0  27403  0  0  3967749  18640884  0  30989  0.0  100.0  
1436651765  454  1120  38319357  817  0  0  27450  0  454  5308  27455  0  27450  2  27455  575  0  354  0  0  27455  0  3972072  0  27450  0  0  3972320  18656249  0  15365  0.0  100.0  
1436651775  454  1120  38351370  816  0  0  27366  0  454  5308  27455  0  27366  86  27455  575  0  361  0  0  27455  0  3977093  0  27366  0  0  3977341  18671551  0  15302  0.0  100.0  
1436651785  454  1120  38402628  811  0  0  27416  0  454  5308  27455  0  27416  36  27455  575  0  354  0  0  27455  0  3980159  0  27416  0  0  3980407  18696357  0  24806  0.0  100.0  
1436651795  454  1120  38413680  782  0  0  27443  0  454  5308  27455  0  27443  9  27455  575  0  334  0  0  27455  0  3981593  0  27443  0  0  3981841  18701471  0  5114  0.0  100.0  
1436651805  454  1120  38427157  777  0  0  27404  0  454  5308  27455  0  27404  48  27455  575  0  333  0  0  27455  0  3981666  0  27404  0  0  3981914  18707428  0  5957  0.0  100.0  
1436651815  454  1120  38464659  779  0  0  27354  0  454  5308  27455  0  27354  98  27455  575  0  333  0  0  27455  0  3981668  0  27354  0  0  3981916  18724123  0  16695  0.0  100.0  
1436651825  454  1120  38500343  779  0  0  27335  0  454  5308  27455  0  27335  117  27455  575  0  333  0  0  27455  0  3981672  0  27335  0  0  3981920  18739551  0  15428  0.0  100.0  
