#type:T;
#time  gt  cn  Pt  Px  gx  cx  gn  gm  Pn  Pm  Ft  cm  pt  Fx  px  ct  pn  Fm  Fn  pm  dn  On  Om  dm  dx  Ox  dt  Ot  Gt  Cn  Cm  Gx  Cx  Gn  Gm  Ct  
1437078595  308249384  0  3999352764  228579  119009  0  268335  154  486767  1804  885362351  2147483647  0  703638  0  0  0  205  877560  2147483647  0  22033  220  2147483647  0  758694  0  386967645  2033785402  724929  614  47943  49825  239773  2202  2447241001  
1437078605  308249384  0  3999352764  228579  119009  0  268335  154  486767  1804  885362351  2147483647  0  703638  0  0  0  205  877560  2147483647  0  22033  220  2147483647  0  758694  0  386967645  2033785402  724929  614  47943  49825  239773  2202  2447241001  
1437078615  308385659  0  3999352764  228579  119009  0  268433  154  486767  1804  885362351  2147483647  0  703638  0  0  0  205  877560  2147483647  0  23559  220  2147483647  0  758694  0  394218740  2033785402  724929  614  47943  49825  239773  2202  2447241001  
1437078625  308525223  0  4024863771  228579  119009  0  268603  154  489701  1804  888924620  2147483647  0  703638  0  0  0  205  881383  2147483647  0  23770  220  2147483647  0  758694  0  395286736  2033785402  727863  614  47943  49825  239773  2202  2457688367  
1437078635  313040105  0  4029395439  228579  119009  0  272590  154  490234  1804  936584876  2147483647  0  703638  0  0  0  205  948681  2147483647  0  23967  220  2147483647  0  758694  0  395941229  2034604449  728482  614  47943  49825  239859  2202  2459852190  
1437078645  321318582  0  4041206072  228579  119009  0  280417  154  491665  1804  952486920  2147483647  0  703638  0  0  0  205  965083  2147483647  0  24173  220  2147483647  0  758694  0  396788770  2034604449  729913  614  47943  49825  239859  2202  2464579687  
1437078655  330704165  0  4054162239  228579  119009  0  289055  154  493477  1804  977050376  2147483647  0  703638  0  0  0  205  994236  2147483647  0  25008  214  2147483647  0  758694  0  399446506  2036437236  731948  614  47943  49825  240082  2202  2470588953  
1437078665  338565749  0  4119230303  228579  119009  0  296474  154  501680  1804  995945063  2147483647  0  703638  0  0  0  205  1013775  2147483647  0  25466  214  2147483647  0  758694  0  401856143  2040419613  740589  614  47943  49825  240521  2202  2499054068  
1437078675  347274297  0  4196139539  228579  119009  0  304529  154  511252  1804  1011485051  2147483647  0  703638  0  0  0  205  1029069  2147483647  0  25851  214  2147483647  0  758694  0  407226074  2059440196  752398  614  47943  49825  242763  2202  2538037022  
1437078685  355157655  0  4279300851  228579  119009  0  311704  154  521842  1804  1028842293  2147483647  0  703638  0  0  0  205  1046521  2147483647  0  26343  214  2147483647  0  758694  0  414541897  2084381296  765762  614  47943  49825  245568  2202  2582015686  
1437078695  360993449  0  4346278859  228579  119009  0  317141  154  530345  1804  1042956381  2147483647  0  703638  0  0  0  205  1060388  2147483647  0  26713  214  2147483647  0  758694  0  421577740  2107531123  777100  614  47943  49825  248417  2202  2618743848  
1437078705  366369859  0  4424109054  228579  119009  0  321955  154  539625  1804  1060983099  2147483647  0  703638  0  0  0  205  1078303  2147483647  0  27183  214  2147483647  0  758694  0  429163490  2141460104  790336  614  47943  49825  252406  2202  2663874846  
1437078715  373251606  0  4501981441  228579  120729  0  327867  154  548898  1804  1080685571  2147483647  0  703638  0  0  0  205  1096370  2147483647  0  27579  214  2147483647  0  758694  0  434391238  2191072017  804867  614  47943  49825  257745  2202  2713838554  
1437078725  379426030  0  4588555491  228579  153481  0  333376  154  559546  1804  1098889798  2147483647  0  703638  0  0  0  205  1114374  2147483647  0  28046  214  2147483647  0  758694  0  441405588  2233995358  820349  614  63736  49825  262605  2202  2766121853  
1437078735  384940024  0  4663868911  267267  153481  0  338184  154  568794  1804  1112879295  2147483647  0  703638  0  0  0  205  1127739  2147483647  0  28398  214  2147483647  0  758694  0  448564197  2265664297  833371  614  63736  49825  266383  2202  2810003428  
1437078745  390208500  0  4749666344  267267  153481  0  343002  154  580012  1804  1130449396  2147483647  0  703638  0  0  0  205  1145877  2147483647  0  28837  214  2147483647  0  758694  0  456041980  2298693030  848965  614  63736  49825  270779  2202  2859244393  
1437078755  395267679  0  4824747312  267267  153481  0  347213  154  588836  1804  1149191088  2147483647  0  703638  0  0  0  205  1163216  2147483647  0  29245  214  2147483647  0  758694  0  465204537  2348473770  863380  614  63736  49825  276425  2202  2908821836  
1437078765  399969296  0  4883834961  267267  153481  0  351305  154  596021  1804  1164790283  2147483647  0  703638  0  0  0  205  1177874  2147483647  0  29563  214  2147483647  0  758694  0  470782648  2379419939  874369  614  208971  49825  280257  2202  2945010618  
1437078775  406946370  0  4969555658  267267  153481  0  357167  154  606012  1804  1183968452  2147483647  0  703638  0  0  0  205  1194979  2147483647  0  29986  214  2147483647  0  758694  0  478791462  2424672226  889399  614  208971  49825  285337  2202  2997735995  
1437078785  410884195  0  5035961455  267267  153481  0  360420  154  614468  1804  1196443466  2147483647  0  703638  0  0  0  205  1206614  2147483647  0  30271  214  2147483647  0  758694  0  485480109  2462199336  902014  614  208971  49825  289545  2202  3039106247  
1437078796  416677323  0  5120390202  267267  153481  0  365347  154  625354  1804  1213048589  2147483647  0  703638  0  0  0  205  1223116  2147483647  0  30676  214  2147483647  0  758694  0  492879689  2502078772  918106  614  208971  49825  294803  2202  3089637147  
1437078806  420392996  0  5189600966  267267  153481  0  368781  154  634017  1804  1227984555  2147483647  0  703638  0  0  0  205  1237378  2147483647  0  31032  214  2147483647  0  758694  0  500562632  2538046879  931188  614  208971  49825  299244  2202  3132496414  
1437078816  424986941  0  5250546945  267267  153481  0  373217  154  641754  1804  1241553520  2147483647  0  703638  0  0  0  205  1250655  2147483647  0  31344  214  2147483647  0  758694  0  507071768  2568227762  942435  614  208971  49825  302763  2202  3169893652  
1437078826  430404208  0  5322141450  267267  153481  0  378051  154  650561  1804  1259204806  2147483647  0  703638  0  0  0  205  1267176  2147483647  0  31742  214  2147483647  0  758694  0  514023296  2615522491  956681  614  208971  49825  308240  2202  3217914507  
1437078836  434697261  0  5392535179  267267  153481  0  382026  154  659695  1804  1273864764  2147483647  0  703638  0  0  0  205  1282342  2147483647  0  32083  214  2147483647  0  758694  0  520779121  2652455262  970342  614  208971  49825  312777  2202  3262268231  
1437078846  438825292  0  5459917585  267267  153481  0  386009  154  667774  1804  1284960930  2147483647  0  703638  0  0  0  205  1293154  2147483647  0  32387  214  2147483647  0  758694  0  529141814  2683554211  981932  614  208971  49825  316303  2202  3302066859  
1437078856  442795879  0  5517037318  267267  153481  0  389529  154  674858  1804  1294992092  2147483647  0  703638  0  0  0  205  1303162  2147483647  0  32653  214  2147483647  0  758694  0  534865587  2708333696  992015  614  208971  49825  319310  2202  3335805474  
1437078866  447119205  0  5583724640  267267  153481  0  393321  154  683035  1804  1310646911  2147483647  0  703638  0  0  0  205  1317847  2147483647  0  33031  214  2147483647  0  758694  0  542220697  2749668769  1004945  614  208971  49825  324077  2202  3379502188  
1437078876  451278224  0  5643106743  267267  153481  0  396896  154  690233  1804  1323531532  2147483647  0  703638  0  0  0  205  1329935  2147483647  0  33337  214  2147483647  0  758694  0  548173430  2777018633  1015377  614  208971  49825  327335  2202  3414165634  
1437078886  455698834  0  5702990709  267267  153481  0  400684  154  697539  1804  1336842676  2147483647  0  703638  0  0  0  205  1343316  2147483647  0  33650  214  2147483647  0  758694  0  554346593  2809483635  1026544  614  208971  49825  331208  2202  3451532807  
1437078896  461070888  0  5765515039  267267  153481  0  405300  154  705216  1804  1352180848  2147483647  0  703638  0  0  0  205  1358055  2147483647  0  33999  214  2147483647  0  758694  0  560927301  2848030016  1038603  614  212459  49825  335602  2202  3491870825  
1437078906  465494971  0  5843401431  267267  153481  0  409239  154  714682  1804  1365173437  2147483647  0  703638  0  0  0  205  1370639  2147483647  0  34318  214  2147483647  0  758694  0  566481722  2887636802  1052488  614  212459  49825  340039  2202  3539462845  
1437078916  469641988  0  5907222495  267267  153481  0  413019  154  723016  1804  1378380407  2147483647  0  703638  0  0  0  205  1383797  2147483647  0  34651  214  2147483647  0  758694  0  572173243  2923833726  1064962  614  212459  49825  344210  2202  3579802420  
1437078926  476107442  0  5980787852  278101  153481  0  418730  154  731813  1804  1394263744  2147483647  0  703638  0  0  0  205  1398058  2147483647  0  34996  214  2147483647  0  758694  0  580223327  2967699590  1078572  614  212459  49825  349062  2202  3626414498  
1437078936  479535983  0  6039292194  278101  153481  0  421442  154  738664  1804  1405107762  2147483647  0  703638  0  0  0  205  1408518  2147483647  0  35251  214  2147483647  0  758694  0  585569533  2996248232  1088881  614  212459  49825  352578  2202  3661168469  
1437078946  483263325  0  6090397211  278101  153481  0  424568  154  744734  1804  1415684887  2147483647  0  703638  0  0  0  205  1418178  2147483647  0  35497  214  2147483647  0  758694  0  590486999  3026126297  1098314  614  212459  49825  355962  2202  3693857222  
1437078956  487447909  0  6167390563  278101  153481  0  428471  154  754243  1804  1429446204  2147483647  0  703638  0  0  0  205  1432173  2147483647  0  35860  214  2147483647  0  758694  0  597384281  3066491146  1112743  614  212459  49825  360917  2202  3741628902  
1437078966  491697367  0  6236093199  278101  153481  0  432172  154  762713  1804  1444172160  2147483647  0  703638  0  0  0  205  1445903  2147483647  0  36204  214  2147483647  0  758694  0  604467464  3110889974  1126674  614  212459  49825  366390  2202  3788086572  
1437078976  495506597  0  6300884569  278101  153481  0  435747  154  770421  1804  1456446751  2147483647  0  703638  0  0  0  205  1457283  2147483647  0  36481  214  2147483647  0  758694  0  609581015  3146638152  1138323  614  212459  49825  370368  2202  3827936619  
1437078986  499154304  0  6369341472  278101  153481  0  438971  154  778561  1804  1469332033  2147483647  0  703638  0  0  0  205  1469151  2147483647  0  36809  214  2147483647  0  758694  0  615610930  3188695806  1150791  614  212459  49825  374792  2202  3870604830  
1437078996  502934724  0  6415318054  278101  153481  0  442312  154  784444  1804  1480556587  2147483647  0  703638  0  0  0  205  1480818  2147483647  0  37089  214  2147483647  0  758694  0  622265516  3212098247  1159567  614  212459  49825  377691  2202  3898964347  
1437079006  508014398  0  6490364262  278101  153481  0  446586  154  793749  1804  1495342303  2147483647  0  703638  0  0  0  205  1494932  2147483647  0  37452  214  2147483647  0  758694  0  631221641  3251746502  1173215  614  212459  49825  382058  2202  3945377314  
1437079016  511172363  0  6549675257  278101  153481  0  449330  154  801332  1804  1508936496  2147483647  0  703638  0  0  0  205  1508496  2147483647  0  37749  214  2147483647  0  758694  0  635935608  3288349059  1185043  614  212459  49825  386322  2202  3984271552  
1437079026  514459513  0  6609145215  278101  153481  0  452147  154  808941  1804  1522444299  2147483647  0  703638  0  0  0  205  1522119  2147483647  0  38102  214  2147483647  0  758694  0  641729008  3328219221  1197785  614  212459  49825  391462  2202  4025284270  
1437079036  518737656  0  6670885715  278101  153481  0  455686  154  816927  1804  1535182604  2147483647  0  703638  0  0  0  205  1535136  2147483647  0  38428  214  2147483647  0  758694  0  650506310  3367022323  1210113  614  212459  49825  395851  2202  4065390840  
1437079046  522778529  0  6741840234  278101  153481  0  459086  154  825418  1804  1549356662  2147483647  0  703638  0  0  0  205  1548576  2147483647  0  38770  214  2147483647  0  758694  0  656797416  3406714200  1223121  614  212459  49825  400394  2202  4109905163  
1437079056  527241001  0  6793389732  278101  153481  0  462881  154  831617  1804  1562466357  2147483647  0  703638  0  0  0  205  1560984  2147483647  0  39075  214  2147483647  0  758694  0  662862120  3431300598  1232236  614  212459  49825  403312  2202  4140914031  
1437079066  530196920  0  6846231789  278101  153481  0  465440  154  838329  1804  1573810912  2147483647  0  703638  0  0  0  205  1572289  2147483647  0  39368  214  2147483647  0  758694  0  668162286  3463722602  1242964  614  212459  49825  407341  2202  4175633143  
1437079076  534158487  0  6902737540  278101  153481  0  469209  154  845680  1804  1584009828  2147483647  0  703638  0  0  0  205  1582719  2147483647  0  39617  214  2147483647  0  758694  0  672732283  3488320829  1253286  614  212459  49825  410327  2202  4208714263  
1437079086  538625641  0  6962295514  278101  153481  0  473097  154  853739  1804  1596895668  2147483647  0  703638  0  0  0  205  1595807  2147483647  0  39967  214  2147483647  0  758694  0  680040857  3517787827  1265068  614  212459  49825  414063  2202  4245135650  
1437079096  541351538  0  7004731634  278101  153481  0  475428  154  858968  1804  1607384585  2147483647  0  703638  0  0  0  205  1606282  2147483647  0  40239  214  2147483647  0  758694  0  685382348  3543903964  1273508  614  212459  49825  417287  2202  4273014000  
1437079106  546300719  0  7067422396  278101  153481  0  479929  154  866941  1804  1622427640  2147483647  0  703638  0  0  0  205  1620970  2147483647  0  40575  214  2147483647  0  758694  0  690640141  3591899077  1286997  614  212459  49825  422872  2202  4316522616  
1437079116  549352796  0  7109675807  278101  153481  0  482554  154  872351  1804  1632546524  2147483647  0  703638  0  0  0  205  1631622  2147483647  0  40840  214  2147483647  0  758694  0  695632183  3617809872  1295669  614  212459  49825  426143  2202  4344460908  
1437079126  553918839  0  7183206078  278101  153481  0  486387  154  881001  1804  1643154526  2147483647  0  703638  0  0  0  205  1641558  2147483647  0  41121  214  2147483647  0  758694  0  701595016  3646487482  1307600  614  212459  49825  429436  2202  4386023207  
1437079136  557768159  0  7233358677  278101  153481  0  489676  154  886868  1804  1653983940  2147483647  0  703638  0  0  0  205  1651644  2147483647  0  41387  214  2147483647  0  758694  0  707798143  3669432256  1316074  614  212459  49825  432052  2202  4415458430  
1437079146  561848742  0  7285534226  278101  153481  0  493092  154  893200  1804  1665291579  2147483647  0  703638  0  0  0  205  1661908  2147483647  0  41661  214  2147483647  0  758694  0  712826242  3695780287  1325405  614  212459  49825  435059  2202  4447493040  
1437079156  565190475  0  7337936575  278101  153481  0  495840  154  900030  1804  1675986450  2147483647  0  703638  0  0  0  205  1672483  2147483647  0  41938  214  2147483647  0  758694  0  718827191  3725290553  1335557  614  212459  49825  438404  2202  4480864545  
1437079166  568303415  0  7385671094  278101  153481  0  498571  154  906532  1804  1685666037  2147483647  0  703638  0  0  0  205  1683705  2147483647  0  42209  214  2147483647  0  758694  0  724277169  3753009450  1345757  614  212459  49825  442118  2202  4512036058  
1437079176  572377698  0  7449748767  278101  153481  0  502046  154  914275  1804  1697728018  2147483647  0  703638  0  0  0  205  1694828  2147483647  0  42495  214  2147483647  0  758694  0  730028522  3792635158  1357874  614  212459  49825  446530  2202  4553659936  
1437079186  575772639  0  7501476074  278101  153481  0  504985  154  920476  1804  1708912396  2147483647  0  703638  0  0  0  205  1705213  2147483647  0  42739  214  2147483647  0  758694  0  734994459  3817096632  1366810  614  212459  49825  449280  2202  4584670253  
1437079196  578567555  0  7544363987  278101  153481  0  507531  154  925550  1804  1717617155  2147483647  0  703638  0  0  0  205  1712911  2147483647  0  42939  214  2147483647  0  758694  0  739002417  3842934815  1374778  614  212459  49825  452206  2202  4611741563  
1437079206  582346318  0  7590159601  278101  153481  0  510552  154  930969  1804  1729363663  2147483647  0  703638  0  0  0  205  1723120  2147483647  0  43159  214  2147483647  0  758694  0  744790516  3870747593  1383344  614  212459  49825  455368  2202  4641384287  
1437079216  587314385  0  7633578314  278101  153481  0  514878  154  936511  1804  1741589671  2147483647  0  703638  0  0  0  205  1735304  2147483647  0  43465  214  2147483647  0  758694  0  751096586  3891338415  1391470  614  212459  49825  457959  2202  4667791167  
1437079226  590636521  0  7687339367  278101  153481  0  517657  154  943353  1804  1749507196  2147483647  0  703638  0  0  0  205  1743289  2147483647  0  43677  214  2147483647  0  758694  0  755586985  3917352373  1401368  614  212459  49825  461031  2202  4700352339  
