#type:G;
#time  Rt  Nm  Tt  Nc  Rx  Gz  Pc  Pf  Ra  Te  Pm  Fp  Fc  Ta  Fm  Om  Lm  Oc  Sm  Sc  Em  Af  Ea  Cf  Ec  Gd  Zt  Et  Ep  dedup_put_diff  total_eph_put_diff  dedup_factor  dedup_curr  compression_saving  tze_saving  
1437078595  0  1203  1893453  0  0  0  0  0  0  5567  34832  0  0  36003  34831  624  0  0  0  0  34831  0  0  0  0  0  0  0  486767  0  486767  0.0  
1437078605  0  1203  1893462  0  0  0  0  0  0  5567  34832  0  0  36003  34831  624  0  0  0  0  34831  0  0  0  0  0  0  0  486767  0  0  0.0  
1437078615  0  1203  1895095  0  0  0  0  0  0  5665  34832  0  0  36003  34831  624  0  0  0  0  34831  0  0  0  0  0  0  0  486767  0  0  0.0  
1437078625  0  1203  1902242  227  0  0  2934  0  0  5835  34832  0  2934  32946  34831  624  0  286  0  0  34831  0  0  0  2934  0  0  0  489701  0  2934  0.0  100.0  
1437078635  0  1203  1974341  222  0  0  3277  0  0  5835  34832  0  3277  32597  34831  624  0  217  0  0  34831  0  0  0  3277  0  0  0  490234  0  533  0.0  100.0  
1437078645  0  1203  2000195  264  0  0  4708  0  0  5835  34832  0  4708  31119  34831  624  0  257  0  0  34831  0  0  0  4708  0  0  0  491665  0  1431  0.0  100.0  
1437078655  0  1203  2040842  277  0  0  5626  0  0  5835  34832  0  5626  30168  34831  624  0  239  0  0  34831  0  0  0  5626  0  0  0  493477  0  1812  0.0  100.0  
1437078665  0  1203  2076880  523  0  0  12809  0  0  5835  34832  0  12809  22754  34831  624  0  361  0  0  34831  0  0  0  12809  0  0  0  501680  0  8203  0.0  100.0  
1437078675  0  1203  2112409  677  0  0  17497  0  0  5835  34832  0  17497  17911  34831  624  0  417  0  0  34831  0  0  0  17497  0  0  0  511252  0  9572  0.0  100.0  
1437078685  0  1203  2150905  787  0  0  21353  0  0  5835  34832  0  21353  13928  34831  624  0  413  0  0  34831  0  0  0  21353  0  0  0  521842  0  10590  0.0  100.0  
1437078695  0  1203  2181913  809  0  0  22811  0  0  5835  34832  0  22811  12422  34831  624  0  428  0  0  34831  0  0  0  22811  0  0  0  530345  0  8503  0.0  100.0  
1437078705  0  1203  2218371  817  0  0  23892  0  0  5835  34832  0  23892  11314  34831  624  0  428  0  0  34831  0  0  0  23892  0  0  0  539625  0  9280  0.0  100.0  
1437078715  0  1203  2257331  918  0  0  25362  0  0  5835  34832  0  25362  9786  34831  624  0  497  0  0  34831  0  0  0  25362  0  0  0  548898  0  9273  0.0  100.0  
1437078725  0  1203  2296799  983  0  0  26941  0  0  5835  34832  0  26941  8148  34831  624  0  535  0  0  34831  0  0  0  26941  0  0  0  559546  0  10648  0.0  100.0  
1437078735  0  1203  2328325  980  0  0  28020  0  0  5835  34832  0  28020  7031  34831  624  0  529  0  0  34831  0  0  0  28020  0  0  0  568794  0  9248  0.0  100.0  
1437078745  0  1203  2367322  1021  0  0  30136  0  0  5835  34832  0  30136  4862  34831  624  0  538  0  0  34831  0  0  0  30136  0  0  0  580012  0  11218  0.0  100.0  
1437078755  0  1203  2403737  1005  0  0  27873  0  0  5835  34832  0  27873  7152  34831  624  0  546  0  0  34831  0  0  0  27873  0  0  0  588836  0  8824  0.0  100.0  
1437078765  0  1203  2433816  994  0  0  28291  0  0  5835  34832  0  28291  6747  34831  624  0  537  0  0  34831  0  0  0  28291  0  0  0  596021  0  7185  0.0  100.0  
1437078775  0  1203  2472244  996  0  0  28721  0  0  5835  34832  0  28721  6315  34831  624  0  535  0  0  34831  0  0  0  28721  0  0  0  606012  0  9991  0.0  100.0  
1437078785  0  1203  2500048  1046  0  0  29007  0  0  5835  34832  0  29007  5999  34831  624  0  555  0  0  34831  0  0  0  29007  0  0  0  614468  0  8456  0.0  100.0  
1437078796  0  1203  2537994  1026  0  0  30452  0  0  5835  34832  0  30452  4509  34831  624  0  540  0  0  34831  0  0  0  30452  0  0  0  625354  0  10886  0.0  100.0  
1437078806  0  1203  2569136  1022  0  0  30148  0  0  5835  34832  0  30148  4822  34831  624  0  547  0  0  34831  0  0  0  30148  0  0  0  634017  0  8663  0.0  100.0  
1437078816  0  1203  2598396  1043  0  0  30738  0  0  5835  34832  0  30738  4224  34831  624  0  544  0  0  34831  0  0  0  30738  0  0  0  641754  0  7737  0.0  100.0  
1437078826  0  1203  2634415  1036  0  0  30257  0  0  5835  34832  0  30257  4712  34831  624  0  537  0  0  34831  0  0  0  30257  0  0  0  650561  0  8807  0.0  100.0  
1437078836  0  1203  2667564  1047  0  0  30979  0  0  5835  34832  0  30979  3978  34831  624  0  547  0  0  34831  0  0  0  30979  0  0  0  659695  0  9134  0.0  100.0  
1437078846  0  1203  2694254  1054  0  0  30382  0  0  5835  34832  0  30382  4584  34831  624  0  558  0  0  34831  0  0  0  30382  0  0  0  667774  0  8079  0.0  100.0  
1437078856  0  1203  2718143  1076  0  0  31055  0  0  5835  34832  0  31055  3901  34831  624  0  573  0  0  34831  0  0  0  31055  0  0  0  674858  0  7084  0.0  100.0  
1437078866  0  1203  2749938  1085  0  0  30174  0  0  5835  34832  0  30174  4784  34831  624  0  569  0  0  34831  0  0  0  30174  0  0  0  683035  0  8177  0.0  100.0  
1437078876  0  1203  2776360  1095  0  0  30747  0  0  5835  34832  0  30747  4203  34831  624  0  577  0  0  34831  0  0  0  30747  0  0  0  690233  0  7198  0.0  100.0  
1437078886  0  1203  2805018  1079  0  0  30264  0  0  5835  34832  0  30264  4688  34831  624  0  573  0  0  34831  0  0  0  30264  0  0  0  697539  0  7306  0.0  100.0  
1437078896  0  1203  2836768  1053  0  0  29806  0  0  5835  34832  0  29806  5150  34831  624  0  568  0  0  34831  0  0  0  29806  0  0  0  705216  0  7677  0.0  100.0  
1437078906  0  1203  2867515  1114  0  0  31866  0  0  5835  34832  0  31866  3063  34831  624  0  581  0  0  34831  0  0  0  31866  0  0  0  714682  0  9466  0.0  100.0  
1437078916  0  1203  2897277  1128  0  0  32936  0  0  5835  34832  0  32936  1959  34831  624  0  587  0  0  34831  0  0  0  32936  0  0  0  723016  0  8334  0.0  100.0  
1437078926  0  1203  2931224  1111  0  0  32177  0  0  5835  34832  0  32177  2724  34831  624  0  575  0  0  34831  0  0  0  32177  0  0  0  731813  0  8797  0.0  100.0  
1437078936  0  1203  2955010  1112  0  0  32318  0  0  5835  34832  0  32318  2584  34831  624  0  584  0  0  34831  0  0  0  32318  0  0  0  738664  0  6851  0.0  100.0  
1437078946  0  1203  2977485  1123  0  0  32292  0  0  5835  34832  0  32292  2614  34831  624  0  572  0  0  34831  0  0  0  32292  0  0  0  744734  0  6070  0.0  100.0  
1437078956  0  1203  3010191  1123  0  0  32808  0  0  5835  34832  0  32808  2064  34831  624  0  567  0  0  34831  0  0  0  32808  0  0  0  754243  0  9509  0.0  100.0  
1437078966  0  1203  3041892  1120  0  0  31972  0  0  5835  34832  0  31972  2906  34831  624  0  563  0  0  34831  0  0  0  31972  0  0  0  762713  0  8470  0.0  100.0  
1437078976  0  1203  3068792  1138  0  0  33119  0  0  5835  34832  0  33119  1765  34831  624  0  571  0  0  34831  0  0  0  33119  0  0  0  770421  0  7708  0.0  100.0  
1437078986  0  1222  3096731  1207  0  0  33351  0  0  5835  34832  0  33351  1521  34831  624  0  603  0  0  34831  0  0  0  33351  0  0  0  778561  0  8140  0.0  100.0  
1437078996  0  1232  3120790  1133  0  0  32017  0  0  5835  34832  0  32017  2840  34831  624  0  570  0  0  34831  0  0  0  32017  0  0  0  784444  0  5883  0.0  100.0  
1437079006  0  1232  3153205  1131  0  0  31917  0  0  5835  34832  0  31917  2941  34831  624  0  586  0  0  34831  0  0  0  31917  0  0  0  793749  0  9305  0.0  100.0  
1437079016  0  1232  3181651  1140  0  0  32675  0  0  5835  34832  0  32675  2188  34831  624  0  593  0  0  34831  0  0  0  32675  0  0  0  801332  0  7583  0.0  100.0  
1437079026  0  1232  3211177  1114  0  0  31873  0  0  5835  34832  0  31873  2995  34831  624  0  576  0  0  34831  0  0  0  31873  0  0  0  808941  0  7609  0.0  100.0  
1437079036  0  1232  3240412  1038  0  0  30035  0  0  5835  34832  0  30035  4838  34831  624  0  561  0  0  34831  0  0  0  30035  0  0  0  816927  0  7986  0.0  100.0  
1437079046  0  1232  3270615  1082  0  0  30715  0  0  5835  34832  0  30715  4163  34831  624  0  572  0  0  34831  0  0  0  30715  0  0  0  825418  0  8491  0.0  100.0  
1437079056  0  1232  3296236  1041  0  0  30643  0  0  5835  34832  0  30643  4239  34831  624  0  551  0  0  34831  0  0  0  30643  0  0  0  831617  0  6199  0.0  100.0  
1437079066  0  1232  3321124  1036  0  0  30370  0  0  5835  34832  0  30370  4514  34831  624  0  540  0  0  34831  0  0  0  30370  0  0  0  838329  0  6712  0.0  100.0  
1437079076  0  1232  3345894  1129  0  0  32179  0  0  5835  34832  0  32179  2708  34831  624  0  584  0  0  34831  0  0  0  32179  0  0  0  845680  0  7351  0.0  100.0  
1437079086  0  1232  3375002  1143  0  0  31803  0  0  5835  34832  0  31803  3087  34831  624  0  596  0  0  34831  0  0  0  31803  0  0  0  853739  0  8059  0.0  100.0  
1437079096  0  1232  3396534  1094  0  0  30713  0  0  5835  34832  0  30713  4177  34831  624  0  581  0  0  34831  0  0  0  30713  0  0  0  858968  0  5229  0.0  100.0  
1437079106  0  1232  3429605  1055  0  0  30220  0  0  5835  34832  0  30220  4670  34831  624  0  559  0  0  34831  0  0  0  30220  0  0  0  866941  0  7973  0.0  100.0  
1437079116  0  1232  3451813  1020  0  0  29619  0  0  5835  34832  0  29619  5272  34831  624  0  533  0  0  34831  0  0  0  29619  0  0  0  872351  0  5410  0.0  100.0  
1437079126  0  1232  3477789  1075  0  0  31563  0  0  5835  34832  0  31563  3330  34831  624  0  546  0  0  34831  0  0  0  31563  0  0  0  881001  0  8650  0.0  100.0  
1437079136  0  1232  3499914  1075  0  0  31052  0  0  5835  34832  0  31052  3842  34831  624  0  556  0  0  34831  0  0  0  31052  0  0  0  886868  0  5867  0.0  100.0  
1437079146  0  1232  3523204  1086  0  0  31483  0  0  5835  34832  0  31483  3411  34831  624  0  569  0  0  34831  0  0  0  31483  0  0  0  893200  0  6332  0.0  100.0  
1437079156  0  1232  3546975  1141  0  0  31291  0  0  5835  34832  0  31291  3605  34831  624  0  590  0  0  34831  0  0  0  31291  0  0  0  900030  0  6830  0.0  100.0  
1437079166  0  1232  3571414  1106  0  0  30791  0  0  5835  34832  0  30791  4107  34831  624  0  569  0  0  34831  0  0  0  30791  0  0  0  906532  0  6502  0.0  100.0  
1437079176  0  1232  3598432  1078  0  0  30601  0  0  5835  34832  0  30601  4298  34831  624  0  560  0  0  34831  0  0  0  30601  0  0  0  914275  0  7743  0.0  100.0  
1437079186  0  1232  3620943  1121  0  0  31531  0  0  5835  34832  0  31531  3369  34831  624  0  573  0  0  34831  0  0  0  31531  0  0  0  920476  0  6201  0.0  100.0  
1437079196  0  1232  3639373  1114  0  0  31575  0  0  5835  34832  0  31575  3325  34831  624  0  560  0  0  34831  0  0  0  31575  0  0  0  925550  0  5074  0.0  100.0  
1437079206  0  1232  3661384  1061  0  0  30200  0  0  5835  34832  0  30200  4700  34831  624  0  545  0  0  34831  0  0  0  30200  0  0  0  930969  0  5419  0.0  100.0  
1437079216  0  1232  3686320  1049  0  0  29725  0  0  5835  34832  0  29725  5176  34831  624  0  555  0  0  34831  0  0  0  29725  0  0  0  936511  0  5542  0.0  100.0  
1437079226  0  1232  3707211  1100  0  0  30954  0  0  5835  34832  0  30954  3947  34831  624  0  568  0  0  34831  0  0  0  30954  0  0  0  943353  0  6842  0.0  100.0  
