#Type:X;CI:2;ww:0;ca:0;co:1;fr:0;Type:X;CI:2;PI:0;PT:EP;U0:0;U1:0;Type:X;CI:2;PI:1;PT:EP;U0:0;U1:0;
#time  Pp  gt  gs  cn  cm  cb  Nc  Pc  cp  Tc  Nm  pr  ps  pt  px  pd  Pm  Om  fs  ft  Oc  Em  Gp  Ec  Ge  ot  os  Total_cycles_diff  Successful_get_diff  Total_get_diff  succ_put_diff  total_put_diff  get_hit  
1438833887  0  0  0  0  0  0  0  0  0  4334691  0  0  0  0  0  0  0  0  0  21  0  0  0  0  0  46  0  4334691  0  0  0  0  
1438833897  0  0  0  0  0  0  0  0  0  4334691  0  0  0  0  0  0  0  0  0  21  0  0  0  0  0  46  0  0  0  0  0  0  0 
1438833907  0  28960  0  25343  5  6526529  682  28174  2831  3348243353  682  0  28174  28179  5  0  28174  272  0  87  272  28174  0  28174  0  46  0  3343908662  0  28960  28174  28179  0.0  
1438833917  0  150016  81350  141593  5  12042097  1194  65343  5058  14869054492  1545  0  146693  146698  5  0  65780  335  0  109  335  65780  0  65343  81350  46  0  11520811139  81350  121056  118519  118519  54.2275490614  
1438833927  0  165340  88590  155618  5  1431041  164  8340  562  16319004008  1545  0  161942  161947  5  0  67109  335  0  109  11  67109  0  8340  88590  46  0  1449949516  7240  15324  15249  15249  53.5805007863  
1438833937  0  240385  134514  229903  5  1026211  570  30848  440  24212131190  1545  0  236690  236695  5  0  67109  335  0  109  13  67109  0  30848  134514  46  0  7893127182  45924  75045  74748  74748  55.9577344676  
1438833947  0  320022  193752  309518  5  532448  757  38946  258  31974636180  1545  0  316317  316322  5  0  67109  335  0  109  7  67109  0  38946  193752  46  0  7762504990  59238  79637  79627  79627  60.5433376455  
1438833957  0  405760  260739  395215  5  920  814  42395  1  40411425181  1545  0  402023  402028  5  0  67109  335  0  109  2  67109  0  42395  260739  46  0  8436789001  66987  85738  85706  85706  64.2594144322  
1438833967  0  491004  327724  479639  5  1169297  872  43090  458  48881967258  1545  0  487318  487323  5  0  67109  335  0  109  6  67109  0  43090  327724  46  0  8470542077  66985  85244  85295  85295  66.7456884262  
1438833977  0  581107  400073  569736  5  659544  868  42672  250  57871369162  1545  0  577424  577429  5  0  67109  335  0  109  5  67109  0  42672  400073  46  0  8989401904  72349  90103  90106  90106  68.8467012099  
1438833987  0  666582  467261  655166  5  0  890  44881  0  66420885693  1545  0  662864  662869  5  0  67109  335  0  109  2  67109  0  44881  467261  46  0  8549516531  67188  85475  85440  85440  70.0980524527  
1438833997  0  762681  545500  750694  5  769397  837  42775  300  76071899187  1545  0  758931  758936  5  0  67109  335  0  109  5  67109  0  42775  545500  46  0  9651013494  78239  96099  96067  96067  71.5240054492  
1438834007  0  864701  628861  852699  5  33593  844  44233  12  86349600055  1545  0  860941  860946  5  0  67109  335  0  109  5  67109  0  44233  628861  46  0  10277700868  83361  102020  102010  102010  72.7258323976  
1438834017  0  963140  709255  951209  5  920  848  44386  1  96271691000  1545  0  959460  959465  5  0  67109  335  0  109  2  67109  0  44386  709255  46  0  9922090945  80394  98439  98519  98519  73.6398654401  
1438834027  0  1055813  782971  1043057  5  1133762  864  43810  438  105657046003  1545  0  1052331  1052336  5  0  67109  335  0  109  6  67109  0  43810  782971  46  0  9385355003  73716  92673  92871  92871  74.1581132265  
1438834037  0  1152313  860539  1139400  5  1132842  876  45412  437  115373229478  1545  0  1148683  1148688  5  0  67109  335  0  109  6  67109  0  45412  860539  46  0  9716183475  77568  96500  96352  96352  74.6792755093  
1438834047  0  1261998  951484  1248976  5  920  844  43497  1  126433591980  1545  0  1258268  1258273  5  0  67109  335  0  109  2  67109  0  43497  951484  46  0  11060362502  90945  109685  109585  109585  75.3950481696  
1438834057  0  1340887  1014319  1327803  5  237866  864  43769  83  134407174402  1545  0  1337337  1337342  5  0  67109  335  0  109  4  67109  0  43769  1014319  46  0  7973582422  62835  78889  79069  79069  75.6453750391  
1438834067  0  1440351  1097273  1426312  5  769397  804  42222  300  144436206296  1545  0  1436627  1436632  5  0  67109  335  0  109  5  67109  0  42222  1097273  46  0  10029031894  82954  99464  99290  99290  76.1809447836  
1438834077  0  1529696  1166491  1515609  5  10877  863  44067  4  153459770449  1545  0  1525934  1525939  5  0  67109  335  0  109  4  67109  0  44067  1166491  46  0  9023564153  69218  89345  89307  89307  76.2563934272  
1438834087  0  1614394  1235082  1598876  5  1220180  856  43999  465  162013720850  1545  0  1610697  1610702  5  0  67109  335  0  109  5  67109  0  43999  1235082  46  0  8553950401  68591  84698  84763  84763  76.5043725386  
1438834097  0  1704835  1308500  1688701  5  1545080  849  43805  598  171142264414  1545  0  1701091  1701096  5  0  67109  335  0  109  7  67109  0  43805  1308500  46  0  9128543564  73418  90441  90394  90394  76.7522956767  
1438834107  0  1789168  1374205  1773111  5  762898  888  44398  301  179680584939  1545  0  1785509  1785514  5  0  67109  335  0  109  5  67109  0  44398  1374205  46  0  8538320525  65705  84333  84418  84418  76.8069292543  
1438834117  0  1893654  1458789  1877535  5  0  854  44189  0  190260798364  1545  0  1889939  1889944  5  0  67109  335  0  109  2  67109  0  44189  1458789  46  0  10580213425  84584  104486  104430  104430  77.0356675507  
1438834127  0  1991176  1539783  1974809  5  386464  849  43867  145  200124567152  1545  0  1987478  1987483  5  0  67109  335  0  109  5  67109  0  43867  1539783  46  0  9863768788  80994  97522  97539  97539  77.3303314222  
1438834137  0  2082100  1612819  2065027  5  762141  832  44004  298  209336148337  1545  0  2078413  2078418  5  0  67109  335  0  109  5  67109  0  44004  1612819  46  0  9211581185  73036  90924  90935  90935  77.4611690121  
1438834147  0  2169719  1682958  2152186  5  581342  921  45136  238  218176796135  1545  0  2166066  2166071  5  0  67109  335  0  109  5  67109  0  45136  1682958  46  0  8840647798  70139  87619  87653  87653  77.5657124264  
1438834157  0  2273039  1769449  2254260  5  1248703  861  44385  476  228627868539  1545  0  2269339  2269344  5  0  67109  335  0  109  5  67109  0  44385  1769449  46  0  10451072404  86491  103320  103273  103273  77.845078769  
1438834167  0  2366295  1846166  2347097  5  732108  844  43852  287  238048322213  1545  0  2362604  2362609  5  0  67109  335  0  109  5  67109  0  43852  1846166  46  0  9420453674  76717  93256  93265  93265  78.0192664059  
1438834177  0  2472655  1934210  2453000  5  770317  882  44868  301  248840146565  1545  0  2468946  2468951  5  0  67109  335  0  109  5  67109  0  44868  1934210  46  0  10791824352  88044  106360  106342  106342  78.2240142681  
1438834188  0  2576335  2018734  2556630  5  920  874  45384  1  259336813207  1545  0  2572586  2572591  5  0  67109  335  0  109  2  67109  0  45384  2018734  46  0  10496666642  84524  103680  103640  103640  78.3568130697  
1438834198  0  2658224  2083698  2638643  5  0  820  43448  0  267652615574  1545  0  2654609  2654614  5  0  67109  335  0  109  2  67109  0  43448  2083698  46  0  8315802367  64964  81889  82023  82023  78.38684776  
1438834208  0  2732588  2141762  2712023  5  950143  826  42231  378  275167818128  1545  0  2728930  2728935  5  0  67109  335  0  109  6  67109  0  42231  2141762  46  0  7515202554  58064  74364  74321  74321  78.3785188254  
1438834218  0  2832447  2221961  2811478  5  687775  833  43154  260  285242145012  1545  0  2828703  2828708  5  0  67109  335  0  109  6  67109  0  43154  2221961  46  0  10074326884  80199  99859  99773  99773  78.4466929125  
1438834228  0  2930583  2301767  2909607  5  0  824  43231  0  295158470038  1545  0  2926842  2926847  5  0  67109  335  0  109  2  67109  0  43231  2301767  46  0  9916325026  79806  98136  98139  98139  78.5429725075  
1438834238  0  3020890  2373783  2998967  5  768104  873  44350  303  304288827139  1545  0  3017157  3017162  5  0  67109  335  0  109  5  67109  0  44350  2373783  46  0  9130357101  72016  90307  90315  90315  78.5789287263  
1438834248  0  3117149  2451433  3095234  5  771074  839  43777  304  314031425876  1545  0  3113437  3113442  5  0  67109  335  0  109  5  67109  0  43777  2451433  46  0  9742598737  77650  96259  96280  96280  78.6434334708  
1438834258  0  3220084  2535645  3198170  5  0  828  43131  0  324442940380  1545  0  3216383  3216388  5  0  67109  335  0  109  2  67109  0  43131  2535645  46  0  10411514504  84212  102935  102946  102946  78.7446849213  
1438834268  0  3285474  2585626  3262673  5  576521  887  43966  212  331086862033  1545  0  3281965  3281970  5  0  67109  335  0  109  5  67109  0  43966  2585626  46  0  6643921653  49981  65390  65582  65582  78.698720489  
1438834278  0  3375234  2658492  3351231  5  1506851  871  44319  577  340180181240  1545  0  3371723  3371728  5  0  67109  335  0  109  7  67109  0  44319  2658492  46  0  9093319207  72866  89760  89758  89758  78.7646723161  
1438834288  0  3467487  2730282  3443474  5  732378  837  43745  284  349536844855  1545  0  3463976  3463981  5  0  67109  335  0  109  5  67109  0  43745  2730282  46  0  9356663615  71790  92253  92253  92253  78.7395021236  
1438834298  0  3561839  2806187  3537632  5  920  832  43447  1  359067895012  1545  0  3558143  3558148  5  0  67109  335  0  109  2  67109  0  43447  2806187  46  0  9531050157  75905  94352  94167  94167  78.7847794356  
1438834308  0  3649706  2877989  3625243  5  376693  824  42232  141  367970397392  1545  0  3646059  3646064  5  0  67109  335  0  109  5  67109  0  42232  2877989  46  0  8902502380  71802  87867  87916  87916  78.8553653363  
1438834318  0  3746728  2957559  3721495  5  762141  833  42793  298  377789027026  1545  0  3743012  3743017  5  0  67109  335  0  109  5  67109  0  42793  2957559  46  0  9818629634  79570  97022  96953  96953  78.9371152643  
1438834328  0  3819175  3013039  3793511  5  1173336  820  43746  459  385133896509  1545  0  3815565  3815570  5  0  67109  335  0  109  6  67109  0  43746  3013039  46  0  7344869483  55480  72447  72553  72553  78.8924047733  
1438834338  0  3911899  3085296  3886110  5  655676  837  42028  248  394499469024  1545  0  3908173  3908178  5  0  67109  335  0  109  4  67109  0  42028  3085296  46  0  9365572515  72257  92724  92608  92608  78.8695209155  
1438834348  0  4015270  3170587  3988757  5  737748  884  44479  289  404962767354  1545  0  4011611  4011616  5  0  67109  335  0  109  5  67109  0  44479  3170587  46  0  10463298330  85291  103371  103438  103438  78.9632328586  
1438834358  0  4109106  3246055  4082578  5  769397  862  45182  300  414464617704  1545  0  4105449  4105454  5  0  67109  335  0  109  5  67109  0  45182  3246055  46  0  9501850350  75468  93836  93838  93838  78.9966235965  
1438834368  0  4206047  3324057  4179497  5  920  877  44737  1  424264479564  1545  0  4202375  4202380  5  0  67109  335  0  109  2  67109  0  44737  3324057  46  0  9799861860  78002  96941  96926  96926  79.0304292843  
1438834378  0  4286925  3385721  4260268  5  218767  862  44681  80  432451739765  1545  0  4283235  4283240  5  0  67109  335  0  109  4  67109  0  44681  3385721  46  0  8187260201  61664  80878  80860  80860  78.9778454253  
1438834388  0  4377884  3461652  4350171  5  1167467  846  43633  457  441624756852  1545  0  4374147  4374152  5  0  67109  335  0  109  6  67109  0  43633  3461652  46  0  9173017087  75931  90959  90912  90912  79.0713504515  
1438834398  0  4466148  3531694  4438421  5  685313  839  43479  259  450579191782  1545  0  4462407  4462412  5  0  67109  335  0  109  6  67109  0  43479  3531694  46  0  8954434930  70042  88264  88260  88260  79.0769584886  
1438834408  0  4557964  3605309  4530241  5  920  870  44396  1  459898233226  1545  0  4554238  4554243  5  0  67109  335  0  109  2  67109  0  44396  3605309  46  0  9319041444  73615  91816  91831  91831  79.0991109188  
1438834418  0  4647281  3677804  4618920  5  763082  836  43836  295  468904431885  1545  0  4643591  4643596  5  0  67109  335  0  109  5  67109  0  43836  3677804  46  0  9006198659  72495  89317  89353  89353  79.1388340838  
1438834428  0  4734219  3745913  4705844  5  762162  854  44034  294  477685412558  1545  0  4730524  4730529  5  0  67109  335  0  109  5  67109  0  44034  3745913  46  0  8780980673  68109  86938  86933  86933  79.1242019011  
1438834438  0  4834722  3825477  4806397  5  0  865  43615  0  487792878736  1545  0  4831088  4831093  5  0  67109  335  0  109  2  67109  0  43615  3825477  46  0  10107466178  79564  100503  100564  100564  79.1250665498  
1438834448  0  4922847  3897440  4893212  5  1139500  862  43869  448  496651013572  1545  0  4919170  4919175  5  0  67109  335  0  109  6  67109  0  43869  3897440  46  0  8858134836  71963  88125  88082  88082  79.1704475073  
1438834458  0  5024965  3981387  4995292  5  1173336  827  44052  459  506916521611  1545  0  5021271  5021276  5  0  67109  335  0  109  6  67109  0  44052  3981387  46  0  10265508039  83947  102118  102101  102101  79.2321339552  
1438834468  0  5103212  4042211  5073576  5  920  853  43727  1  514796812135  1545  0  5099566  5099571  5  0  67109  335  0  109  2  67109  0  43727  4042211  46  0  7880290524  60824  78247  78295  78295  79.2091529805  
1438834478  0  5185279  4105894  5155564  5  0  816  42732  0  523053530841  1545  0  5181563  5181568  5  0  67109  335  0  109  2  67109  0  42732  4105894  46  0  8256718706  63683  82067  81997  81997  79.1836659127  
1438834488  0  5273115  4176085  5242598  5  767779  904  44320  300  531895845475  1545  0  5269412  5269417  5  0  67109  335  0  109  5  67109  0  44320  4176085  46  0  8842314634  70191  87836  87849  87849  79.1957884476  
1438834498  0  5358390  4244754  5327844  5  766859  830  43172  299  540493086228  1545  0  5354667  5354672  5  0  67109  335  0  109  5  67109  0  43172  4244754  46  0  8597240753  68669  85275  85255  85255  79.2169662902  
1438834508  0  5445100  4312967  5414069  5  656596  828  43998  249  549229061986  1545  0  5441443  5441448  5  0  67109  335  0  109  4  67109  0  43998  4312967  46  0  8735975758  68213  86710  86776  86776  79.2082239077  
1438834518  0  5523913  4361105  5492552  5  657481  1864  54506  299  557875145167  1864  0  5520402  5520407  5  0  67109  335  0  109  11  67109  0  54506  4361105  46  0  8646083181  48138  78813  78959  78959  78.9495598501  
1438834528  0  5579327  4385248  5547300  8  2196612  1797  54329  858  564067518053  1924  0  5575836  5575844  8  0  67109  335  0  109  12  67109  0  54329  4385248  46  0  6192372886  24143  55414  55434  55437  78.5981535049  
