#Type:X;CI:6;ww:0;ca:0;co:1;fr:0;Type:X;CI:6;PI:0;PT:EP;U0:0;U1:0;
#time  Pp  gt  gs  cn  cm  cb  Nc  Pc  cp  Tc  Nm  pr  ps  pt  px  pd  Pm  Om  fs  ft  Oc  Em  Gp  Ec  Ge  ot  os  Total_cycles_diff  Successful_get_diff  Total_get_diff  succ_put_diff  total_put_diff  get_hit  
1439297132  0  0  0  0  0  0  0  0  0  600948  0  0  0  0  0  0  0  0  0  0  0  0  0  0  0  0  0  600948  0  0  0  0  
1439297142  0  0  0  0  0  0  0  0  0  1415036  0  0  0  0  0  0  0  0  0  21  0  0  0  0  0  47  0  814088  0  0  0  0  0 
1439297152  0  0  0  0  0  0  0  0  0  1415036  0  0  0  0  0  0  0  0  0  21  0  0  0  0  0  47  0  0  0  0  0  0  0 
1439297162  0  0  0  0  0  0  0  0  0  1415036  0  0  0  0  0  0  0  0  0  21  0  0  0  0  0  47  0  0  0  0  0  0  0 
1439297172  0  0  0  0  0  0  0  0  0  1415036  0  0  0  0  0  0  0  0  0  21  0  0  0  0  0  47  0  0  0  0  0  0  0 
1439297182  0  0  0  0  0  0  0  0  0  1416849  0  0  0  0  0  0  0  0  0  21  0  0  0  0  0  47  0  1813  0  0  0  0  0 
1439297192  0  0  0  0  0  0  0  0  0  1501743  0  0  0  0  0  0  0  0  0  21  0  0  0  0  0  47  0  84894  0  0  0  0  0 
1439297202  0  0  0  0  0  0  0  0  0  4140590  0  0  0  0  0  0  0  0  0  21  0  0  0  0  0  2073  0  2638847  0  0  0  0  0 
1439297212  0  137  135  13  5  6523475  194  2770  2761  236201289  232  0  3397  3402  5  0  3397  350  0  134  213  3397  0  2770  135  3623  129  232060699  135  137  3397  3402  98.5401459854  
1439297222  0  563  349  13  5  6018407  175  2556  2550  253077644  232  0  3397  3402  5  0  3397  350  0  134  182  3397  0  2556  349  3623  129  16876355  214  426  0  0  61.9893428064  
1439297232  0  640  412  13  5  5848334  173  2493  2487  259655565  232  0  3397  3402  5  0  3397  350  0  134  181  3397  0  2493  412  3624  129  6577921  63  77  0  0  64.375  
1439297242  0  640  412  13  5  5848334  173  2493  2487  259655565  232  0  3397  3402  5  0  3397  350  0  134  181  3397  0  2493  412  3624  129  0  0  0  0  0  64.375  
1439297252  0  640  412  37  19  7162278  206  3016  2986  376017443  232  0  3920  3939  19  0  3397  350  0  23496  221  3397  0  3016  412  3624  129  116361878  0  0  523  537  64.375  
1439297262  0  640  412  37  19  7162278  206  3016  2986  412669858  232  0  3920  3939  19  0  3397  350  0  63475  221  3397  0  3016  412  3624  129  36652415  0  0  0  0  64.375  
1439297272  0  640  412  39  20  7879047  151  3243  3211  533086555  232  0  4654  4674  20  0  3397  350  0  86621  128  3397  0  3243  412  3820  222  120416697  0  0  734  735  64.375  
1439297282  0  665  415  42  20  7004333  123  2864  2829  557690877  232  0  4699  4719  20  0  3397  350  0  107416  88  3397  0  2864  415  3899  265  24604322  3  25  45  45  62.4060150376  
1439297292  0  687  437  42  20  6430719  113  2644  2609  574051606  232  0  4711  4731  20  0  3397  350  0  121914  80  3397  0  2644  437  4105  279  16360729  22  22  12  12  63.6098981077  
1439297302  0  1130  670  42  20  5878247  110  2425  2390  594268032  232  0  4738  4758  20  0  3397  350  0  151415  68  3397  0  2425  670  5055  288  20216426  233  443  27  27  59.2920353982  
1439297312  0  11893  670  42  20  5869097  180  3640  3605  659436085  232  0  5976  5996  20  0  3640  350  0  175987  111  3640  0  3640  670  5480  296  65168053  0  10763  1238  1238  5.63356596317  
1439297322  0  17512  670  42  20  5818871  208  4318  4283  697435408  232  0  6686  6706  20  0  4350  350  0  187421  128  4350  0  4318  670  5729  301  37999323  0  5619  710  710  3.82594792143  
1439297332  0  21507  670  42  20  5843236  227  4668  4633  721203741  232  0  7036  7056  20  0  4668  350  0  196612  142  4668  0  4668  670  5828  301  23768333  0  3995  350  350  3.11526479751  
1439297342  0  26541  670  42  20  5902272  271  5557  5522  762522032  271  0  7925  7945  20  0  5557  350  0  207674  171  5557  0  5557  670  5960  301  41318291  0  5034  889  889  2.52439621717  
1439297352  0  32445  675  42  22  6488548  403  9276  9241  917477914  403  0  11649  11671  22  0  9276  350  0  218387  247  9276  0  9276  675  6120  301  154955882  5  5904  3724  3726  2.08044382802  
1439297362  0  35545  686  42  22  6612930  514  13596  13561  1017036807  514  0  15980  16002  22  0  13596  350  0  222640  306  13596  0  13596  686  6211  301  99558893  11  3100  4331  4331  1.9299479533  
1439297372  0  39408  686  42  22  6755550  643  18079  18044  1142491992  643  0  20463  20485  22  0  18079  377  0  226997  377  18079  0  18079  686  6304  301  125455185  0  3863  4483  4483  1.74076329679  
1439297382  0  43289  686  42  22  6889102  766  22347  22312  1259936915  766  0  24731  24753  22  0  22347  443  0  230706  443  22347  0  22347  686  6378  301  117444923  0  3881  4268  4268  1.58469819123  
1439297392  0  48295  686  42  22  7030338  908  26809  26774  1388898330  908  0  29193  29215  22  0  26809  514  0  235725  514  26809  0  26809  686  6488  301  128961415  0  5006  4462  4462  1.42043689823  
1439297402  0  52694  1748  42  22  7165751  1044  31066  31031  1622948301  1044  0  34955  34977  22  0  31066  600  0  242040  599  31066  0  31066  1748  6612  312  234049971  1062  4399  5762  5762  3.31726572285  
1439297412  0  58730  3216  42  22  7353922  1201  35456  35421  1919761275  1204  0  42818  42840  22  0  35456  681  3  250236  678  35456  0  35456  3216  6781  344  296812974  1468  6036  7863  7863  5.47590669164  
1439297422  0  63729  4757  42  22  7452756  1305  38599  38564  2176465876  1305  0  48235  48257  22  0  38599  732  6  255977  732  38599  0  38599  4757  6909  359  256704601  1541  4999  5417  5417  7.46441965196  
1439297432  0  69261  6176  42  22  7564704  1418  42408  42373  2441496390  1420  0  55013  55035  22  0  42438  778  10  261492  776  42438  0  42408  6176  7063  387  265030514  1419  5532  6778  6778  8.91699513435  
1439297442  0  73960  7472  42  22  7677166  1513  45808  45773  2680749102  1513  0  61109  61131  22  0  45808  827  27  267233  827  45808  0  45808  7472  7192  411  239252712  1296  4699  6096  6096  10.1027582477  
1439297452  0  80154  8819  42  22  7792917  1626  49384  49349  2934411689  1630  0  67285  67307  22  0  49402  880  55  276415  879  49402  0  49384  8819  7391  435  253662587  1347  6194  6176  6176  11.0025700526  
1439297462  0  85968  10831  42  22  7890700  1717  52901  52866  3309876740  1727  0  74687  74709  22  0  52954  931  81  284670  926  52954  0  52901  10831  7622  471  375465051  2012  5814  7402  7402  12.5988739996  
1439297472  0  92725  13200  42  22  7966095  1797  55197  55162  3634802603  1797  0  80298  80320  22  0  55197  979  103  293756  979  55197  0  55197  13200  7806  491  324925863  2369  6757  5611  5611  14.2356430305  
1439297482  0  98099  14988  42  22  8053665  1864  58044  58009  3933806579  1866  0  86081  86103  22  0  58083  1017  134  300032  1011  58083  0  58044  14988  7964  513  299003976  1788  5374  5783  5783  15.2784432053  
1439297492  0  103360  17454  42  22  8108668  1944  59710  59675  4225197352  1945  0  91963  91985  22  0  59717  1058  165  306435  1057  59717  0  59710  17454  8124  542  291390773  2466  5261  5882  5882  16.8866099071  
1439297502  0  107254  19280  42  22  8131761  1963  60489  60454  4462885805  1983  0  96046  96068  22  0  61198  1074  180  312517  1060  61198  0  60489  19280  8265  559  237688453  1826  3894  4083  4083  17.9760195424  
1439297512  0  111586  20821  42  22  8173556  1998  61792  61757  4697155914  2005  0  101183  101205  22  0  62038  1074  205  318184  1063  62038  0  61792  20821  8441  602  234270109  1541  4332  5137  5137  18.6591507895  
1439297522  0  115161  22536  42  22  8247813  2066  63793  63758  4882276134  2066  0  106023  106045  22  0  63793  1098  236  322322  1098  63793  0  63793  22536  8542  620  185120220  1715  3575  4840  4840  19.5691249642  
1439297532  0  120637  24838  42  22  8309552  2123  65911  65876  5207295195  2123  0  112777  112799  22  0  65911  1133  265  329746  1133  65911  0  65911  24838  8730  659  325019061  2302  5476  6754  6754  20.5890398468  
1439297542  0  124912  27076  42  22  8314430  2133  66047  66012  5488126729  2136  0  117504  117526  22  0  66259  1144  296  336610  1142  66259  0  66047  27076  8898  694  280831534  2238  4275  4727  4727  21.6760599462  
1439297552  0  129469  28016  42  22  8606673  2196  68755  68720  5703632230  2197  0  122872  122894  22  0  68770  1172  331  343197  1171  68770  0  68755  28016  9063  727  215505501  940  4557  5368  5368  21.6391568638  
1439297562  0  132341  28890  42  22  8611150  2204  68906  68871  5815033744  2216  0  125500  125522  22  0  69279  1176  342  347409  1176  69279  0  68906  28890  9159  750  111401514  874  2872  2628  2628  21.8299695484  
1439297573  0  136916  30653  42  22  8627130  2214  69314  69279  6056587471  2225  0  129395  129417  22  0  69630  1200  356  353050  1193  69630  0  69314  30653  9278  777  241553727  1763  4575  3895  3895  22.3881796138  
1439297583  0  140864  32556  42  22  8626231  2223  69199  69164  6307374231  2225  0  133055  133077  22  0  69630  1207  376  359847  1207  69630  0  69199  32556  9411  802  250786760  1903  3948  3660  3660  23.1116537937  
1439297593  0  146279  35717  42  22  8649829  2265  69919  69884  6699756200  2269  0  138923  138945  22  0  70054  1237  405  366762  1235  70054  0  69919  35717  9571  837  392381969  3161  5415  5868  5868  24.4170386727  
1439297603  0  149657  37036  42  22  8668771  2263  70395  70360  6891233873  2280  0  143003  143025  22  0  70868  1243  426  372502  1233  70868  0  70395  37036  9728  872  191477673  1319  3378  4080  4080  24.7472553907  
1439297613  0  154674  39528  42  22  8661686  2253  70250  70215  7191180856  2284  0  147193  147215  22  0  71104  1243  454  381329  1218  71104  0  70250  39528  9934  909  299946983  2492  5017  4190  4190  25.5556848598  
1439297623  0  159883  41670  42  22  8703630  2266  71145  71110  7492873836  2294  0  152622  152644  22  0  71982  1243  474  389507  1226  71982  0  71145  41670  10124  950  301692980  2142  5209  5429  5429  26.0628084287  
1439297633  0  164190  43506  42  22  8689999  2269  70634  70599  7722284573  2294  0  156181  156203  22  0  71982  1243  498  396214  1228  71982  0  70634  43506  10284  985  229410737  1836  4307  3559  3559  26.4973506304  
1439297643  0  170262  46272  42  22  8734632  2292  71696  71661  8017832094  2299  0  161839  161861  22  0  71982  1243  519  404444  1238  71982  0  71696  46272  10477  1022  295547521  2766  6072  5658  5658  27.1769390704  
1439297653  0  175436  48580  42  22  8733823  2293  71630  71595  8308350556  2304  0  166886  166908  22  0  72125  1252  543  412145  1242  72125  0  71630  48580  10668  1067  290518462  2308  5174  5047  5047  27.6910098269  
1439297663  0  180642  50824  42  22  8763890  2340  73141  73106  8604044962  2340  0  172897  172919  22  0  73310  1285  565  418183  1284  73310  0  73141  50824  10821  1104  295694406  2244  5206  6011  6011  28.1352066518  
1439297673  0  185550  52758  42  22  8787106  2374  74212  74177  8822901112  2377  0  177816  177838  22  0  74337  1297  581  424366  1293  74337  0  74212  52758  10964  1136  218856150  1934  4908  4919  4919  28.4333063864  
1439297683  0  189817  55219  42  22  8770223  2369  73619  73584  9116514644  2380  0  181566  181588  22  0  74513  1304  597  430421  1301  74513  0  73619  55219  11094  1167  293613532  2461  4267  3750  3750  29.0906504686  
1439297693  0  193392  56664  42  22  8806394  2406  74870  74835  9329114831  2411  0  185710  185732  22  0  74984  1315  614  436373  1308  74984  0  74870  56664  11236  1196  212600187  1445  3575  4144  4144  29.3000744602  
1439297703  0  197909  58251  42  22  8865171  2464  76858  76823  9531925617  2464  0  190682  190704  22  0  76858  1319  637  441997  1319  76858  0  76858  58251  11362  1222  202810786  1587  4517  4972  4972  29.4332243607  
1439297713  0  202989  60196  42  22  8899241  2487  77866  77831  9748299556  2487  0  195114  195136  22  0  77866  1329  661  448150  1329  77866  0  77866  60196  11485  1249  216373939  1945  5080  4432  4432  29.6548088813  
1439297723  0  207819  62732  42  22  8879533  2470  77255  77220  10013078951  2492  0  198299  198321  22  0  77874  1332  679  455414  1319  77874  0  77255  62732  11643  1271  264779395  2536  4830  3185  3185  30.1858829077  
1439297733  0  211783  64330  42  22  8913276  2508  78368  78333  10266368251  2520  0  203062  203084  22  0  78534  1338  700  462035  1323  78534  0  78368  64330  11800  1315  253289300  1598  3964  4763  4763  30.3754314558  
1439297743  0  215322  65749  42  22  8845423  2433  76260  76225  10431200478  2520  0  207189  207211  22  0  78534  1338  713  465984  1284  78534  0  76260  65749  11994  1384  164832227  1419  3539  4127  4127  30.535198447  
1439297753  0  220406  67479  42  22  8891039  2487  77746  77711  10698930056  2524  0  213170  213192  22  0  78534  1338  735  471962  1318  78534  0  77746  67479  12170  1428  267729578  1730  5084  5981  5981  30.6157727104  
1439297763  0  225288  70136  42  22  8887879  2472  77589  77554  10977191946  2524  0  217907  217929  22  0  78534  1338  764  478110  1331  78534  0  77589  70136  12307  1461  278261890  2657  4882  4737  4737  31.1317069706  
1439297773  0  230449  73041  42  22  8850341  2438  76291  76256  11266841204  2524  0  222506  222528  22  0  78534  1338  777  485108  1321  78534  0  76291  73041  12463  1500  289649258  2905  5161  4599  4599  31.6950822091  
1439297783  0  233842  74465  44  22  10003546  2344  73866  73829  11558514743  2524  0  225914  225936  22  0  78534  1338  786  490400  1268  78534  0  73866  74465  12654  1566  291673539  1424  3393  3408  3408  31.844151179  
1439297793  0  237552  76116  44  22  10694882  2412  76001  75964  11782125386  2524  0  230756  230778  22  0  78534  1338  804  495065  1303  78534  0  76001  76116  12786  1585  223610643  1651  3710  4842  4842  32.0418266316  
1439297803  0  242261  78508  44  22  10654603  2409  75999  75962  12049170927  2524  0  235264  235286  22  0  78534  1338  821  501114  1299  78534  0  75999  78508  12926  1620  267045541  2392  4709  4508  4508  32.4063716405  
1439297814  0  247117  80747  44  22  10635131  2409  75246  75209  12345647384  2524  0  239853  239875  22  0  78534  1338  845  508446  1306  78534  0  75246  80747  13075  1661  296476457  2239  4856  4589  4589  32.6756151944  
1439297824  0  251831  82572  44  22  10483402  2305  70386  70349  12553768919  2524  0  243124  243146  22  0  78534  1338  854  513689  1256  78534  0  70386  82572  13292  1761  208121535  1825  4714  3271  3271  32.7886558843  
1439297834  0  254231  83269  44  22  10460768  2243  68660  68623  12675598124  2524  0  246336  246358  22  0  78534  1338  870  518759  1215  78534  0  68660  83269  13490  1838  121829205  697  2400  3212  3212  32.7532834312  
1439297844  0  256688  84299  44  22  10492850  2242  69732  69695  12813749850  2524  0  249469  249491  22  0  78534  1338  881  522399  1211  78534  0  69732  84299  13586  1855  138151726  1030  2457  3133  3133  32.8410365892  
1439297854  0  259508  85298  44  22  10518853  2241  70532  70495  12959890956  2524  0  253286  253308  22  0  78534  1338  895  525745  1209  78534  0  70532  85298  13739  1887  146141106  999  2820  3817  3817  32.8691215685  
1439297864  0  261123  85563  44  22  10560470  2266  71897  71860  13016179621  2524  0  255017  255039  22  0  78534  1338  898  528235  1221  78534  0  71897  85563  13795  1888  56288665  265  1615  1731  1731  32.767316552  
1439297874  0  265119  87165  44  22  10536593  2231  71107  71070  13236204096  2524  0  258500  258522  22  0  78534  1338  908  534347  1211  78534  0  71107  87165  13925  1932  220024475  1602  3996  3483  3483  32.8776888869  
1439297884  0  267889  88257  44  22  10544705  2238  71195  71158  13370351166  2524  0  260529  260551  22  0  78534  1338  917  539589  1208  78534  0  71195  88257  14029  1950  134147070  1092  2770  2029  2029  32.9453616983  
1439297894  0  272863  90983  44  22  10445934  2174  67981  67944  13675010914  2524  0  265297  265319  22  0  78534  1338  938  546570  1179  78534  0  67981  90983  14270  2036  304659748  2726  4974  4768  4768  33.343839216  
1439297904  0  277582  93379  44  22  10461171  2187  68329  68292  13959257319  2524  0  269149  269171  22  0  78534  1338  951  552235  1191  78534  0  68329  93379  14388  2057  284246405  2396  4719  3852  3852  33.6401495774  
1439297914  0  281916  94993  44  22  10528732  2265  70588  70551  14212105022  2524  0  274675  274697  22  0  78534  1338  969  558044  1216  78534  0  70588  94993  14559  2086  252847703  1614  4334  5526  5526  33.6954979497  
1439297924  0  285464  96804  44  22  10489990  2231  69411  69374  14465765308  2524  0  279148  279170  22  0  78534  1338  988  564723  1194  78534  0  69411  96804  14757  2153  253660286  1811  3548  4473  4473  33.911106129  
1439297934  0  288661  97677  44  22  10539537  2291  71063  71026  14604875167  2524  0  282322  282344  22  0  78534  1338  999  567610  1212  78534  0  71063  97677  14831  2164  139109859  873  3197  3174  3174  33.8379621771  
1439297944  0  293198  99732  44  22  10481279  2247  69059  69022  14866653346  2524  0  286144  286166  22  0  78534  1338  1016  574127  1204  78534  0  69059  99732  14980  2212  261778179  2055  4537  3822  3822  34.0152388488  
1439297954  0  297883  101586  44  22  10457299  2239  68377  68340  15142213529  2524  0  290590  290612  22  0  78534  1338  1036  581337  1194  78534  0  68377  101586  15179  2269  275560183  1854  4685  4446  4446  34.1026510408  
1439297964  0  301253  102179  44  22  10551600  2314  71380  71343  15282119766  2524  0  294886  294908  22  0  78534  1338  1048  585623  1235  78534  0  71380  102179  15279  2280  139906237  593  3370  4296  4296  33.9180024763  
1439297974  0  305321  103479  44  22  10588186  2331  72573  72536  15456812765  2524  0  298160  298182  22  0  78534  1338  1061  591308  1243  78534  0  72573  103479  15395  2295  174692999  1300  4068  3274  3274  33.8918711782  
1439297984  0  309815  105182  44  22  10542129  2288  71203  71166  15700287441  2524  0  302793  302815  22  0  78534  1338  1073  598126  1209  78534  0  71203  105182  15616  2373  243474676  1703  4494  4633  4633  33.9499378661  
1439297994  0  314078  107436  44  22  10567835  2309  72035  71998  15988686182  2524  0  307303  307325  22  0  78534  1338  1094  604454  1221  78534  0  72035  107436  15753  2400  288398741  2254  4263  4510  4510  34.2067893963  
1439298004  0  317960  108241  44  22  10543845  2281  71310  71273  16131046532  2524  0  311537  311559  22  0  78534  1338  1120  609670  1205  78534  0  71310  108241  15946  2467  142360350  805  3882  4234  4234  34.0423323689  
1439298014  0  321819  109679  44  22  10511395  2249  70223  70186  16329052173  2524  0  314269  314291  22  0  78534  1338  1133  615393  1191  78534  0  70223  109679  16070  2503  198005641  1438  3859  2732  2732  34.0809585512  
1439298024  0  327082  112287  44  22  10544283  2291  71248  71211  16701484585  2524  0  320534  320556  22  0  78534  1338  1153  623342  1211  78534  0  71248  112287  16263  2539  372432412  2608  5263  6265  6265  34.3299233831  
1439298034  0  330761  114028  44  22  10566993  2316  72005  71968  16946685490  2524  0  324745  324767  22  0  78534  1338  1164  628449  1220  78534  0  72005  114028  16387  2576  245200905  1741  3679  4211  4211  34.4744392477  
1439298044  0  334654  115354  44  22  10423651  2186  67370  67333  17168471814  2524  0  329278  329300  22  0  78534  1338  1183  634621  1157  78534  0  67370  115354  16652  2693  221786324  1326  3893  4533  4533  34.4696313207  
1439298054  0  337405  115706  44  22  10447195  2209  68110  68073  17259567407  2524  0  331136  331158  22  0  78534  1338  1186  638562  1172  78534  0  68110  115706  16726  2707  91095593  352  2751  1858  1858  34.292912079  
1439298065  0  342397  117260  44  22  10343775  2086  64926  64889  17499454469  2524  0  336439  336461  22  0  78534  1338  1209  645751  1103  78534  0  64926  117260  17038  2826  239887062  1554  4992  5303  5303  34.2467953866  
1439298075  0  346410  118722  44  22  10378910  2101  66071  66034  17698444777  2524  0  340141  340163  22  0  78534  1338  1223  653034  1112  78534  0  66071  118722  17186  2851  198990308  1462  4013  3702  3702  34.2721053087  
1439298085  0  348934  119347  44  22  10348121  2060  65072  65035  17808152441  2524  0  342755  342777  22  0  78534  1338  1229  656885  1097  78534  0  65072  119347  17344  2897  109707664  625  2524  2614  2614  34.2033163865  
1439298095  0  353408  121106  44  22  10368512  2080  65683  65646  18018182501  2524  0  346521  346543  22  0  78534  1338  1244  662891  1108  78534  0  65683  121106  17462  2918  210030060  1759  4474  3766  3766  34.2680414705  
1439298105  0  356017  122023  44  22  10342733  2045  64895  64858  18180250991  2524  0  349778  349800  22  0  78534  1338  1260  668041  1097  78534  0  64895  122023  17643  2973  162068490  917  2609  3257  3257  34.2744868925  
1439298115  0  359318  123179  44  22  10294791  2007  63478  63441  18344178501  2524  0  352907  352929  22  0  78534  1338  1277  673902  1073  78534  0  63478  123179  17822  3030  163927510  1156  3301  3129  3129  34.2813329697  
1439298125  0  362634  124096  44  22  10357764  2069  65451  65414  18503758361  2524  0  356378  356400  22  0  78534  1338  1286  677984  1110  78534  0  65451  124096  17912  3041  159579860  917  3316  3471  3471  34.2207294407  
1439298135  0  367205  125815  44  22  10314594  2022  63978  63941  18715974149  2524  0  360196  360218  22  0  78534  1338  1297  683187  1090  78534  0  63978  125815  18079  3093  212215788  1719  4571  3818  3818  34.2628776841  
1439298145  0  371259  127477  44  22  10298434  2003  63480  63443  18925928271  2524  0  363490  363512  22  0  78534  1338  1311  689903  1082  78534  0  63480  127477  18260  3131  209954122  1662  4054  3294  3294  34.3364066595  
1439298155  0  377559  129927  44  22  10333765  2042  64693  64656  19318998343  2524  0  371494  371516  22  0  78534  1338  1334  699638  1093  78534  0  64693  129927  18526  3194  393070072  2450  6300  8004  8004  34.4123699872  
1439298165  0  387672  134303  44  22  10375445  2100  65867  65830  19852263236  2524  0  380574  380596  22  0  78534  1338  1369  714196  1120  78534  0  65867  134303  18851  3250  533264893  4376  10113  9080  9080  34.6434614829  
1439298175  0  399126  138386  44  22  10440627  2145  67936  67899  20477265406  2524  0  393068  393090  22  0  78534  1338  1419  731169  1162  78534  0  67936  138386  19275  3349  625002170  4083  11454  12494  12494  34.6722588857  
1439298185  0  410179  141556  44  22  10398716  2115  66633  66596  21016974227  2524  0  403320  403342  22  0  78534  1338  1467  747735  1129  78534  0  66633  141556  19757  3479  539708821  3170  11053  10252  10252  34.5107867541  
1439298195  0  420678  144750  44  22  10415648  2135  67234  67197  21526296847  2524  0  413980  414002  22  0  78534  1338  1506  764413  1145  78534  0  67234  144750  20222  3597  509322620  3194  10499  10660  10660  34.4087401766  
1439298205  0  431834  150944  44  22  5822657  2107  64903  64873  22260502139  2524  0  423349  423371  22  0  78534  1338  1544  778100  1137  78534  0  64903  150944  20555  3683  734205292  6194  11156  9369  9369  34.9541722051  
1439298215  0  431834  150944  44  22  5822657  2107  64903  64873  22260502139  2524  0  423349  423371  22  0  78534  1338  1544  778100  1137  78534  0  64903  150944  20555  3683  0  0  0  0  0  34.9541722051  
1439298225  0  431834  150944  44  22  5822657  2107  64903  64873  22260502139  2524  0  423349  423371  22  0  78534  1338  1544  778100  1137  78534  0  64903  150944  20555  3683  0  0  0  0  0  34.9541722051  
1439298235  0  431834  150944  44  22  5822657  2107  64903  64873  22260502139  2524  0  423349  423371  22  0  78534  1338  1544  778100  1137  78534  0  64903  150944  20555  3683  0  0  0  0  0  34.9541722051  
1439298245  0  431834  150944  44  22  5822657  2107  64903  64873  22260502139  2524  0  423349  423371  22  0  78534  1338  1544  778100  1137  78534  0  64903  150944  20555  3683  0  0  0  0  0  34.9541722051  
1439298255  0  431834  150944  44  22  5822657  2107  64903  64873  22260502139  2524  0  423349  423371  22  0  78534  1338  1544  778100  1137  78534  0  64903  150944  20555  3683  0  0  0  0  0  34.9541722051  
1439298265  0  431834  150944  44  22  5822657  2107  64903  64873  22260502139  2524  0  423349  423371  22  0  78534  1338  1544  778100  1137  78534  0  64903  150944  20555  3683  0  0  0  0  0  34.9541722051  
1439298275  0  431834  150944  44  22  5822657  2107  64903  64873  22260502139  2524  0  423349  423371  22  0  78534  1338  1544  778100  1137  78534  0  64903  150944  20555  3683  0  0  0  0  0  34.9541722051  
1439298285  0  431834  150944  44  22  5822657  2107  64903  64873  22260502139  2524  0  423349  423371  22  0  78534  1338  1544  778100  1137  78534  0  64903  150944  20555  3683  0  0  0  0  0  34.9541722051  
1439298295  0  431834  150944  44  22  5822657  2107  64903  64873  22260502139  2524  0  423349  423371  22  0  78534  1338  1544  778100  1137  78534  0  64903  150944  20555  3683  0  0  0  0  0  34.9541722051  
1439298305  0  431834  150944  44  22  5822657  2107  64903  64873  22260502139  2524  0  423349  423371  22  0  78534  1338  1544  778100  1137  78534  0  64903  150944  20555  3683  0  0  0  0  0  34.9541722051  
1439298315  0  431834  150944  44  22  5822657  2107  64903  64873  22260502139  2524  0  423349  423371  22  0  78534  1338  1544  778100  1137  78534  0  64903  150944  20555  3683  0  0  0  0  0  34.9541722051  
1439298325  0  431834  150944  44  22  5822657  2107  64903  64873  22260502139  2524  0  423349  423371  22  0  78534  1338  1544  778100  1137  78534  0  64903  150944  20555  3683  0  0  0  0  0  34.9541722051  
1439298335  0  431834  150944  44  22  5822657  2107  64903  64873  22260502139  2524  0  423349  423371  22  0  78534  1338  1544  778100  1137  78534  0  64903  150944  20555  3683  0  0  0  0  0  34.9541722051  
1439298345  0  431834  150944  44  22  5822657  2107  64903  64873  22260502139  2524  0  423349  423371  22  0  78534  1338  1544  778100  1137  78534  0  64903  150944  20555  3683  0  0  0  0  0  34.9541722051  
1439298355  0  431834  150944  44  22  5822657  2107  64903  64873  22260502139  2524  0  423349  423371  22  0  78534  1338  1544  778100  1137  78534  0  64903  150944  20555  3683  0  0  0  0  0  34.9541722051  
1439298365  0  431834  150944  44  22  5822657  2107  64903  64873  22260502139  2524  0  423349  423371  22  0  78534  1338  1544  778100  1137  78534  0  64903  150944  20555  3683  0  0  0  0  0  34.9541722051  
1439298375  0  431834  150944  44  22  5822657  2107  64903  64873  22260502139  2524  0  423349  423371  22  0  78534  1338  1544  778100  1137  78534  0  64903  150944  20555  3683  0  0  0  0  0  34.9541722051  
1439298385  0  431834  150944  44  22  5822657  2107  64903  64873  22260502139  2524  0  423349  423371  22  0  78534  1338  1544  778100  1137  78534  0  64903  150944  20555  3683  0  0  0  0  0  34.9541722051  
1439298395  0  431834  150944  44  22  5822657  2107  64903  64873  22260502139  2524  0  423349  423371  22  0  78534  1338  1544  778100  1137  78534  0  64903  150944  20555  3683  0  0  0  0  0  34.9541722051  
1439298405  0  431834  150944  44  22  5822657  2107  64903  64873  22260502139  2524  0  423349  423371  22  0  78534  1338  1544  778100  1137  78534  0  64903  150944  20555  3683  0  0  0  0  0  34.9541722051  
1439298415  0  431834  150944  44  22  5822657  2107  64903  64873  22260502139  2524  0  423349  423371  22  0  78534  1338  1544  778100  1137  78534  0  64903  150944  20555  3683  0  0  0  0  0  34.9541722051  
1439298425  0  431834  150944  44  22  5822657  2107  64903  64873  22260502139  2524  0  423349  423371  22  0  78534  1338  1544  778100  1137  78534  0  64903  150944  20555  3683  0  0  0  0  0  34.9541722051  
1439298435  0  431834  150944  44  22  5822657  2107  64903  64873  22260502139  2524  0  423349  423371  22  0  78534  1338  1544  778100  1137  78534  0  64903  150944  20555  3683  0  0  0  0  0  34.9541722051  
1439298445  0  431834  150944  44  22  5822657  2107  64903  64873  22260502139  2524  0  423349  423371  22  0  78534  1338  1544  778100  1137  78534  0  64903  150944  20555  3683  0  0  0  0  0  34.9541722051  
1439298455  0  431834  150944  44  22  5822657  2107  64903  64873  22260502139  2524  0  423349  423371  22  0  78534  1338  1544  778100  1137  78534  0  64903  150944  20555  3683  0  0  0  0  0  34.9541722051  
1439298465  0  431834  150944  44  22  5822657  2107  64903  64873  22260502139  2524  0  423349  423371  22  0  78534  1338  1544  778100  1137  78534  0  64903  150944  20555  3683  0  0  0  0  0  34.9541722051  
1439298475  0  431834  150944  44  22  5822657  2107  64903  64873  22260502139  2524  0  423349  423371  22  0  78534  1338  1544  778100  1137  78534  0  64903  150944  20555  3683  0  0  0  0  0  34.9541722051  
1439298485  0  431834  150944  44  22  5822657  2107  64903  64873  22260502139  2524  0  423349  423371  22  0  78534  1338  1544  778100  1137  78534  0  64903  150944  20555  3683  0  0  0  0  0  34.9541722051  
1439298495  0  431834  150944  44  22  5822657  2107  64903  64873  22260502139  2524  0  423349  423371  22  0  78534  1338  1544  778100  1137  78534  0  64903  150944  20555  3683  0  0  0  0  0  34.9541722051  
1439298505  0  431834  150944  44  22  5822657  2107  64903  64873  22260502139  2524  0  423349  423371  22  0  78534  1338  1544  778100  1137  78534  0  64903  150944  20555  3683  0  0  0  0  0  34.9541722051  
1439298515  0  431834  150944  44  22  5822657  2107  64903  64873  22260502139  2524  0  423349  423371  22  0  78534  1338  1544  778100  1137  78534  0  64903  150944  20555  3683  0  0  0  0  0  34.9541722051  
1439298525  0  431834  150944  44  22  5822657  2107  64903  64873  22260502139  2524  0  423349  423371  22  0  78534  1338  1544  778100  1137  78534  0  64903  150944  20555  3683  0  0  0  0  0  34.9541722051  
1439298535  0  431834  150944  44  22  5822657  2107  64903  64873  22260502139  2524  0  423349  423371  22  0  78534  1338  1544  778100  1137  78534  0  64903  150944  20555  3683  0  0  0  0  0  34.9541722051  
1439298545  0  431834  150944  44  22  5822657  2107  64903  64873  22260502139  2524  0  423349  423371  22  0  78534  1338  1544  778100  1137  78534  0  64903  150944  20555  3683  0  0  0  0  0  34.9541722051  
1439298555  0  431834  150944  44  22  5822657  2107  64903  64873  22260502139  2524  0  423349  423371  22  0  78534  1338  1544  778100  1137  78534  0  64903  150944  20555  3683  0  0  0  0  0  34.9541722051  
1439298565  0  431834  150944  44  22  5822657  2107  64903  64873  22260502139  2524  0  423349  423371  22  0  78534  1338  1544  778100  1137  78534  0  64903  150944  20555  3683  0  0  0  0  0  34.9541722051  
1439298575  0  431834  150944  44  22  5822657  2107  64903  64873  22260502139  2524  0  423349  423371  22  0  78534  1338  1544  778100  1137  78534  0  64903  150944  20555  3683  0  0  0  0  0  34.9541722051  
1439298585  0  431834  150944  44  22  5822657  2107  64903  64873  22260502139  2524  0  423349  423371  22  0  78534  1338  1544  778100  1137  78534  0  64903  150944  20555  3683  0  0  0  0  0  34.9541722051  
1439298595  0  431834  150944  44  22  5822657  2107  64903  64873  22260502139  2524  0  423349  423371  22  0  78534  1338  1544  778100  1137  78534  0  64903  150944  20555  3683  0  0  0  0  0  34.9541722051  
1439298605  0  431834  150944  44  22  5822657  2107  64903  64873  22260502139  2524  0  423349  423371  22  0  78534  1338  1544  778100  1137  78534  0  64903  150944  20555  3683  0  0  0  0  0  34.9541722051  
1439298615  0  431834  150944  44  22  5822657  2107  64903  64873  22260502139  2524  0  423349  423371  22  0  78534  1338  1544  778100  1137  78534  0  64903  150944  20555  3683  0  0  0  0  0  34.9541722051  
1439298625  0  431834  150944  44  22  5822657  2107  64903  64873  22260502139  2524  0  423349  423371  22  0  78534  1338  1544  778100  1137  78534  0  64903  150944  20555  3683  0  0  0  0  0  34.9541722051  
1439298635  0  431834  150944  44  22  5822657  2107  64903  64873  22260502139  2524  0  423349  423371  22  0  78534  1338  1544  778100  1137  78534  0  64903  150944  20555  3683  0  0  0  0  0  34.9541722051  
1439298645  0  431834  150944  44  22  5822657  2107  64903  64873  22260502139  2524  0  423349  423371  22  0  78534  1338  1544  778100  1137  78534  0  64903  150944  20555  3683  0  0  0  0  0  34.9541722051  
1439298655  0  431834  150944  44  22  5822657  2107  64903  64873  22260502139  2524  0  423349  423371  22  0  78534  1338  1544  778100  1137  78534  0  64903  150944  20555  3683  0  0  0  0  0  34.9541722051  
1439298666  0  431834  150944  44  22  5822657  2107  64903  64873  22260502139  2524  0  423349  423371  22  0  78534  1338  1544  778100  1137  78534  0  64903  150944  20555  3683  0  0  0  0  0  34.9541722051  
1439298676  0  431834  150944  44  22  5822657  2107  64903  64873  22260502139  2524  0  423349  423371  22  0  78534  1338  1544  778100  1137  78534  0  64903  150944  20555  3683  0  0  0  0  0  34.9541722051  
1439298686  0  431834  150944  44  22  5822657  2107  64903  64873  22260502139  2524  0  423349  423371  22  0  78534  1338  1544  778100  1137  78534  0  64903  150944  20555  3683  0  0  0  0  0  34.9541722051  
1439298696  0  431834  150944  44  22  5822657  2107  64903  64873  22260502139  2524  0  423349  423371  22  0  78534  1338  1544  778100  1137  78534  0  64903  150944  20555  3683  0  0  0  0  0  34.9541722051  
1439298706  0  431960  151070  44  22  5477665  2106  64777  64747  22264048146  2524  0  423349  423371  22  0  78534  1338  1544  778100  1137  78534  0  64777  151070  20555  3683  3546007  126  126  0  0  34.9731456616  
1439298716  0  431960  151070  44  22  5477665  2106  64777  64747  22264048146  2524  0  423349  423371  22  0  78534  1338  1544  778100  1137  78534  0  64777  151070  20555  3683  0  0  0  0  0  34.9731456616  
1439298726  0  431960  151070  44  22  5477665  2106  64777  64747  22264048146  2524  0  423349  423371  22  0  78534  1338  1544  778100  1137  78534  0  64777  151070  20555  3683  0  0  0  0  0  34.9731456616  
1439298736  0  431960  151070  44  22  5477665  2106  64777  64747  22264048146  2524  0  423349  423371  22  0  78534  1338  1544  778100  1137  78534  0  64777  151070  20555  3683  0  0  0  0  0  34.9731456616  
1439298746  0  431960  151070  44  22  5477665  2106  64777  64747  22264048146  2524  0  423349  423371  22  0  78534  1338  1544  778100  1137  78534  0  64777  151070  20555  3683  0  0  0  0  0  34.9731456616  
1439298756  0  431960  151070  44  22  5477665  2106  64777  64747  22264048146  2524  0  423349  423371  22  0  78534  1338  1544  778100  1137  78534  0  64777  151070  20555  3683  0  0  0  0  0  34.9731456616  
1439298766  0  431960  151070  44  22  5477665  2106  64777  64747  22264048146  2524  0  423349  423371  22  0  78534  1338  1544  778100  1137  78534  0  64777  151070  20555  3683  0  0  0  0  0  34.9731456616  
1439298776  0  431960  151070  44  22  5477665  2106  64777  64747  22264048146  2524  0  423349  423371  22  0  78534  1338  1544  778100  1137  78534  0  64777  151070  20555  3683  0  0  0  0  0  34.9731456616  
1439298786  0  431960  151070  44  22  5477665  2106  64777  64747  22264048146  2524  0  423349  423371  22  0  78534  1338  1544  778100  1137  78534  0  64777  151070  20555  3683  0  0  0  0  0  34.9731456616  
1439298796  0  431960  151070  44  22  5477665  2106  64777  64747  22264048146  2524  0  423349  423371  22  0  78534  1338  1544  778100  1137  78534  0  64777  151070  20555  3683  0  0  0  0  0  34.9731456616  
1439298806  0  431960  151070  44  22  5477665  2106  64777  64747  22264048146  2524  0  423349  423371  22  0  78534  1338  1544  778100  1137  78534  0  64777  151070  20555  3683  0  0  0  0  0  34.9731456616  
1439298816  0  431960  151070  44  22  5477665  2106  64777  64747  22264048146  2524  0  423349  423371  22  0  78534  1338  1544  778100  1137  78534  0  64777  151070  20555  3683  0  0  0  0  0  34.9731456616  
1439298826  0  431960  151070  44  22  5477665  2106  64777  64747  22264048146  2524  0  423349  423371  22  0  78534  1338  1544  778100  1137  78534  0  64777  151070  20555  3683  0  0  0  0  0  34.9731456616  
1439298836  0  431960  151070  44  22  5477665  2106  64777  64747  22264048146  2524  0  423349  423371  22  0  78534  1338  1544  778100  1137  78534  0  64777  151070  20555  3683  0  0  0  0  0  34.9731456616  
1439298846  0  431960  151070  44  22  5477665  2106  64777  64747  22264048146  2524  0  423349  423371  22  0  78534  1338  1544  778100  1137  78534  0  64777  151070  20555  3683  0  0  0  0  0  34.9731456616  
1439298856  0  431960  151070  44  22  5477665  2106  64777  64747  22264048146  2524  0  423349  423371  22  0  78534  1338  1544  778100  1137  78534  0  64777  151070  20555  3683  0  0  0  0  0  34.9731456616  
1439298866  0  431960  151070  44  22  5477665  2106  64777  64747  22264048146  2524  0  423349  423371  22  0  78534  1338  1544  778100  1137  78534  0  64777  151070  20555  3683  0  0  0  0  0  34.9731456616  
1439298876  0  431960  151070  44  22  5477665  2106  64777  64747  22264048146  2524  0  423349  423371  22  0  78534  1338  1544  778100  1137  78534  0  64777  151070  20555  3683  0  0  0  0  0  34.9731456616  
1439298886  0  431960  151070  44  22  5477665  2106  64777  64747  22264048146  2524  0  423349  423371  22  0  78534  1338  1544  778100  1137  78534  0  64777  151070  20555  3683  0  0  0  0  0  34.9731456616  
1439298896  0  431960  151070  44  22  5477665  2106  64777  64747  22264048146  2524  0  423349  423371  22  0  78534  1338  1544  778100  1137  78534  0  64777  151070  20555  3683  0  0  0  0  0  34.9731456616  
1439298906  0  431960  151070  44  22  5477665  2106  64777  64747  22264048146  2524  0  423349  423371  22  0  78534  1338  1544  778100  1137  78534  0  64777  151070  20555  3683  0  0  0  0  0  34.9731456616  
1439298916  0  431960  151070  44  22  5477665  2106  64777  64747  22264048146  2524  0  423349  423371  22  0  78534  1338  1544  778100  1137  78534  0  64777  151070  20555  3683  0  0  0  0  0  34.9731456616  
1439298926  0  431960  151070  44  22  5477665  2106  64777  64747  22264048146  2524  0  423349  423371  22  0  78534  1338  1544  778100  1137  78534  0  64777  151070  20555  3683  0  0  0  0  0  34.9731456616  
1439298936  0  431960  151070  44  22  5477665  2106  64777  64747  22264048146  2524  0  423349  423371  22  0  78534  1338  1544  778100  1137  78534  0  64777  151070  20555  3683  0  0  0  0  0  34.9731456616  
1439298946  0  431960  151070  44  22  5477665  2106  64777  64747  22264048146  2524  0  423349  423371  22  0  78534  1338  1544  778100  1137  78534  0  64777  151070  20555  3683  0  0  0  0  0  34.9731456616  
1439298956  0  431960  151070  44  22  5477665  2106  64777  64747  22264048146  2524  0  423349  423371  22  0  78534  1338  1544  778100  1137  78534  0  64777  151070  20555  3683  0  0  0  0  0  34.9731456616  
1439298966  0  431960  151070  44  22  5477665  2106  64777  64747  22264048146  2524  0  423349  423371  22  0  78534  1338  1544  778100  1137  78534  0  64777  151070  20555  3683  0  0  0  0  0  34.9731456616  
1439298976  0  431960  151070  44  22  5477665  2106  64777  64747  22264048146  2524  0  423349  423371  22  0  78534  1338  1544  778100  1137  78534  0  64777  151070  20555  3683  0  0  0  0  0  34.9731456616  
1439298986  0  431960  151070  44  22  5477665  2106  64777  64747  22264048146  2524  0  423349  423371  22  0  78534  1338  1544  778100  1137  78534  0  64777  151070  20555  3683  0  0  0  0  0  34.9731456616  
1439298996  0  431960  151070  44  22  5477665  2106  64777  64747  22264048146  2524  0  423349  423371  22  0  78534  1338  1544  778100  1137  78534  0  64777  151070  20555  3683  0  0  0  0  0  34.9731456616  
1439299006  0  431960  151070  44  22  5477665  2106  64777  64747  22264048146  2524  0  423349  423371  22  0  78534  1338  1544  778100  1137  78534  0  64777  151070  20555  3683  0  0  0  0  0  34.9731456616  
1439299016  0  431960  151070  44  22  5477665  2106  64777  64747  22264048146  2524  0  423349  423371  22  0  78534  1338  1544  778100  1137  78534  0  64777  151070  20555  3683  0  0  0  0  0  34.9731456616  
1439299026  0  431960  151070  44  22  5477665  2106  64777  64747  22264048146  2524  0  423349  423371  22  0  78534  1338  1544  778100  1137  78534  0  64777  151070  20555  3683  0  0  0  0  0  34.9731456616  
1439299036  0  431960  151070  44  22  5477665  2106  64777  64747  22264048146  2524  0  423349  423371  22  0  78534  1338  1544  778100  1137  78534  0  64777  151070  20555  3683  0  0  0  0  0  34.9731456616  
1439299046  0  431960  151070  44  22  5477665  2106  64777  64747  22264048146  2524  0  423349  423371  22  0  78534  1338  1544  778100  1137  78534  0  64777  151070  20555  3683  0  0  0  0  0  34.9731456616  
1439299056  0  431960  151070  44  22  5477665  2106  64777  64747  22264048146  2524  0  423349  423371  22  0  78534  1338  1544  778100  1137  78534  0  64777  151070  20555  3683  0  0  0  0  0  34.9731456616  
1439299066  0  431960  151070  44  22  5477665  2106  64777  64747  22264048146  2524  0  423349  423371  22  0  78534  1338  1544  778100  1137  78534  0  64777  151070  20555  3683  0  0  0  0  0  34.9731456616  
1439299076  0  431960  151070  44  22  5477665  2106  64777  64747  22264048146  2524  0  423349  423371  22  0  78534  1338  1544  778100  1137  78534  0  64777  151070  20555  3683  0  0  0  0  0  34.9731456616  
1439299086  0  431960  151070  44  22  5477665  2106  64777  64747  22264048146  2524  0  423349  423371  22  0  78534  1338  1544  778100  1137  78534  0  64777  151070  20555  3683  0  0  0  0  0  34.9731456616  
1439299096  0  431960  151070  44  22  5477665  2106  64777  64747  22264048146  2524  0  423349  423371  22  0  78534  1338  1544  778100  1137  78534  0  64777  151070  20555  3683  0  0  0  0  0  34.9731456616  
1439299106  0  431960  151070  44  22  5477665  2106  64777  64747  22264048146  2524  0  423349  423371  22  0  78534  1338  1544  778100  1137  78534  0  64777  151070  20555  3683  0  0  0  0  0  34.9731456616  
1439299116  0  431960  151070  44  22  5477665  2106  64777  64747  22264048146  2524  0  423349  423371  22  0  78534  1338  1544  778100  1137  78534  0  64777  151070  20555  3683  0  0  0  0  0  34.9731456616  
1439299126  0  431960  151070  44  22  5477665  2106  64777  64747  22264048146  2524  0  423349  423371  22  0  78534  1338  1544  778100  1137  78534  0  64777  151070  20555  3683  0  0  0  0  0  34.9731456616  
1439299136  0  431960  151070  44  22  5477665  2106  64777  64747  22264048146  2524  0  423349  423371  22  0  78534  1338  1544  778100  1137  78534  0  64777  151070  20555  3683  0  0  0  0  0  34.9731456616  
1439299147  0  431960  151070  44  22  5477665  2106  64777  64747  22264048146  2524  0  423349  423371  22  0  78534  1338  1544  778100  1137  78534  0  64777  151070  20555  3683  0  0  0  0  0  34.9731456616  
