#Type:X;CI:1;ww:0;ca:0;co:0;fr:0;Type:X;CI:1;PI:0;PT:EP;U0:0;U1:0;
#time  Pp  gt  gs  cn  cm  cb  Nc  Pc  cp  Tc  Nm  pr  ps  pt  px  pd  Pm  Om  fs  ft  Oc  Em  Gp  Ec  Ge  ot  os  Total_cycles_diff  Successful_get_diff  Total_get_diff  succ_put_diff  total_put_diff  get_hit  
1439011304  0  0  0  0  0  0  0  0  0  2247461  0  0  0  0  0  0  0  0  0  21  0  0  0  0  0  46  0  2247461  0  0  0  0  
1439011314  0  0  0  0  0  0  0  0  0  2249532  0  0  0  0  0  0  0  0  0  21  0  0  0  0  0  46  0  2071  0  0  0  0  0 
1439011324  0  185  184  0  0  0  180  2711  0  18252407  232  0  3418  3418  0  0  3418  350  0  72  185  3418  0  2711  184  770  131  16002875  184  185  3418  3418  99.4594594595  
1439011334  0  185  184  0  0  0  180  2711  0  18439047  232  0  3418  3418  0  0  3418  350  0  72  185  3418  0  2711  184  809  131  186640  0  0  0  0  99.4594594595  
1439011344  0  186  185  0  0  0  180  2710  0  19193203  232  0  3418  3418  0  0  3418  350  0  72  184  3418  0  2710  185  981  131  754156  1  1  0  0  99.4623655914  
1439011355  0  186  185  0  0  0  180  2710  0  20424238  232  0  3418  3418  0  0  3418  350  0  72  184  3418  0  2710  185  1298  131  1231035  0  0  0  0  99.4623655914  
1439011365  0  186  185  0  0  0  180  2710  0  21549093  232  0  3418  3418  0  0  3418  350  0  72  184  3418  0  2710  185  1723  131  1124855  0  0  0  0  99.4623655914  
1439011375  0  186  185  0  0  0  180  2710  0  22012380  232  0  3418  3418  0  0  3418  350  0  72  184  3418  0  2710  185  1850  131  463287  0  0  0  0  99.4623655914  
1439011385  0  186  185  0  0  0  60  1023  0  22640871  232  0  3418  3418  0  0  3418  350  0  72  56  3418  0  1023  185  2007  131  628491  0  0  0  0  99.4623655914  
1439011395  0  186  185  0  0  0  0  0  0  23614717  232  0  3418  3418  0  0  3418  350  0  72  0  3418  0  0  185  2287  131  973846  0  0  0  0  99.4623655914  
1439011405  0  186  185  0  0  0  0  0  0  23681473  232  0  3418  3418  0  0  3418  350  0  72  0  3418  0  0  185  2304  131  66756  0  0  0  0  99.4623655914  
1439011415  0  186  185  0  0  0  0  0  0  23954576  232  0  3418  3418  0  0  3418  350  0  72  0  3418  0  0  185  2392  131  273103  0  0  0  0  99.4623655914  
1439011425  0  186  185  0  0  0  0  0  0  24325991  232  0  3418  3418  0  0  3418  350  0  72  0  3418  0  0  185  2516  131  371415  0  0  0  0  99.4623655914  
1439011435  0  186  185  0  0  0  0  0  0  25124328  232  0  3418  3418  0  0  3418  350  0  72  0  3418  0  0  185  2770  131  798337  0  0  0  0  99.4623655914  
1439011445  0  186  185  0  0  0  0  0  0  25286152  232  0  3418  3418  0  0  3418  350  0  72  0  3418  0  0  185  2820  131  161824  0  0  0  0  99.4623655914  
1439011455  0  186  185  0  0  0  0  0  0  25759549  232  0  3418  3418  0  0  3418  350  0  72  0  3418  0  0  185  2959  131  473397  0  0  0  0  99.4623655914  
1439011465  0  186  185  0  0  0  0  0  0  26175892  232  0  3418  3418  0  0  3418  350  0  72  0  3418  0  0  185  3100  131  416343  0  0  0  0  99.4623655914  
1439011475  0  186  185  0  0  0  0  0  0  26620651  232  0  3418  3418  0  0  3418  350  0  72  0  3418  0  0  185  3230  131  444759  0  0  0  0  99.4623655914  
1439011485  0  186  185  0  0  0  0  0  0  27124270  232  0  3418  3418  0  0  3418  350  0  72  0  3418  0  0  185  3386  131  503619  0  0  0  0  99.4623655914  
1439011495  0  186  185  0  0  0  0  0  0  27216520  232  0  3418  3418  0  0  3418  350  0  72  0  3418  0  0  185  3416  131  92250  0  0  0  0  99.4623655914  
1439011505  0  186  185  0  0  0  0  0  0  27909289  232  0  3418  3418  0  0  3418  350  0  72  0  3418  0  0  185  3631  131  692769  0  0  0  0  99.4623655914  
1439011515  0  186  185  0  0  0  0  0  0  28200403  232  0  3418  3418  0  0  3418  350  0  72  0  3418  0  0  185  3718  131  291114  0  0  0  0  99.4623655914  
1439011525  0  186  185  0  0  0  0  0  0  28874272  232  0  3418  3418  0  0  3418  350  0  72  0  3418  0  0  185  3934  131  673869  0  0  0  0  99.4623655914  
1439011535  0  186  185  0  0  0  0  0  0  28948671  232  0  3418  3418  0  0  3418  350  0  72  0  3418  0  0  185  3953  131  74399  0  0  0  0  99.4623655914  
1439011545  0  186  185  0  0  0  0  0  0  29410658  232  0  3418  3418  0  0  3418  350  0  72  0  3418  0  0  185  4099  131  461987  0  0  0  0  99.4623655914  
1439011555  0  186  185  0  0  0  0  0  0  29978600  232  0  3418  3418  0  0  3418  350  0  72  0  3418  0  0  185  4280  131  567942  0  0  0  0  99.4623655914  
1439011565  0  186  185  0  0  0  0  0  0  30611875  232  0  3418  3418  0  0  3418  350  0  72  0  3418  0  0  185  4488  131  633275  0  0  0  0  99.4623655914  
1439011575  0  186  185  0  0  0  0  0  0  30721489  232  0  3418  3418  0  0  3418  350  0  72  0  3418  0  0  185  4516  131  109614  0  0  0  0  99.4623655914  
1439011585  0  186  185  0  0  0  0  0  0  31327176  232  0  3418  3418  0  0  3418  350  0  72  0  3418  0  0  185  4704  131  605687  0  0  0  0  99.4623655914  
1439011595  0  186  185  0  0  0  0  0  0  32277772  232  0  3418  3418  0  0  3418  350  0  72  0  3418  0  0  185  5011  131  950596  0  0  0  0  99.4623655914  
1439011605  0  186  185  0  0  0  0  0  0  32844349  232  0  3418  3418  0  0  3418  350  0  72  0  3418  0  0  185  5197  131  566577  0  0  0  0  99.4623655914  
1439011615  0  186  185  0  0  0  0  0  0  33385256  232  0  3418  3418  0  0  3418  350  0  72  0  3418  0  0  185  5376  131  540907  0  0  0  0  99.4623655914  
1439011625  0  186  185  0  0  0  0  0  0  33507576  232  0  3418  3418  0  0  3418  350  0  72  0  3418  0  0  185  5414  131  122320  0  0  0  0  99.4623655914  
1439011635  0  186  185  0  0  0  0  0  0  34120412  232  0  3418  3418  0  0  3418  350  0  72  0  3418  0  0  185  5618  131  612836  0  0  0  0  99.4623655914  
1439011645  0  186  185  0  0  0  0  0  0  34540460  232  0  3418  3418  0  0  3418  350  0  72  0  3418  0  0  185  5744  131  420048  0  0  0  0  99.4623655914  
1439011655  0  186  185  0  0  0  0  0  0  34947797  232  0  3418  3418  0  0  3418  350  0  72  0  3418  0  0  185  5868  131  407337  0  0  0  0  99.4623655914  
1439011665  0  186  185  0  0  0  0  0  0  35003456  232  0  3418  3418  0  0  3418  350  0  72  0  3418  0  0  185  5886  131  55659  0  0  0  0  99.4623655914  
1439011675  0  186  185  0  0  0  0  0  0  35730835  232  0  3418  3418  0  0  3418  350  0  72  0  3418  0  0  185  6113  131  727379  0  0  0  0  99.4623655914  
1439011685  0  186  185  0  0  0  0  0  0  36588196  232  0  3418  3418  0  0  3418  350  0  72  0  3418  0  0  185  6396  131  857361  0  0  0  0  99.4623655914  
1439011695  0  186  185  0  0  0  0  0  0  37678531  232  0  3418  3418  0  0  3418  350  0  72  0  3418  0  0  185  6761  131  1090335  0  0  0  0  99.4623655914  
1439011705  0  186  185  0  0  0  0  0  0  37780110  232  0  3418  3418  0  0  3418  350  0  72  0  3418  0  0  185  6789  131  101579  0  0  0  0  99.4623655914  
1439011715  0  186  185  0  0  0  0  0  0  38094831  232  0  3418  3418  0  0  3418  350  0  72  0  3418  0  0  185  6880  131  314721  0  0  0  0  99.4623655914  
1439011725  0  186  185  0  0  0  0  0  0  38610941  232  0  3418  3418  0  0  3418  350  0  72  0  3418  0  0  185  7024  131  516110  0  0  0  0  99.4623655914  
1439011735  0  186  185  0  0  0  0  0  0  39266300  232  0  3418  3418  0  0  3418  350  0  72  0  3418  0  0  185  7223  131  655359  0  0  0  0  99.4623655914  
1439011745  0  186  185  0  0  0  0  0  0  39805683  232  0  3418  3418  0  0  3418  350  0  72  0  3418  0  0  185  7389  131  539383  0  0  0  0  99.4623655914  
1439011755  0  186  185  0  0  0  0  0  0  40289809  232  0  3418  3418  0  0  3418  350  0  72  0  3418  0  0  185  7556  131  484126  0  0  0  0  99.4623655914  
1439011765  0  186  185  0  0  0  0  0  0  41001030  232  0  3418  3418  0  0  3418  350  0  72  0  3418  0  0  185  7789  131  711221  0  0  0  0  99.4623655914  
1439011775  0  186  185  0  0  0  0  0  0  41171158  232  0  3418  3418  0  0  3418  350  0  72  0  3418  0  0  185  7844  131  170128  0  0  0  0  99.4623655914  
1439011785  0  186  185  0  0  0  0  0  0  41642931  232  0  3418  3418  0  0  3418  350  0  72  0  3418  0  0  185  7996  131  471773  0  0  0  0  99.4623655914  
1439011795  0  186  185  0  0  0  0  0  0  41759653  232  0  3418  3418  0  0  3418  350  0  72  0  3418  0  0  185  8027  131  116722  0  0  0  0  99.4623655914  
1439011805  0  186  185  0  0  0  0  0  0  42452706  232  0  3418  3418  0  0  3418  350  0  72  0  3418  0  0  185  8256  131  693053  0  0  0  0  99.4623655914  
1439011815  0  186  185  0  0  0  0  0  0  43128839  232  0  3418  3418  0  0  3418  350  0  72  0  3418  0  0  185  8465  131  676133  0  0  0  0  99.4623655914  
1439011825  0  186  185  0  0  0  0  0  0  43860188  232  0  3418  3418  0  0  3418  350  0  72  0  3418  0  0  185  8710  131  731349  0  0  0  0  99.4623655914  
1439011835  0  186  185  0  0  0  0  0  0  43982818  232  0  3418  3418  0  0  3418  350  0  72  0  3418  0  0  185  8745  131  122630  0  0  0  0  99.4623655914  
1439011845  0  186  185  0  0  0  0  0  0  44466784  232  0  3418  3418  0  0  3418  350  0  72  0  3418  0  0  185  8907  131  483966  0  0  0  0  99.4623655914  
1439011855  0  186  185  0  0  0  0  0  0  45064252  232  0  3418  3418  0  0  3418  350  0  72  0  3418  0  0  185  9103  131  597468  0  0  0  0  99.4623655914  
1439011865  0  186  185  0  0  0  0  0  0  46148794  232  0  3418  3418  0  0  3418  350  0  72  0  3418  0  0  185  9445  131  1084542  0  0  0  0  99.4623655914  
1439011875  0  186  185  0  0  0  0  0  0  46212019  232  0  3418  3418  0  0  3418  350  0  72  0  3418  0  0  185  9464  131  63225  0  0  0  0  99.4623655914  
1439011885  0  186  185  0  0  0  0  0  0  46446143  232  0  3418  3418  0  0  3418  350  0  72  0  3418  0  0  185  9537  131  234124  0  0  0  0  99.4623655914  
1439011895  0  186  185  0  0  0  0  0  0  46975866  232  0  3418  3418  0  0  3418  350  0  72  0  3418  0  0  185  9682  131  529723  0  0  0  0  99.4623655914  
1439011906  0  186  185  0  0  0  0  0  0  47171592  232  0  3418  3418  0  0  3418  350  0  72  0  3418  0  0  185  9682  131  195726  0  0  0  0  99.4623655914  
1439011916  0  186  185  0  0  0  38  405  0  56441440  232  0  3823  3823  0  0  3418  350  0  8116  29  3418  0  405  185  9782  131  9269848  0  0  405  405  99.4623655914  
1439011926  0  186  185  0  0  0  38  407  0  85040788  232  0  3825  3825  0  0  3418  350  0  37690  31  3418  0  407  185  9875  131  28599348  0  0  2  2  99.4623655914  
1439011936  0  200  185  0  0  0  90  1203  0  141903135  232  0  4641  4641  0  0  3418  350  0  85336  61  3418  0  1203  185  11293  138  56862347  0  14  816  816  92.5  
1439011946  0  228  185  0  0  0  88  1187  0  147759506  232  0  4641  4641  0  0  3418  350  0  91335  50  3418  0  1187  185  11741  149  5856371  0  28  0  0  81.1403508772  
1439011956  0  257  185  0  0  0  88  1187  0  159983515  232  0  4641  4641  0  0  3418  350  0  105226  50  3418  0  1187  185  11971  149  12224009  0  29  0  0  71.9844357977  
1439011966  0  257  185  0  0  0  9  66  0  174377571  232  0  4641  4641  0  0  3418  350  0  124003  4  3418  0  66  185  12567  153  14394056  0  0  0  0  71.9844357977  
1439011976  0  257  185  0  0  0  0  0  0  181125397  232  0  4641  4641  0  0  3418  350  0  131041  0  3418  0  0  185  12966  153  6747826  0  0  0  0  71.9844357977  
1439011986  0  257  185  0  0  0  0  0  0  189026432  232  0  4641  4641  0  0  3418  350  0  138834  0  3418  0  0  185  13216  153  7901035  0  0  0  0  71.9844357977  
1439011996  0  268  185  0  0  0  1  5  0  205609698  232  0  4646  4646  0  0  3418  350  0  156132  1  3418  0  5  185  13760  153  16583266  0  11  5  5  69.0298507463  
1439012006  0  456  185  0  0  0  1  5  0  213864655  232  0  4646  4646  0  0  3418  350  0  164809  1  3418  0  5  185  14134  153  8254957  0  188  0  0  40.5701754386  
1439012016  0  641  185  0  0  0  12  67  0  221824111  232  0  4708  4708  0  0  3418  350  0  189814  2  3418  0  67  185  15690  153  7959456  0  185  62  62  28.8611544462  
1439012026  0  12236  234  0  0  0  32  315  0  250556176  232  0  5010  5010  0  0  3418  350  0  201066  27  3418  0  315  234  16088  153  28732065  49  11595  302  302  1.91238966983  
1439012036  0  37840  246  0  0  0  92  1089  0  312314444  232  0  5796  5796  0  0  3418  350  0  226056  85  3418  0  1089  246  17761  153  61758268  12  25604  786  786  0.650105708245  
1439012046  0  60783  246  0  0  0  789  15078  0  477325855  789  0  19849  19849  0  0  15078  714  0  235250  714  15078  0  15078  246  18109  153  165011411  0  22943  14053  14053  0.404718424559  
1439012056  0  89385  246  0  0  0  1865  39837  0  787791894  1865  0  48716  48716  0  0  39837  1720  0  235495  1720  39837  0  39837  246  19096  153  310466039  0  28602  28867  28867  0.275213962074  
1439012066  0  101462  248  0  0  0  1531  32902  0  919049848  1929  0  60850  60850  0  0  41105  1778  0  235564  1397  41105  0  32902  248  19286  153  131257954  2  12077  12134  12134  0.244426484792  
1439012076  0  124086  314  0  0  0  1662  33584  0  1169448121  1929  0  83575  83575  0  0  41105  1778  0  235665  1526  41105  0  33584  314  19704  153  250398273  66  22624  22725  22725  0.253050303822  
1439012086  0  133457  314  0  0  0  1270  25809  0  1271447565  1929  0  92861  92861  0  0  41105  1778  0  235692  1169  41105  0  25809  314  19851  153  101999444  0  9371  9286  9286  0.235281776153  
1439012096  0  152374  379  0  0  0  952  20798  0  1475088301  1929  0  111926  111926  0  0  41105  1778  0  235843  890  41105  0  20798  379  20548  153  203640736  65  18917  19065  19065  0.248730098311  
1439012106  0  160663  410  0  0  0  703  14991  0  1566414320  1929  0  120208  120208  0  0  41105  1778  0  235893  636  41105  0  14991  410  20816  153  91326019  31  8289  8282  8282  0.255192545888  
1439012116  0  177042  431  0  0  0  984  20409  0  1735854865  1929  0  136615  136615  0  0  41105  1778  0  235972  900  41105  0  20409  431  21547  153  169440545  21  16379  16407  16407  0.243445058235  
1439012126  0  187823  456  0  0  0  1273  26546  0  1856922463  1929  0  147681  147681  0  0  41105  1778  0  236034  1171  41105  0  26546  456  21785  153  121067598  25  10781  11066  11066  0.242781767941  
1439012136  0  196948  456  0  0  0  850  18182  0  1953049036  1929  0  156711  156711  0  0  41105  1778  0  236081  778  41105  0  18182  456  22161  153  96126573  0  9125  9030  9030  0.23153319658  
1439012146  0  211379  474  0  0  0  951  20205  0  2107399719  1929  0  171276  171276  0  0  41105  1778  0  236160  878  41105  0  20205  474  22781  153  154350683  18  14431  14565  14565  0.224241764792  
1439012156  0  232332  500  0  0  0  1561  33718  0  2336742757  1929  0  192254  192254  0  0  41105  1778  0  236320  1434  41105  0  33718  500  23278  153  229343038  26  20953  20978  20978  0.215209269494  
1439012166  0  255933  509  0  0  0  2114  45749  0  2604984480  2200  0  215905  215905  0  0  47600  2022  0  236455  1941  47600  0  45749  509  24213  153  268241723  9  23601  23651  23651  0.198880175671  
1439012176  0  280703  509  0  0  0  2080  43363  0  2879182544  2526  0  240819  240819  0  0  53940  2335  0  236565  1930  53940  0  43363  509  25455  153  274198064  0  24770  24914  24914  0.181330445346  
1439012186  0  304748  521  0  0  0  1942  39603  0  3142513017  2526  0  265143  265143  0  0  53940  2335  0  236580  1793  53940  0  39603  521  26447  153  263330473  12  24045  24324  24324  0.170960925092  
1439012196  0  317154  565  0  0  0  1637  33992  0  3271455073  2526  0  277219  277219  0  0  53940  2335  0  236863  1497  53940  0  33992  565  27049  153  128942056  44  12406  12076  12076  0.178146893938  
1439012206  0  339184  565  0  0  0  1664  34099  0  3511509583  2526  0  299441  299441  0  0  53940  2335  0  236949  1529  53940  0  34099  565  27667  153  240054510  0  22030  22222  22222  0.166576253597  
1439012216  0  352441  567  0  0  0  1181  23895  0  3658165633  2526  0  312759  312759  0  0  53940  2335  0  237039  1091  53940  0  23895  567  28361  153  146656050  2  13257  13318  13318  0.160877990926  
1439012226  0  374566  587  0  0  0  1181  25590  0  3894081363  2526  0  334873  334873  0  0  53940  2335  0  237180  1107  53940  0  25590  587  29375  153  235915730  20  22125  22114  22114  0.156714704485  
1439012236  0  388041  654  0  0  0  1146  25348  0  4045494080  2526  0  348231  348231  0  0  53940  2335  0  237233  1075  53940  0  25348  654  29691  153  151412717  67  13475  13358  13358  0.168538891509  
1439012246  0  400527  667  0  0  0  1229  25501  0  4180931436  2526  0  360761  360761  0  0  53940  2335  0  237285  1121  53940  0  25501  667  30431  153  135437356  13  12486  12530  12530  0.16653059594  
1439012256  0  409787  686  0  0  0  1017  20993  0  4280875053  2526  0  370198  370198  0  0  53940  2335  0  237334  937  53940  0  20993  686  30740  153  99943617  19  9260  9437  9437  0.167404041612  
1439012266  0  440010  785  0  0  0  1860  39503  0  4613376311  2526  0  400379  400379  0  0  53940  2335  0  237550  1707  53940  0  39503  785  32032  153  332501258  99  30223  30181  30181  0.178405036249  
1439012276  0  465857  785  0  0  0  2766  60491  0  4897429592  2766  0  426169  426169  0  0  60491  2515  0  237728  2515  60491  0  60491  785  33054  153  284053281  0  25847  25790  25790  0.168506644743  
1439012286  0  502376  822  0  0  0  4013  88594  0  5309411084  4023  0  462970  462970  0  0  88594  3697  0  237804  3690  88594  0  88594  822  34731  165  411981492  37  36519  36801  36801  0.163622466041  
1439012296  0  538625  849  0  0  0  4053  88598  0  5715425587  4092  0  499180  499180  0  0  88598  3779  0  238195  3743  88598  0  88598  849  36042  240  406014503  27  36249  36210  36210  0.157623578557  
1439012306  0  569862  866  0  0  0  4073  88598  0  6067690216  4092  0  530564  530564  0  0  88598  3779  0  238333  3744  88598  0  88598  866  37353  245  352264629  17  31237  31384  31384  0.151966616479  
1439012316  0  606891  883  0  0  0  4055  88598  0  6478880396  4101  0  567877  567877  0  0  88598  3779  0  238409  3716  88598  0  88598  883  39044  380  411190180  17  37029  37313  37313  0.145495649136  
1439012326  0  633694  886  0  0  0  4038  88598  0  6780825500  4101  0  594633  594633  0  0  88598  3779  0  238420  3708  88598  0  88598  886  40092  437  301945104  3  26803  26756  26756  0.139815115813  
1439012336  0  668619  911  0  0  0  3994  88599  0  7160909588  4101  0  629510  629510  0  0  88599  3779  0  238901  3656  88599  0  88599  911  41387  437  380084088  25  34925  34877  34877  0.136250988979  
1439012346  0  695262  917  0  0  0  3955  88601  0  7461532111  4101  0  656301  656301  0  0  88601  3779  0  239041  3609  88601  0  88601  917  42495  529  300622523  6  26643  26791  26791  0.131892725332  
1439012356  0  728593  920  0  0  0  3967  88604  0  7839352412  4101  0  689990  689990  0  0  88604  3779  0  239124  3658  88604  0  88604  920  44126  563  377820301  3  33331  33689  33689  0.126270771199  
1439012366  0  765339  920  0  0  0  4047  88609  0  8250353452  4101  0  726547  726547  0  0  88609  3779  0  239484  3739  88609  0  88609  920  45689  575  411001040  0  36746  36557  36557  0.12020816919  
1439012376  0  797509  954  0  0  0  4068  88610  0  8610093882  4101  0  758838  758838  0  0  88610  3779  0  239670  3745  88610  0  88610  954  46791  680  359740430  34  32170  32291  32291  0.11962247448  
1439012386  0  834453  982  0  0  0  4004  88614  0  9034267317  4101  0  796034  796034  0  0  88614  3779  0  239755  3671  88614  0  88614  982  48491  764  424173435  28  36944  37196  37196  0.117681882623  
1439012396  0  868404  1040  0  0  0  4008  88615  0  9424655028  4101  0  830277  830277  0  0  88615  3779  0  239766  3674  88615  0  88615  1040  49764  764  390387711  58  33951  34243  34243  0.119759927407  
1439012406  0  897648  1088  0  0  0  3974  88618  0  9748573902  4101  0  859031  859031  0  0  88618  3779  0  240300  3626  88618  0  88618  1088  51179  869  323918874  48  29244  28754  28754  0.121205639627  
1439012416  0  924357  1095  0  0  0  3970  88621  0  10049049928  4101  0  885877  885877  0  0  88621  3779  0  240424  3622  88621  0  88621  1095  52199  886  300476026  7  26709  26846  26846  0.11846072459  
1439012426  0  959216  1105  0  0  0  4012  88621  0  10434717163  4101  0  921084  921084  0  0  88621  3779  0  240496  3689  88621  0  88621  1105  53444  934  385667235  10  34859  35207  35207  0.115198245234  
1439012436  0  993098  1124  0  0  0  4033  88619  0  10814511116  4101  0  954620  954620  0  0  88621  3779  0  240909  3716  88621  0  88619  1124  55144  964  379793953  19  33882  33536  33536  0.11318117648  
1439012446  0  1028029  1286  0  0  0  4049  88619  0  11210636438  4101  0  989763  989763  0  0  88621  3779  0  241081  3719  88621  0  88619  1286  56516  964  396125322  162  34931  35143  35143  0.125093747355  
1439012456  0  1061592  1320  0  0  0  4044  88618  0  11588244650  4101  0  1023283  1023283  0  0  88621  3779  0  241134  3716  88621  0  88618  1320  57811  964  377608212  34  33563  33520  33520  0.124341554948  
1439012466  0  1090678  1372  0  0  0  4087  88616  0  11915848717  4101  0  1052770  1052770  0  0  88621  3779  0  241166  3752  88621  0  88616  1372  59180  1050  327604067  52  29086  29487  29487  0.125793313884  
1439012476  0  1121721  1440  0  0  0  4002  88615  0  12268152731  4101  0  1083636  1083636  0  0  88621  3779  0  241591  3664  88621  0  88615  1440  60607  1064  352304014  68  31043  30866  30866  0.128374167908  
1439012486  0  1148977  1492  0  0  0  3997  88615  0  12573034809  4101  0  1110877  1110877  0  0  88621  3779  0  241729  3646  88621  0  88615  1492  61605  1064  304882078  52  27256  27241  27241  0.12985464461  
1439012496  0  1185821  1530  0  0  0  4011  88616  0  12989072620  4101  0  1148069  1148069  0  0  88621  3779  0  241794  3688  88621  0  88616  1530  63221  1135  416037811  38  36844  37192  37192  0.12902453237  
1439012506  0  1220286  1535  0  0  0  4051  88616  0  13381097783  4101  0  1182664  1182664  0  0  88621  3779  0  242206  3714  88621  0  88616  1535  64598  1173  392025163  5  34465  34595  34595  0.125790183613  
1439012516  0  1253015  1605  0  0  0  4062  88616  0  13751773443  4101  0  1215244  1215244  0  0  88621  3779  0  242403  3732  88621  0  88616  1605  65886  1173  370675660  70  32729  32580  32580  0.128091044401  
1439012526  0  1287230  1638  0  0  0  4077  88608  0  14135246301  4132  0  1249681  1249681  0  0  88621  3808  0  242471  3751  88621  0  88608  1638  67205  1173  383472858  33  34215  34437  34437  0.127249986405  
1439012536  0  1318585  1748  0  0  0  4030  88608  0  14489336312  4132  0  1281085  1281085  0  0  88621  3808  0  242504  3708  88621  0  88608  1748  68975  1228  354090011  110  31355  31404  31404  0.132566349534  
1439012547  0  1351117  1863  0  0  0  4006  88608  0  14847976831  4132  0  1313439  1313439  0  0  88621  3808  0  243006  3668  88621  0  88608  1863  70332  1297  358640519  115  32532  32354  32354  0.137885912175  
1439012557  0  1377098  1920  0  0  0  3965  88608  0  15137553931  4132  0  1339437  1339437  0  0  88621  3808  0  243144  3628  88621  0  88608  1920  71396  1316  289577100  57  25981  25998  25998  0.139423628529  
1439012567  0  1408882  1920  0  0  0  3991  88609  0  15498626936  4132  0  1371533  1371533  0  0  88621  3808  0  243173  3671  88621  0  88609  1920  72787  1494  361073005  0  31784  32096  32096  0.136278268869  
1439012577  0  1446185  1946  0  0  0  4043  88609  0  15917075019  4132  0  1408763  1408763  0  0  88621  3808  0  243567  3726  88621  0  88609  1946  74076  1543  418448083  26  37303  37230  37230  0.134560931001  
1439012587  0  1479325  1978  0  0  0  4067  88610  0  16288809399  4132  0  1442124  1442124  0  0  88621  3808  0  243727  3748  88621  0  88610  1978  75343  1556  371734380  32  33140  33361  33361  0.133709631082  
1439012597  0  1513910  2060  0  0  0  4024  88610  0  16676943231  4132  0  1476982  1476982  0  0  88621  3808  0  243794  3702  88621  0  88610  2060  77111  1683  388133832  82  34585  34858  34858  0.136071496985  
1439012607  0  1547161  2199  0  0  0  4021  88610  0  17056635984  4132  0  1510297  1510297  0  0  88621  3808  0  243825  3692  88621  0  88610  2199  78357  1683  379692753  139  33251  33315  33315  0.14213129726  
1439012617  0  1576431  2208  0  0  0  3984  88611  0  17377134185  4132  0  1539432  1539432  0  0  88621  3808  0  244333  3637  88621  0  88611  2208  79384  1683  320498201  9  29270  29135  29135  0.140063218752  
1439012627  0  1602660  2214  0  0  0  3972  88611  0  17674456815  4132  0  1565729  1565729  0  0  88621  3808  0  244465  3616  88621  0  88611  2214  80500  1683  297322630  6  26229  26297  26297  0.138145333383  
1439012637  0  1635377  2266  0  0  0  3977  88612  0  18049876790  4132  0  1598608  1598608  0  0  88621  3808  0  244533  3655  88621  0  88612  2266  81709  1683  375419975  52  32717  32879  32879  0.138561322557  
1439012647  0  1671751  2291  0  0  0  4017  88612  0  18468598046  4132  0  1634950  1634950  0  0  88621  3808  0  244954  3701  88621  0  88612  2291  83352  1683  418721256  25  36374  36342  36342  0.137041939858  
1439012657  0  1707556  2311  0  0  0  4044  88612  0  18871924279  4132  0  1670962  1670962  0  0  88621  3808  0  245161  3716  88621  0  88612  2311  85079  1683  403326233  20  35805  36012  36012  0.135339631614  
1439012667  0  1739777  2387  0  0  0  4068  88606  0  19240584413  4142  0  1703205  1703205  0  0  88621  3810  0  245201  3729  88621  0  88606  2387  86484  1683  368660134  76  32221  32243  32243  0.137201491915  
1439012677  0  1765556  2447  0  0  0  4075  88606  0  19536988810  4142  0  1729290  1729290  0  0  88621  3810  0  245212  3731  88621  0  88606  2447  87415  1683  296404397  60  25779  26085  26085  0.138596566747  
1439012687  0  1798127  2548  0  0  0  3976  88606  0  19905212985  4142  0  1761454  1761454  0  0  88621  3810  0  245718  3640  88621  0  88606  2548  88891  1727  368224175  101  32571  32164  32164  0.141703005405  
1439012697  0  1824741  2565  0  0  0  3968  88606  0  20197680650  4142  0  1788195  1788195  0  0  88621  3810  0  245843  3629  88621  0  88606  2565  89859  1727  292467665  17  26614  26741  26741  0.140567894293  
1439012707  0  1860322  2582  0  0  0  4014  88607  0  20605556678  4142  0  1824172  1824172  0  0  88621  3810  0  245850  3695  88621  0  88607  2582  91481  1727  407876028  17  35581  35977  35977  0.138793176665  
1439012717  0  1897404  2614  0  0  0  4055  88607  0  21023805151  4142  0  1861073  1861073  0  0  88621  3810  0  246312  3728  88621  0  88607  2614  92923  1727  418248473  32  37082  36901  36901  0.137767180843  
1439012727  0  1927901  2690  0  0  0  4052  88607  0  21365235596  4142  0  1891684  1891684  0  0  88621  3810  0  246476  3713  88621  0  88607  2690  94179  1727  341430445  76  30497  30611  30611  0.139529986239  
1439012737  0  1962559  2779  0  0  0  4018  88607  0  21760925011  4142  0  1926447  1926447  0  0  88621  3810  0  246537  3684  88621  0  88607  2779  95494  1727  395689415  89  34658  34763  34763  0.141600838497  
1439012747  0  1987228  2779  0  0  0  4009  88608  0  22039385021  4142  0  1951429  1951429  0  0  88621  3810  0  246565  3684  88621  0  88608  2779  96924  1727  278460010  0  24669  24982  24982  0.139843037638  
1439012757  0  2024181  2826  0  0  0  3957  88609  0  22454928151  4142  0  1988145  1988145  0  0  88621  3810  0  247065  3621  88621  0  88609  2826  98273  1727  415543130  47  36953  36716  36716  0.139612020862  
1439012767  0  2050624  2830  0  0  0  3948  88610  0  22750892259  4142  0  2014439  2014439  0  0  88621  3810  0  247188  3598  88621  0  88610  2830  99655  1727  295964108  4  26443  26294  26294  0.138006772573  
1439012777  0  2084516  2879  0  0  0  4010  88611  0  23132748509  4142  0  2048765  2048765  0  0  88621  3810  0  247238  3689  88621  0  88611  2879  101015  1779  381856250  49  33892  34326  34326  0.138113595674  
1439012787  0  2120178  2890  0  0  0  3993  87570  0  23537853940  4142  0  2084351  2084351  0  0  88621  3810  0  247687  3685  88621  0  87570  2890  102672  1867  405105431  11  35662  35586  35586  0.136309309879  
1439012797  0  2151012  2908  0  0  0  4049  88613  0  23875727608  4142  0  2114965  2114965  0  0  88621  3810  0  247847  3722  88621  0  88613  2908  103716  1891  337873668  18  30834  30614  30614  0.135192179309  
1439012807  0  2185076  2922  0  0  0  3995  88616  0  24258512580  4142  0  2149341  2149341  0  0  88621  3810  0  247907  3671  88621  0  88616  2922  105374  1981  382784972  14  34064  34376  34376  0.133725325801  
1439012817  0  2217608  2944  0  0  0  4005  88620  0  24639630233  4142  0  2182307  2182307  0  0  88621  3810  0  247908  3667  88621  0  88620  2944  106706  2111  381117653  22  32532  32966  32966  0.13275565384  
1439012827  0  2249600  3002  0  0  0  3970  88620  0  24993482689  4142  0  2214162  2214162  0  0  88621  3810  0  248399  3626  88621  0  88620  3002  108088  2194  353852456  58  31992  31855  31855  0.133445945946  
1439012837  0  2275807  3007  0  0  0  3990  88621  0  25284170024  4142  0  2240201  2240201  0  0  88621  3810  0  248535  3629  88621  0  88621  3007  109088  2398  290687335  5  26207  26039  26039  0.132128954696  
1439012847  0  2310227  3012  0  0  0  3942  86970  0  25671238690  4142  0  2275073  2275073  0  0  88622  3810  0  248580  3631  88622  0  86970  3012  110729  2607  387068666  5  34420  34872  34872  0.13037679847  
1439012857  0  2345589  3020  0  0  0  4064  88609  0  26066204918  4142  0  2310116  2310116  0  0  88622  3810  0  249041  3747  88622  0  88609  3020  112062  2801  394966228  8  35362  35043  35043  0.128752309122  
1439012867  0  2377421  3021  0  0  0  4070  88607  0  26421096216  4142  0  2342123  2342123  0  0  88622  3810  0  249191  3739  88622  0  88607  3021  113392  3074  354891298  1  31832  32007  32007  0.127070468377  
1439012877  0  2410192  3077  0  0  0  4009  88607  0  26790713636  4142  0  2375102  2375102  0  0  88622  3810  0  249242  3705  88622  0  88607  3077  114711  3165  369617420  56  32771  32979  32979  0.127666177632  
1439012887  0  2438617  3143  0  0  0  4001  88609  0  27114666099  4142  0  2403824  2403824  0  0  88622  3810  0  249252  3688  88622  0  88609  3143  116065  3417  323952463  66  28425  28722  28722  0.128884527583  
1439012897  0  2471562  3145  0  0  0  3995  88609  0  27486571565  4142  0  2436359  2436359  0  0  88622  3810  0  249737  3664  88622  0  88609  3145  117401  3806  371905466  2  32945  32535  32535  0.127247465368  
1439012907  0  2497893  3175  0  0  0  3992  88610  0  27781886135  4142  0  2462742  2462742  0  0  88622  3810  0  249834  3638  88622  0  88610  3175  118410  3898  295314570  30  26331  26383  26383  0.127107125886  
1439012917  0  2533751  3201  0  0  0  3971  88610  0  28187305471  4142  0  2499081  2499081  0  0  88622  3810  0  249841  3657  88622  0  88610  3201  120085  4237  405419336  26  35858  36339  36339  0.126334434599  
