#type:T;
#time  gt  cn  Pt  Px  gx  cx  gn  gm  Pn  Pm  Ft  cm  pt  Fx  px  ct  pn  Fm  Fn  pm  dn  On  Om  dm  dx  Ox  dt  Ot  Gt  Cn  Cm  Gx  Cx  Gn  Gm  Ct  
1439011304  6423875  0  0  0  8106  0  7363  154  0  2147483647  34467  2147483647  0  2155  0  0  0  233  42  2147483647  0  92  248  2147483647  0  4619  0  109831  0  0  2147483647  0  0  0  2147483647  0  
1439011314  6428519  0  0  0  8106  0  7365  154  0  2147483647  34467  2147483647  0  2155  0  0  0  233  42  2147483647  0  92  248  2147483647  0  4619  0  109831  0  0  2147483647  0  0  0  2147483647  0  
1439011324  6977403  0  23638369  32598  8106  0  7799  154  6827  2256  72608  2147483647  0  2155  0  0  0  217  168  2147483647  0  10451  248  2147483647  0  32494  0  17362418  4265624  7330  575  26986  6370  503  1567  13712023  
1439011334  6977403  0  26415872  32598  8106  0  7799  154  7236  2256  31497754  2147483647  0  10726  0  0  0  205  36539  2147483647  0  10665  248  2147483647  0  54420  0  18677907  4265624  7739  575  26986  9889  503  1567  14903703  
1439011344  7010387  0  32495661  32598  8106  0  7822  154  8048  2256  82569072  2147483647  0  37062  0  0  0  205  93906  2147483647  0  12864  208  2147483647  0  54420  0  21656084  4535400  8577  575  28830  10323  529  1567  17697258  
1439011355  7111156  0  32783091  33728  8106  0  7937  154  8073  2256  136251899  2147483647  0  37062  0  0  0  205  157328  2147483647  0  15321  208  2147483647  0  54420  0  25334877  5225925  8763  575  33567  10323  690  1567  18095335  
1439011365  36997560  0  55436722  111801  49166  0  35413  154  10576  2256  166919050  2147483647  0  97216  0  0  0  205  207448  2147483647  0  18552  205  2147483647  0  54420  0  28305586  5854109  11375  575  33567  105803  799  1567  26872884  
1439011375  115701345  0  428308826  111801  49166  0  103894  154  50708  2256  195820626  2147483647  0  97216  0  0  0  205  235405  2147483647  0  20746  205  2147483647  0  54420  0  31924188  6126784  51533  575  33567  105803  825  1567  170010674  
1439011385  189083226  0  952796375  111801  49166  0  161567  154  108787  2256  196423636  2147483647  0  97216  0  0  0  205  235917  2147483647  0  22284  205  2147483647  0  111166  0  49614760  6671194  109679  575  33567  105803  892  1567  375291515  
1439011395  248617894  0  1358028659  111801  49166  0  206663  154  154098  2256  197010965  2147483647  0  97216  0  0  0  205  236171  2147483647  0  24374  205  2147483647  0  192076  0  107702807  7092388  155032  575  33567  105803  934  1567  538571516  
1439011405  301148948  0  1701275228  111801  49166  0  245991  154  193660  2256  197157504  2147483647  0  97216  0  0  0  205  236234  2147483647  0  25760  205  2147483647  0  192076  0  142169780  7240164  194605  575  33567  105803  945  1567  675705353  
1439011415  387928159  0  2322412446  111801  49166  0  311820  154  259994  2256  197260289  2147483647  0  97216  0  0  0  205  236302  2147483647  0  28258  205  2147483647  0  192076  0  174068697  7298476  260942  575  33567  105803  948  1567  912905045  
1439011425  467000586  0  2915520986  111801  49166  0  373614  154  321632  2256  198357878  2147483647  0  97216  0  0  0  205  237132  2147483647  0  30724  205  2147483647  0  192076  0  182758308  7457861  322595  575  33567  105803  963  1567  1132264610  
1439011435  533924346  0  3421564341  111801  49166  0  425607  154  374077  2256  198661276  2147483647  0  97216  0  0  0  205  237278  2147483647  0  33056  205  2147483647  0  192076  0  188461666  8013578  375098  575  33567  105803  1021  1567  1318799828  
1439011445  584640659  0  3795013816  113398  49166  0  463646  154  412447  2256  198685193  2147483647  0  97216  0  0  0  205  237289  2147483647  0  34719  205  2147483647  0  192076  0  191683819  8101681  413474  575  33567  105803  1027  1567  1453892562  
1439011455  642826912  0  4223241977  113398  49166  0  506735  154  455389  2256  198982620  2147483647  0  97216  0  0  0  205  237772  2147483647  0  36497  205  2147483647  0  192076  0  196479944  8101681  456416  575  33567  105803  1027  1567  1609569060  
1439011465  728087580  0  4879277341  113398  49166  0  573562  154  522258  2256  199860700  2147483647  0  97216  0  0  0  205  238229  2147483647  0  39374  205  2147483647  0  192076  0  203021539  8133704  523287  575  33567  105803  1029  1567  1850460591  
1439011475  808452971  0  5491447744  113398  49166  0  635055  154  584312  2256  199860700  2147483647  0  97216  0  0  0  205  238229  2147483647  0  42201  205  2147483647  0  192076  0  209689799  8307628  585358  575  33567  105803  1046  1567  2074852774  
1439011485  862542493  0  5896821530  113398  49166  0  676615  154  626245  2256  199890489  2147483647  0  97216  0  0  0  205  238242  2147483647  0  44058  205  2147483647  0  192076  0  214204708  8544237  627313  575  33567  105803  1068  1567  2221837086  
1439011495  920129063  0  6312778164  113398  49166  0  719234  154  668336  2256  201023199  2147483647  0  97216  0  0  0  205  239111  2147483647  0  45809  205  2147483647  0  192076  0  218947826  8896612  669436  575  33567  105803  1100  1567  2372356065  
1439011505  1008790116  0  7000290161  113398  49166  0  787168  154  736580  2256  201518602  2147483647  0  97216  0  0  0  205  239348  2147483647  0  48987  205  2147483647  0  192076  0  226675058  8896612  737680  575  33567  105803  1100  1567  2623859816  
1439011515  1090476545  0  7624403609  113398  49166  0  849649  154  799754  2256  201518602  2147483647  0  97216  0  0  0  205  239348  2147483647  0  51785  205  2147483647  0  192076  0  232197415  8998325  800863  575  33567  105803  1109  1567  2852402751  
1439011525  1152877187  0  8090591108  113398  49166  0  896876  154  846412  2256  202437617  2147483647  0  97216  0  0  0  205  240186  2147483647  0  53703  205  2147483647  0  192076  0  236945859  9337380  847558  575  33567  105803  1146  1567  3021285299  
1439011535  1206562213  0  8484742065  113398  49166  0  936882  154  886802  2256  203031211  2147483647  0  97216  0  0  0  205  240431  2147483647  0  55423  205  2147483647  0  192076  0  240633108  9631214  887978  575  33567  105803  1176  1567  3163834733  
1439011545  1295067059  0  9169823527  113398  49166  0  1006013  154  956084  2256  203237629  2147483647  0  97216  0  0  0  205  240552  2147483647  0  58553  205  2147483647  0  192076  0  248765286  9631214  957260  575  33567  105803  1176  1567  3413837869  
1439011555  1368574573  0  9734125924  113398  49166  0  1062800  154  1013484  2256  203237629  2147483647  0  97216  0  0  0  205  240552  2147483647  0  61129  205  2147483647  0  192076  0  255086638  10082522  1014709  575  33567  105803  1225  1567  3619896502  
1439011565  1429033978  0  10191840924  113398  49166  0  1109105  154  1059173  2256  204448527  2147483647  0  97216  0  0  0  205  241474  2147483647  0  63363  205  2147483647  0  192076  0  260425033  10217726  1060411  575  33567  105803  1238  1567  3785984492  
1439011575  1482030304  0  10582993318  113398  49166  0  1148649  154  1099241  2256  204802050  2147483647  0  97216  0  0  0  205  241637  2147483647  0  65094  205  2147483647  0  192076  0  264476560  10376939  1100489  575  33567  105803  1248  1567  3926510073  
1439011585  1566052368  0  11213054233  113398  55878  0  1212344  154  1163141  2256  204936084  2147483647  0  97216  0  0  0  205  241724  2147483647  0  67963  205  2147483647  0  192076  0  270861902  10469146  1164409  575  33567  105803  1268  1567  4155767420  
1439011595  1636178713  0  11751826708  113398  55878  0  1266292  154  1216827  2256  205667356  2147483647  0  97216  0  0  0  205  242462  2147483647  0  70561  205  2147483647  0  192076  0  277955458  10592773  1218108  575  33567  105803  1281  1567  4351384826  
1439011605  1707369052  0  12294175529  113398  55878  0  1320520  154  1271142  2256  206336162  2147483647  0  97216  0  0  0  205  242747  2147483647  0  72872  205  2147483647  0  192076  0  283566697  11098092  1272474  575  33567  105803  1332  1567  4549236390  
1439011615  1758904691  0  12681042964  113398  55878  0  1359761  154  1310785  2256  206357490  2147483647  0  97216  0  0  0  205  242758  2147483647  0  74666  205  2147483647  0  192076  0  288081817  11239608  1312127  575  33567  105803  1342  1567  4688578512  
1439011625  1823248070  0  13158790025  113398  55878  0  1407750  154  1359239  2256  206365002  2147483647  0  97216  0  0  0  205  242764  2147483647  0  76695  205  2147483647  0  192076  0  293650992  11359872  1360589  575  33567  105803  1350  1567  4861832736  
1439011635  1908517977  0  13817452838  113398  55878  0  1474274  154  1425294  2256  207626942  2147483647  0  97216  0  0  0  205  243691  2147483647  0  79597  205  2147483647  0  192076  0  300986705  11359872  1426644  575  33567  105803  1350  1567  5101953485  
1439011645  1989300175  0  14430055451  113398  55878  0  1536834  154  1488188  2256  207904463  2147483647  0  97216  0  0  0  205  243838  2147483647  0  82394  205  2147483647  0  192076  0  307407458  11411494  1489548  575  33567  105803  1360  1567  5325138381  
1439011655  2050635837  0  14898357429  113398  55878  0  1583088  154  1534740  2256  207934610  2147483647  0  97216  0  0  0  205  243852  2147483647  0  84561  205  2147483647  0  192076  0  312677024  11461557  1536105  575  33567  105803  1365  1567  5493886215  
1439011665  2114722993  0  15367908635  113398  55878  0  1630564  154  1582196  2256  208860126  2147483647  0  97216  0  0  0  205  244612  2147483647  0  86605  205  2147483647  0  192076  0  318159062  11898377  1583600  575  33567  105803  1404  1567  5663517826  
1439011675  2194678261  0  15988191131  113398  55878  0  1692224  154  1644053  2256  209530594  2147483647  0  97216  0  0  0  205  244928  2147483647  0  89515  205  2147483647  0  192076  0  324720850  12004630  1645466  575  33567  105803  1413  1567  5889490293  
1439011685  2263436311  0  16512145389  113398  55878  0  1745683  154  1697779  2256  209530594  2147483647  0  97216  0  0  0  205  244928  2147483647  0  91799  205  2147483647  0  192076  0  330818127  12051487  1699202  575  33567  105803  1423  1567  6080851836  
1439011695  2323791284  0  16981636699  113398  55878  0  1792651  154  1744955  2256  209576132  2147483647  0  97216  0  0  0  205  244960  2147483647  0  94585  205  2147483647  0  192076  0  337124994  12051487  1746378  575  33567  105803  1423  1567  6250348598  
1439011705  2376286242  0  17359901018  113398  55878  0  1831526  154  1783396  2256  210830090  2147483647  0  97216  0  0  0  205  245871  2147483647  0  96280  205  2147483647  0  192076  0  341670237  12592144  1784875  575  33567  105803  1479  1567  6386203669  
1439011715  2456900982  0  17973346559  113398  55878  0  1893346  154  1845604  2256  211164383  2147483647  0  97216  0  0  0  205  246039  2147483647  0  98792  205  2147483647  0  192076  0  348196022  12671131  1847090  575  33567  105803  1486  1567  6609851563  
1439011725  2533943986  0  18574589516  113398  55878  0  1952457  154  1905194  2256  211205459  2147483647  0  97216  0  0  0  205  246070  2147483647  0  101643  205  2147483647  0  192076  0  355428464  12671131  1906680  575  33567  105803  1486  1567  6828314397  
1439011735  2603269215  0  19106019680  113398  55878  0  2005970  154  1958230  2256  212228978  2147483647  0  97216  0  0  0  205  246943  2147483647  0  104414  205  2147483647  0  192076  0  362213657  13329510  1959778  575  33567  105803  1548  1567  7022065309  
1439011745  2650363257  0  19454377300  113398  55878  0  2041304  154  1993734  2256  212663042  2147483647  0  97216  0  0  0  205  247107  2147483647  0  105933  205  2147483647  0  192076  0  370613562  13329510  1995282  575  33567  105803  1548  1567  7148288971  
1439011755  2714968002  0  19915060045  113398  55878  0  2089948  154  2042444  2256  212936803  2147483647  0  97216  0  0  0  205  247204  2147483647  0  108163  205  2147483647  0  192076  0  402693015  13347432  2043993  575  33567  105803  1549  1567  7323162048  
1439011765  2800350123  0  20552023609  113398  55878  0  2156286  154  2109200  2256  213058728  2147483647  0  97216  0  0  0  205  247283  2147483647  0  111487  205  2147483647  0  192076  0  445363501  13451017  2110758  575  33567  105803  1558  1567  7567028367  
1439011775  2877600187  0  21103841914  113398  55878  0  2215630  154  2168395  2256  214294713  2147483647  0  97216  0  0  0  205  248197  2147483647  0  113937  205  2147483647  0  192076  0  487831733  13825222  2169994  575  33567  105803  1599  1567  7780966217  
1439011785  2934301676  0  21517038002  113398  55878  0  2259608  154  2212566  2256  214488497  2147483647  0  97216  0  0  0  205  248288  2147483647  0  116115  205  2147483647  0  192076  0  517752907  13855431  2214167  575  33567  105803  1601  1567  7938020797  
1439011795  2998024914  0  21982508987  113398  55878  0  2307339  154  2260721  2256  214547288  2147483647  0  97216  0  0  0  205  248321  2147483647  0  118129  205  2147483647  0  192076  0  544538194  14028706  2262341  575  33567  105803  1620  1567  8112103844  
1439011805  3083636535  0  22615615271  113398  55878  0  2373648  154  2326719  2256  215539151  2147483647  0  97216  0  0  0  205  249145  2147483647  0  121002  205  2147483647  0  202290  0  592778312  14028706  2328339  575  33567  105803  1620  1567  8354666484  
1439011815  3163046864  0  23185503286  113398  55878  0  2433595  154  2386887  2256  216114094  2147483647  0  97216  0  0  0  205  249419  2147483647  0  123990  205  2147483647  0  202290  0  647577283  14282395  2388530  575  33567  105803  1643  1567  8574057388  
1439011825  3219079881  0  23609704871  113398  55878  0  2476673  154  2430400  2256  216124665  2147483647  0  97216  0  0  0  205  249421  2147483647  0  125794  205  2147483647  0  202290  0  671918036  14466752  2432060  575  33567  105803  1660  1567  8732842793  
1439011835  3270342964  0  23974440071  113398  55878  0  2514886  154  2468896  2256  216170513  2147483647  0  97216  0  0  0  205  249449  2147483647  0  127546  205  2147483647  0  202290  0  688177371  14666221  2470575  575  33567  105803  1679  1567  8864983266  
1439011845  3351036627  0  24554644664  113398  55878  0  2576662  154  2530309  2256  217507744  2147483647  0  97216  0  0  0  205  250387  2147483647  0  130403  205  2147483647  0  202290  0  722797228  14774351  2531996  575  33567  105803  1687  1567  9081237339  
1439011855  3431319202  0  25155111248  113398  55878  0  2640637  154  2594769  2256  217659910  2147483647  0  97216  0  0  0  205  250463  2147483647  0  133264  205  2147483647  0  202290  0  755964562  15135101  2596492  575  33567  105803  1723  1567  9304232935  
1439011865  3496956160  0  25646092441  113398  55878  0  2693116  154  2647750  2256  217723704  2147483647  0  97216  0  0  0  205  250505  2147483647  0  135626  205  2147483647  0  202290  0  787751685  15281357  2649487  575  33567  105803  1737  1567  9487668241  
1439011875  3548480430  0  26001565900  113398  55878  0  2731705  154  2685827  2256  218592646  2147483647  0  97216  0  0  0  205  251336  2147483647  0  137354  205  2147483647  0  202290  0  811086550  15630661  2687601  575  33567  105803  1774  1567  9619538810  
1439011885  3626084051  0  26569160441  113398  55878  0  2791742  154  2746098  2256  219150985  2147483647  0  97216  0  0  0  205  251620  2147483647  0  139736  205  2147483647  0  202616  0  840092610  15718638  2747877  575  33567  105803  1779  1567  9828519875  
1439011895  3703254656  0  27152751773  579702  55878  0  2851896  154  2806667  2256  219214459  2147483647  0  97216  0  0  0  205  251662  2147483647  0  142467  205  2147483647  0  202616  0  861041694  15838374  2808466  575  33567  105803  1799  1567  10040952015  
1439011906  3754585851  0  27541595695  579702  55878  0  2891870  154  2846665  2256  219219109  2147483647  0  97216  0  0  0  205  251663  2147483647  0  144180  205  2147483647  0  202616  0  877234653  16059466  2848487  575  33567  105803  1822  1567  10183087530  
1439011916  3770264055  0  27653863590  579702  55878  0  2904121  154  2858768  2256  226909596  2147483647  0  97216  0  0  0  205  260414  2147483647  0  144596  205  2147483647  0  204926  0  881878303  16236912  2860609  575  33567  105803  1841  1567  10223980436  
1439011926  3787136067  0  27771904943  579702  55878  0  2917394  154  2871999  2256  255521099  2147483647  0  97216  0  0  0  205  290063  2147483647  0  145463  205  2147483647  0  204926  0  888387495  16236912  2873840  575  33567  105803  1841  1567  10267941246  
1439011936  3803876859  0  27904444938  579702  55878  0  2930036  154  2885443  2256  303613338  2147483647  0  97216  0  0  0  205  337794  2147483647  0  147519  205  2147483647  0  204926  0  892783008  16273352  2887286  575  33567  105803  1843  1567  10314785699  
1439011946  3822354876  0  28039035881  579702  55878  0  2944233  154  2899699  2256  309061077  2147483647  0  97216  0  0  0  205  343895  2147483647  0  148265  205  2147483647  0  204926  0  894128947  16325772  2901546  575  33567  105803  1847  1567  10362266560  
1439011956  3857098024  0  28290452283  579702  55878  0  2969925  154  2925290  2256  321463118  2147483647  0  97216  0  0  0  205  357897  2147483647  0  149541  205  2147483647  0  204926  0  899735543  16407413  2927146  575  33567  105803  1856  1567  10451157000  
1439011966  3910755708  0  28704404472  579702  55878  0  3011019  154  2966607  2256  335794170  2147483647  0  97216  0  0  0  205  376854  2147483647  0  152170  205  2147483647  0  204926  0  910764042  16407413  2968463  575  33567  105803  1856  1567  10598825614  
1439011976  3971051818  0  29177617729  579702  55878  0  3058537  154  3014271  2256  342147276  2147483647  0  97216  0  0  0  205  383906  2147483647  0  154519  205  2147483647  0  204926  0  920876962  16491624  3016136  575  33567  105803  1865  1567  10769400855  
1439011986  4039936107  0  29692475312  579702  55878  0  3111602  154  3067581  2256  350572747  2147483647  0  97216  0  0  0  205  392302  2147483647  0  156881  205  2147483647  0  204926  0  934433196  16588786  3069454  575  33567  105803  1873  1567  10956783614  
1439011996  4088011794  0  30054224506  579702  55878  0  3149163  154  3105108  2256  366813990  2147483647  0  97216  0  0  0  205  409744  2147483647  0  158988  205  2147483647  0  204926  0  946013215  16588786  3106981  575  33567  105803  1873  1567  11086671799  
1439012006  4125840240  0  30329301225  579702  55878  0  3177822  154  3133773  2256  374487896  2147483647  0  97216  0  0  0  205  418436  2147483647  0  160439  205  2147483647  0  204926  0  950862419  17003447  3135686  575  33567  105803  1913  1567  11184058258  
1439012016  4145870555  0  30513955743  579702  56002  0  3217540  154  3173176  2256  381938300  2147483647  0  97216  0  0  0  205  443942  2147483647  0  163678  205  2147483647  0  204926  0  956246164  17036384  3175095  575  33567  569413  1919  1567  11260203563  
1439012026  4222349641  0  31011982518  579702  56002  0  3280079  154  3224508  2256  393938658  2147483647  0  97216  0  0  0  205  455488  2147483647  0  166397  205  2147483647  0  204926  0  970562037  17513322  3226476  575  33567  569413  1968  1567  11440662135  
1439012036  4271526324  0  31188579919  579702  56002  0  3322297  154  3242211  2256  417790049  2147483647  0  97216  0  0  0  205  480478  2147483647  0  168671  205  2147483647  0  204926  0  974170906  17797549  3244210  575  33567  569413  1999  1567  11502854648  
1439012046  4345384198  0  31689215864  579702  56002  0  3382170  154  3293305  2256  426733200  2147483647  0  97216  0  0  0  205  489672  2147483647  0  170438  205  2147483647  0  204926  0  980690350  17963480  3295320  575  33567  569413  2015  1567  11682142499  
1439012056  4411210489  0  32209801547  579702  56002  0  3436757  154  3348056  2256  427327642  2147483647  0  97216  0  0  0  205  490342  2147483647  0  172782  205  2147483647  0  204926  0  984831418  18019591  3350076  575  33567  569413  2020  1567  11868329359  
1439012066  4468510972  0  32666396987  579702  56002  0  3483536  154  3394996  2256  427807229  2147483647  0  97216  0  0  0  205  490607  2147483647  0  174260  205  2147483647  0  204926  0  988134903  18089373  3397020  575  33567  569413  2024  1567  12029929181  
1439012076  4527387915  0  33129228824  579702  56002  0  3530292  154  3442267  2256  428006218  2147483647  0  97216  0  0  0  205  490719  2147483647  0  175774  205  2147483647  0  204926  0  991014957  18507049  3444359  575  33567  569413  2092  1567  12193251415  
1439012086  4590115627  0  33609780016  579702  56002  0  3579320  154  3491115  2256  428488701  2147483647  0  97216  0  0  0  205  491093  2147483647  0  177568  205  2147483647  0  204926  0  995050728  18541582  3493210  575  33567  569413  2095  1567  12363455601  
1439012096  4690453079  0  34412106823  579702  56002  0  3662820  154  3575022  2256  429322957  2147483647  0  97216  0  0  0  205  491573  2147483647  0  180941  205  2147483647  0  204926  0  1002290930  18920160  3577182  575  33567  569413  2160  1567  12651598445  
1439012106  4766102501  0  35004907400  579702  56002  0  3723711  154  3636204  2256  429423411  2147483647  0  97216  0  0  0  205  491624  2147483647  0  183542  205  2147483647  0  204926  0  1007466325  19303378  3638402  575  33567  569413  2198  1567  12862903475  
1439012116  4826181246  0  35485656159  579702  56002  0  3772554  154  3685547  2256  429562496  2147483647  0  97216  0  0  0  205  491713  2147483647  0  185685  205  2147483647  0  204926  0  1011846151  19584076  3687774  575  33567  569413  2227  1567  13033147693  
1439012126  4880340750  0  35896184113  579702  56002  0  3814698  154  3727462  2256  430557825  2147483647  0  97216  0  0  0  205  492509  2147483647  0  187183  205  2147483647  0  204926  0  1015452951  19872667  3729716  575  33567  569413  2254  1567  13177746571  
1439012136  4949227592  0  36420510726  579702  56002  0  3868590  154  3781297  2256  431077496  2147483647  0  97216  0  0  0  205  492785  2147483647  0  189216  205  2147483647  0  204926  0  1020076652  20460085  3783610  575  33567  569413  2313  1567  13363370377  
1439012146  5038985640  0  37139397506  579702  56002  0  3941227  154  3854841  2256  431300764  2147483647  0  97216  0  0  0  205  492914  2147483647  0  192160  205  2147483647  0  204926  0  1025795859  20643171  3857172  575  33567  569413  2331  1567  13619971437  
1439012156  5098145854  0  37598212938  579702  56002  0  3988887  154  3902241  2256  431907199  2147483647  0  97216  0  0  0  205  493631  2147483647  0  194013  205  2147483647  0  204926  0  1029343340  20935335  3904614  575  33567  569413  2373  1567  13782336409  
1439012166  5148994334  0  37997096651  579702  56002  0  4029165  154  3942320  2256  432420260  2147483647  0  97216  0  0  0  205  493873  2147483647  0  195600  205  2147483647  0  204926  0  1032705323  21010175  3944702  575  33567  569413  2382  1567  13921444951  
1439012176  5217487845  0  38538555342  579702  56002  0  4084618  154  3998139  2256  433016646  2147483647  0  97216  0  0  0  205  494158  2147483647  0  197914  205  2147483647  0  204926  0  1037643247  21078484  4000528  575  33567  569413  2389  1567  14114189694  
1439012186  5287306450  0  39096598771  579702  56002  0  4142163  154  4056091  2050  433094445  2147483647  0  97216  0  0  0  205  494203  2147483647  0  200638  205  2147483647  0  204926  0  1043448300  21261146  4058500  575  33567  569413  2409  1567  14312272847  
1439012196  5332663213  0  39432819432  579702  56002  0  4177614  154  4091209  2050  433808913  2147483647  0  97216  0  0  0  205  494786  2147483647  0  201807  205  2147483647  0  204926  0  1045985721  21598152  4093663  575  33567  569413  2454  1567  14430292328  
1439012206  5407934283  0  40011327010  579702  56002  0  4237122  154  4151112  2050  434407057  2147483647  0  97216  0  0  0  205  495100  2147483647  0  204119  205  2147483647  0  204926  0  1050529474  21815232  4153587  575  33567  569413  2475  1567  14635914881  
1439012216  5499865622  0  40751017779  579702  56002  0  4312209  154  4226918  2050  434602894  2147483647  0  97216  0  0  0  205  495218  2147483647  0  207456  205  2147483647  0  204926  0  1056986039  21845286  4229394  575  33567  569413  2477  1567  14900420683  
1439012226  5565216405  0  41262936741  579702  56002  0  4366687  154  4280731  2050  435502767  2147483647  0  97216  0  0  0  205  495956  2147483647  0  209874  205  2147483647  0  204926  0  1061096029  22058709  4283230  575  33567  569413  2500  1567  15082737687  
1439012236  5640820489  0  41857247247  579702  56002  0  4427205  154  4341682  2050  436120367  2147483647  0  97216  0  0  0  205  496260  2147483647  0  212250  205  2147483647  0  204926  0  1065563255  22722493  4344253  575  33567  569413  2572  1567  15295341950  
1439012246  5693186672  0  42268454024  579702  56002  0  4468590  154  4383307  2050  436250820  2147483647  0  97216  0  0  0  205  496342  2147483647  0  213954  205  2147483647  0  204926  0  1068936096  22874071  4385896  575  33567  569413  2590  1567  15440715385  
1439012256  5754185436  0  42732631055  579702  56002  0  4515994  154  4431263  2050  436406449  2147483647  0  97216  0  0  0  205  496428  2147483647  0  215964  205  2147483647  0  204926  0  1073081990  23222142  4433887  575  33567  569413  2625  1567  15604885762  
1439012266  5803852683  0  43107410301  579702  56002  0  4555194  154  4469883  2050  437288035  2147483647  0  97216  0  0  0  205  497101  2147483647  0  217582  205  2147483647  0  204926  0  1075898127  24224762  4472609  575  33567  569413  2727  1567  15737690301  
1439012276  5837454260  0  43355905764  579702  56002  0  4581059  154  4495673  2050  437629965  2147483647  0  97216  0  0  0  205  497279  2147483647  0  218604  205  2147483647  0  204926  0  1077540196  24224762  4498399  575  33567  569413  2727  1567  15824263927  
1439012286  5885962518  0  43714445798  579702  56002  0  4617545  154  4532474  2050  437741201  2147483647  0  97216  0  0  0  205  497355  2147483647  0  220281  205  2147483647  0  204926  0  1082028945  24566673  4535237  575  33567  569413  2764  1567  15951461699  
1439012296  5935243190  0  44067126918  579702  56002  0  4653767  154  4568684  2050  438145328  2147483647  0  97216  0  0  0  205  497746  2147483647  0  221592  205  2147483647  0  204926  0  1085553946  24690256  4571474  575  33567  569413  2791  1567  16076816394  
1439012306  5977345217  0  44374292870  579702  56002  0  4684987  154  4600068  2050  438483570  2147483647  0  97216  0  0  0  205  497884  2147483647  0  222903  205  2147483647  0  204926  0  1088013210  24889400  4602875  575  33567  569413  2808  1567  16185052483  
1439012316  6026548606  0  44727313547  579702  56002  0  4721999  154  4637381  2050  438663065  2147483647  0  97216  0  0  0  205  497960  2147483647  0  224594  205  2147483647  0  204926  0  1096592284  25096945  4640205  575  33567  569413  2825  1567  16311108818  
1439012326  6064154170  0  44989400884  579702  56002  0  4748799  154  4664137  2050  438687197  2147483647  0  97216  0  0  0  205  497971  2147483647  0  225642  205  2147483647  0  204926  0  1098779606  25137694  4666964  575  33567  569413  2828  1567  16403401060  
1439012336  6109864352  0  45321221243  579702  56002  0  4783699  154  4699014  2050  439004948  2147483647  0  97216  0  0  0  205  498452  2147483647  0  226937  205  2147483647  0  204926  0  1100726623  25426473  4701866  575  33567  569413  2853  1567  16520003785  
1439012346  6145302988  0  45580665365  579702  56002  0  4810336  154  4725805  2050  439317799  2147483647  0  97216  0  0  0  205  498592  2147483647  0  228045  205  2147483647  0  204926  0  1106123000  25457010  4728663  575  33567  569413  2859  1567  16611415247  
1439012356  6190180564  0  45908451014  579702  56002  0  4843664  154  4759494  2050  439467974  2147483647  0  97216  0  0  0  205  498675  2147483647  0  229676  205  2147483647  0  204926  0  1111082455  25504456  4762355  575  33567  569413  2862  1567  16727199507  
1439012366  6239451724  0  46265452375  579702  56002  0  4880410  154  4796051  2050  439928904  2147483647  0  97216  0  0  0  205  499035  2147483647  0  231239  205  2147483647  0  204926  0  1115350044  25504456  4798912  575  33567  569413  2862  1567  16852737270  
1439012376  6282948813  0  46576680786  579702  56002  0  4912546  154  4828342  2050  440355625  2147483647  0  97216  0  0  0  205  499221  2147483647  0  232341  205  2147483647  0  204926  0  1119545965  25896744  4831237  575  33567  569413  2896  1567  16963661232  
1439012386  6333235398  0  46943150950  579702  56002  0  4949462  154  4865538  2050  440543902  2147483647  0  97216  0  0  0  205  499306  2147483647  0  234041  205  2147483647  0  204926  0  1126498739  26172379  4868461  575  33567  569413  2924  1567  17093407756  
1439012396  6381149436  0  47282542763  579702  56002  0  4983355  154  4899781  2050  440566206  2147483647  0  97216  0  0  0  205  499317  2147483647  0  235314  205  2147483647  0  204926  0  1129011500  26719174  4902762  575  33567  569413  2982  1567  17212101976  
1439012406  6420369935  0  47559453038  579702  56002  0  5012551  154  4928535  2050  441256737  2147483647  0  97216  0  0  0  205  499851  2147483647  0  236729  205  2147483647  0  204926  0  1135645138  27183105  4931564  575  33567  569413  3030  1567  17309732495  
1439012416  6456245336  0  47821831484  579702  56002  0  5039253  154  4955381  2050  441532631  2147483647  0  97216  0  0  0  205  499975  2147483647  0  237749  205  2147483647  0  204926  0  1137491138  27283390  4958417  575  33567  569413  3037  1567  17401243309  
1439012426  6501899573  0  48156891851  579702  56002  0  5074102  154  4990588  2050  441661044  2147483647  0  97216  0  0  0  205  500047  2147483647  0  238994  205  2147483647  0  204926  0  1142212529  27386217  4993634  575  33567  569413  3047  1567  17520066684  
1439012436  6548127082  0  48485149903  579702  56002  0  5107965  154  5024124  2050  442140720  2147483647  0  97216  0  0  0  205  500460  2147483647  0  240694  205  2147483647  0  204926  0  1146809740  27617722  5027189  575  33567  569413  3066  1567  17635843447  
1439012446  6595191591  0  48829363561  579702  56002  0  5142734  154  5059267  2050  442502336  2147483647  0  97216  0  0  0  205  500632  2147483647  0  242066  205  2147483647  0  204926  0  1149672341  29240660  5062494  575  33567  569413  3228  1567  17757162295  
1439012456  6640579965  0  49159017376  579702  56002  0  5176263  154  5092787  2050  442626099  2147483647  0  97216  0  0  0  205  500685  2147483647  0  243361  205  2147483647  0  204926  0  1151765340  29589921  5096048  575  33567  569413  3262  1567  17872003935  
1439012466  6680475562  0  49440547003  579702  56002  0  5205297  154  5122274  2050  442676223  2147483647  0  97216  0  0  0  205  500717  2147483647  0  244730  205  2147483647  0  204926  0  1157394401  30089579  5125587  575  33567  569413  3314  1567  17971601279  
1439012476  6722598925  0  49746147655  579702  56002  0  5236272  154  5153140  2050  443259933  2147483647  0  97216  0  0  0  205  501142  2147483647  0  246157  205  2147483647  0  204926  0  1160701861  30778408  5156521  575  33567  569413  3382  1567  18078092899  
1439012486  6758711723  0  50011903847  579702  56002  0  5263476  154  5180381  2050  443575373  2147483647  0  97216  0  0  0  205  501280  2147483647  0  247155  205  2147483647  0  204926  0  1162915010  31262907  5183814  575  33567  569413  3434  1567  18170034947  
1439012496  6808087823  0  50371948483  579702  56002  0  5300282  154  5217573  2050  443701835  2147483647  0  97216  0  0  0  205  501345  2147483647  0  248771  205  2147483647  0  204926  0  1169062256  31606274  5221044  575  33567  569413  3472  1567  18297208450  
1439012506  6854423834  0  50712595545  579702  56002  0  5334742  154  5252168  2050  444258297  2147483647  0  97216  0  0  0  205  501757  2147483647  0  250148  205  2147483647  0  204926  0  1173483946  31670212  5255644  575  33567  569413  3477  1567  18417027747  
1439012516  6898398722  0  51035364768  579702  56002  0  5367401  154  5284748  2050  444705319  2147483647  0  97216  0  0  0  205  501954  2147483647  0  251436  205  2147483647  0  204926  0  1176254562  32384123  5288294  575  33567  569413  3547  1567  18530708109  
1439012526  6944610387  0  51369047314  579702  56002  0  5401583  154  5319185  2050  444854619  2147483647  0  97216  0  0  0  205  502022  2147483647  0  252755  205  2147483647  0  204926  0  1179289264  32778768  5322764  575  33567  569413  3580  1567  18647538506  
1439012536  6987634565  0  51673485680  579702  56002  0  5432828  154  5350589  2050  444907519  2147483647  0  97216  0  0  0  205  502055  2147483647  0  254525  205  2147483647  0  204926  0  1184803521  33839078  5354278  575  33567  569413  3690  1567  18755130278  
1439012547  7030994870  0  51983830620  579702  56002  0  5465245  154  5382943  2050  445548812  2147483647  0  97216  0  0  0  205  502557  2147483647  0  255882  205  2147483647  0  204926  0  1188030449  34906131  5386747  575  33567  569413  3805  1567  18864206655  
1439012557  7065413653  0  52235173760  579702  56002  0  5491169  154  5408941  2050  445831518  2147483647  0  97216  0  0  0  205  502695  2147483647  0  256946  205  2147483647  0  204926  0  1191300093  35168958  5412802  575  33567  569413  3862  1567  18951473808  
1439012567  7107600814  0  52544253202  579702  56002  0  5522953  154  5441037  2050  445883025  2147483647  0  97216  0  0  0  205  502724  2147483647  0  258337  205  2147483647  0  204926  0  1201054988  35168958  5444898  575  33567  569413  3862  1567  19061880916  
1439012577  7157378368  0  52907010530  579702  56002  0  5560230  154  5478267  2050  446379021  2147483647  0  97216  0  0  0  205  503118  2147483647  0  259626  205  2147483647  0  204926  0  1206188096  35453055  5482154  575  33567  569413  3888  1567  19189559208  
1439012587  7201272192  0  53231033644  579702  56002  0  5593338  154  5511628  2050  446737926  2147483647  0  97216  0  0  0  205  503278  2147483647  0  260893  205  2147483647  0  204926  0  1209362151  35737537  5515547  575  33567  569413  3920  1567  19303717092  
1439012597  7246946841  0  53564075427  579702  56002  0  5627841  154  5546486  2050  446873965  2147483647  0  97216  0  0  0  205  503345  2147483647  0  262661  205  2147483647  0  204926  0  1217857910  36523139  5550487  575  33567  569413  4002  1567  19421479827  
1439012607  7292065792  0  53894871284  579702  56002  0  5660953  154  5579801  2050  446926805  2147483647  0  97216  0  0  0  205  503376  2147483647  0  263907  205  2147483647  0  204926  0  1220333040  37773114  5583941  575  33567  569413  4141  1567  19537386063  
1439012617  7330491131  0  54174221513  579702  56002  0  5690214  154  5608936  2050  447366438  2147483647  0  97216  0  0  0  205  503884  2147483647  0  264934  205  2147483647  0  204926  0  1222508130  37881024  5613085  575  33567  569413  4150  1567  19634486111  
1439012627  7365776062  0  54433591470  579702  57335  0  5716437  154  5635233  2050  447631569  2147483647  0  97216  0  0  0  205  504016  2147483647  0  266050  205  2147483647  0  204926  0  1224876346  37915419  5639388  575  33567  569413  4156  1567  19724332738  
1439012637  7410090793  0  54761171736  579702  57335  0  5749102  154  5668112  2050  447754064  2147483647  0  97216  0  0  0  205  504084  2147483647  0  267259  205  2147483647  0  204926  0  1227856081  38338167  5672319  575  33567  569413  4208  1567  19839142095  
1439012647  7459820091  0  55125328082  579702  57335  0  5785451  154  5704454  2050  448283732  2147483647  0  97216  0  0  0  205  504505  2147483647  0  268902  205  2147483647  0  204926  0  1231907174  38593018  5708686  575  33567  569413  4233  1567  19966343888  
1439012657  7507350108  0  55477529749  579702  57335  0  5821236  154  5740466  2050  448684167  2147483647  0  97216  0  0  0  205  504712  2147483647  0  270629  205  2147483647  0  204926  0  1234904035  38790271  5744718  575  33567  569413  4253  1567  20089706226  
1439012667  7551057680  0  55798566055  579702  57335  0  5853381  154  5772709  2050  448779925  2147483647  0  97216  0  0  0  205  504752  2147483647  0  272034  205  2147483647  0  204926  0  1237971895  39542909  5777037  575  33567  569413  4329  1567  20201750541  
1439012677  7586631057  0  56056909326  579702  57335  0  5879100  154  5798794  2050  448810692  2147483647  0  97216  0  0  0  205  504763  2147483647  0  272965  205  2147483647  0  204926  0  1239787348  40184438  5803182  575  33567  569413  4389  1567  20291390033  
1439012687  7631031866  0  56374334131  579702  57335  0  5911570  154  5830958  2050  449487974  2147483647  0  97216  0  0  0  205  505269  2147483647  0  274441  205  2147483647  0  204926  0  1244497366  41195699  5835447  575  33567  569413  4490  1567  20402452493  
1439012697  7666147126  0  56629168640  579702  57335  0  5938167  154  5857699  2050  449764631  2147483647  0  97216  0  0  0  205  505394  2147483647  0  275409  205  2147483647  0  204926  0  1246552775  41381529  5862205  575  33567  569413  4507  1567  20491265831  
1439012707  7714338651  0  56985222493  579702  57335  0  5973731  154  5893676  2050  449780564  2147483647  0  97216  0  0  0  205  505401  2147483647  0  277031  205  2147483647  0  204926  0  1249992838  41556183  5898199  575  33567  569413  4524  1567  20615877763  
1439012717  7764196300  0  57349325803  579702  57335  0  6010781  154  5930577  2050  450364991  2147483647  0  97216  0  0  0  205  505863  2147483647  0  278473  205  2147483647  0  204926  0  1253387645  41864463  5935132  575  33567  569413  4556  1567  20743381486  
1439012727  7804319969  0  57646736606  579702  57335  0  6041202  154  5961188  2050  450688650  2147483647  0  97216  0  0  0  205  506027  2147483647  0  279729  205  2147483647  0  204926  0  1256108249  42716173  5965819  575  33567  569413  4632  1567  20848113872  
1439012737  7851382100  0  57991309863  579702  57335  0  6075771  154  5995951  2050  450822592  2147483647  0  97216  0  0  0  205  506088  2147483647  0  281044  205  2147483647  0  204926  0  1259103798  43640709  6000671  575  33567  569413  4721  1567  20968899929  
1439012747  7885306220  0  58232937471  579702  57335  0  6100440  154  6020933  2050  450863061  2147483647  0  97216  0  0  0  205  506116  2147483647  0  282474  205  2147483647  0  204926  0  1261971611  43640709  6025653  575  33567  569413  4721  1567  21052772431  
1439012757  7934899681  0  58595458291  579702  82553  0  6137346  154  6057649  2050  451540421  2147483647  0  97216  0  0  0  205  506616  2147483647  0  283823  205  2147483647  0  204926  0  1264286194  44077615  6062416  575  33567  569413  4768  1567  21179271457  
1439012767  7970367509  0  58852579988  579702  82553  0  6163785  154  6083943  2050  451828808  2147483647  0  97216  0  0  0  205  506739  2147483647  0  285205  205  2147483647  0  204926  0  1267309893  44140112  6088714  575  33567  569413  4772  1567  21268127507  
1439012777  8014846395  0  59184145271  579702  82553  0  6197628  154  6118269  2050  451908061  2147483647  0  97216  0  0  0  205  506789  2147483647  0  286565  205  2147483647  0  204926  0  1272534583  44648250  6123089  575  33567  569413  4821  1567  21385064818  
1439012787  8063075368  0  59535073684  579702  82553  0  6233279  154  6153855  2050  452472248  2147483647  0  97216  0  0  0  205  507238  2147483647  0  288222  205  2147483647  0  204926  0  1277799463  44767228  6158686  575  33567  569413  4832  1567  21508677492  
1439012797  8103776855  0  59829094403  579702  82553  0  6264095  154  6184469  2050  452815401  2147483647  0  97216  0  0  0  205  507398  2147483647  0  289266  205  2147483647  0  204926  0  1280407343  44967657  6189318  575  33567  569413  4850  1567  21612729192  
1439012807  8148248618  0  60159880454  579702  82553  0  6298145  154  6218845  2050  452918734  2147483647  0  97216  0  0  0  205  507458  2147483647  0  290924  205  2147483647  0  204926  0  1287678105  45120720  6223708  575  33567  569413  4864  1567  21729489764  
1439012817  8193710660  0  60487811705  579702  82553  0  6330655  154  6251811  2050  452923151  2147483647  0  97216  0  0  0  205  507459  2147483647  0  292256  205  2147483647  0  204926  0  1295164386  45354382  6256696  575  33567  569413  4886  1567  21844835221  
1439012827  8236678465  0  60792759571  579702  82553  0  6362607  154  6283666  2050  453593963  2147483647  0  97216  0  0  0  205  507950  2147483647  0  293638  205  2147483647  0  204926  0  1300071447  45750082  6288609  575  33567  569413  4944  1567  21952092342  
1439012837  8271590211  0  61038012641  579702  82553  0  6388873  154  6309705  2050  453845592  2147483647  0  97216  0  0  0  205  508086  2147483647  0  294638  205  2147483647  0  204926  0  1310419875  45798071  6314653  575  33567  569413  4949  1567  22039822765  
1439012847  8317374811  0  61372381910  579702  82553  0  6423318  154  6344577  2050  453912382  2147483647  0  97216  0  0  0  205  508131  2147483647  0  296280  205  2147483647  0  204926  0  1317240883  45864101  6349530  575  33567  569413  4954  1567  22159109296  
1439012857  8365165346  0  61708369661  579702  82553  0  6458672  154  6379620  2050  454486258  2147483647  0  97216  0  0  0  205  508592  2147483647  0  297613  205  2147483647  0  204926  0  1327779079  45939971  6384581  575  33567  569413  4962  1567  22279671996  
1439012867  8407763737  0  62007811366  579702  82553  0  6490503  154  6411627  2050  454830384  2147483647  0  97216  0  0  0  205  508742  2147483647  0  298943  205  2147483647  0  204926  0  1340271353  45954773  6416589  575  33567  569413  4963  1567  22387764346  
1439012877  8451672011  0  62326836557  579702  82553  0  6523218  154  6444606  2050  454930798  2147483647  0  97216  0  0  0  205  508793  2147483647  0  300262  205  2147483647  0  204926  0  1346305080  46504587  6449624  575  33567  569413  5019  1567  22500275707  
1439012887  8491280242  0  62597551959  579702  82553  0  6551577  154  6473328  2050  454936180  2147483647  0  97216  0  0  0  205  508803  2147483647  0  301616  205  2147483647  0  204926  0  1359225201  47207914  6478412  575  33567  569413  5085  1567  22598026423  
1439012897  8536623455  0  62908872499  579702  82553  0  6584520  154  6505863  2050  455612963  2147483647  0  97216  0  0  0  205  509288  2147483647  0  302952  205  2147483647  0  204926  0  1373725186  47272859  6510949  575  36828  569413  5087  1567  22710891393  
1439012907  8571284896  0  63163902599  579702  82553  0  6610821  154  6532246  2050  455820038  2147483647  0  97216  0  0  0  205  509385  2147483647  0  303961  205  2147483647  0  204926  0  1378868383  47545616  6537362  575  36828  569413  5117  1567  22800392229  
1439012917  8618547737  0  63508262026  579702  82553  0  6646653  154  6568585  2050  455837803  2147483647  0  97216  0  0  0  205  509392  2147483647  0  305636  205  2147483647  0  204926  0  1392384311  47808991  6573727  575  36828  569413  5143  1567  22925606098  
