#Type:X;CI:5;ww:0;ca:0;co:0;fr:0;Type:X;CI:5;PI:0;PT:EP;U0:0;U1:0;Type:X;CI:5;PI:1;PT:EP;U0:0;U1:0;
#time  Pp  gt  gs  cn  cm  cb  Nc  Pc  cp  Tc  Nm  pr  ps  pt  px  pd  Pm  Om  fs  ft  Oc  Em  Gp  Ec  Ge  ot  os  Total_cycles_diff  Successful_get_diff  Total_get_diff  succ_put_diff  total_put_diff  get_hit  
1439617487  0  0  0  0  0  0  0  0  0  1308553  0  0  0  0  0  0  0  0  0  21  0  0  0  0  0  46  0  1308553  0  0  0  0  
1439617497  0  0  0  0  0  0  0  0  0  1308553  0  0  0  0  0  0  0  0  0  21  0  0  0  0  0  46  0  0  0  0  0  0  0 
1439617507  0  0  0  0  0  0  0  0  0  1308553  0  0  0  0  0  0  0  0  0  21  0  0  0  0  0  46  0  0  0  0  0  0  0 
1439617517  0  0  0  0  0  0  0  0  0  1308553  0  0  0  0  0  0  0  0  0  21  0  0  0  0  0  46  0  0  0  0  0  0  0 
1439617527  0  0  0  0  0  0  0  0  0  1308553  0  0  0  0  0  0  0  0  0  21  0  0  0  0  0  46  0  0  0  0  0  0  0 
1439617537  0  0  0  0  0  0  0  0  0  1310999  0  0  0  0  0  0  0  0  0  21  0  0  0  0  0  46  0  2446  0  0  0  0  0 
1439617547  0  0  0  0  0  0  0  0  0  1402397  0  0  0  0  0  0  0  0  0  21  0  0  0  0  0  46  0  91398  0  0  0  0  0 
1439617557  0  184  183  0  0  0  185  2804  0  33812869  232  0  3403  3403  0  0  3403  350  0  94  194  3403  0  2804  183  12095  122  32410472  183  184  3403  3403  99.4565217391  
1439617567  0  552  345  0  0  0  177  2642  0  36826955  232  0  3403  3403  0  0  3403  350  0  94  189  3403  0  2642  345  12833  122  3014086  162  368  0  0  62.5  
1439617577  0  552  345  0  0  0  177  2642  0  36826955  232  0  3403  3403  0  0  3403  350  0  94  189  3403  0  2642  345  12833  122  0  0  0  0  0  62.5  
1439617587  0  552  345  0  0  0  173  2829  0  60693422  232  0  3845  3845  0  0  3403  350  0  21740  167  3403  0  2829  345  12928  169  23866467  0  0  442  442  62.5  
1439617597  0  552  345  0  0  0  139  2430  0  81393173  232  0  3848  3848  0  0  3403  350  0  44278  108  3403  0  2430  345  13047  230  20699751  0  0  3  3  62.5  
1439617607  0  552  345  0  0  0  112  1901  0  98771794  232  0  3876  3876  0  0  3403  350  0  63307  76  3403  0  1901  345  13695  275  17378621  0  0  28  28  62.5  
1439617618  0  564  345  0  0  0  108  2625  0  128876474  232  0  4650  4650  0  0  3403  350  0  87103  61  3403  0  2625  345  14923  293  30104680  0  12  774  774  61.170212766  
1439617628  0  661  365  0  0  0  102  2595  0  155457213  232  0  4650  4650  0  0  3403  350  0  113172  52  3403  0  2595  365  15721  297  26580739  20  97  0  0  55.2193645991  
1439617638  0  933  578  0  0  0  95  2382  0  182019599  232  0  4650  4650  0  0  3403  350  0  138013  47  3403  0  2382  578  16710  297  26562386  213  272  0  0  61.9506966774  
1439617648  0  963  578  0  0  0  95  2383  0  204699972  232  0  4651  4651  0  0  3403  350  0  162105  48  3403  0  2383  578  17695  297  22680373  0  30  1  1  60.020768432  
1439617658  0  963  578  0  0  0  98  2388  0  217729690  232  0  4656  4656  0  0  3403  350  0  175265  49  3403  0  2388  578  18247  297  13029718  0  0  5  5  60.020768432  
1439617668  0  968  583  0  0  0  100  2394  0  228930094  232  0  4667  4667  0  0  3403  350  0  186328  50  3403  0  2394  583  18727  297  11200404  5  5  11  11  60.2272727273  
1439617678  0  968  583  0  0  0  100  2394  0  234898266  232  0  4667  4667  0  0  3403  350  0  194526  50  3403  0  2394  583  19074  297  5968172  0  0  0  0  60.2272727273  
1439617688  0  984  592  0  0  0  111  2616  0  262101680  232  0  4898  4898  0  0  3403  350  0  220288  70  3403  0  2616  592  19973  297  27203414  9  16  231  231  60.162601626  
1439617698  0  1313  806  0  0  0  107  2402  0  276326948  232  0  4898  4898  0  0  3403  350  0  234142  66  3403  0  2402  806  20247  297  14225268  214  329  0  0  61.3861386139  
1439617708  0  17556  806  0  0  0  202  3956  0  330256625  232  0  6461  6461  0  0  3956  350  0  273655  148  3956  0  3956  806  22689  306  53929677  0  16243  1563  1563  4.59102301208  
1439617718  0  37315  806  0  0  0  372  6589  0  385385761  372  0  9096  9096  0  0  6589  350  0  290655  307  6589  0  6589  806  23443  308  55129136  0  19759  2635  2635  2.15998928045  
1439617728  0  47544  825  0  0  0  459  7954  0  401169278  459  0  10485  10485  0  0  7954  392  0  299308  392  7954  0  7954  825  23827  309  15783517  19  10229  1389  1389  1.73523472993  
1439617738  0  53074  825  0  0  0  460  8000  0  411968813  460  0  10531  10531  0  0  8000  393  0  304755  393  8000  0  8000  825  23827  309  10799535  0  5530  46  46  1.55443343257  
1439617748  0  69681  825  0  0  0  836  15522  0  517313272  836  0  20281  20281  0  0  15522  765  0  311429  765  15522  0  15522  825  24553  314  105344459  0  16607  9750  9750  1.18396693503  
1439617758  0  83771  825  0  0  0  1347  26384  0  661837326  1377  0  34110  34110  0  0  27332  1269  0  311518  1242  27332  0  26384  825  25150  314  144524054  0  14090  13829  13829  0.984827684998  
1439617768  0  95425  825  0  0  0  1311  27526  0  785625819  1572  0  45852  45852  0  0  32240  1448  0  311589  1213  32240  0  27526  825  25331  314  123788493  0  11654  11742  11742  0.864553314121  
1439617778  0  118356  825  0  0  0  1652  34827  0  1027257244  1652  0  68937  68937  0  0  34827  1526  0  311720  1526  34827  0  34827  825  25725  314  241631425  0  22931  23085  23085  0.697049579236  
1439617788  0  139130  828  0  0  0  1884  38078  0  1244296363  1918  0  89866  89866  0  0  39138  1747  0  311829  1726  39138  0  38078  828  26035  314  217039119  3  20774  20929  20929  0.595126859771  
1439617798  0  161694  828  0  0  0  2105  43099  0  1482688226  2105  0  112593  112593  0  0  43099  1930  0  311928  1930  43099  0  43099  828  27309  314  238391863  0  22564  22727  22727  0.512078370255  
1439617808  0  178865  828  0  0  0  1878  39934  0  1649855421  2502  0  129800  129800  0  0  52726  2299  0  312064  1724  52726  0  39934  828  27731  314  167167195  0  17171  17207  17207  0.462918961228  
1439617818  0  184369  828  0  0  0  993  21036  0  1710151724  2502  0  135485  135485  0  0  52726  2299  0  312101  894  52726  0  21036  828  28236  314  60296303  0  5504  5685  5685  0.449099360522  
1439617828  0  207418  850  0  0  0  1253  26413  0  1946887774  2502  0  158300  158300  0  0  52726  2299  0  312204  1154  52726  0  26413  850  28748  314  236736050  22  23049  22815  22815  0.409800499474  
1439617838  0  237132  855  0  0  0  2129  44561  0  2262313914  2502  0  188343  188343  0  0  52726  2299  0  312341  1970  52726  0  44561  855  29951  314  315426140  5  29714  30043  30043  0.36055867618  
1439617848  0  257253  855  0  0  0  2046  42975  0  2479659331  2502  0  208498  208498  0  0  52726  2299  0  312463  1890  52726  0  42975  855  30769  314  217345417  0  20121  20155  20155  0.332357640144  
1439617858  0  266253  855  0  0  0  1172  24523  0  2576980696  2502  0  217691  217691  0  0  52726  2299  0  312511  1071  52726  0  24523  855  31114  314  97321365  0  9000  9193  9193  0.321123142274  
1439617868  0  284884  855  0  0  0  1330  27774  0  2774637410  2502  0  236272  236272  0  0  52726  2299  0  312608  1242  52726  0  27774  855  31660  314  197656714  0  18631  18581  18581  0.300122154982  
1439617878  0  315963  855  0  0  0  2378  50051  0  3113544519  2502  0  267404  267404  0  0  52726  2299  0  312777  2203  52726  0  50051  855  33114  314  338907109  0  31079  31132  31132  0.270601304583  
1439617888  0  337357  856  0  0  0  2597  54627  0  3336432054  2912  0  288884  288884  0  0  61785  2691  0  312900  2405  61785  0  54627  856  33616  314  222887535  1  21394  21480  21480  0.253737138995  
1439617898  0  347580  856  0  0  0  1628  33996  0  3444442728  2912  0  299169  299169  0  0  61785  2691  0  312949  1531  61785  0  33996  856  33894  314  108010674  0  10223  10285  10285  0.246274239024  
1439617908  0  351025  856  0  0  0  819  16904  0  3479832120  2912  0  302559  302559  0  0  61785  2691  0  312976  776  61785  0  16904  856  34206  314  35389392  0  3445  3390  3390  0.243857275123  
1439617918  0  361043  856  0  0  0  663  13636  0  3584108696  2912  0  312853  312853  0  0  61785  2691  0  313084  611  61785  0  13636  856  34649  314  104276576  0  10018  10294  10294  0.237090872832  
1439617928  0  387887  856  0  0  0  1737  34970  0  3873426617  2912  0  339581  339581  0  0  61785  2691  0  313227  1611  61785  0  34970  856  35419  314  289317921  0  26844  26728  26728  0.220682827731  
1439617938  0  406179  856  0  0  0  2220  44963  0  4071776542  2912  0  358180  358180  0  0  61785  2691  0  313307  2049  61785  0  44963  856  36165  314  198349925  0  18292  18599  18599  0.210744523966  
1439617948  0  420230  856  0  0  0  1387  28325  0  4218236579  2912  0  372037  372037  0  0  61785  2691  0  313400  1280  61785  0  28325  856  36749  314  146460037  0  14051  13857  13857  0.203697974918  
1439617958  0  434133  856  0  0  0  1332  27411  0  4364897362  2912  0  385941  385941  0  0  61785  2691  0  313467  1230  61785  0  27411  856  37160  314  146660783  0  13903  13904  13904  0.197174598568  
1439617968  0  463641  856  0  0  0  2016  42921  0  4666286873  2912  0  415804  415804  0  0  61785  2691  0  313601  1864  61785  0  42921  856  38562  314  301389511  0  29508  29863  29863  0.184625604724  
1439617978  0  477304  856  0  0  0  1866  40126  0  4807229483  2912  0  429563  429563  0  0  61785  2691  0  313641  1716  61785  0  40126  856  38886  314  140942610  0  13663  13759  13759  0.179340629871  
1439617988  0  500508  873  0  0  0  1763  36600  0  5053755065  2912  0  452421  452421  0  0  61785  2691  0  313830  1603  61785  0  36600  873  39873  314  246525582  17  23204  22858  22858  0.174422786449  
1439617998  0  508939  873  0  0  0  1266  26251  0  5144477430  2912  0  460940  460940  0  0  61785  2691  0  313878  1161  61785  0  26251  873  40180  314  90722365  0  8431  8519  8519  0.171533327177  
1439618008  0  521445  878  0  0  0  995  20574  0  5269768282  2912  0  473727  473727  0  0  61785  2691  0  313936  925  61785  0  20574  878  40806  314  125290852  5  12506  12787  12787  0.168378256575  
1439618018  0  538101  882  0  0  0  1373  28133  0  5442314760  2912  0  490188  490188  0  0  61785  2691  0  314060  1259  61785  0  28133  882  41574  314  172546478  4  16656  16461  16461  0.163909749285  
1439618028  0  564396  882  0  0  0  1998  41495  0  5724810222  2912  0  516521  516521  0  0  61785  2691  0  314181  1844  61785  0  41495  882  42591  314  282495462  0  26295  26333  26333  0.156273254949  
1439618038  0  584550  882  0  0  0  2203  46158  0  5935968445  2912  0  536809  536809  0  0  61785  2691  0  314271  2056  61785  0  46158  882  43222  314  211158223  0  20154  20288  20288  0.150885296382  
1439618048  0  607004  882  0  0  0  2438  51544  0  6177388335  2912  0  559483  559483  0  0  61785  2691  0  314282  2256  61785  0  51544  882  44243  314  241419890  0  22454  22674  22674  0.145303820074  
1439618058  0  631716  882  0  0  0  2611  55018  0  6438752066  2912  0  584086  584086  0  0  61785  2691  0  314538  2413  61785  0  55018  882  45177  314  261363731  0  24712  24603  24603  0.139619702525  
1439618068  0  666439  882  0  0  0  2789  58007  0  6815525100  2912  0  619140  619140  0  0  61785  2691  0  314733  2623  61785  0  58007  882  46882  314  376773034  0  34723  35054  35054  0.132345195884  
1439618078  0  675553  882  0  0  0  2030  41426  0  6908211273  2912  0  628001  628001  0  0  61785  2706  0  314759  1911  61785  0  41426  882  47183  314  92686173  0  9114  8861  8861  0.13055970442  
1439618088  0  683658  882  0  0  0  1101  22003  0  6993369208  2912  0  636093  636093  0  0  61785  2706  0  314849  1041  61785  0  22003  882  47494  314  85157935  0  8105  8092  8092  0.129011874358  
1439618098  0  699586  882  0  0  0  1188  24362  0  7165526734  2912  0  652363  652363  0  0  61785  2706  0  314911  1093  61785  0  24362  882  48221  314  172157526  0  15928  16270  16270  0.126074564099  
1439618108  0  711947  882  0  0  0  1322  27579  0  7287540487  2912  0  664781  664781  0  0  61785  2706  0  314967  1207  61785  0  27579  882  48604  314  122013753  0  12361  12418  12418  0.123885626318  
1439618118  0  733746  882  0  0  0  1531  31792  0  7515095513  2912  0  686402  686402  0  0  61785  2706  0  315083  1415  61785  0  31792  882  49509  314  227555026  0  21799  21621  21621  0.120205084593  
1439618128  0  751291  882  0  0  0  1913  39348  0  7700684961  2912  0  704129  704129  0  0  61785  2706  0  315205  1764  61785  0  39348  882  50161  314  185589448  0  17545  17727  17727  0.117397919049  
1439618138  0  780823  882  0  0  0  1709  36528  0  8021788755  2912  0  733840  733840  0  0  61785  2706  0  315313  1566  61785  0  36528  882  51565  314  321103794  0  29532  29711  29711  0.112957738181  
1439618148  0  793662  882  0  0  0  1687  34509  0  8147785484  2912  0  746514  746514  0  0  61785  2706  0  315379  1532  61785  0  34509  882  51888  314  125996729  0  12839  12674  12674  0.111130430838  
1439618158  0  806560  903  0  0  0  1157  24183  0  8282039677  2912  0  759514  759514  0  0  61785  2706  0  315465  1056  61785  0  24183  903  52562  314  134254193  21  12898  13000  13000  0.111956952986  
1439618168  0  810821  903  0  0  0  855  18322  0  8322259982  2912  0  763846  763846  0  0  61785  2706  0  315491  788  61785  0  18322  903  52562  314  40220305  0  4261  4332  4332  0.111368600468  
1439618178  0  815950  903  0  0  0  458  9340  0  8378415226  2912  0  768854  768854  0  0  61785  2706  0  315526  422  61785  0  9340  903  53000  314  56155244  0  5129  5008  5008  0.110668545867  
1439618188  0  820920  903  0  0  0  415  9111  0  8428445030  2912  0  774012  774012  0  0  61785  2706  0  315557  386  61785  0  9111  903  53323  314  50029804  0  4970  5158  5158  0.109998538225  
1439618198  0  842078  903  0  0  0  1163  24850  0  8653926809  2912  0  795236  795236  0  0  61785  2706  0  315682  1072  61785  0  24850  903  53935  314  225481779  0  21158  21224  21224  0.107234721724  
1439618208  0  855240  903  0  0  0  1024  21811  0  8785515833  2912  0  808451  808451  0  0  61785  2706  0  315749  940  61785  0  21811  903  54594  314  131589024  0  13162  13215  13215  0.105584397362  
1439618219  0  864585  903  0  0  0  999  21302  0  8880616702  2912  0  817857  817857  0  0  61785  2706  0  315782  917  61785  0  21302  903  54930  314  95100869  0  9345  9406  9406  0.104443172158  
1439618229  0  871428  903  0  0  0  775  16391  0  8950968169  2912  0  824376  824376  0  0  61785  2706  0  315855  730  61785  0  16391  903  55442  314  70351467  0  6843  6519  6519  0.103623018769  
1439618239  0  889824  903  0  0  0  1254  25527  0  9147416991  2912  0  842807  842807  0  0  61785  2706  0  315953  1182  61785  0  25527  903  56021  314  196448822  0  18396  18431  18431  0.101480742259  
1439618249  0  909652  903  0  0  0  1839  38510  0  9362360541  2912  0  862886  862886  0  0  61785  2706  0  316048  1703  61785  0  38510  903  56631  314  214943550  0  19828  20079  20079  0.099268731339  
1439618259  0  932058  903  0  0  0  2211  46339  0  9600510571  2912  0  885468  885468  0  0  61785  2706  0  316150  2039  61785  0  46339  903  57752  314  238150030  0  22406  22582  22582  0.096882382856  
1439618269  0  963421  903  0  0  0  2783  57441  0  9941260897  2912  0  916905  916905  0  0  61785  2706  0  316376  2576  61785  0  57441  903  58997  314  340750326  0  31363  31437  31437  0.0937284946041  
1439618279  0  973207  903  0  0  0  1592  32153  0  10043409237  2912  0  926429  926429  0  0  61785  2706  0  316441  1492  61785  0  32153  903  59318  314  102148340  0  9786  9524  9524  0.0927860157192  
1439618289  0  978015  903  0  0  0  516  10642  0  10100829826  2912  0  931572  931572  0  0  61785  2706  0  316473  486  61785  0  10642  903  59644  314  57420589  0  4808  5143  5143  0.0923298722412  
1439618299  0  985777  903  0  0  0  669  14156  0  10179337760  2912  0  939304  939304  0  0  61785  2706  0  316552  617  61785  0  14156  903  60165  314  78507934  0  7762  7732  7732  0.0916028675857  
1439618309  0  996886  903  0  0  0  973  20227  0  10296745550  2912  0  950437  950437  0  0  61785  2706  0  316609  902  61785  0  20227  903  60453  314  117407790  0  11109  11133  11133  0.090582072574  
1439618319  0  1005819  903  0  0  0  978  20497  0  10395825291  2912  0  959139  959139  0  0  61785  2706  0  316640  896  61785  0  20497  903  60748  314  99079741  0  8933  8702  8702  0.0897775842373  
1439618329  0  1023801  912  0  0  0  1291  26837  0  10589497425  2912  0  977283  977283  0  0  61785  2706  0  316725  1194  61785  0  26837  912  61705  314  193672134  9  17982  18144  18144  0.0890798114087  
1439618339  0  1055634  917  0  0  0  2090  43300  0  10930074482  2912  0  1009348  1009348  0  0  61785  2706  0  316919  1932  61785  0  43300  917  63095  314  340577057  5  31833  32065  32065  0.0868672286039  
1439618349  0  1067969  917  0  0  0  1461  31077  0  11058100815  2912  0  1021720  1021720  0  0  61785  2706  0  316967  1348  61785  0  31077  917  63410  314  128026333  0  12335  12372  12372  0.0858639155256  
1439618359  0  1086765  921  0  0  0  1281  26256  0  11264694044  2912  0  1040602  1040602  0  0  61785  2706  0  317054  1182  61785  0  26256  921  64075  314  206593229  4  18796  18882  18882  0.0847469324095  
1439618369  0  1108864  928  0  0  0  1820  37754  0  11508061462  2912  0  1062706  1062706  0  0  61785  2706  0  317213  1672  61785  0  37754  928  65214  314  243367418  7  22099  22104  22104  0.0836892531456  
1439618379  0  1116001  928  0  0  0  939  19903  0  11581405989  2912  0  1069556  1069556  0  0  61785  2706  0  317243  864  61785  0  19903  928  65520  314  73344527  0  7137  6850  6850  0.083154047353  
1439618389  0  1122670  928  0  0  0  495  10593  0  11653096034  2912  0  1076474  1076474  0  0  61785  2706  0  317279  457  61785  0  10593  928  65829  314  71690045  0  6669  6918  6918  0.0826600871138  
1439618399  0  1144033  930  0  0  0  1300  27553  0  11879868452  2912  0  1097935  1097935  0  0  61785  2706  0  317381  1203  61785  0  27553  930  66482  314  226772418  2  21363  21461  21461  0.0812913613506  
1439618409  0  1166819  930  0  0  0  2147  45188  0  12122639790  2912  0  1120727  1120727  0  0  61785  2706  0  317545  1980  61785  0  45188  930  67619  314  242771338  0  22786  22792  22792  0.079703878665  
1439618419  0  1179563  930  0  0  0  1694  35468  0  12267435536  2912  0  1133403  1133403  0  0  61785  2706  0  317606  1573  61785  0  35468  930  68226  314  144795746  0  12744  12676  12676  0.0788427578688  
1439618429  0  1201172  930  0  0  0  1686  34757  0  12500743738  2912  0  1155056  1155056  0  0  61785  2706  0  317713  1580  61785  0  34757  930  68860  314  233308202  0  21609  21653  21653  0.0774243821867  
1439618439  0  1224258  930  0  0  0  2343  48261  0  12752317289  2912  0  1178372  1178372  0  0  61785  2706  0  317879  2160  61785  0  48261  930  69984  314  251573551  0  23086  23316  23316  0.0759643800571  
1439618449  0  1244826  930  0  0  0  2107  44318  0  12977775676  2912  0  1199039  1199039  0  0  61785  2706  0  318027  1943  61785  0  44318  930  70869  314  225458387  0  20568  20667  20667  0.0747092364716  
1439618459  0  1251991  930  0  0  0  1525  31934  0  13049948009  2912  0  1205975  1205975  0  0  61785  2706  0  318071  1422  61785  0  31934  930  71195  314  72172333  0  7165  6936  6936  0.0742816841335  
1439618469  0  1256255  930  0  0  0  679  13767  0  13093917950  2912  0  1210198  1210198  0  0  61785  2706  0  318094  634  61785  0  13767  930  71195  314  43969941  0  4264  4223  4223  0.0740295561013  
1439618479  0  1269527  930  0  0  0  900  18640  0  13241405975  2912  0  1223828  1223828  0  0  61785  2706  0  318182  839  61785  0  18640  930  71983  314  147488025  0  13272  13630  13630  0.0732556298527  
1439618489  0  1280041  930  0  0  0  1027  21129  0  13352787039  2912  0  1234326  1234326  0  0  61785  2706  0  318245  965  61785  0  21129  930  72338  314  111381064  0  10514  10498  10498  0.072653922804  
1439618499  0  1297911  930  0  0  0  1158  24097  0  13546733711  2912  0  1252293  1252293  0  0  61785  2706  0  318323  1077  61785  0  24097  930  72913  314  193946672  0  17870  17967  17967  0.0716536033673  
1439618509  0  1314335  930  0  0  0  1337  28520  0  13717973993  2912  0  1268654  1268654  0  0  61785  2706  0  318448  1236  61785  0  28520  930  73890  314  171240282  0  16424  16361  16361  0.0707582161321  
1439618519  0  1333182  930  0  0  0  1470  30335  0  13919627995  2912  0  1287373  1287373  0  0  61785  2706  0  318524  1359  61785  0  30335  930  74660  314  201654002  0  18847  18719  18719  0.0697579175236  
1439618529  0  1352720  930  0  0  0  1434  28635  0  14135386901  2912  0  1307045  1307045  0  0  61785  2706  0  318615  1317  61785  0  28635  930  75265  314  215758906  0  19538  19672  19672  0.0687503696256  
1439618539  0  1359126  930  0  0  0  1210  24953  0  14199695149  2912  0  1313632  1313632  0  0  61785  2706  0  318649  1124  61785  0  24953  930  75585  314  64308248  0  6406  6587  6587  0.0684263269189  
1439618549  0  1366180  930  0  0  0  796  17173  0  14272021049  2912  0  1320278  1320278  0  0  61785  2706  0  318705  742  61785  0  17173  930  75922  314  72325900  0  7054  6646  6646  0.0680730211246  
1439618559  0  1375856  930  0  0  0  764  16562  0  14372726810  2912  0  1330194  1330194  0  0  61785  2706  0  318742  699  61785  0  16562  930  76265  314  100705761  0  9676  9916  9916  0.0675942831227  
1439618569  0  1386660  930  0  0  0  1016  21619  0  14481225568  2912  0  1340834  1340834  0  0  61785  2706  0  318807  935  61785  0  21619  930  76743  314  108498758  0  10804  10640  10640  0.0670676301328  
1439618579  0  1393638  930  0  0  0  918  19115  0  14557358199  2912  0  1348069  1348069  0  0  61785  2706  0  318858  836  61785  0  19115  930  77049  314  76132631  0  6978  7235  7235  0.0667318198844  
1439618589  0  1419650  945  0  0  0  1806  37794  0  14823661726  2912  0  1374007  1374007  0  0  61785  2706  0  318982  1663  61785  0  37794  945  77995  314  266303527  15  26012  25938  25938  0.0665657028141  
1439618599  0  1435746  947  0  0  0  1842  38448  0  14997992199  2912  0  1390311  1390311  0  0  61785  2706  0  319053  1682  61785  0  38448  947  78655  314  174330473  2  16096  16304  16304  0.0659587420059  
1439618609  0  1444569  947  0  0  0  1310  27123  0  15092392859  2912  0  1398995  1398995  0  0  61785  2706  0  319616  1202  61785  0  27123  947  79158  315  94400660  0  8823  8684  8684  0.0655558855271  
1439618619  0  1444941  947  0  0  0  582  12029  0  15092869216  2912  0  1398995  1398995  0  0  61785  2706  0  319616  538  61785  0  12029  947  79158  315  476357  0  372  0  0  0.0655390081671  
1439618629  0  1444941  947  0  0  0  0  0  0  15092869216  2912  0  1398995  1398995  0  0  61785  2706  0  319616  0  61785  0  0  947  79158  315  0  0  0  0  0  0.0655390081671  
