#type:T;
#time  gt  cn  Pt  Px  gx  cx  gn  gm  Pn  Pm  Ft  cm  pt  Fx  px  ct  pn  Fm  Fn  pm  dn  On  Om  dm  dx  Ox  dt  Ot  Gt  Cn  Cm  Gx  Cx  Gn  Gm  Ct  
1438774926  2279455  0  0  0  10121  0  2505  157  0  2147483647  33915  2147483647  0  2775  0  0  0  961  21  2147483647  0  46  1038  2147483647  0  3968  0  100716  0  0  2147483647  0  0  0  2147483647  0  
1438774936  2279455  0  0  0  10121  0  2505  157  0  2147483647  33915  2147483647  0  2775  0  0  0  961  21  2147483647  0  46  1038  2147483647  0  3968  0  100716  0  0  2147483647  0  0  0  2147483647  0  
1438774946  2418230  0  0  0  10121  0  2605  157  0  2147483647  33915  2147483647  0  2775  0  0  0  961  21  2147483647  0  1383  432  2147483647  0  8060  0  5418545  0  0  2147483647  0  0  0  2147483647  0  
1438774956  2418230  0  0  0  10121  0  2605  157  0  2147483647  33915  2147483647  0  2775  0  0  0  961  21  2147483647  0  2888  272  2147483647  0  8060  0  11042827  0  0  2147483647  0  0  0  2147483647  0  
1438774966  2673826  0  15938233  25613  10121  0  2825  157  3418  2858  49627  2147483647  0  2775  0  0  0  211  73  2147483647  0  4273  257  2147483647  0  52392  0  16264489  3405149  3698  1122  33108  8386  327  3070  6501173  
1438774976  2673826  0  18852355  39591  10121  0  2825  157  3857  2858  15808882  2147483647  0  28281  0  0  0  205  17511  2147483647  0  4273  257  2147483647  0  52392  0  16264489  3405149  4137  1119  33108  32939  327  3070  7332649  
1438774986  2673826  0  18852355  39591  10121  0  2825  157  3857  2858  47218328  2147483647  0  28960  0  0  0  205  53620  2147483647  0  4273  257  2147483647  0  52392  0  16264489  3405149  4137  1119  33108  32939  327  3070  7332649  
1438774996  2698954  0  24111840  41989  10121  0  2842  157  4639  2858  89679920  2147483647  0  39215  0  0  0  205  99313  2147483647  0  4576  242  2147483647  0  197842  0  20235102  3405149  4919  1119  33108  32939  327  3070  9005126  
1438775006  2730376  0  24364105  43137  10121  0  2868  157  4651  2858  132692419  2147483647  0  39215  0  0  0  205  148021  2147483647  0  5767  202  2147483647  0  197842  0  21893662  3405149  4931  1119  33108  32939  327  3070  9050821  
1438775017  14884061  0  48780186  59086  16724  0  14593  157  6386  2858  184679649  2147483647  0  39215  0  0  0  205  224329  2147483647  0  7419  202  2147483647  0  197842  0  23990412  5685877  6880  942  33108  32939  555  3070  15696828  
1438775027  27730139  0  67520881  64465  16724  0  26852  157  7543  2858  208621320  2147483647  0  39215  0  0  0  205  250163  2147483647  0  8434  202  2147483647  0  197842  0  25879028  5685877  8037  942  33108  32939  555  3070  19948953  
1438775037  42345409  0  251503135  64465  16724  0  39985  157  21131  2858  227212504  2147483647  0  47338  0  0  0  205  269253  2147483647  0  8864  202  2147483647  0  197842  0  27280557  6068990  21653  942  33108  43393  584  3070  65754513  
1438775047  55032944  0  425607802  68029  30562  0  51413  157  33909  2858  239591310  2147483647  0  47338  0  0  0  205  281755  2147483647  0  9441  202  2147483647  0  197842  0  28918299  6364642  34454  942  33108  43393  609  3070  108210721  
1438775057  70743401  0  616704066  72416  455220  0  63034  157  46719  2858  254385600  2147483647  0  47338  0  0  0  205  295434  2147483647  0  9976  202  2147483647  0  458459  0  40169267  6488394  47269  942  33108  43393  616  3070  153915447  
1438775067  89351158  0  880186948  72416  455220  0  79277  157  64730  2858  275410940  2147483647  0  47338  0  0  0  205  315106  2147483647  0  10931  202  2147483647  0  602237  0  65346602  7421866  65280  942  33108  43393  781  1549  216756097  
1438775077  99221781  0  1031832692  86366  455220  0  88032  157  75192  2858  293339781  2147483647  0  348657  0  0  0  205  330039  2147483647  0  11669  202  2147483647  0  602237  0  82612925  17780588  75772  942  34271  43393  1960  1549  252651689  
1438775087  109746855  0  1200833634  86366  455220  0  97204  157  86761  2858  306319452  2147483647  0  348657  0  0  0  205  341838  2147483647  0  12009  202  2147483647  0  602237  0  90267193  29949957  87355  942  36611  43393  3245  1524  292470852  
1438775097  119727870  0  1429722896  805706  455220  0  107839  157  95332  2858  323299171  2147483647  56289831  348657  49833  0  5307  205  358222  2096  0  12400  202  2147483647  0  640522  0  96199296  46098460  95933  942  359941  43393  5000  1524  321419373  
1438775107  129835017  0  1429722896  805706  455220  0  120712  157  95332  2858  337761628  2147483647  193468830  348657  49833  0  17870  205  373546  2096  0  12732  202  2147483647  0  640522  0  97134910  46098460  95933  942  359941  43393  5000  1524  321419373  
1438775117  139721438  0  1429722896  805706  455220  0  133174  154  95332  2858  353664344  2147483647  354321417  348657  67283  0  32581  205  390042  2096  0  13178  202  2147483647  0  640522  0  98292792  46098460  95933  942  359941  43393  5000  1524  321419373  
1438775127  148235286  0  1429722896  805706  455220  0  144532  154  95332  2858  368270756  2147483647  479863665  348657  67283  0  43870  205  405387  2096  0  13527  202  2147483647  0  640522  0  99237483  46098460  95933  942  359941  43393  5000  1524  321419373  
1438775137  155569870  0  1429722896  805706  455220  0  154570  154  95332  2858  380565367  2147483647  570599138  348657  67283  0  52509  205  418256  2093  0  13830  202  2147483647  0  640522  0  100062028  46098460  95933  942  359941  43393  5000  1524  321419373  
1438775147  163389579  0  1429722896  805706  455220  0  164832  154  95332  2858  393984690  2147483647  677824262  348657  67283  0  62682  205  432237  2093  0  14193  202  2147483647  0  640522  0  101027805  46098460  95933  942  359941  43393  5000  1524  321419373  
1438775157  169736968  0  1429722896  805706  455220  0  173435  154  95332  2858  404271636  2147483647  783256472  348657  67283  0  73214  205  443501  2093  0  14504  202  2147483647  0  640522  0  101835106  46098460  95933  942  359941  43393  5000  1524  321419373  
1438775167  176349378  0  1429722896  805706  455220  0  181676  154  95332  2858  415175263  2147483647  868478641  348657  67283  0  81163  205  454962  2093  0  14860  202  2147483647  0  640522  0  102756029  46098460  95933  942  359941  43393  5000  1524  321419373  
1438775177  183691285  0  1429722896  805706  455220  0  191035  154  95332  2858  426497970  2147483647  965416627  348657  67283  0  91121  205  468083  2056  0  15184  202  2147483647  0  640522  0  103581864  46098460  95933  942  359941  43393  5000  1524  321419373  
1438775187  192046389  0  1429722896  805706  455220  0  201907  154  95332  2858  439079493  2147483647  1060624547  348657  67283  0  100310  205  481987  2056  0  15559  202  2147483647  0  640522  0  104501019  46098460  95933  942  359941  43393  5000  1524  321419373  
1438775197  199405950  0  1429722896  805706  455220  0  211765  154  95332  2858  450500559  2147483647  1179903118  348657  67283  0  111399  205  494063  2056  0  16013  202  2147483647  0  640522  0  105474802  46098460  95933  942  359941  43393  5000  1524  321419373  
1438775207  206694982  0  1429722896  805706  455220  0  220971  154  95332  2858  462575399  2147483647  1269622900  348657  67283  0  119879  205  506829  2056  0  16338  202  2147483647  0  640522  0  106290075  46098460  95933  942  359941  43393  5000  1524  321419373  
1438775217  214259627  0  1429722896  805706  455220  0  230551  154  95332  2858  473893161  2147483647  1368168275  348657  67283  0  128993  205  519606  2056  0  16838  202  2147483647  0  640522  0  107277735  46098460  95933  942  359941  43393  5000  1524  321419373  
1438775227  221398415  0  1429722896  805706  455220  0  239619  154  95332  2858  484158402  2147483647  1445368157  348657  67283  0  136203  205  530290  2056  0  17129  202  2147483647  0  640522  0  108035990  46098460  95933  942  359941  43393  5000  1524  321419373  
1438775237  228832988  0  1429722896  805706  455220  0  249364  154  95332  2858  495816142  2147483647  1559902830  348657  67283  0  147191  205  544374  2056  0  17533  202  2147483647  0  640522  0  109006716  46098460  95933  942  359941  43393  5000  1524  321419373  
1438775247  235776105  0  1429722896  805706  455220  0  258680  154  95332  2858  507226367  2147483647  1644428447  348657  67283  0  155691  205  557067  2056  0  18078  202  2147483647  0  640522  0  110092378  46098460  95933  942  359941  43393  5000  1524  321419373  
1438775257  242199670  0  1429722896  805706  455220  0  266989  154  95332  2858  517448332  2147483647  1738040354  348657  67283  0  164244  205  568304  2056  0  18394  202  2147483647  0  640522  0  110940859  46098460  95933  942  359941  43393  5000  1524  321419373  
1438775267  250148374  0  1429722896  805706  455220  0  277028  154  95332  2858  529235899  2147483647  1847521170  348657  67283  0  174963  205  582114  2056  0  18785  202  2147483647  0  640522  0  111870389  46098460  95933  942  359941  43393  5000  1524  321419373  
1438775277  257403475  0  1429722896  805706  455220  0  286061  154  95332  2858  538531250  2147483647  1962217812  348657  67283  0  185322  205  591929  2056  0  19096  202  2147483647  0  640522  0  112577628  46098460  95933  942  359941  43393  5000  1524  321419373  
1438775287  265074249  0  1429722896  805706  455220  0  296121  154  95332  2858  550694358  2147483647  2071147717  348657  67283  0  195249  205  605847  2056  0  19564  202  2147483647  0  640522  0  113552562  46098460  95933  942  359941  43393  5000  1524  321419373  
1438775297  272593688  0  1429722896  805706  455220  0  305952  154  95332  2858  560840970  2147483647  2176872616  348657  67283  0  205364  205  616634  2056  0  20181  202  2147483647  0  640522  0  114674010  46098460  95933  942  359941  43393  5000  1524  321419373  
1438775307  280393688  0  1429722896  805706  455220  0  315926  154  95332  2858  573069821  2147483647  2264994229  348657  67283  0  213851  205  629350  2056  0  20762  202  2147483647  0  640522  0  115709435  46098460  95933  942  359941  43393  5000  1524  321419373  
1438775317  287855305  0  1429722896  805706  455220  0  325362  154  95332  2858  582965622  2147483647  2364103408  348657  78864  0  222958  205  639643  2056  0  21182  202  2147483647  0  640522  0  116646781  46098460  95933  942  359941  43393  5000  1524  321419373  
1438775327  295861473  0  1429722896  805706  455220  0  335750  154  95332  2858  594348251  2147483647  2478410561  348657  78864  0  233313  205  653086  2056  0  21644  202  2147483647  0  640522  0  117635913  46098460  95933  942  359941  43393  5000  1524  321419373  
1438775337  301838829  0  1429722896  805706  455220  0  343664  154  95332  2858  603237362  2147483647  2564368394  348657  78864  0  241387  205  662793  2056  0  22136  202  2147483647  0  640522  0  118548013  46098460  95933  942  359941  43393  5000  1524  321419373  
1438775347  308934166  0  1429722896  805706  455220  0  352914  154  95332  2858  612375468  2147483647  2657721545  348657  78864  0  250351  205  675753  2056  0  22571  202  2147483647  0  640522  0  119386267  46098460  95933  942  359941  43393  5000  1524  321419373  
1438775357  316158119  0  1429722896  805706  455220  0  362244  154  95332  2858  622237696  2147483647  2767655539  348657  78864  0  260473  205  685744  2056  0  22866  202  2147483647  0  640522  0  120210616  46098460  95933  942  359941  43393  5000  1524  321419373  
1438775367  321919224  0  1429722896  805706  455220  0  369895  154  95332  2858  631291963  2147483647  2861890267  348657  78864  0  269556  205  695693  2056  0  23311  202  2147483647  0  640522  0  121211858  46098460  95933  942  359941  43393  5000  1524  321419373  
1438775377  329254292  0  1429722896  805706  455220  0  379805  154  95332  2858  642641881  2147483647  2970785665  348657  78864  0  279860  205  707458  2056  0  23850  202  2147483647  0  640522  0  122278638  46098460  95933  942  359941  43393  5000  1524  321419373  
1438775387  335255778  0  1429722896  805706  455220  0  387501  154  95332  2858  651676642  2147483647  3048449638  348657  78864  0  287131  205  717310  2056  0  24190  202  2147483647  0  640522  0  123057208  46098460  95933  942  359941  43393  5000  1524  321419373  
1438775397  342011322  0  1429722896  805706  455220  0  396553  154  95332  2858  662055452  2147483647  3131140414  348657  78864  0  295178  205  728727  2056  0  24744  202  2147483647  0  640522  0  124145330  46098460  95933  942  359941  43393  5000  1524  321419373  
1438775407  347861126  0  1429722896  805706  455220  0  403819  154  95332  2858  671795689  2147483647  3216929431  348657  78864  0  302849  205  738384  2056  0  25007  202  2147483647  0  640522  0  124891202  46098460  95933  942  359941  43393  5000  1524  321419373  
1438775417  355467763  0  1429722896  805706  455220  0  413283  154  95332  2858  682795299  2147483647  3330217275  348657  78864  0  312987  205  750057  2056  0  25416  202  2147483647  0  640522  0  125853698  46098460  95933  942  359941  43393  5000  1524  321419373  
1438775427  361619884  0  1429722896  805706  455220  0  421258  154  95332  2858  692608566  2147483647  3410046578  348657  78864  0  320251  205  760967  2056  0  25880  202  2147483647  0  640522  0  126750598  46098460  95933  942  359941  43393  5000  1524  321419373  
1438775437  367275329  0  1429722896  805706  455220  0  428620  154  95332  2858  704252505  2147483647  3501950195  348657  78864  0  328642  205  773271  2056  0  26324  202  2147483647  0  640522  0  127727719  46098460  95933  942  359941  43393  5000  1524  321419373  
1438775447  373672143  0  1429722896  805706  455220  0  436790  154  95332  2858  713064066  2147483647  3588992743  348657  78864  0  336794  205  782569  2056  0  26581  202  2147483647  0  640522  0  128473171  46098460  95933  942  359941  43393  5000  1524  321419373  
1438775457  379226667  0  1429722896  805706  455220  0  443980  154  95332  2858  721505227  2147483647  3659096183  348657  78864  0  343650  205  791291  2056  0  26791  202  2147483647  0  640522  0  129095192  46098460  95933  942  359941  43393  5000  1524  321419373  
1438775467  386284707  0  1429722896  805706  455220  0  453407  154  95332  2858  733013934  2147483647  3771853977  348657  78864  0  354476  205  803578  2056  0  27198  202  2147483647  0  640522  0  130025856  46098460  95933  942  359941  43393  5000  1524  321419373  
1438775477  393329556  0  1429722896  805706  455220  0  462752  154  95332  2858  743925796  2147483647  3850248308  348657  78864  0  362228  205  815349  2056  0  27723  202  2147483647  0  640522  0  131024836  46098460  95933  942  359941  43393  5000  1524  321419373  
1438775487  398591837  0  1429722896  805706  455220  0  469686  154  95332  2858  752985187  2147483647  3912666433  348657  78864  0  368136  205  825176  2056  0  28018  202  2147483647  0  640522  0  131605868  46098460  95933  942  359941  43393  5000  1524  321419373  
1438775497  405381554  0  1429722896  805706  455220  0  478339  154  95332  2858  763010395  2147483647  4010540010  348657  78864  0  377459  205  835549  2056  0  28275  202  2147483647  0  640522  0  132355043  46098460  95933  942  359941  43393  5000  1524  321419373  
1438775507  410687624  0  1429722896  805706  455220  0  485040  154  95332  2858  772253156  2147483647  4098308038  348657  78864  0  386072  205  845610  2056  0  28726  202  2147483647  0  640522  0  133265321  46098460  95933  942  359941  43393  5000  1524  321419373  
1438775517  416400871  0  1429722896  805706  455220  0  492836  154  95332  2858  784072060  2147483647  4162846068  348657  78864  0  392603  205  858451  2056  0  29072  202  2147483647  0  640522  0  133965970  46098460  95933  942  359941  43393  5000  1524  321419373  
1438775527  422309992  0  1429722896  805706  455220  0  500248  154  95332  2858  793308379  2147483647  4240410651  348657  78864  0  399818  205  867978  2056  0  29431  202  2147483647  0  640522  0  134772841  46098460  95933  942  359941  43393  5000  1524  321419373  
1438775537  429809830  0  1429722896  805706  455220  0  509721  154  95332  2858  806616696  2147483647  4326355495  348657  78864  0  407712  205  882014  2056  0  29999  202  2147483647  0  640522  0  135845961  46098460  95933  942  359941  43393  5000  1524  321419373  
1438775547  435696016  0  1429722896  805706  455220  0  517254  154  95332  2858  816189424  2147483647  4423911197  348657  78864  0  416564  205  892120  2056  0  30324  202  2147483647  0  640522  0  136696218  46098460  95933  942  359941  43393  5000  1524  321419373  
1438775557  442277722  0  1429722896  805706  455220  0  525655  154  95332  2858  825520134  2147483647  4516522018  348657  78864  0  425295  205  902491  2056  0  30684  202  2147483647  0  640522  0  137534116  46098460  95933  942  359941  43393  5000  1524  321419373  
1438775567  447281218  0  1429722896  805706  455220  0  532576  154  95332  2858  834354256  2147483647  4599313049  348657  78864  0  433004  205  912584  2056  0  31115  202  2147483647  0  640522  0  138265163  46098460  95933  942  359941  43393  5000  1524  321419373  
1438775577  454927791  0  1429722896  805706  455220  0  542400  154  95332  2858  846113693  2147483647  4691796399  348657  78864  0  441612  205  925440  2056  0  31422  202  2147483647  0  640522  0  139135865  46098460  95933  942  359941  43393  5000  1524  321419373  
1438775587  459821671  0  1429722896  805706  455220  0  548633  154  95332  2858  853586192  2147483647  4767919041  348657  78864  0  448598  205  934132  2056  0  31632  202  2147483647  0  640522  0  139727088  46098460  95933  942  359941  43393  5000  1524  321419373  
1438775597  465501910  0  1429722896  805706  455220  0  556007  154  95332  2858  863136717  2147483647  4844242760  348657  78864  0  455724  205  944145  2056  0  32094  202  2147483647  0  640522  0  140652180  46098460  95933  942  359941  43393  5000  1524  321419373  
1438775607  473041107  0  1429722896  805706  455220  0  565471  154  95332  2858  873718661  2147483647  4948339802  348657  78864  0  465153  205  955791  2056  0  32396  202  2147483647  0  640522  0  141419917  46098460  95933  942  359941  43393  5000  1524  321419373  
