#type:T;
#time  gt  cn  Pt  Px  gx  cx  gn  gm  Pn  Pm  Ft  cm  pt  Fx  px  ct  pn  Fm  Fn  pm  dn  On  Om  dm  dx  Ox  dt  Ot  Gt  Cn  Cm  Gx  Cx  Gn  Gm  Ct  
1438559889  2366897  0  0  0  11827  0  2505  160  0  2147483647  20260  2147483647  0  3084  0  0  0  329  21  2147483647  0  46  254  2147483647  0  4805  0  45742  0  0  2147483647  0  0  0  2147483647  0  
1438559899  2366897  0  0  0  11827  0  2505  160  0  2147483647  20260  2147483647  0  3084  0  0  0  329  21  2147483647  0  46  254  2147483647  0  4805  0  45742  0  0  2147483647  0  0  0  2147483647  0  
1438559909  89705029  0  407032839  582116  47554  0  106963  154  26487  3161  65736  2147483647  0  5549  0  0  0  245  64  2147483647  0  46  254  2147483647  0  4805  0  45742  0  26487  707  0  577543  0  2147483647  91550987  
1438559919  200905775  0  2535007149  582116  51290  0  199749  154  142701  3161  65736  2147483647  0  5549  0  0  0  245  64  2147483647  0  46  254  2147483647  0  4805  0  45742  234911321  167750  707  82972  577543  25437  2447  531740271  
1438559929  235242584  0  8022933131  582116  51290  0  226751  154  451233  3161  75856  2147483647  0  5549  0  0  0  245  74  2147483647  0  46  254  2147483647  0  4805  0  45742  2902279721  754056  477  518412  577543  307214  1784  2196586368  
1438559940  254973276  0  18989542863  22463731  51290  0  257822  154  1295164  3161  75856  2147483647  0  5549  0  0  0  245  74  2147483647  0  46  254  2147483647  0  4805  0  45742  7869337201  2407574  477  22460709  577543  1120174  1663  5567228101  
1438559950  273123305  0  31925635675  22463731  51290  0  291246  154  2327362  2939  75856  2147483647  0  5549  0  0  0  245  74  2147483647  0  46  254  2147483647  0  4805  0  45742  13690221847  4434188  453  22460709  577543  2118779  1488  9545514571  
1438559960  291474599  0  45758917956  22463731  51290  0  328929  154  3425783  2939  75856  2147483647  0  5549  0  0  0  245  74  2147483647  0  46  254  2147483647  0  4805  0  45742  19672333394  6588959  453  22460709  577543  3179652  1488  13818727234  
1438559970  309729544  0  59588678157  22463731  51290  0  365494  154  4523043  2939  75856  2147483647  0  5549  0  0  0  245  74  2147483647  0  46  254  2147483647  0  4805  0  45742  25685750112  8742210  450  22460709  577543  4240317  1488  18052070574  
1438559980  326496140  0  72408549009  29279810  51290  0  397543  154  5542203  2924  75856  2147483647  0  5549  0  0  0  245  74  2147483647  0  46  254  2147483647  0  4805  0  45742  31350461305  10744505  360  29268935  577543  5227442  1488  21990267582  
1438559990  346800592  0  86301878716  29279810  51290  0  436856  154  6642260  2924  75856  2147483647  0  5549  0  0  0  245  74  2147483647  0  46  254  2147483647  0  4805  0  45742  37347405274  12900958  360  29268935  577543  6288262  1488  26234648438  
1438560000  367001717  0  100510450467  29279810  51290  0  475100  154  7720795  2924  75856  2147483647  0  5549  0  0  0  245  74  2147483647  0  46  254  2147483647  0  4805  0  45742  43693115379  15015295  360  29268935  612214  7328434  1488  30444965131  
1438560010  383355981  0  113764279262  29279810  51290  0  507877  154  8781431  2924  75856  2147483647  0  5549  0  0  0  245  74  2147483647  0  46  254  2147483647  0  4805  0  45742  49421853407  17100270  304  29268935  612214  8356762  1488  34484112649  
1438560020  404507218  0  128863107764  29279810  51290  0  549624  154  9979292  2849  75856  2147483647  0  5549  0  0  0  245  74  2147483647  0  46  254  2147483647  0  4805  0  45742  56002045526  19449016  304  29268935  612214  9512582  1488  39141157753  
1438560030  423208540  0  143174425209  29279810  51290  0  587028  154  11069844  2849  75856  2147483647  0  5549  0  0  0  245  74  2147483647  0  46  254  2147483647  0  4805  0  45742  62240477321  21588063  304  29268935  612214  10565588  1488  43351386975  
1438560040  441773806  0  156824907024  29279810  51290  0  623798  154  12144632  2849  75856  2147483647  0  5549  0  0  0  245  74  2147483647  0  46  254  2147483647  0  4805  0  45742  68116417955  23697196  304  29268935  612214  11604069  1488  47473871634  
1438560050  459845802  0  170373716840  29279810  51290  0  659372  154  13217655  2849  75856  2147483647  0  5549  0  0  0  245  74  2147483647  0  46  254  2147483647  0  4805  0  45742  74006882277  25802961  304  29268935  612214  12641082  1488  51606134458  
1438560060  478398850  0  184911498550  29279810  51290  0  696594  154  14337091  2849  75856  2147483647  0  5549  0  0  0  245  74  2147483647  0  46  254  2147483647  0  4805  0  45742  80451347826  27999611  304  29268935  612214  13723060  1488  55928825206  
1438560070  495309644  0  198572879847  29279810  51290  0  731738  154  15420840  2849  75856  2147483647  0  5549  0  0  0  245  74  2147483647  0  46  254  2147483647  0  4805  0  45742  86358172146  30127662  304  29268935  612214  14771822  1488  60095318635  
1438560080  511759336  0  212233770061  29279810  51290  0  764346  154  16501838  2849  75856  2147483647  0  5549  0  0  0  245  74  2147483647  0  46  254  2147483647  0  4805  0  45742  92453240408  32253140  304  29268935  612214  15820572  1488  64250115292  
1438560090  533069110  0  227805940025  29279810  51290  0  804734  154  17708828  2849  75856  2147483647  0  5549  0  0  0  245  74  2147483647  0  46  254  2147483647  0  4805  0  45742  99333179328  34621410  304  29268935  612214  16986917  1488  68951270854  
1438560100  552100578  0  241855309407  29279810  51290  0  843159  154  18786768  2849  75856  2147483647  0  5549  0  0  0  245  74  2147483647  0  46  254  2147483647  0  4805  0  45742  105656207540  36734253  304  29268935  612214  18026275  1488  73110480397  
1438560110  569551840  0  255053802167  29279810  51290  0  877759  154  19836309  2849  75856  2147483647  0  5549  0  0  0  245  74  2147483647  0  46  254  2147483647  0  4805  0  45742  111345825152  38795352  304  29268935  612214  19041445  1488  77106717269  
1438560120  587675403  0  269172943555  29279810  51290  0  913864  154  20938724  2849  75856  2147483647  0  5549  0  0  0  245  74  2147483647  0  46  254  2147483647  0  4805  0  45742  117646937145  40959439  304  29268935  612214  20107730  1488  81387363196  
1438560130  605333967  0  282336702202  29279810  51290  0  947270  154  21981018  2846  75856  2147483647  0  5549  0  0  0  245  74  2147483647  0  46  254  2147483647  0  4805  0  45742  123412830667  43006483  304  29268935  612214  21116623  1488  85398270931  
1438560140  620714750  0  294628702306  29279810  51290  0  978842  154  22955799  2846  75856  2147483647  0  5549  0  0  0  245  74  2147483647  0  46  254  2147483647  0  4805  0  45742  128821163092  44920545  304  29268935  612214  22059558  1488  89167145557  
1438560150  639083920  0  308100996366  29279810  51290  0  1015456  154  24017976  2846  75856  2147483647  0  5549  0  0  0  245  74  2147483647  0  46  254  2147483647  0  4805  0  45742  134659999368  47004195  304  29268935  612214  23085230  1488  93302945328  
1438560160  659734559  0  323544146657  29279810  51290  0  1056043  154  25199621  2846  75856  2147483647  0  5549  0  0  0  245  74  2147483647  0  46  254  2147483647  0  4805  0  45742  141769346536  49321901  304  29268935  612214  24226383  1488  97879694915  
1438560170  676973188  0  337069346468  29279810  51290  0  1090169  154  26278516  2846  75856  2147483647  0  5549  0  0  0  245  74  2147483647  0  46  254  2147483647  0  4805  0  45742  147750788566  51441268  304  29268935  612214  25271018  1488  101986718534  
1438560180  696122644  0  351405063401  29279810  51290  0  1128739  154  27431999  2846  75856  2147483647  0  5549  0  0  0  245  74  2147483647  0  46  254  2147483647  0  4805  0  45742  153885402264  53705092  304  29268935  612214  26386030  1488  106404420974  
1438560190  711987899  0  363646694553  29279810  53839  0  1158981  154  28416800  2734  75856  2147483647  0  5549  0  0  0  245  74  2147483647  0  46  254  2147483647  0  4805  0  45742  159340683934  55640593  304  29268935  612214  27340426  1488  110178923711  
1438560200  730048898  0  377115001371  29279810  53839  0  1194363  154  29483878  2734  75856  2147483647  0  5549  0  0  0  245  74  2147483647  0  46  254  2147483647  0  4805  0  45742  165208541921  57735811  304  29268935  612214  28372388  1488  114260421799  
1438560210  748679269  0  391462577739  29279810  53839  0  1232120  154  30621283  2734  75856  2147483647  0  5549  0  0  0  245  74  2147483647  0  46  254  2147483647  0  4805  0  45742  171540024481  59968209  304  29268935  612214  29472069  1488  118648296093  
1438560220  767329802  0  406204145043  29279810  53839  0  1269558  154  31749690  2734  75856  2147483647  0  5549  0  0  0  245  74  2147483647  0  46  254  2147483647  0  4805  0  45742  177843942298  62182687  304  29268935  612214  30562955  1488  123020542623  
1438560230  787434182  0  420531538398  29279810  53839  0  1308033  154  32867310  2734  75856  2147483647  0  5549  0  0  0  245  74  2147483647  0  46  254  2147483647  0  4805  0  45742  184112388685  64374662  304  29268935  612214  31641880  1488  127371674378  
1438560240  806266013  0  434739774564  29279810  53839  0  1344108  154  33982518  2734  75856  2147483647  0  5549  0  0  0  245  74  2147483647  0  46  254  2147483647  0  4805  0  45742  190293883680  66564612  304  29268935  612214  32721298  1488  131686942158  
1438560250  825590357  0  447563113482  29279810  53839  0  1380376  154  34999586  2734  75856  2147483647  0  5549  0  0  0  245  74  2147483647  0  46  254  2147483647  0  4805  0  45742  195771633093  68558270  304  29268935  612214  33702168  1488  135627829792  
1438560260  843327911  0  461892579686  29279810  53839  0  1416946  154  36105717  2734  75856  2147483647  0  5549  0  0  0  245  74  2147483647  0  46  254  2147483647  0  4805  0  45742  202188815355  70728996  304  29268935  612214  34771494  1488  139869035440  
1438560270  860806123  0  475151630389  29279810  53839  0  1452864  154  37175866  2734  75856  2147483647  0  5549  0  0  0  245  74  2147483647  0  46  254  2147483647  0  4805  0  45742  207804763635  72829749  304  29268935  612214  35805916  1488  143926001976  
1438560280  878920357  0  488823100542  29279810  53839  0  1489715  154  38304978  2734  75856  2147483647  0  5549  0  0  0  245  74  2147483647  0  46  254  2147483647  0  4805  0  45742  213798932577  75046461  304  29268935  612214  36897917  1488  148044441126  
1438560290  897970271  0  502719844091  29279810  53839  0  1527342  154  39420199  2734  75856  2147483647  0  5549  0  0  0  245  74  2147483647  0  46  254  2147483647  0  4805  0  45742  219879963630  77235235  304  29268935  612214  37975717  1488  152152339778  
1438560300  917499121  0  517700828183  29279810  53839  0  1566780  154  40677324  2734  75856  2147483647  0  5549  0  0  0  245  74  2147483647  0  46  254  2147483647  0  4805  0  45742  226416894950  79704891  304  29268935  612214  39193311  1488  156760988028  
1438560310  934910139  0  530732462842  29279810  53839  0  1601758  154  41749576  2734  75856  2147483647  0  5549  0  0  0  245  74  2147483647  0  46  254  2147483647  0  4805  0  45742  232175235468  81810489  304  29268935  612214  40230620  1488  160676463453  
1438560320  953857958  0  544464069121  29279810  53839  0  1639410  154  42854591  2734  75856  2147483647  0  5549  0  0  0  245  74  2147483647  0  46  254  2147483647  0  4805  0  45742  238270787641  83978545  304  29268935  612214  41298061  1488  164749236550  
1438560330  970320042  0  557194907695  29279810  53839  0  1671094  154  43882715  2734  75856  2147483647  0  5549  0  0  0  245  74  2147483647  0  46  254  2147483647  0  4805  0  45742  243654578304  85999613  304  29268935  612214  42294452  1488  168469884922  
1438560340  988176747  0  571211630744  29279810  53839  0  1708359  154  45059015  2734  75856  2147483647  0  5549  0  0  0  245  74  2147483647  0  46  254  2147483647  0  4805  0  45742  249682992901  88310544  304  29268935  612214  43433429  1488  172746807391  
1438560350  1007293182  0  584730570767  29279810  53839  0  1746521  154  46177567  2734  75856  2147483647  0  5549  0  0  0  245  74  2147483647  0  46  254  2147483647  0  4805  0  45742  255582192025  90505142  304  29268935  612214  44513802  1488  176840880876  
1438560360  1027113188  0  599858639908  29279810  53839  0  1786534  154  47416442  2734  75856  2147483647  0  5549  0  0  0  245  74  2147483647  0  46  254  2147483647  0  4805  0  45742  262325641501  92938601  304  29268935  612214  45712768  1488  181356361041  
1438560370  1043399576  0  612394244711  29279810  53839  0  1820292  154  48477188  2734  75856  2147483647  0  5549  0  0  0  245  74  2147483647  0  46  254  2147483647  0  4805  0  45742  267707054547  95022411  304  29268935  612214  46739607  1488  185240507832  
1438560380  1063301671  0  625770161633  29279810  53839  0  1856966  154  49549326  2734  75856  2147483647  0  5549  0  0  0  245  74  2147483647  0  46  254  2147483647  0  4805  0  45742  273741029247  97125423  304  29268935  612214  47775013  1488  189227715539  
1438560390  1079922962  0  638270514702  29279810  53839  0  1889870  154  50568724  2734  75856  2147483647  0  5549  0  0  0  245  74  2147483647  0  46  254  2147483647  0  4805  0  45742  279328029951  99127837  281  29268935  612214  48761676  1488  192964399172  
1438560400  1098804898  0  652625710001  29279810  53839  0  1930012  154  51782416  2734  75856  2147483647  0  5549  0  0  0  245  74  2147483647  0  46  254  2147483647  0  4805  0  45742  285420171801  101510530  281  29268935  612214  49935125  1488  197384303869  
1438560410  1118423315  0  666488428324  29279810  53839  0  1967908  154  52882369  2734  75856  2147483647  0  5549  0  0  0  245  74  2147483647  0  46  254  2147483647  0  4805  0  45742  291726588900  103668412  281  29268935  612214  50997421  1488  201434140020  
1438560420  1137843579  0  681624710656  29279810  53839  0  2008470  154  54131660  2734  75856  2147483647  0  5549  0  0  0  245  74  2147483647  0  46  254  2147483647  0  4805  0  45742  298407198870  106121853  281  29268935  612214  52206166  1488  205998864473  
1438560430  1154825945  0  693367395776  29279810  53839  0  2042567  154  55132147  2734  75856  2147483647  0  5549  0  0  0  245  74  2147483647  0  46  254  2147483647  0  4805  0  45742  303527166461  108085122  281  29268935  612214  53172527  1488  209655463933  
1438560440  1173522241  0  706998687275  29279810  53839  0  2077537  154  56243109  2734  75856  2147483647  0  5549  0  0  0  245  74  2147483647  0  46  254  2147483647  0  4805  0  45742  309532163861  110267382  281  29268935  612214  54248328  1488  213775795885  
1438560450  1189653244  0  719181160168  29279810  53839  0  2111237  154  57252904  2734  75856  2147483647  0  5549  0  0  0  245  74  2147483647  0  46  254  2147483647  0  4805  0  45742  314842057371  112250163  281  29268935  612214  55224931  1488  217455183253  
1438560460  1209625777  0  732788365822  29279810  53839  0  2149536  154  58369978  2734  75856  2147483647  0  5549  0  0  0  245  74  2147483647  0  46  254  2147483647  0  4805  0  45742  320824110237  114441244  281  29268935  612214  56303301  1488  221588297522  
1438560470  1227525341  0  746592481080  29279810  53839  0  2184382  154  59505917  2734  75856  2147483647  0  5549  0  0  0  245  74  2147483647  0  46  254  2147483647  0  4805  0  45742  326917457438  116673909  281  29268935  612214  57404391  1488  225764799868  
1438560480  1246477824  0  761039513338  29279810  53839  0  2222482  154  60658079  2734  75856  2147483647  0  5549  0  0  0  245  74  2147483647  0  46  254  2147483647  0  4805  0  45742  333480507180  118935487  281  29268935  612214  58518356  1488  230008638027  
1438560490  1263122769  0  773844236467  29279810  53839  0  2257403  154  61759302  2734  75856  2147483647  0  5549  0  0  0  245  74  2147483647  0  46  254  2147483647  0  4805  0  45742  338989966878  121098759  281  29268935  612214  59584629  1488  234006525744  
1438560500  1280588457  0  787624524643  29279810  53839  0  2291639  154  62904667  2734  75856  2147483647  0  5549  0  0  0  245  74  2147483647  0  46  254  2147483647  0  4805  0  45742  345041670036  123350651  281  29268935  612214  60695855  1488  238216290995  
1438560510  1299279130  0  801367038449  32498549  53839  0  2326811  154  64015862  2734  75856  2147483647  0  5549  0  0  0  245  74  2147483647  0  46  254  2147483647  0  4805  0  45742  351281263457  125533721  281  32483439  612214  61772304  1488  242309169341  
1438560520  1317390677  0  811327921198  32498549  53839  0  2358849  154  64831794  2734  75856  2147483647  0  5549  0  0  0  245  74  2147483647  0  46  254  2147483647  0  4805  0  45742  355611048257  127129908  281  32483439  612214  62555899  1488  245331079051  
