#type:G;
#time  Rt  Nm  Tt  Nc  Rx  Gz  Pc  Pf  Ra  Te  Pm  Fp  Fc  Ta  Fm  Om  Lm  Oc  Sm  Sc  Em  Af  Ea  Cf  Ec  Gd  Zt  Et  Ep  dedup_put_diff  total_eph_put_diff  dedup_factor  dedup_curr  compression_saving  tze_saving  
1437244583  0  3925  16058435  0  0  0  0  0  0  5216  108140  0  0  6534  37  2816  0  0  0  0  108140  17  0  0  0  0  0  0  7736600  0  7736600  0.0  
1437244593  0  3925  16058444  0  0  0  0  0  0  5216  108140  0  0  6534  37  2816  0  0  0  0  108140  17  0  0  0  0  0  0  7736600  0  0  0.0  
1437244603  0  3925  16060578  0  0  0  0  0  0  5314  108140  0  0  6534  37  2816  0  0  0  0  108140  17  0  0  0  0  0  0  7736600  0  0  0.0  
1437244613  0  3925  16062970  0  0  0  0  0  0  5314  108140  0  0  6534  37  2816  0  0  0  0  108140  17  0  0  0  0  0  0  7736600  0  0  0.0  
1437244623  0  3925  16065493  0  0  0  0  0  0  5314  108140  0  0  6534  37  2816  0  0  0  0  108140  17  0  0  0  0  0  0  7736600  0  0  0.0  
1437244633  0  3925  16066686  0  0  0  0  0  0  5512  108140  0  0  6534  37  2816  0  0  0  0  108140  17  0  0  0  0  0  0  7736600  0  0  0.0  
1437244643  0  3925  16123857  226  0  0  3022  0  0  5526  108140  0  34  4335  37  2816  0  228  0  0  108140  31  0  0  3022  0  0  0  7739699  0  3099  0.0  100.0  
1437244653  0  3925  16156470  182  0  0  3785  0  0  5527  108140  0  33  3639  37  2816  0  165  0  0  108140  32  0  0  3785  0  0  0  7741028  0  1329  0.0  100.0  
1437244663  0  3925  16210577  95  0  0  2417  0  0  5527  108140  0  35  4467  37  2816  0  47  0  0  108140  32  0  0  2417  0  0  0  7741045  0  17  0.0  100.0  
1437244673  0  3925  16278450  99  0  0  2426  0  0  5527  108140  0  35  4467  37  2816  0  48  0  0  108140  32  0  0  2426  0  0  0  7741083  0  38  0.0  100.0  
1437244683  0  3925  16350183  96  0  0  2253  0  0  5527  108140  0  35  4590  37  2816  0  43  0  0  108140  32  0  0  2253  0  0  0  7741121  0  38  0.0  100.0  
1437244694  0  3925  16402945  324  0  0  6668  0  0  5527  108140  0  35  4590  37  2816  0  239  0  0  108140  32  0  0  6668  0  0  0  7745536  0  4415  0.0  100.0  
1437244704  0  3925  16481637  1096  0  0  27055  0  0  5529  108140  0  35  3761  37  2816  0  834  0  0  108140  34  0  0  27055  0  0  0  7765923  0  20387  0.0  100.0  
1437244714  0  3925  16595110  2749  0  0  73908  0  0  5529  108140  0  35  1578  37  2816  0  2027  0  0  108140  34  0  0  73908  0  0  0  7822539  0  56616  0.0  100.0  
1437244724  0  3925  16690068  2231  0  0  58715  0  0  5529  108140  0  35  2250  37  2816  0  1669  0  0  108140  34  0  0  58715  0  0  0  7868928  0  46389  0.0  100.0  
1437244734  0  3925  16789565  2499  0  0  66296  0  0  5529  108140  0  35  1875  37  2816  0  1788  0  0  108140  34  0  0  66296  0  0  0  7918236  0  49308  0.0  100.0  
1437244744  0  3925  16869252  2486  0  0  67331  0  0  5529  108140  0  35  1904  37  2816  0  1792  0  0  108140  34  0  0  67331  0  0  0  7957648  0  39412  0.0  100.0  
1437244754  0  3925  16975246  2685  0  0  72617  0  0  5529  108140  0  35  1641  37  2816  0  1974  0  0  108140  34  0  0  72617  0  0  0  8009684  0  52036  0.0  100.0  
1437244764  0  3925  17068093  2650  0  0  71012  0  0  5529  108140  0  35  1706  37  2816  0  1911  0  0  108140  34  0  0  71012  0  0  0  8055502  0  45818  0.0  100.0  
1437244774  0  3925  17179529  2354  0  0  63771  0  0  5529  108140  0  35  1838  37  2816  0  1731  0  0  108140  34  0  0  63771  0  0  0  8110576  0  55074  0.0  100.0  
1437244784  0  3925  17266199  2656  0  0  72577  0  0  5529  108140  0  35  1642  37  2816  0  1961  0  0  108140  34  0  0  72577  0  0  0  8153561  0  42985  0.0  100.0  
1437244794  0  3925  17378249  2572  0  0  67729  0  0  5529  108140  0  35  1735  37  2816  0  1859  0  0  108140  34  0  0  67729  0  0  0  8208510  0  54949  0.0  100.0  
1437244804  0  3925  17466041  2649  0  0  71851  0  0  5529  108140  0  35  1688  37  2816  0  1910  0  0  108140  34  0  0  71851  0  0  0  8251895  0  43385  0.0  100.0  
1437244814  0  3925  17557050  2616  0  0  71003  0  0  5529  108140  0  35  1597  37  2816  0  1895  0  0  108140  34  0  0  71003  0  0  0  8296981  0  45086  0.0  100.0  
1437244824  0  3925  17655435  2603  0  0  69402  0  0  5529  108140  0  35  1601  37  2816  0  1889  0  0  108140  34  0  0  69402  0  0  0  8345140  0  48159  0.0  100.0  
1437244834  0  3925  17753779  2503  0  0  66398  0  0  5529  108140  0  35  1901  37  2816  0  1829  0  0  108140  34  0  0  66398  0  0  0  8393641  0  48501  0.0  100.0  
1437244844  0  3925  17857455  2179  0  0  57019  0  0  5529  108140  0  35  1678  37  2816  0  1626  0  0  108140  34  0  0  57019  0  0  0  8444897  0  51256  0.0  100.0  
1437244854  0  3925  17973321  2670  0  0  71735  0  0  5529  108140  0  35  1679  37  2816  0  1931  0  0  108140  34  0  0  71735  0  0  0  8502473  0  57576  0.0  100.0  
1437244864  0  3925  18052003  2628  0  0  70816  0  0  5529  108140  0  35  1728  37  2816  0  1874  0  0  108140  34  0  0  70816  0  0  0  8540834  0  38361  0.0  100.0  
1437244874  0  3925  18142192  2573  0  0  69014  0  0  5529  108140  0  35  1581  37  2816  0  1881  0  0  108140  34  0  0  69014  0  0  0  8585433  0  44599  0.0  100.0  
1437244884  0  3925  18243949  2668  0  0  70110  0  0  5529  108140  0  35  1605  37  2816  0  1935  0  0  108140  34  0  0  70110  0  0  0  8635729  0  50296  0.0  100.0  
1437244894  0  3925  18331163  2322  0  0  61902  0  0  5529  108140  0  35  1825  37  2816  0  1709  0  0  108140  34  0  0  61902  0  0  0  8678310  0  42581  0.0  100.0  
1437244904  0  3925  18441857  2689  0  0  73403  0  0  5529  108140  0  35  1601  37  2816  0  1975  0  0  108140  34  0  0  73403  0  0  0  8733276  0  54966  0.0  100.0  
1437244914  0  3925  18552044  2461  0  0  65279  0  0  5529  108140  0  35  1553  37  2816  0  1813  0  0  108140  34  0  0  65279  0  0  0  8787614  0  54338  0.0  100.0  
1437244924  0  3925  18639946  2648  0  0  71725  0  0  5529  108140  0  35  1691  37  2816  0  1885  0  0  108140  34  0  0  71725  0  0  0  8831235  0  43621  0.0  100.0  
1437244934  0  3925  18720134  2340  0  0  63522  0  0  5529  108140  0  35  1582  37  2816  0  1723  0  0  108140  34  0  0  63522  0  0  0  8870266  0  39031  0.0  100.0  
1437244944  0  3925  18817963  2797  0  0  75136  0  0  5529  108140  0  35  1524  37  2816  0  2055  0  0  108140  34  0  0  75136  0  0  0  8918780  0  48514  0.0  100.0  
1437244954  0  3925  18903227  2445  0  0  65797  0  0  5529  108140  0  35  1609  37  2816  0  1782  0  0  108140  34  0  0  65797  0  0  0  8960805  0  42025  0.0  100.0  
1437244964  0  3925  19032815  2750  0  0  74609  0  0  5529  108140  0  35  1544  37  2816  0  2016  0  0  108140  34  0  0  74609  0  0  0  9024555  0  63750  0.0  100.0  
1437244974  0  3925  19126034  2620  0  0  70786  0  0  5529  108140  0  35  1553  37  2816  0  1951  0  0  108140  34  0  0  70786  0  0  0  9070506  0  45951  0.0  100.0  
1437244984  0  3925  19221247  2544  0  0  67788  0  0  5529  108140  0  35  1660  37  2816  0  1826  0  0  108140  34  0  0  67788  0  0  0  9117605  0  47099  0.0  100.0  
1437244994  0  3925  19303670  2744  0  0  74700  0  0  5529  108140  0  35  1449  37  2816  0  1974  0  0  108140  34  0  0  74700  0  0  0  9158584  0  40979  0.0  100.0  
1437245004  0  3925  19399026  2655  0  0  70857  0  0  5529  108140  0  35  1592  37  2816  0  1943  0  0  108140  34  0  0  70857  0  0  0  9205114  0  46530  0.0  100.0  
1437245014  0  3925  19490289  2484  0  0  65208  0  0  5529  108140  0  35  1533  37  2816  0  1798  0  0  108140  34  0  0  65208  0  0  0  9250291  0  45177  0.0  100.0  
1437245024  0  3925  19612812  2617  0  0  70013  0  0  5529  108140  0  35  1539  37  2816  0  1910  0  0  108140  34  0  0  70013  0  0  0  9310934  0  60643  0.0  100.0  
1437245034  0  3925  19697519  2706  0  0  73336  0  0  5529  108140  0  35  1603  37  2816  0  1996  0  0  108140  34  0  0  73336  0  0  0  9352346  0  41412  0.0  100.0  
1437245044  0  3925  19808583  2499  0  0  66650  0  0  5529  108140  0  35  1603  37  2816  0  1812  0  0  108140  34  0  0  66650  0  0  0  9407153  0  54807  0.0  100.0  
1437245054  0  3925  19892902  2773  0  0  75234  0  0  5529  108140  0  35  1429  37  2816  0  2001  0  0  108140  34  0  0  75234  0  0  0  9448958  0  41805  0.0  100.0  
1437245064  0  3925  19984239  2594  0  0  69085  0  0  5529  108140  0  35  1611  37  2816  0  1889  0  0  108140  34  0  0  69085  0  0  0  9494196  0  45238  0.0  100.0  
1437245074  0  3925  20089699  2618  0  0  69478  0  0  5529  108140  0  35  1490  37  2816  0  1892  0  0  108140  34  0  0  69478  0  0  0  9545861  0  51665  0.0  100.0  
1437245084  0  3925  20190916  2789  0  0  75277  0  0  5529  108140  0  35  1444  37  2816  0  2033  0  0  108140  34  0  0  75277  0  0  0  9596010  0  50149  0.0  100.0  
1437245094  0  3925  20287272  2801  0  0  75812  0  0  5529  108140  0  35  1474  37  2816  0  2076  0  0  108140  34  0  0  75812  0  0  0  9643601  0  47591  0.0  100.0  
1437245104  0  3925  20393303  2808  0  0  75184  0  0  5529  108140  0  35  1422  37  2816  0  2025  0  0  108140  34  0  0  75184  0  0  0  9695521  0  51920  0.0  100.0  
1437245114  0  3925  20476371  2709  0  0  72895  0  0  5529  108140  0  35  1202  37  2816  0  1934  0  0  108140  34  0  0  72895  0  0  0  9736639  0  41118  0.0  100.0  
1437245124  0  3925  20566654  2922  0  0  78908  0  0  5529  108140  0  35  1270  37  2816  0  2145  0  0  108140  34  0  0  78908  0  0  0  9781345  0  44706  0.0  100.0  
1437245134  0  3925  20680778  2678  0  0  71016  0  0  5529  108140  0  35  1232  37  2816  0  1964  0  0  108140  34  0  0  71016  0  0  0  9837325  0  55980  0.0  100.0  
1437245144  0  3925  20768017  3006  0  0  80859  0  0  5529  108140  0  35  1224  37  2816  0  2180  0  0  108140  34  0  0  80859  0  0  0  9880469  0  43144  0.0  100.0  
1437245154  0  3925  20878247  2808  0  0  76486  0  0  5529  108140  0  35  1204  37  2816  0  2091  0  0  108140  34  0  0  76486  0  0  0  9934981  0  54512  0.0  100.0  
1437245164  0  3925  20980523  2755  0  0  72964  0  0  5529  108140  0  35  1235  37  2816  0  2013  0  0  108140  34  0  0  72964  0  0  0  9985460  0  50479  0.0  100.0  
1437245174  0  3925  21064094  2930  0  0  80616  0  0  5529  108140  0  35  1188  37  2816  0  2080  0  0  108140  34  0  0  80616  0  0  0  10026434  0  40974  0.0  100.0  
1437245184  0  3925  21158877  2858  0  0  78489  0  0  5529  108140  0  35  1230  37  2816  0  2057  0  0  108140  34  0  0  78489  0  0  0  10073249  0  46815  0.0  100.0  
1437245194  0  3925  21258016  2969  0  0  80722  0  0  5529  108140  0  35  1253  37  2816  0  2168  0  0  108140  34  0  0  80722  0  0  0  10122299  0  49050  0.0  100.0  
1437245204  0  3925  21343092  2573  0  0  69348  0  0  5529  108140  0  35  1159  37  2816  0  1889  0  0  108140  34  0  0  69348  0  0  0  10164074  0  41775  0.0  100.0  
1437245214  0  3925  21454770  2857  0  0  76993  0  0  5529  108140  0  35  1347  37  2816  0  2113  0  0  108140  34  0  0  76993  0  0  0  10219170  0  55096  0.0  100.0  
1437245224  0  3925  21545880  2768  0  0  76156  0  0  5529  108140  0  35  1213  37  2816  0  2046  0  0  108140  34  0  0  76156  0  0  0  10264250  0  45080  0.0  100.0  
1437245234  0  3925  21645627  2715  0  0  72772  0  0  5529  108140  0  35  1304  37  2816  0  1963  0  0  108140  34  0  0  72772  0  0  0  10313533  0  49283  0.0  100.0  
1437245244  0  3925  21734747  2899  0  0  79520  0  0  5529  108140  0  35  1220  37  2816  0  2098  0  0  108140  34  0  0  79520  0  0  0  10357311  0  43778  0.0  100.0  
1437245254  0  3925  21829280  2946  0  0  80187  0  0  5529  108140  0  35  1157  37  2816  0  2155  0  0  108140  34  0  0  80187  0  0  0  10404018  0  46707  0.0  100.0  
1437245264  0  3925  21920372  2865  0  0  77877  0  0  5529  108140  0  35  1187  37  2816  0  2091  0  0  108140  34  0  0  77877  0  0  0  10449145  0  45127  0.0  100.0  
1437245274  0  3925  22035305  2623  0  0  70859  0  0  5529  108140  0  35  1306  37  2816  0  1927  0  0  108140  34  0  0  70859  0  0  0  10505849  0  56704  0.0  100.0  
1437245284  0  3925  22122244  2810  0  0  77505  0  0  5529  108140  0  35  1241  37  2816  0  2080  0  0  108140  34  0  0  77505  0  0  0  10548417  0  42568  0.0  100.0  
1437245294  0  3925  22245586  2765  0  0  76333  0  0  5529  108140  0  35  1142  37  2816  0  1982  0  0  108140  34  0  0  76333  0  0  0  10609354  0  60937  0.0  100.0  
1437245304  0  3925  22321756  2864  0  0  77281  0  0  5529  108140  0  35  1061  37  2816  0  2044  0  0  108140  34  0  0  77281  0  0  0  10647133  0  37779  0.0  100.0  
1437245314  0  3925  22412834  2718  0  0  73632  0  0  5529  108140  0  35  1216  37  2816  0  1987  0  0  108140  34  0  0  73632  0  0  0  10691674  0  44541  0.0  100.0  
1437245324  0  3925  22513749  2863  0  0  76503  0  0  5529  108140  0  35  1162  37  2816  0  2070  0  0  108140  34  0  0  76503  0  0  0  10741605  0  49931  0.0  100.0  
1437245334  0  3925  22612604  2660  0  0  71627  0  0  5529  108140  0  35  1249  37  2816  0  1965  0  0  108140  34  0  0  71627  0  0  0  10790384  0  48779  0.0  100.0  
1437245344  0  3925  22723293  2887  0  0  79348  0  0  5529  108140  0  35  1276  37  2816  0  2127  0  0  108140  34  0  0  79348  0  0  0  10844863  0  54479  0.0  100.0  
1437245354  0  3925  22832106  2675  0  0  71155  0  0  5529  108140  0  35  1119  37  2816  0  1945  0  0  108140  34  0  0  71155  0  0  0  10898514  0  53651  0.0  100.0  
1437245364  0  3925  22912761  2791  0  0  74844  0  0  5529  108140  0  35  1074  37  2816  0  2013  0  0  108140  34  0  0  74844  0  0  0  10938394  0  39880  0.0  100.0  
1437245374  0  3925  23004037  3047  0  0  82201  0  0  5529  108140  0  35  1110  37  2816  0  2208  0  0  108140  34  0  0  82201  0  0  0  10983676  0  45282  0.0  100.0  
1437245384  0  3925  23108256  2847  0  0  76121  0  0  5529  108140  0  35  1154  37  2816  0  2066  0  0  108140  34  0  0  76121  0  0  0  11034692  0  51016  0.0  100.0  
1437245394  0  3925  23214795  2800  0  0  74994  0  0  5529  108140  0  35  1205  37  2816  0  2061  0  0  108140  34  0  0  74994  0  0  0  11087360  0  52668  0.0  100.0  
1437245405  0  3925  23319284  2947  0  0  80291  0  0  5529  108140  0  35  1205  37  2816  0  2192  0  0  108140  34  0  0  80291  0  0  0  11139154  0  51794  0.0  100.0  
1437245415  0  3925  23426946  2736  0  0  70255  0  0  5529  108140  0  35  1128  37  2816  0  1989  0  0  108140  34  0  0  70255  0  0  0  11191737  0  52583  0.0  100.0  
1437245425  0  3925  23508474  2805  0  0  75792  0  0  5529  108140  0  35  913  37  2816  0  1991  0  0  108140  34  0  0  75792  0  0  0  11232080  0  40343  0.0  100.0  
1437245435  0  3925  23596244  2961  0  0  81298  0  0  5529  108140  0  35  956  37  2816  0  2133  0  0  108140  34  0  0  81298  0  0  0  11275538  0  43458  0.0  100.0  
1437245445  0  3925  23695483  3109  0  0  82628  0  0  5529  108140  0  35  964  37  2816  0  2292  0  0  108140  34  0  0  82628  0  0  0  11324671  0  49133  0.0  100.0  
1437245455  0  3925  23801130  3202  0  0  87362  0  0  5529  108140  0  35  943  37  2816  0  2333  0  0  108140  34  0  0  87362  0  0  0  11376472  0  51801  0.0  100.0  
1437245465  0  3925  23913707  2959  0  0  79822  0  0  5529  108140  0  35  1144  37  2816  0  2185  0  0  108140  34  0  0  79822  0  0  0  11431977  0  55505  0.0  100.0  
1437245475  0  3925  24011443  2986  0  0  80705  0  0  5529  108140  0  35  970  37  2816  0  2196  0  0  108140  34  0  0  80705  0  0  0  11480328  0  48351  0.0  100.0  
1437245485  0  3925  24102492  2702  0  0  72817  0  0  5529  108140  0  35  981  37  2816  0  1946  0  0  108140  34  0  0  72817  0  0  0  11524844  0  44516  0.0  100.0  
1437245495  0  3925  24182248  2748  0  0  74307  0  0  5529  108140  0  35  930  37  2816  0  1987  0  0  108140  34  0  0  74307  0  0  0  11564230  0  39386  0.0  100.0  
1437245505  0  3925  24291229  3033  0  0  81699  0  0  5529  108140  0  35  970  37  2816  0  2205  0  0  108140  34  0  0  81699  0  0  0  11618227  0  53997  0.0  100.0  
1437245515  0  3925  24383272  2938  0  0  79465  0  0  5529  108140  0  35  958  37  2816  0  2149  0  0  108140  34  0  0  79465  0  0  0  11663799  0  45572  0.0  100.0  
1437245525  0  3925  24492995  2881  0  0  79103  0  0  5529  108140  0  35  1078  37  2816  0  2126  0  0  108140  34  0  0  79103  0  0  0  11717644  0  53845  0.0  100.0  
1437245535  0  3925  24584178  2864  0  0  77864  0  0  5529  108140  0  35  940  37  2816  0  2127  0  0  108140  34  0  0  77864  0  0  0  11762648  0  45004  0.0  100.0  
1437245545  0  3925  24683522  2970  0  0  81393  0  0  5529  108140  0  35  984  37  2816  0  2126  0  0  108140  34  0  0  81393  0  0  0  11811788  0  49140  0.0  100.0  
1437245555  0  3925  24773102  3196  0  0  87770  0  0  5529  108140  0  35  940  37  2816  0  2284  0  0  108140  34  0  0  87770  0  0  0  11855794  0  44006  0.0  100.0  
1437245565  0  3925  24870268  2978  0  0  81534  0  0  5529  108140  0  35  885  37  2816  0  2175  0  0  108140  34  0  0  81534  0  0  0  11903634  0  47840  0.0  100.0  
1437245575  0  3925  24961090  2913  0  0  79288  0  0  5529  108140  0  35  968  37  2816  0  2111  0  0  108140  34  0  0  79288  0  0  0  11948577  0  44943  0.0  100.0  
1437245585  0  3925  25073593  2573  0  0  69887  0  0  5529  108140  0  35  1098  37  2816  0  1907  0  0  108140  34  0  0  69887  0  0  0  12003776  0  55199  0.0  100.0  
1437245595  0  3925  25160288  2830  0  0  78101  0  0  5529  108140  0  35  923  37  2816  0  2081  0  0  108140  34  0  0  78101  0  0  0  12046614  0  42838  0.0  100.0  
1437245605  0  3925  25269942  3144  0  0  86449  0  0  5529  108140  0  35  968  37  2816  0  2262  0  0  108140  34  0  0  86449  0  0  0  12100960  0  54346  0.0  100.0  
1437245615  0  3925  25360029  3029  0  0  82722  0  0  5529  108140  0  35  893  37  2816  0  2182  0  0  108140  34  0  0  82722  0  0  0  12145418  0  44458  0.0  100.0  
1437245625  0  3925  25449783  3321  0  0  90020  0  0  5529  108140  0  35  827  37  2816  0  2404  0  0  108140  34  0  0  90020  0  0  0  12189471  0  44053  0.0  100.0  
1437245635  0  3925  25550574  3131  0  0  84577  0  0  5529  108140  0  35  895  37  2816  0  2276  0  0  108140  34  0  0  84577  0  0  0  12239277  0  49806  0.0  100.0  
1437245645  0  3925  25654426  2860  0  0  78249  0  0  5529  108140  0  35  951  37  2816  0  2114  0  0  108140  34  0  0  78249  0  0  0  12290559  0  51282  0.0  100.0  
1437245655  0  3925  25752183  2714  0  0  73817  0  0  5529  108140  0  35  939  37  2816  0  2000  0  0  108140  34  0  0  73817  0  0  0  12338430  0  47871  0.0  100.0  
1437245665  0  3925  25856756  2916  0  0  79590  0  0  5529  108140  0  35  950  37  2816  0  2110  0  0  108140  34  0  0  79590  0  0  0  12390062  0  51632  0.0  100.0  
1437245675  0  3925  25947505  3184  0  0  87437  0  0  5529  108140  0  35  818  37  2816  0  2284  0  0  108140  34  0  0  87437  0  0  0  12435014  0  44952  0.0  100.0  
1437245685  0  3925  26035062  3087  0  0  84139  0  0  5529  108140  0  35  901  37  2816  0  2241  0  0  108140  34  0  0  84139  0  0  0  12478359  0  43345  0.0  100.0  
1437245695  0  3925  26137003  2941  0  0  78866  0  0  5529  108140  0  35  858  37  2816  0  2121  0  0  108140  34  0  0  78866  0  0  0  12528276  0  49917  0.0  100.0  
1437245705  0  3925  26228803  2812  0  0  76986  0  0  5529  108140  0  35  882  37  2816  0  2064  0  0  108140  34  0  0  76986  0  0  0  12573626  0  45350  0.0  100.0  
1437245715  0  3925  26334101  3037  0  0  82979  0  0  5529  108140  0  35  1007  37  2816  0  2252  0  0  108140  34  0  0  82979  0  0  0  12625873  0  52247  0.0  100.0  
1437245725  0  3925  26447336  3117  0  0  84967  0  0  5529  108140  0  35  865  37  2816  0  2266  0  0  108140  34  0  0  84967  0  0  0  12681420  0  55547  0.0  100.0  
1437245735  0  3925  26538191  3041  0  0  83856  0  0  5529  108140  0  35  810  37  2816  0  2182  0  0  108140  34  0  0  83856  0  0  0  12726251  0  44831  0.0  100.0  
1437245745  0  3925  26618489  3161  0  0  87214  0  0  5529  108140  0  35  749  37  2816  0  2281  0  0  108140  34  0  0  87214  0  0  0  12765923  0  39672  0.0  100.0  
1437245755  0  3925  26717762  3243  0  0  88147  0  0  5529  108140  0  35  835  37  2816  0  2353  0  0  108140  34  0  0  88147  0  0  0  12815083  0  49160  0.0  100.0  
1437245765  0  3925  26806340  2801  0  0  76073  0  0  5529  108140  0  35  687  37  2816  0  2034  0  0  108140  34  0  0  76073  0  0  0  12858224  0  43141  0.0  100.0  
1437245775  0  3925  26916438  3152  0  0  86820  0  0  5529  108140  0  35  755  37  2816  0  2327  0  0  108140  34  0  0  86820  0  0  0  12912846  0  54622  0.0  100.0  
1437245785  0  3925  27019387  3255  0  0  90021  0  0  5529  108140  0  35  559  37  2816  0  2376  0  0  108140  34  0  0  90021  0  0  0  12963807  0  50961  0.0  100.0  
1437245795  0  3925  27112820  2928  0  0  80464  0  0  5529  108140  0  35  533  37  2816  0  2099  0  0  108140  34  0  0  80464  0  0  0  13009373  0  45566  0.0  100.0  
1437245805  0  3925  27199430  3122  0  0  85636  0  0  5529  108140  0  35  527  37  2816  0  2249  0  0  108140  34  0  0  85636  0  0  0  13052205  0  42832  0.0  100.0  
1437245815  0  3925  27296510  3233  0  0  88046  0  0  5529  108140  0  35  524  37  2816  0  2358  0  0  108140  34  0  0  88046  0  0  0  13100215  0  48010  0.0  100.0  
1437245825  0  3925  27388328  3553  0  0  96607  0  0  5529  108140  0  35  515  37  2816  0  2555  0  0  108140  34  0  0  96607  0  0  0  13145881  0  45666  0.0  100.0  
1437245835  0  3925  27511713  3284  0  0  89731  0  0  5529  108140  0  35  564  37  2816  0  2406  0  0  108140  34  0  0  89731  0  0  0  13206315  0  60434  0.0  100.0  
1437245845  0  3925  27596481  3090  0  0  85470  0  0  5529  108140  0  35  665  37  2816  0  2284  0  0  108140  34  0  0  85470  0  0  0  13248138  0  41823  0.0  100.0  
1437245855  0  3925  27706579  3383  0  0  91815  0  0  5529  108140  0  35  452  37  2816  0  2454  0  0  108140  34  0  0  91815  0  0  0  13302696  0  54558  0.0  100.0  
1437245865  0  3925  27784806  3390  0  0  93727  0  0  5529  108140  0  35  390  37  2816  0  2432  0  0  108140  34  0  0  93727  0  0  0  13340867  0  38171  0.0  100.0  
1437245875  0  3925  27879695  3045  0  0  82928  0  0  5529  108140  0  35  442  37  2816  0  2209  0  0  108140  34  0  0  82928  0  0  0  13387674  0  46807  0.0  100.0  
1437245885  0  3925  27981725  3277  0  0  88573  0  0  5529  108140  0  35  496  37  2816  0  2374  0  0  108140  34  0  0  88573  0  0  0  13438343  0  50669  0.0  100.0  
1437245895  0  3925  28083434  3197  0  0  88066  0  0  5529  108140  0  35  525  37  2816  0  2349  0  0  108140  34  0  0  88066  0  0  0  13488220  0  49877  0.0  100.0  
1437245905  0  3925  28184378  2998  0  0  84065  0  0  5529  108140  0  35  517  37  2816  0  2202  0  0  108140  34  0  0  84065  0  0  0  13538088  0  49868  0.0  100.0  
1437245915  0  3925  28287815  3270  0  0  89573  0  0  5529  108140  0  35  464  37  2816  0  2399  0  0  108140  34  0  0  89573  0  0  0  13589256  0  51168  0.0  100.0  
1437245925  0  3925  28368472  3305  0  0  92228  0  0  5529  108140  0  35  445  37  2816  0  2350  0  0  108140  34  0  0  92228  0  0  0  13628855  0  39599  0.0  100.0  
1437245935  0  3925  28469678  3454  0  0  94459  0  0  5529  108140  0  35  310  37  2816  0  2471  0  0  108140  34  0  0  94459  0  0  0  13678789  0  49934  0.0  100.0  
1437245945  0  3925  28571591  3226  0  0  88041  0  0  5529  108140  0  35  396  37  2816  0  2340  0  0  108140  34  0  0  88041  0  0  0  13729123  0  50334  0.0  100.0  
1437245955  0  3925  28658395  3387  0  0  92871  0  0  5529  108140  0  35  430  37  2816  0  2441  0  0  108140  34  0  0  92871  0  0  0  13772182  0  43059  0.0  100.0  
1437245965  0  3925  28764986  3211  0  0  88572  0  0  5529  108140  0  35  432  37  2816  0  2361  0  0  108140  34  0  0  88572  0  0  0  13824311  0  52129  0.0  100.0  
1437245975  0  3925  28872249  3104  0  0  84786  0  0  5529  108140  0  35  418  37  2816  0  2262  0  0  108140  34  0  0  84786  0  0  0  13877191  0  52880  0.0  100.0  
1437245985  0  3925  28958997  3301  0  0  90900  0  0  5529  108140  0  35  367  37  2816  0  2365  0  0  108140  34  0  0  90900  0  0  0  13920319  0  43128  0.0  100.0  
1437245995  0  3925  29051975  3300  0  0  90344  0  0  5529  108140  0  35  396  37  2816  0  2386  0  0  108140  34  0  0  90344  0  0  0  13965811  0  45492  0.0  100.0  
1437246005  0  3925  29149742  3314  0  0  90406  0  0  5529  108140  0  35  293  37  2816  0  2408  0  0  108140  34  0  0  90406  0  0  0  14014067  0  48256  0.0  100.0  
1437246015  0  3925  29236565  3477  0  0  96171  0  0  5529  108140  0  35  349  37  2816  0  2522  0  0  108140  34  0  0  96171  0  0  0  14057172  0  43105  0.0  100.0  
1437246025  0  3925  29345785  3396  0  0  94027  0  0  5529  108140  0  35  484  37  2816  0  2496  0  0  108140  34  0  0  94027  0  0  0  14111227  0  54055  0.0  100.0  
1437246035  0  3925  29437298  3296  0  0  90996  0  0  5529  108140  0  35  529  37  2816  0  2449  0  0  108140  34  0  0  90996  0  0  0  14155733  0  44506  0.0  100.0  
1437246045  0  3925  29542599  3585  0  0  97774  0  0  5529  108140  0  35  272  37  2816  0  2566  0  0  108140  34  0  0  97774  0  0  0  14207986  0  52253  0.0  100.0  
1437246055  0  3925  29631906  3096  0  0  85360  0  0  5529  108140  0  35  346  37  2816  0  2250  0  0  108140  34  0  0  85360  0  0  0  14251988  0  44002  0.0  100.0  
1437246066  0  3925  29729102  3439  0  0  93995  0  0  5529  108140  0  35  389  37  2816  0  2521  0  0  108140  34  0  0  93995  0  0  0  14299819  0  47831  0.0  100.0  
1437246076  0  3925  29823022  3476  0  0  95043  0  0  5529  108140  0  35  342  37  2816  0  2517  0  0  108140  34  0  0  95043  0  0  0  14346092  0  46273  0.0  100.0  
1437246086  0  3925  29933594  3617  0  0  100625  0  0  5529  108140  0  35  312  37  2816  0  2657  0  0  108140  34  0  0  100625  0  0  0  14400949  0  54857  0.0  100.0  
1437246096  0  3925  30020367  3212  0  0  88644  0  0  5529  108140  0  35  337  37  2816  0  2357  0  0  108140  34  0  0  88644  0  0  0  14443680  0  42731  0.0  100.0  
1437246106  0  3925  30141036  3705  0  0  102120  0  0  5529  108140  0  35  262  37  2833  0  2682  0  0  108140  34  0  0  102120  0  0  0  14503060  0  59380  0.0  100.0  
1437246116  0  3925  30220911  3746  0  0  104018  0  0  5529  108140  0  35  182  37  2833  0  2683  0  0  108140  34  0  0  104018  0  0  0  14542566  0  39506  0.0  100.0  
1437246126  0  3925  30312116  3587  0  0  98334  0  0  5529  108140  0  35  153  37  2833  0  2616  0  0  108140  34  0  0  98334  0  0  0  14587640  0  45074  0.0  100.0  
1437246136  0  3925  30406734  3285  0  0  90083  0  0  5529  108140  0  35  278  37  2833  0  2364  0  0  108140  34  0  0  90083  0  0  0  14633815  0  46175  0.0  100.0  
1437246146  0  3925  30505051  3316  0  0  92235  0  0  5529  108140  0  35  265  37  2833  0  2423  0  0  108140  34  0  0  92235  0  0  0  14682432  0  48617  0.0  100.0  
1437246156  0  3925  30613727  3479  0  0  96787  0  0  5529  108140  0  35  184  37  2833  0  2554  0  0  108140  34  0  0  96787  0  0  0  14736185  0  53753  0.0  100.0  
1437246166  0  3925  30719565  3421  0  0  94088  0  0  5529  108140  0  35  228  37  2833  0  2496  0  0  108140  34  0  0  94088  0  0  0  14788599  0  52414  0.0  100.0  
1437246176  0  3925  30802537  3548  0  0  97374  0  0  5529  108140  0  35  239  37  2833  0  2541  0  0  108140  34  0  0  97374  0  0  0  14829098  0  40499  0.0  100.0  
1437246186  0  3925  30891890  3420  0  0  94374  0  0  5529  108140  0  35  210  37  2833  0  2480  0  0  108140  34  0  0  94374  0  0  0  14873243  0  44145  0.0  100.0  
1437246196  0  3925  30994612  3443  0  0  93733  0  0  5529  108140  0  35  160  37  2833  0  2494  0  0  108140  34  0  0  93733  0  0  0  14924071  0  50828  0.0  100.0  
1437246206  0  3925  31094423  3226  0  0  88375  0  0  5529  108140  0  35  253  37  2833  0  2356  0  0  108140  34  0  0  88375  0  0  0  14972946  0  48875  0.0  100.0  
1437246216  0  3925  31202069  3461  0  0  94898  0  0  5529  108140  0  35  296  37  2833  0  2550  0  0  108140  34  0  0  94898  0  0  0  15026275  0  53329  0.0  100.0  
1437246226  0  3925  31302752  3436  0  0  94635  0  0  5529  108140  0  35  146  37  2833  0  2505  0  0  108140  34  0  0  94635  0  0  0  15075998  0  49723  0.0  100.0  
1437246236  0  3925  31389098  3631  0  0  99833  0  0  5529  108140  0  35  96  37  2833  0  2600  0  0  108140  34  0  0  99833  0  0  0  15118742  0  42744  0.0  100.0  
1437246246  0  3925  31472633  3695  0  0  103537  0  0  5529  108140  0  35  90  37  2833  0  2665  0  0  108140  34  0  0  103537  0  0  0  15159700  0  40958  0.0  100.0  
1437246256  0  3925  31581208  3734  0  0  102731  0  0  5529  108140  0  35  200  37  2833  0  2711  0  0  108140  34  0  0  102731  0  0  0  15213352  0  53652  0.0  100.0  
1437246266  0  3925  31672647  3636  0  0  100649  0  0  5529  108140  0  35  209  37  2833  0  2632  0  0  108140  34  0  0  100649  0  0  0  15258523  0  45171  0.0  100.0  
1437246276  0  3925  31777238  3586  0  0  99781  0  0  5529  108140  0  35  205  37  2833  0  2646  0  0  108140  34  0  0  99781  0  0  0  15309878  0  51355  0.0  100.0  
1437246286  0  3925  31873155  3423  0  0  95403  0  0  5529  108140  0  35  230  37  2833  0  2515  0  0  108140  34  0  0  95403  0  0  0  15357152  0  47274  0.0  100.0  
1437246296  0  3925  31968265  3742  0  0  104183  0  0  5529  108140  0  35  124  37  2833  0  2684  0  0  108140  34  0  0  104183  0  0  0  15404290  0  47138  0.0  100.0  
1437246306  0  3925  32053114  3560  0  0  99210  0  0  5529  108140  0  35  152  37  2833  0  2548  0  0  108140  34  0  0  99210  0  0  0  15446207  0  41917  0.0  100.0  
1437246316  0  3925  32160874  3621  0  0  100010  0  0  5529  108140  0  35  49  37  2833  0  2628  0  0  108140  34  0  0  100010  0  0  0  15499037  0  52830  0.0  100.0  
1437246326  0  3925  32251409  3331  0  0  91080  0  0  5529  108140  0  35  197  37  2833  0  2417  0  0  108140  34  0  0  91080  0  0  0  15543725  0  44688  0.0  100.0  
1437246336  0  3925  32367755  3660  0  0  102021  0  0  5529  108140  0  35  210  37  2833  0  2695  0  0  108140  34  0  0  102021  0  0  0  15601463  0  57738  0.0  100.0  
1437246346  0  3925  32453289  3329  0  0  92531  0  0  5529  108140  0  35  100  37  2833  0  2435  0  0  108140  34  0  0  92531  0  0  0  15643201  0  41738  0.0  100.0  
1437246356  0  3925  32561407  3337  0  0  92506  0  0  5529  108140  0  35  196  37  2833  0  2412  0  0  108140  34  0  0  92506  0  0  0  15696519  0  53318  0.0  100.0  
1437246366  0  3925  32644583  3497  0  0  97145  0  0  5529  108250  0  35  124  37  2833  0  2500  0  0  108250  34  0  0  97145  0  0  0  15737675  0  41156  0.0  100.0  
1437246376  0  3925  32745564  3586  0  0  97867  0  0  5529  108678  0  35  103  37  2833  0  2622  0  0  108678  34  0  0  97867  0  0  0  15787731  0  50056  0.0  100.0  
1437246386  0  3925  32839847  3385  0  0  92847  0  0  5529  108678  0  35  114  37  2833  0  2448  0  0  108678  34  0  0  92847  0  0  0  15833859  0  46128  0.0  100.0  
1437246396  0  3925  32945856  3320  0  0  92546  0  0  5529  108678  0  35  176  37  2833  0  2429  0  0  108678  34  0  0  92546  0  0  0  15886303  0  52444  0.0  100.0  
1437246406  0  3925  33043566  3726  0  0  103802  0  0  5529  108678  0  35  221  37  2833  0  2742  0  0  108678  34  0  0  103802  0  0  0  15934798  0  48495  0.0  100.0  
1437246416  0  3925  33151243  3464  0  0  94857  0  0  5529  108678  0  35  106  37  2833  0  2522  0  0  108678  34  0  0  94857  0  0  0  15987342  0  52544  0.0  100.0  
1437246426  0  3933  33241352  3713  0  0  103181  0  0  5529  109205  0  35  73  37  2833  0  2656  0  0  109205  34  0  0  103181  0  0  0  16031991  0  44649  0.0  100.0  
1437246436  0  3960  33332966  3437  0  0  94659  0  0  5529  110464  0  35  80  37  2849  0  2496  0  0  110464  34  0  0  94659  0  0  0  16077201  0  45210  0.0  100.0  
1437246446  0  3986  33432937  3909  0  0  108006  0  0  5529  110464  0  35  105  37  2888  0  2831  0  0  110464  34  0  0  108006  0  0  0  16126844  0  49643  0.0  100.0  
1437246456  0  3986  33520963  3632  0  0  101675  0  0  5529  110464  0  35  139  37  2890  0  2636  0  0  110464  34  0  0  101675  0  0  0  16169860  0  43016  0.0  100.0  
1437246466  0  3986  33627351  3672  0  0  101783  0  0  5529  110464  0  35  149  37  2890  0  2698  0  0  110464  34  0  0  101783  0  0  0  16222456  0  52596  0.0  100.0  
1437246476  0  3986  33724725  3574  0  0  99224  0  0  5529  110464  0  35  166  37  2890  0  2607  0  0  110464  34  0  0  99224  0  0  0  16270624  0  48168  0.0  100.0  
