#type:G;
#time  Rt  Nm  Tt  Nc  Rx  Gz  Pc  Pf  Ra  Te  Pm  Fp  Fc  Ta  Fm  Om  Lm  Oc  Sm  Sc  Em  Af  Ea  Cf  Ec  Gd  Zt  Et  Ep  dedup_put_diff  total_eph_put_diff  dedup_factor  dedup_curr  compression_saving  tze_saving  
1439117255  0  0  7448  0  0  0  0  0  0  7302  0  0  0  0  0  0  0  0  0  0  0  0  0  0  0  0  0  0  0  0  0  0 0 0 0 
1439117265  0  0  7459  0  0  0  0  0  0  7304  0  0  0  0  0  0  0  0  0  0  0  0  0  0  0  0  0  0  0  0  0  0 0 0 0 
1439117275  0  427  23573  357  0  0  5322  0  0  7530  6245  0  5322  937  6245  567  0  370  0  0  6245  0  0  0  5322  0  0  0  6835  0  6835  0.0  100.0  0 0 
1439117285  0  427  67885  310  0  0  4886  0  0  7530  6245  0  4886  1390  6245  567  0  275  0  0  6245  0  0  0  4886  0  0  0  7241  0  406  0.0  100.0  0 0 
1439117295  0  427  161412  286  0  0  5135  0  0  7530  6245  0  5135  1154  6245  567  0  240  0  0  6245  0  0  0  5135  0  0  0  8077  0  836  0.0  100.0  0 0 
1439117305  0  655  269308  655  0  0  10845  0  0  7530  10845  0  10845  0  10845  581  0  581  0  0  10845  0  0  0  10845  0  0  0  13788  0  5711  0.0  100.0  0 0 
1439117315  0  2715  375196  2715  0  0  57136  0  0  7530  57136  0  57136  0  57136  2473  0  2473  0  0  57136  0  0  0  57136  0  0  0  60079  0  46291  0.0  100.0  0 0 
1439117325  0  4077  477782  3560  0  0  78888  0  0  7530  87905  0  78888  9344  87905  3731  0  3271  0  0  87905  0  6221  0  78888  0  0  6221  110189  0  50110  0.0  100.0  0 0 
1439117335  0  4077  554660  3895  0  0  85887  0  0  7530  87919  0  85887  2091  87919  3731  0  3571  0  0  87919  0  11440  0  85887  0  0  11440  148172  0  37983  0.0  100.0  0 0 
1439117345  0  4111  679875  4104  0  0  87880  0  0  7530  87919  0  87880  1  87919  3776  0  3772  0  0  87919  0  41629  0  87880  0  0  41629  210128  0  61956  0.0  100.0  0 0 
1439117355  0  4135  785267  4128  0  0  87874  0  0  7530  87919  0  87874  1  87919  3803  0  3789  0  0  87919  0  79981  0  87874  0  0  79981  260970  0  50842  0.0  100.0  0 0 
1439117365  0  4181  877206  4088  0  0  87867  0  0  7530  87919  0  87867  1  87919  3847  0  3753  0  0  87919  0  124674  0  87867  0  0  124674  306322  0  45352  0.0  100.0  0 0 
1439117375  0  4181  992928  4059  0  0  87869  0  0  7530  87919  0  87869  1  87919  3847  0  3742  0  0  87919  0  181388  0  87869  0  0  181388  363076  0  56754  0.0  100.0  0 0 
1439117385  0  4181  1115516  4091  0  0  87872  0  0  7530  87919  0  87872  1  87919  3847  0  3761  0  0  87919  0  240979  0  87872  0  0  240979  422679  0  59603  0.0  100.0  0 0 
1439117395  0  4181  1199447  4035  0  0  87874  0  0  7530  87919  0  87874  1  87919  3847  0  3725  0  0  87919  0  282101  0  87874  0  0  282101  463838  0  41159  0.0  100.0  0 0 
1439117405  0  4181  1280695  4097  0  0  87875  0  0  7530  87919  0  87875  1  87919  3847  0  3772  0  0  87919  0  322047  0  87875  0  0  322047  503823  0  39985  0.0  100.0  0 0 
1439117416  0  4181  1407153  4141  0  0  87868  0  0  7530  87919  0  87868  1  87919  3847  0  3802  0  0  87919  0  384093  0  87868  0  0  384093  565874  0  62051  0.0  100.0  0 0 
1439117426  0  4181  1524408  4160  0  0  87866  0  0  7530  87919  0  87866  1  87919  3847  0  3818  0  0  87919  0  440965  0  87866  0  0  440965  622744  0  56870  0.0  100.0  0 0 
1439117436  0  4181  1608929  4042  0  0  87865  0  0  7530  87919  0  87865  1  87919  3847  0  3720  0  0  87919  0  482673  0  87865  0  0  482673  664497  0  41753  0.0  100.0  0 0 
1439117446  0  4181  1748231  4129  0  0  87866  0  0  7530  87919  0  87866  1  87919  3847  0  3792  0  0  87919  0  551151  0  87866  0  0  551151  733003  0  68506  0.0  100.0  0 0 
1439117456  0  4181  1854069  4120  0  0  87866  0  0  7530  87919  0  87866  1  87919  3847  0  3785  0  0  87919  0  602466  0  87866  0  0  602466  784318  0  51315  0.0  100.0  0 0 
1439117466  0  4181  1941289  4040  0  0  87867  0  0  7530  87919  0  87867  1  87919  3847  0  3717  0  0  87919  0  645341  0  87867  0  0  645341  827207  0  42889  0.0  100.0  0 0 
1439117476  0  4181  2047809  4036  0  0  87867  0  0  7530  87919  0  87867  1  87919  3847  0  3725  0  0  87919  0  697636  0  87867  0  0  697636  879562  0  52355  0.0  100.0  0 0 
1439117486  0  4181  2159409  4071  0  0  87867  0  0  7530  87919  0  87867  1  87919  3847  0  3728  0  0  87919  0  752190  0  87867  0  0  752190  934116  0  54554  0.0  100.0  0 0 
1439117496  0  4181  2264729  4109  0  0  87867  0  0  7530  87919  0  87867  1  87919  3847  0  3780  0  0  87919  0  803913  0  87867  0  0  803913  985849  0  51733  0.0  100.0  0 0 
1439117506  0  4181  2352250  4070  0  0  87868  0  0  7530  87919  0  87868  1  87919  3847  0  3743  0  0  87919  0  847072  0  87868  0  0  847072  1029069  0  43220  0.0  100.0  0 0 
1439117516  0  4181  2485090  4095  0  0  87868  0  0  7530  87919  0  87868  1  87919  3847  0  3776  0  0  87919  0  912625  0  87868  0  0  912625  1094623  0  65554  0.0  100.0  0 0 
1439117526  0  4181  2598145  4163  0  0  87866  0  0  7530  87919  0  87866  1  87919  3847  0  3820  0  0  87919  0  967157  0  87866  0  0  967157  1149153  0  54530  0.0  100.0  0 0 
1439117536  0  4181  2681489  4065  0  0  87865  0  0  7530  87919  0  87865  1  87919  3847  0  3745  0  0  87919  0  1008277  0  87865  0  0  1008277  1190321  0  41168  0.0  100.0  0 0 
1439117546  0  4181  2808106  4099  0  0  87865  0  0  7530  87919  0  87865  1  87919  3847  0  3769  0  0  87919  0  1070702  0  87865  0  0  1070702  1252768  0  62447  0.0  100.0  0 0 
1439117556  0  4181  2915697  4128  0  0  87865  0  0  7530  87919  0  87865  1  87919  3847  0  3794  0  0  87919  0  1122678  0  87865  0  0  1122678  1304744  0  51976  0.0  100.0  0 0 
1439117566  0  4181  3018311  4062  0  0  87866  0  0  7530  87919  0  87866  1  87919  3847  0  3719  0  0  87919  0  1173025  0  87866  0  0  1173025  1355115  0  50371  0.0  100.0  0 0 
1439117576  0  4181  3125243  4047  0  0  87866  0  0  7530  87919  0  87866  1  87919  3847  0  3722  0  0  87919  0  1225883  0  87866  0  0  1225883  1408012  0  52897  0.0  100.0  0 0 
1439117586  0  4181  3242107  4074  0  0  87866  0  0  7530  87919  0  87866  1  87919  3847  0  3753  0  0  87919  0  1283324  0  87866  0  0  1283324  1465453  0  57441  0.0  100.0  0 0 
1439117596  0  4181  3343715  4074  0  0  87866  0  0  7530  87919  0  87866  1  87919  3849  0  3775  0  0  87919  0  1332305  0  87866  0  0  1332305  1514445  0  48992  0.0  100.0  0 0 
1439117606  0  4181  3418669  4047  0  0  87866  0  0  7530  87919  0  87866  1  87919  3849  0  3733  0  0  87919  0  1369044  0  87866  0  0  1369044  1551228  0  36783  0.0  100.0  0 0 
1439117616  0  4181  3553755  4117  0  0  87866  0  0  7530  87919  0  87866  1  87919  3849  0  3780  0  0  87919  0  1435707  0  87866  0  0  1435707  1617915  0  66687  0.0  100.0  0 0 
1439117626  0  4181  3663432  4123  0  0  87866  0  0  7530  87919  0  87866  1  87919  3849  0  3786  0  0  87919  0  1488726  0  87866  0  0  1488726  1670943  0  53028  0.0  100.0  0 0 
1439117636  0  4181  3753547  4101  0  0  87866  0  0  7530  87919  0  87866  1  87919  3849  0  3772  0  0  87919  0  1532635  0  87866  0  0  1532635  1714868  0  43925  0.0  100.0  0 0 
1439117646  0  4181  3867777  4040  0  0  87868  0  0  7530  87919  0  87868  1  87919  3849  0  3712  0  0  87919  0  1588899  0  87868  0  0  1588899  1771206  0  56338  0.0  100.0  0 0 
1439117656  0  4181  3970726  4138  0  0  87869  0  0  7530  87919  0  87869  1  87919  3849  0  3795  0  0  87919  0  1639459  0  87869  0  0  1639459  1821776  0  50570  0.0  100.0  0 0 
1439117666  0  4181  4068880  4088  0  0  87869  0  0  7530  87919  0  87869  1  87919  3849  0  3767  0  0  87919  0  1686469  0  87869  0  0  1686469  1868797  0  47021  0.0  100.0  0 0 
1439117676  0  4181  4159511  3994  0  0  87869  0  0  7530  87919  0  87869  1  87919  3849  0  3690  0  0  87919  0  1730777  0  87869  0  0  1730777  1913154  0  44357  0.0  100.0  0 0 
1439117686  0  4181  4287751  4102  0  0  87870  0  0  7530  87919  0  87870  1  87919  3849  0  3774  0  0  87919  0  1793737  0  87870  0  0  1793737  1976124  0  62970  0.0  100.0  0 0 
1439117696  0  4181  4399915  4156  0  0  87870  0  0  7530  87919  0  87870  1  87919  3849  0  3824  0  0  87919  0  1847856  0  87870  0  0  1847856  2030255  0  54131  0.0  100.0  0 0 
1439117706  0  4181  4485655  4043  0  0  87871  0  0  7530  87919  0  87871  1  87919  3849  0  3736  0  0  87919  0  1890028  0  87871  0  0  1890028  2072446  0  42191  0.0  100.0  0 0 
1439117716  0  4181  4609230  4071  0  0  87872  0  0  7530  87919  0  87872  1  87919  3849  0  3731  0  0  87919  0  1950484  0  87872  0  0  1950484  2132935  0  60489  0.0  100.0  0 0 
1439117726  0  4181  4716304  4106  0  0  87872  0  0  7530  87919  0  87872  1  87919  3849  0  3785  0  0  87919  0  2003047  0  87872  0  0  2003047  2185498  0  52563  0.0  100.0  0 0 
1439117736  0  4181  4830064  4070  0  0  87873  0  0  7530  87919  0  87873  1  87919  3849  0  3749  0  0  87919  0  2057990  0  87873  0  0  2057990  2240463  0  54965  0.0  100.0  0 0 
1439117746  0  4181  4943376  4047  0  0  87873  0  0  7530  87919  0  87873  1  87919  3849  0  3729  0  0  87919  0  2113607  0  87873  0  0  2113607  2296122  0  55659  0.0  100.0  0 0 
1439117756  0  4181  5062263  4062  0  0  87873  0  0  7530  87919  0  87873  1  87919  3849  0  3740  0  0  87919  0  2171757  0  87873  0  0  2171757  2354272  0  58150  0.0  100.0  0 0 
1439117766  0  4214  5162669  4108  0  0  87864  0  0  7530  87919  0  87864  1  87919  3883  0  3768  0  0  87919  0  2219678  0  87864  0  0  2219678  2402600  0  48328  0.0  100.0  0 0 
1439117776  0  4214  5245773  4054  0  0  87865  0  0  7530  87919  0  87865  1  87919  3883  0  3722  0  0  87919  0  2259971  0  87865  0  0  2259971  2443351  0  40751  0.0  100.0  0 0 
1439117786  0  4214  5380288  4085  0  0  87869  0  0  7530  87919  0  87869  1  87919  3883  0  3755  0  0  87919  0  2323474  0  87869  0  0  2323474  2509377  0  66026  0.0  100.0  0 0 
1439117796  0  4214  5503646  3969  0  0  86162  0  0  7530  87919  0  86162  1703  87919  3883  0  3664  0  0  87919  0  2370790  0  86162  0  0  2370790  2568929  0  59552  0.0  100.0  0 0 
1439117806  0  4214  5581559  4024  0  0  87866  0  0  7530  87919  0  87866  1  87919  3883  0  3702  0  0  87919  0  2401946  0  87866  0  0  2401946  2607194  0  38265  0.0  100.0  0 0 
1439117816  0  4214  5701625  4089  0  0  87721  0  0  7530  87919  0  87721  137  87919  3883  0  3751  0  0  87919  0  2452262  0  87721  0  0  2452262  2665973  0  58779  0.0  100.0  0 0 
1439117826  0  4214  5800932  4063  0  0  87852  0  0  7530  87919  0  87852  1  87919  3883  0  3736  0  0  87919  0  2492971  0  87852  0  0  2492971  2714749  0  48776  0.0  100.0  0 0 
1439117836  0  4214  5889984  3994  0  0  87851  0  0  7612  87919  0  87851  1  87919  3883  0  3674  0  0  87919  0  2525935  0  87851  0  0  2525935  2757495  0  42746  0.0  100.0  0 0 
1439117846  0  4214  5973794  4020  0  0  87851  0  0  7809  87919  0  87851  2  87919  3883  0  3678  0  0  87919  0  2560726  0  87851  0  0  2560726  2798411  0  40916  0.0  100.0  0 0 
1439117856  0  4214  6026260  4025  0  0  87851  0  0  7871  87919  0  87851  2  87919  3883  0  3678  0  0  87919  0  2582426  0  87851  0  0  2582426  2820111  0  21700  0.0  100.0  0 0 
1439117866  0  4214  6104409  4061  0  0  87847  0  0  7871  87919  0  87847  2  87919  3883  0  3727  0  0  87919  0  2595712  0  87847  0  0  2595712  2837289  0  17178  0.0  100.0  0 0 
1439117876  0  4214  6131979  4074  0  0  87847  0  0  7871  87919  0  87847  2  87919  3883  0  3754  0  0  87919  0  2607003  0  87847  0  0  2607003  2848580  0  11291  0.0  100.0  0 0 
1439117886  0  4214  6201442  4058  0  0  87847  0  0  7871  87919  0  87847  2  87919  3883  0  3683  0  0  87919  0  2621146  0  87847  0  0  2621146  2862761  0  14181  0.0  100.0  0 0 
1439117896  0  4214  6300661  4096  0  0  87846  0  0  7871  87919  0  87846  2  87919  3883  0  3735  0  0  87919  0  2642363  0  87846  0  0  2642363  2887721  0  24960  0.0  100.0  0 0 
1439117906  0  4214  6356068  4126  0  0  87841  0  0  7871  87919  0  87841  2  87919  3883  0  3752  0  0  87919  0  2651922  0  87841  0  0  2651922  2897288  0  9567  0.0  100.0  0 0 
1439117916  0  4214  6480243  4153  0  0  87834  0  0  7871  87919  0  87834  2  87919  3883  0  3781  0  0  87919  0  2685196  0  87834  0  0  2685196  2930555  0  33267  0.0  100.0  0 0 
1439117926  0  4214  6575782  4144  0  0  87834  0  0  7871  87919  0  87834  2  87919  3883  0  3813  0  0  87919  0  2732165  0  87834  0  0  2732165  2977557  0  47002  0.0  100.0  0 0 
1439117936  0  4256  6704543  4185  0  0  87828  0  0  7871  87919  0  87828  2  87919  3903  0  3834  0  0  87919  0  2795093  0  87828  0  0  2795093  3040487  0  62930  0.0  100.0  0 0 
1439117946  0  4256  6811812  4157  0  0  87828  0  0  7871  87919  0  87828  2  87919  3903  0  3830  0  0  87919  0  2847767  0  87828  0  0  2847767  3093161  0  52674  0.0  100.0  0 0 
1439117956  0  4270  6956245  4231  0  0  87830  0  0  7871  87919  0  87830  2  87919  3955  0  3890  0  0  87919  0  2918988  0  87830  0  0  2918988  3164393  0  71232  0.0  100.0  0 0 
1439117966  0  4270  7058982  4128  0  0  87830  0  0  7871  87919  0  87830  2  87919  3955  0  3821  0  0  87919  0  2969556  0  87830  0  0  2969556  3214976  0  50583  0.0  100.0  0 0 
1439117976  0  4270  7143031  4202  0  0  87830  0  0  7871  87919  0  87830  2  87919  3955  0  3874  0  0  87919  0  3010283  0  87830  0  0  3010283  3255703  0  40727  0.0  100.0  0 0 
1439117986  0  4270  7229245  4213  0  0  87832  0  0  7871  87919  0  87832  2  87919  3955  0  3860  0  0  87919  0  3052478  0  87832  0  0  3052478  3297901  0  42198  0.0  100.0  0 0 
1439117996  0  4270  7378564  4199  0  0  87835  0  0  7871  87919  0  87835  2  87919  3955  0  3854  0  0  87919  0  3125492  0  87835  0  0  3125492  3370920  0  73019  0.0  100.0  0 0 
1439118006  0  4270  7482601  4244  0  0  87835  0  0  7871  87919  0  87835  2  87919  3955  0  3921  0  0  87919  0  3176288  0  87835  0  0  3176288  3421716  0  50796  0.0  100.0  0 0 
1439118016  0  4270  7601978  4183  0  0  87838  0  0  7871  87919  0  87838  2  87919  3955  0  3868  0  0  87919  0  3234731  0  87838  0  0  3234731  3480171  0  58455  0.0  100.0  0 0 
1439118026  0  4270  7736313  4174  0  0  87841  0  0  7871  87919  0  87841  2  87919  3955  0  3879  0  0  87919  0  3300578  0  87841  0  0  3300578  3546022  0  65851  0.0  100.0  0 0 
1439118036  0  4270  7821541  4208  0  0  87842  0  0  7871  87919  0  87842  2  87919  3955  0  3886  0  0  87919  0  3342270  0  87842  0  0  3342270  3587729  0  41707  0.0  100.0  0 0 
1439118046  0  4270  7914871  4192  0  0  87843  0  0  7871  87919  0  87843  2  87919  3955  0  3832  0  0  87919  0  3387517  0  87843  0  0  3387517  3632999  0  45270  0.0  100.0  0 0 
1439118056  0  4270  8036897  4170  0  0  87843  0  0  7871  87919  0  87843  2  87919  3955  0  3836  0  0  87919  0  3447188  0  87843  0  0  3447188  3692671  0  59672  0.0  100.0  0 0 
1439118066  0  4270  8170443  4241  0  0  87844  0  0  7871  87919  0  87844  2  87919  3955  0  3925  0  0  87919  0  3513049  0  87844  0  0  3513052  3758536  0  65865  0.0  100.0  0 0 
1439118076  0  4309  8279957  4278  0  0  87840  0  0  7871  87919  0  87840  2  87919  3969  0  3923  0  0  87919  0  3566007  0  87840  0  0  3566010  3811490  0  52954  0.0  100.0  0 0 
1439118086  0  4309  8399708  4256  0  0  87840  0  0  7871  87919  0  87840  2  87919  3969  0  3944  0  0  87919  0  3624769  0  87840  0  0  3624772  3870252  0  58762  0.0  100.0  0 0 
1439118097  0  4309  8501371  4253  0  0  87841  0  0  7871  87919  0  87841  2  87919  3969  0  3930  0  0  87919  0  3674401  0  87841  0  0  3674404  3919898  0  49646  0.0  100.0  0 0 
1439118107  0  4309  8638992  4147  0  0  87842  0  0  7871  87919  0  87842  2  87919  3969  0  3827  0  0  87919  0  3741482  0  87842  0  0  3741485  3986983  0  67085  0.0  100.0  0 0 
1439118117  0  4309  8734963  4225  0  0  87842  0  0  7871  87919  0  87842  2  87919  3969  0  3900  0  0  87919  0  3788326  0  87842  0  0  3788330  4033833  0  46850  0.0  100.0  0 0 
1439118127  0  4309  8833086  4145  0  0  87843  0  0  7871  87919  0  87843  2  87919  3969  0  3820  0  0  87919  0  3836393  0  87843  0  0  3836397  4081901  0  48068  0.0  100.0  0 0 
1439118137  0  4309  8969827  4244  0  0  87844  0  0  7871  87919  0  87844  2  87919  3969  0  3908  0  0  87919  0  3903397  0  87844  0  0  3903402  4148907  0  67006  0.0  100.0  0 0 
1439118147  0  4309  9078179  4188  0  0  87846  0  0  7871  87919  0  87846  2  87919  3969  0  3872  0  0  87919  0  3956328  0  87846  0  0  3956335  4201843  0  52936  0.0  100.0  0 0 
1439118157  0  4309  9165008  4106  0  0  87847  0  0  7871  87919  0  87847  2  87919  3969  0  3770  0  0  87919  0  3998539  0  87847  0  0  3998546  4244071  0  42228  0.0  100.0  0 0 
1439118167  0  4309  9305473  4138  0  0  87848  0  0  7871  87919  0  87848  2  87919  3969  0  3813  0  0  87919  0  4067473  0  87848  0  0  4067480  4313006  0  68935  0.0  100.0  0 0 
1439118177  0  4309  9443384  4256  0  0  87849  0  0  7871  87919  0  87849  2  87919  3969  0  3927  0  0  87919  0  4135259  0  87849  0  0  4135266  4380793  0  67787  0.0  100.0  0 0 
1439118187  0  4309  9560198  4211  0  0  87849  0  0  7871  87919  0  87849  2  87919  3970  0  3888  0  0  87919  0  4191745  0  87849  0  0  4191752  4437281  0  56488  0.0  100.0  0 0 
1439118197  0  4309  9644807  4096  0  0  87849  0  0  7871  87919  0  87849  2  87919  3970  0  3781  0  0  87919  0  4233285  0  87849  0  0  4233294  4478823  0  41542  0.0  100.0  0 0 
1439118207  0  4309  9737031  4031  0  0  87849  0  0  7871  87919  0  87849  2  87919  3970  0  3737  0  0  87919  0  4278193  0  87849  0  0  4278202  4523754  0  44931  0.0  100.0  0 0 
1439118217  0  4309  9799068  4010  0  0  87849  0  0  7871  87919  0  87849  2  87919  3970  0  3690  0  0  87919  0  4306853  0  87849  0  0  4306862  4553732  0  29978  0.0  100.0  0 0 
1439118227  0  4309  9895602  4055  0  0  87852  0  0  7871  87919  0  87852  2  87919  3970  0  3728  0  0  87919  0  4352292  0  87852  0  0  4352301  4601076  0  47344  0.0  100.0  0 0 
1439118237  0  4309  9969361  3989  0  0  87854  0  0  7871  87919  0  87854  2  87919  3970  0  3653  0  0  87919  0  4388379  0  87854  0  0  4388388  4637167  0  36091  0.0  100.0  0 0 
1439118247  0  4309  10051570  3943  0  0  87861  0  0  7871  87919  0  87861  2  87919  3970  0  3619  0  0  87919  0  4425898  0  87861  0  0  4425907  4677155  0  39988  0.0  100.0  0 0 
1439118257  0  4309  10130675  3965  0  0  87866  0  0  7871  87919  0  87866  2  87919  3970  0  3640  0  0  87919  0  4464338  0  87866  0  0  4464347  4715941  0  38786  0.0  100.0  0 0 
1439118267  0  4309  10222585  4069  0  0  87867  0  0  7871  87919  0  87867  2  87919  3970  0  3737  0  0  87919  0  4506853  0  87867  0  0  4506862  4760926  0  44985  0.0  100.0  0 0 
1439118277  0  4309  10292870  4017  0  0  87869  0  0  7871  87919  0  87869  2  87919  3970  0  3677  0  0  87919  0  4541240  0  87869  0  0  4541249  4795665  0  34739  0.0  100.0  0 0 
1439118287  0  4309  10376626  3954  0  0  87873  0  0  7871  87919  0  87873  2  87919  3970  0  3630  0  0  87919  0  4581867  0  87873  0  0  4581876  4836306  0  40641  0.0  100.0  0 0 
1439118297  0  4309  10466821  4075  0  0  87873  0  0  7871  87919  0  87873  2  87919  3970  0  3748  0  0  87919  0  4623474  0  87873  0  0  4623483  4880443  0  44137  0.0  100.0  0 0 
1439118307  0  4309  10530761  4020  0  0  87873  0  0  7871  87919  0  87873  2  87919  3970  0  3682  0  0  87919  0  4654159  0  87873  0  0  4654168  4911762  0  31319  0.0  100.0  0 0 
1439118317  0  4309  10623158  4003  0  0  87870  0  0  7871  87919  0  87870  2  87919  3970  0  3699  0  0  87919  0  4697661  0  87870  0  0  4697670  4956705  0  44943  0.0  100.0  0 0 
1439118327  0  4309  10696999  3972  0  0  87870  0  0  7871  87919  0  87870  2  87919  3970  0  3658  0  0  87919  0  4733578  0  87870  0  0  4733587  4992745  0  36040  0.0  100.0  0 0 
1439118337  0  4309  10787495  3987  0  0  87870  0  0  7871  87919  0  87870  2  87919  3970  0  3650  0  0  87919  0  4777693  0  87870  0  0  4777702  5037241  0  44496  0.0  100.0  0 0 
1439118347  0  4309  10868018  3980  0  0  87872  0  0  7871  87919  0  87872  2  87919  3970  0  3655  0  0  87919  0  4817371  0  87872  0  0  4817380  5076921  0  39680  0.0  100.0  0 0 
1439118357  0  4309  10958086  4086  0  0  87872  0  0  7871  87919  0  87872  2  87919  3970  0  3750  0  0  87919  0  4860837  0  87872  0  0  4860846  5120417  0  43496  0.0  100.0  0 0 
1439118367  0  4309  11026179  4026  0  0  87875  0  0  7871  87919  0  87875  2  87919  3970  0  3690  0  0  87919  0  4892905  0  87875  0  0  4892914  5153860  0  33443  0.0  100.0  0 0 
1439118377  0  4309  11106414  3949  0  0  87876  0  0  7871  87919  0  87876  2  87919  3970  0  3625  0  0  87919  0  4932366  0  87876  0  0  4932375  5193337  0  39477  0.0  100.0  0 0 
1439118387  0  4309  11193729  4012  0  0  87876  0  0  7871  87919  0  87876  2  87919  3970  0  3684  0  0  87919  0  4973776  0  87876  0  0  4973785  5235634  0  42297  0.0  100.0  0 0 
1439118397  0  4309  11270229  4032  0  0  87880  0  0  7871  87919  0  87880  2  87919  3970  0  3719  0  0  87919  0  5011129  0  87880  0  0  5011138  5272992  0  37358  0.0  100.0  0 0 
1439118407  0  4309  11359441  4042  0  0  87869  0  0  7871  87919  0  87869  2  87919  3970  0  3706  0  0  87919  0  5055095  0  87869  0  0  5055104  5316976  0  43984  0.0  100.0  0 0 
1439118417  0  4309  11432799  3985  0  0  87869  0  0  7871  87919  0  87869  2  87919  3970  0  3652  0  0  87919  0  5090434  0  87869  0  0  5090443  5352973  0  35997  0.0  100.0  0 0 
1439118427  0  4309  11527072  4001  0  0  87871  0  0  7871  87919  0  87871  2  87919  3970  0  3671  0  0  87919  0  5136165  0  87871  0  0  5136174  5398715  0  45742  0.0  100.0  0 0 
1439118437  0  4309  11591886  3990  0  0  87871  0  0  7871  87919  0  87871  2  87919  3970  0  3680  0  0  87919  0  5167962  0  87871  0  0  5167971  5430512  0  31797  0.0  100.0  0 0 
1439118447  0  4309  11687042  4051  0  0  87875  0  0  7871  87919  0  87875  2  87919  3970  0  3719  0  0  87919  0  5214550  0  87875  0  0  5214559  5477134  0  46622  0.0  100.0  0 0 
1439118457  0  4309  11762457  3994  0  0  87876  0  0  7871  87919  0  87876  2  87919  3970  0  3666  0  0  87919  0  5251188  0  87876  0  0  5251197  5513775  0  36641  0.0  100.0  0 0 
1439118467  0  4309  11841054  3945  0  0  87876  0  0  7871  87919  0  87876  2  87919  3970  0  3610  0  0  87919  0  5289623  0  87876  0  0  5289632  5552241  0  38466  0.0  100.0  0 0 
1439118477  0  4309  11924661  4041  0  0  87876  0  0  7871  87919  0  87876  2  87919  3970  0  3721  0  0  87919  0  5330794  0  87876  0  0  5330803  5593412  0  41171  0.0  100.0  0 0 
1439118487  0  4309  12010514  4013  0  0  87877  0  0  7871  87919  0  87877  2  87919  3970  0  3702  0  0  87919  0  5372935  0  87877  0  0  5372944  5635555  0  42143  0.0  100.0  0 0 
1439118497  0  4309  12089316  3977  0  0  87877  0  0  7871  87919  0  87877  2  87919  3970  0  3660  0  0  87919  0  5410956  0  87877  0  0  5410965  5673605  0  38050  0.0  100.0  0 0 
1439118507  0  4309  12165075  3978  0  0  87877  0  0  7871  87919  0  87877  2  87919  3970  0  3636  0  0  87919  0  5448154  0  87877  0  0  5448163  5710805  0  37200  0.0  100.0  0 0 
1439118517  0  4309  12264513  4017  0  0  87877  0  0  7871  87919  0  87877  2  87919  3970  0  3676  0  0  87919  0  5497161  0  87877  0  0  5497170  5759824  0  49019  0.0  100.0  0 0 
1439118527  0  4309  12324254  4001  0  0  87878  0  0  7871  87919  0  87878  2  87919  3970  0  3681  0  0  87919  0  5525806  0  87878  0  0  5525815  5788471  0  28647  0.0  100.0  0 0 
1439118537  0  4309  12416413  3998  0  0  87880  0  0  7871  87919  0  87880  2  87919  3970  0  3686  0  0  87919  0  5570870  0  87880  0  0  5570879  5833574  0  45103  0.0  100.0  0 0 
1439118547  0  4309  12486227  3949  0  0  87881  0  0  7871  87919  0  87881  2  87919  3970  0  3624  0  0  87919  0  5605124  0  87881  0  0  5605133  5867831  0  34257  0.0  100.0  0 0 
1439118557  0  4309  12570182  3964  0  0  87883  0  0  7871  87919  0  87883  2  87919  3970  0  3617  0  0  87919  0  5646364  0  87883  0  0  5646373  5909076  0  41245  0.0  100.0  0 0 
1439118567  0  4309  12656935  4016  0  0  87883  0  0  7871  87919  0  87883  2  87919  3970  0  3681  0  0  87919  0  5688513  0  87883  0  0  5688522  5951226  0  42150  0.0  100.0  0 0 
1439118577  0  4309  12746220  4159  0  0  87868  0  0  7871  87919  0  87868  2  87919  3970  0  3823  0  0  87919  0  5732135  0  87868  0  0  5732144  5994842  0  43616  0.0  100.0  0 0 
1439118587  0  4309  12817470  4012  0  0  87868  0  0  7871  87919  0  87868  2  87919  3970  0  3681  0  0  87919  0  5767182  0  87868  0  0  5767191  6029903  0  35061  0.0  100.0  0 0 
1439118597  0  4309  12897416  3946  0  0  87868  0  0  7871  87919  0  87868  2  87919  3970  0  3615  0  0  87919  0  5805779  0  87868  0  0  5805788  6068507  0  38604  0.0  100.0  0 0 
1439118607  0  4309  12983191  4035  0  0  87869  0  0  7871  87919  0  87869  2  87919  3970  0  3718  0  0  87919  0  5847623  0  87869  0  0  5847632  6110667  0  42160  0.0  100.0  0 0 
1439118617  0  4309  13045879  3976  0  0  87872  0  0  7871  87919  0  87872  2  87919  3970  0  3665  0  0  87919  0  5878363  0  87872  0  0  5878372  6141411  0  30744  0.0  100.0  0 0 
1439118627  0  4309  13143226  3957  0  0  87873  0  0  7871  87919  0  87873  2  87919  3970  0  3627  0  0  87919  0  5926138  0  87873  0  0  5926147  6189219  0  47808  0.0  100.0  0 0 
1439118637  0  4309  13216914  3976  0  0  87874  0  0  7871  87919  0  87874  2  87919  3970  0  3649  0  0  87919  0  5961643  0  87874  0  0  5961652  6224727  0  35508  0.0  100.0  0 0 
1439118647  0  4309  13307059  4005  0  0  87875  0  0  7871  87919  0  87875  2  87919  3970  0  3661  0  0  87919  0  6005890  0  87875  0  0  6005899  6268984  0  44257  0.0  100.0  0 0 
1439118657  0  4309  13384552  3988  0  0  87875  0  0  7871  87919  0  87875  2  87919  3970  0  3662  0  0  87919  0  6043844  0  87875  0  0  6043853  6306938  0  37954  0.0  100.0  0 0 
1439118667  0  4309  13472628  4034  0  0  87877  0  0  7871  87919  0  87877  2  87919  3970  0  3717  0  0  87919  0  6085726  0  87877  0  0  6085735  6349729  0  42791  0.0  100.0  0 0 
1439118677  0  4309  13538413  3961  0  0  87878  0  0  7871  87919  0  87878  2  87919  3970  0  3651  0  0  87919  0  6117818  0  87878  0  0  6117827  6381824  0  32095  0.0  100.0  0 0 
1439118687  0  4309  13626567  3986  0  0  87880  0  0  7871  87919  0  87880  2  87919  3970  0  3657  0  0  87919  0  6159992  0  87880  0  0  6160001  6425124  0  43300  0.0  100.0  0 0 
1439118697  0  4309  13714115  4015  0  0  87883  0  0  7871  87919  0  87883  2  87919  3970  0  3669  0  0  87919  0  6202330  0  87883  0  0  6202339  6468242  0  43118  0.0  100.0  0 0 
1439118707  0  4309  13794617  4002  0  0  87885  0  0  7871  87919  0  87885  2  87919  3970  0  3661  0  0  87919  0  6239257  0  87885  0  0  6239266  6506940  0  38698  0.0  100.0  0 0 
1439118717  0  4309  13873742  3994  0  0  87886  0  0  7871  87919  0  87886  2  87919  3970  0  3649  0  0  87919  0  6276095  0  87886  0  0  6276104  6545823  0  38883  0.0  100.0  0 0 
1439118727  0  4309  13947223  3950  0  0  87886  0  0  7871  87919  0  87886  2  87919  3970  0  3621  0  0  87919  0  6311740  0  87886  0  0  6311749  6581914  0  36091  0.0  100.0  0 0 
1439118737  0  4309  14040750  4028  0  0  87884  0  0  7871  87919  0  87884  2  87919  3970  0  3702  0  0  87919  0  6354641  0  87884  0  0  6354650  6627332  0  45418  0.0  100.0  0 0 
1439118747  0  4309  14112858  3994  0  0  87882  0  0  7871  87919  0  87882  2  87919  3970  0  3673  0  0  87919  0  6385928  0  87882  0  0  6385937  6662600  0  35268  0.0  100.0  0 0 
1439118757  0  4309  14207543  4017  0  0  87875  0  0  7871  87919  0  87875  2  87919  3970  0  3693  0  0  87919  0  6429886  0  87875  0  0  6429895  6709209  0  46609  0.0  100.0  0 0 
1439118767  0  4309  14272773  3947  0  0  86958  0  0  7962  87919  0  86958  920  87919  3970  0  3628  0  0  87919  0  6458871  0  86958  0  0  6458880  6741092  0  31883  0.0  100.0  0 0 
1439118777  0  4309  14347715  3931  0  0  87876  0  0  7962  87919  0  87876  2  87919  3970  0  3606  0  0  87919  0  6493012  0  87876  0  0  6493021  6777218  0  36126  0.0  100.0  0 0 
1439118787  0  4309  14435375  3981  0  0  87877  0  0  7962  87919  0  87877  2  87919  3970  0  3655  0  0  87919  0  6532463  0  87877  0  0  6532472  6820388  0  43170  0.0  100.0  0 0 
1439118798  0  4309  14511059  4015  0  0  87872  0  0  7962  87919  0  87872  2  87919  3970  0  3680  0  0  87919  0  6567734  0  87872  0  0  6567743  6857544  0  37156  0.0  100.0  0 0 
