#Type:X;CI:1;ww:0;ca:0;co:1;fr:0;Type:X;CI:1;PI:0;PT:EP;U0:0;U1:0;Type:X;CI:1;PI:1;PT:EP;U0:0;U1:0;
#time  Pp  gt  gs  cn  cm  cb  Nc  Pc  cp  Tc  Nm  pr  ps  pt  px  pd  Pm  Om  fs  ft  Oc  Em  Gp  Ec  Ge  ot  os  Total_cycles_diff  Successful_get_diff  Total_get_diff  succ_put_diff  total_put_diff  get_hit  
1439921307  0  0  0  0  0  0  0  0  0  1384339  0  0  0  0  0  0  0  0  0  21  0  0  0  0  0  46  0  1384339  0  0  0  0  
1439921317  0  0  0  0  0  0  0  0  0  1386723  0  0  0  0  0  0  0  0  0  21  0  0  0  0  0  46  0  2384  0  0  0  0  0 
1439921327  0  0  0  0  0  0  0  0  0  1386723  0  0  0  0  0  0  0  0  0  21  0  0  0  0  0  46  0  0  0  0  0  0  0 
1439921337  0  0  0  0  0  0  0  0  0  1386723  0  0  0  0  0  0  0  0  0  21  0  0  0  0  0  46  0  0  0  0  0  0  0 
1439921347  0  0  0  0  0  0  0  0  0  1386723  0  0  0  0  0  0  0  0  0  21  0  0  0  0  0  46  0  0  0  0  0  0  0 
1439921357  0  0  0  0  0  0  0  0  0  1386723  0  0  0  0  0  0  0  0  0  21  0  0  0  0  0  46  0  0  0  0  0  0  0 
1439921367  0  0  0  0  0  0  0  0  0  1386723  0  0  0  0  0  0  0  0  0  21  0  0  0  0  0  46  0  0  0  0  0  0  0 
1439921377  0  0  0  0  0  0  0  0  0  1386723  0  0  0  0  0  0  0  0  0  21  0  0  0  0  0  46  0  0  0  0  0  0  0 
1439921387  0  0  0  0  0  0  0  0  0  1386723  0  0  0  0  0  0  0  0  0  21  0  0  0  0  0  46  0  0  0  0  0  0  0 
1439921397  0  0  0  0  0  0  0  0  0  1386723  0  0  0  0  0  0  0  0  0  21  0  0  0  0  0  46  0  0  0  0  0  0  0 
1439921407  0  0  0  0  0  0  0  0  0  1386723  0  0  0  0  0  0  0  0  0  21  0  0  0  0  0  46  0  0  0  0  0  0  0 
1439921417  0  0  0  0  0  0  0  0  0  1386723  0  0  0  0  0  0  0  0  0  21  0  0  0  0  0  46  0  0  0  0  0  0  0 
1439921427  0  0  0  0  0  0  0  0  0  1386723  0  0  0  0  0  0  0  0  0  21  0  0  0  0  0  46  0  0  0  0  0  0  0 
1439921437  0  0  0  0  0  0  0  0  0  1386723  0  0  0  0  0  0  0  0  0  21  0  0  0  0  0  46  0  0  0  0  0  0  0 
1439921447  0  0  0  0  0  0  0  0  0  1386723  0  0  0  0  0  0  0  0  0  21  0  0  0  0  0  46  0  0  0  0  0  0  0 
1439921457  0  0  0  0  0  0  0  0  0  1386723  0  0  0  0  0  0  0  0  0  21  0  0  0  0  0  46  0  0  0  0  0  0  0 
1439921467  0  0  0  0  0  0  0  0  0  1386723  0  0  0  0  0  0  0  0  0  21  0  0  0  0  0  46  0  0  0  0  0  0  0 
1439921477  0  0  0  0  0  0  0  0  0  1386723  0  0  0  0  0  0  0  0  0  21  0  0  0  0  0  46  0  0  0  0  0  0  0 
1439921487  0  0  0  0  0  0  0  0  0  1386723  0  0  0  0  0  0  0  0  0  21  0  0  0  0  0  46  0  0  0  0  0  0  0 
1439921497  0  0  0  0  0  0  0  0  0  1386723  0  0  0  0  0  0  0  0  0  21  0  0  0  0  0  46  0  0  0  0  0  0  0 
1439921507  0  0  0  0  0  0  0  0  0  1386723  0  0  0  0  0  0  0  0  0  21  0  0  0  0  0  46  0  0  0  0  0  0  0 
1439921517  0  0  0  0  0  0  0  0  0  1386723  0  0  0  0  0  0  0  0  0  21  0  0  0  0  0  46  0  0  0  0  0  0  0 
1439921527  0  0  0  0  0  0  0  0  0  1386723  0  0  0  0  0  0  0  0  0  21  0  0  0  0  0  46  0  0  0  0  0  0  0 
1439921537  0  0  0  0  0  0  0  0  0  1386723  0  0  0  0  0  0  0  0  0  21  0  0  0  0  0  46  0  0  0  0  0  0  0 
1439921547  0  0  0  0  0  0  0  0  0  1386723  0  0  0  0  0  0  0  0  0  21  0  0  0  0  0  46  0  0  0  0  0  0  0 
1439921557  0  0  0  0  0  0  0  0  0  1386723  0  0  0  0  0  0  0  0  0  21  0  0  0  0  0  46  0  0  0  0  0  0  0 
1439921567  0  0  0  0  0  0  0  0  0  1386723  0  0  0  0  0  0  0  0  0  21  0  0  0  0  0  46  0  0  0  0  0  0  0 
1439921577  0  0  0  0  0  0  0  0  0  1386723  0  0  0  0  0  0  0  0  0  21  0  0  0  0  0  46  0  0  0  0  0  0  0 
1439921587  0  0  0  0  0  0  0  0  0  1386723  0  0  0  0  0  0  0  0  0  21  0  0  0  0  0  46  0  0  0  0  0  0  0 
1439921598  0  0  0  0  0  0  0  0  0  1386723  0  0  0  0  0  0  0  0  0  21  0  0  0  0  0  46  0  0  0  0  0  0  0 
