#type:G;
#time  Rt  Nm  Tt  Nc  Rx  Gz  Pc  Pf  Ra  Te  Pm  Fp  Fc  Ta  Fm  Om  Lm  Oc  Sm  Sc  Em  Af  Ea  Cf  Ec  Gd  Zt  Et  Ep  dedup_put_diff  total_eph_put_diff  dedup_factor  dedup_curr  compression_saving  tze_saving  
1438706037  0  0  2585  0  0  0  0  0  0  2512  0  0  0  0  0  0  0  0  0  0  0  0  0  0  0  0  0  0  0  0  0  0 0 0 0 
1438706047  0  0  2594  0  0  0  0  0  0  2512  0  0  0  0  0  0  0  0  0  0  0  0  0  0  0  0  0  0  0  0  0  0 0 0 0 
1438706057  0  0  4142  0  0  0  0  0  0  2612  0  0  0  0  0  0  0  0  0  0  0  0  0  0  0  0  0  0  0  0  0  0 0 0 0 
1438706067  0  232  9234  190  0  0  2771  0  0  2625  3427  0  2771  667  3427  350  0  201  0  0  3427  0  0  0  2771  0  0  0  3427  0  3427  0.0  100.0  0 0 
1438706077  0  232  28879  217  0  0  3169  0  0  2625  3427  0  3169  269  3427  350  0  237  0  0  3427  0  0  0  3169  0  0  0  3825  0  398  0.0  100.0  0 0 
1438706087  0  232  79776  214  0  0  3087  0  0  2625  3427  0  3087  351  3427  350  0  233  0  0  3427  0  0  0  3087  0  0  0  3825  0  0  0.0  100.0  0 0 
1438706097  0  232  150977  117  0  0  2554  0  0  2625  3427  0  2554  906  3427  350  0  68  0  0  3427  0  0  0  2554  0  0  0  4644  0  819  0.0  100.0  0 0 
1438706107  0  386  212430  386  0  0  10919  0  0  2625  10919  0  10919  0  10919  350  0  219  0  0  10919  0  0  0  10919  0  0  0  13028  0  8384  0.0  100.0  0 0 
1438706117  0  698  260723  696  0  0  20884  0  0  2625  20943  0  20884  59  20943  388  0  386  0  0  20943  0  0  0  20884  0  0  0  29972  0  16944  0.0  100.0  0 0 
1438706127  0  867  308570  867  0  0  26680  0  0  2625  26765  0  26680  88  26765  468  0  467  0  0  26765  0  0  0  26680  0  0  0  44494  0  14522  0.0  100.0  0 0 
1438706137  0  981  359584  952  0  0  29441  0  0  2625  30395  0  29441  985  30395  540  0  517  0  0  30395  0  0  0  29441  0  0  0  60992  0  16498  0.0  100.0  0 0 
1438706147  0  1016  405432  886  0  0  27088  0  0  2625  31561  0  27088  4519  31561  554  0  473  0  0  31561  0  0  0  27088  0  0  0  73894  0  12902  0.0  100.0  0 0 
1438706157  0  1016  442376  987  0  0  30436  0  0  2625  31561  0  30436  1147  31561  554  0  531  0  0  31561  0  0  0  30436  0  0  0  84399  0  10505  0.0  100.0  0 0 
1438706167  0  1150  487824  1150  0  0  35397  0  0  2625  35397  0  35397  0  35397  621  0  621  0  0  35397  0  0  0  35397  0  0  0  99432  0  15033  0.0  100.0  0 0 
1438706177  0  1210  527627  1210  0  0  36971  0  0  2625  36995  0  36971  24  36995  661  0  661  0  0  36995  0  0  0  36971  0  0  0  109512  0  10080  0.0  100.0  0 0 
1438706187  0  1297  565744  1266  0  0  38806  0  0  2625  40069  0  38806  1274  40069  689  0  666  0  0  40069  0  0  0  38806  0  0  0  121371  0  11859  0.0  100.0  0 0 
1438706197  0  1365  607400  1256  0  0  38445  0  0  2625  41839  0  38445  3434  41839  732  0  679  0  0  41839  0  0  0  38445  0  0  0  133639  0  12268  0.0  100.0  0 0 
1438706207  0  1365  646216  1323  0  0  39771  0  0  2625  41839  0  39771  2131  41839  732  0  708  0  0  41839  0  0  0  39771  0  0  0  145190  0  11551  0.0  100.0  0 0 
1438706217  0  1373  681456  1285  0  0  39310  0  0  2625  41839  0  39310  2537  41839  741  0  696  0  0  41839  0  0  0  39310  0  0  0  154916  0  9726  0.0  100.0  0 0 
1438706227  0  1373  720033  1278  0  0  38329  0  0  2625  41839  0  38329  3546  41839  741  0  683  0  0  41839  0  0  0  38329  0  0  0  164914  0  9998  0.0  100.0  0 0 
1438706237  0  1373  757607  1264  0  0  39574  0  0  2625  41839  0  39574  2335  41839  741  0  654  0  0  41839  0  0  0  39574  0  0  0  175701  0  10787  0.0  100.0  0 0 
1438706247  0  1378  799467  1364  0  0  40949  0  0  2625  41839  0  40949  897  41839  741  0  718  0  0  41839  0  0  0  40949  0  0  0  188730  0  13029  0.0  100.0  0 0 
1438706257  0  1378  840591  1265  0  0  38995  0  0  2625  41839  0  38995  2867  41839  741  0  668  0  0  41839  0  0  0  38995  0  0  0  199329  0  10599  0.0  100.0  0 0 
1438706267  0  1378  875201  1311  0  0  41127  0  0  2625  42267  0  41127  1150  42267  741  0  673  0  0  42267  0  0  0  41127  0  0  0  209689  0  10360  0.0  100.0  0 0 
1438706277  0  1391  911900  1380  0  0  42082  0  0  2625  42686  0  42082  600  42686  741  0  726  0  0  42686  0  0  0  42082  0  0  0  219945  0  10256  0.0  100.0  0 0 
1438706287  0  1404  943092  1347  0  0  41486  0  0  2625  43183  0  41486  1713  43183  741  0  704  0  0  43183  0  0  0  41486  0  0  0  229062  0  9117  0.0  100.0  0 0 
1438706297  0  1404  977781  1368  0  0  42533  0  0  2625  43361  0  42533  851  43361  741  0  707  0  0  43361  0  0  0  42533  0  0  0  239263  0  10201  0.0  100.0  0 0 
1438706307  0  1404  1016027  1290  0  0  39895  0  0  2625  43805  0  39895  3927  43805  741  0  685  0  0  43805  0  0  0  39895  0  0  0  251845  0  12582  0.0  100.0  0 0 
1438706317  0  1404  1048719  1284  0  0  39187  0  0  2625  43805  0  39187  4655  43805  741  0  665  0  0  43805  0  0  0  39187  0  0  0  261417  0  9572  0.0  100.0  0 0 
1438706327  0  1404  1086768  1139  0  0  34897  0  0  2625  43805  0  34897  8981  43805  741  0  590  0  0  43805  0  0  0  34897  0  0  0  270765  0  9348  0.0  100.0  0 0 
1438706337  0  1404  1117518  1148  0  0  35657  0  0  2625  43805  0  35657  8240  43805  741  0  595  0  0  43805  0  0  0  35657  0  0  0  279101  0  8336  0.0  100.0  0 0 
1438706347  0  1404  1150086  1251  0  0  38480  0  0  2625  43805  0  38480  5430  43805  741  0  656  0  0  43805  0  0  0  38480  0  0  0  289526  0  10425  0.0  100.0  0 0 
1438706357  0  1404  1186363  1349  0  0  39762  0  0  2625  43805  0  39762  4155  43805  741  0  715  0  0  43805  0  0  0  39762  0  0  0  299473  0  9947  0.0  100.0  0 0 
1438706367  0  1404  1217592  1319  0  0  40648  0  0  2625  43805  0  40648  3233  43805  741  0  709  0  0  43805  0  0  0  40648  0  0  0  307963  0  8490  0.0  100.0  0 0 
1438706377  0  1421  1252578  1421  0  0  45003  0  0  2625  45003  0  45003  0  45003  746  0  746  0  0  45003  0  0  0  45003  0  0  0  320090  0  12127  0.0  100.0  0 0 
1438706387  0  1454  1281141  1316  0  0  41384  0  0  2625  45694  0  41384  4325  45694  764  0  702  0  0  45694  0  0  0  41384  0  0  0  325942  0  5852  0.0  100.0  0 0 
1438706397  0  1454  1314821  1333  0  0  41086  0  0  2625  45694  0  41086  4674  45694  764  0  717  0  0  45694  0  0  0  41086  0  0  0  336648  0  10706  0.0  100.0  0 0 
1438706407  0  1454  1344526  1384  0  0  44004  0  0  2625  45694  0  44004  1746  45694  764  0  730  0  0  45694  0  0  0  44004  0  0  0  345385  0  8737  0.0  100.0  0 0 
1438706417  0  1454  1376604  1351  0  0  41991  0  0  2625  45694  0  41991  3757  45694  764  0  731  0  0  45694  0  0  0  41991  0  0  0  353765  0  8380  0.0  100.0  0 0 
1438706427  0  1454  1409388  1380  0  0  43713  0  0  2625  45694  0  43713  2038  45694  764  0  708  0  0  45694  0  0  0  43713  0  0  0  363727  0  9962  0.0  100.0  0 0 
1438706437  0  1454  1442185  1334  0  0  40679  0  0  2625  45694  0  40679  5066  45694  764  0  694  0  0  45694  0  0  0  40679  0  0  0  371998  0  8271  0.0  100.0  0 0 
1438706447  0  1454  1474866  1353  0  0  42386  0  0  2625  45694  0  42386  3359  45694  764  0  714  0  0  45694  0  0  0  42386  0  0  0  381838  0  9840  0.0  100.0  0 0 
1438706457  0  1454  1508201  1364  0  0  42458  0  0  2625  45694  0  42458  3293  45694  764  0  711  0  0  45694  0  0  0  42458  0  0  0  392188  0  10350  0.0  100.0  0 0 
1438706467  0  1454  1534221  1348  0  0  42781  0  0  2625  45694  0  42781  2969  45694  764  0  679  0  0  45694  0  0  0  42781  0  0  0  399535  0  7347  0.0  100.0  0 0 
1438706477  0  1454  1561960  1395  0  0  44651  0  0  2625  45694  0  44651  1054  45694  764  0  706  0  0  45694  0  0  0  44651  0  0  0  407815  0  8280  0.0  100.0  0 0 
1438706487  0  1454  1593593  1349  0  0  42985  0  0  2625  45694  0  42985  2725  45694  764  0  689  0  0  45694  0  0  0  42985  0  0  0  415486  0  7671  0.0  100.0  0 0 
1438706497  0  1454  1623845  1429  0  0  44077  0  0  2625  45694  0  44077  1653  45694  764  0  740  0  0  45694  0  0  0  44077  0  0  0  424196  0  8710  0.0  100.0  0 0 
1438706507  0  1457  1651996  1435  0  0  45193  0  0  2625  46120  0  45193  927  46120  764  0  722  0  0  46120  0  0  0  45193  0  0  0  432599  0  8403  0.0  100.0  0 0 
1438706517  0  1498  1683250  1464  0  0  46093  0  0  2625  46809  0  46093  717  46809  771  0  751  0  0  46809  0  0  0  46093  0  0  0  442644  0  10045  0.0  100.0  0 0 
1438706527  0  1498  1712792  1470  0  0  46349  0  0  2625  46809  0  46349  470  46809  777  0  758  0  0  46809  0  0  0  46349  0  0  0  451452  0  8808  0.0  100.0  0 0 
1438706537  0  1498  1739591  1373  0  0  43831  0  0  2625  46856  0  43831  3040  46856  777  0  711  0  0  46856  0  0  0  43831  0  0  0  457899  0  6447  0.0  100.0  0 0 
1438706547  0  1498  1766602  1451  0  0  46170  0  0  2625  46856  0  46170  698  46856  777  0  744  0  0  46856  0  0  0  46170  0  0  0  465836  0  7937  0.0  100.0  0 0 
1438706557  0  1498  1799132  1454  0  0  46194  0  0  2625  47172  0  46194  979  47172  777  0  755  0  0  47172  0  0  0  46194  0  0  0  475120  0  9284  0.0  100.0  0 0 
1438706567  0  1498  1828118  1306  0  0  41383  0  0  2625  47172  0  41383  5812  47172  777  0  683  0  0  47172  0  0  0  41383  0  0  0  482515  0  7395  0.0  100.0  0 0 
1438706577  0  1498  1853934  1273  0  0  41176  0  0  2625  47172  0  41176  6031  47172  777  0  653  0  0  47172  0  0  0  41176  0  0  0  490027  0  7512  0.0  100.0  0 0 
1438706587  0  1498  1879521  1309  0  0  41885  0  0  2625  47172  0  41885  5329  47172  777  0  683  0  0  47172  0  0  0  41885  0  0  0  498299  0  8272  0.0  100.0  0 0 
1438706597  0  1498  1914364  1239  0  0  39695  0  0  2625  47172  0  39695  7531  47172  777  0  645  0  0  47172  0  0  0  39695  0  0  0  507874  0  9575  0.0  100.0  0 0 
1438706607  0  1498  1944344  1298  0  0  40897  0  0  2625  47172  0  40897  6338  47172  777  0  665  0  0  47172  0  0  0  40897  0  0  0  517808  0  9934  0.0  100.0  0 0 
1438706617  0  1498  1966404  1337  0  0  42343  0  0  2625  47172  0  42343  4900  47172  777  0  687  0  0  47172  0  0  0  42343  0  0  0  524625  0  6817  0.0  100.0  0 0 
1438706627  0  1498  1998005  1357  0  0  43444  0  0  2625  47172  0  43444  3801  47172  777  0  702  0  0  47172  0  0  0  43444  0  0  0  534072  0  9447  0.0  100.0  0 0 
1438706637  0  1498  2019476  1362  0  0  42728  0  0  2625  47172  0  42728  4522  47172  777  0  711  0  0  47172  0  0  0  42728  0  0  0  540575  0  6503  0.0  100.0  0 0 
1438706647  0  1498  2046459  1307  0  0  41509  0  0  2625  47172  0  41509  5745  47172  777  0  671  0  0  47172  0  0  0  41509  0  0  0  547999  0  7424  0.0  100.0  0 0 
1438706657  0  1498  2068268  1319  0  0  41909  0  0  2625  47172  0  41909  5347  47172  777  0  672  0  0  47172  0  0  0  41909  0  0  0  553131  0  5132  0.0  100.0  0 0 
1438706667  0  1498  2099372  1347  0  0  42729  0  0  2625  47172  0  42729  4529  47172  777  0  678  0  0  47172  0  0  0  42729  0  0  0  562473  0  9342  0.0  100.0  0 0 
1438706677  0  1498  2126633  1427  0  0  42739  0  0  2625  47172  0  42739  4524  47172  777  0  739  0  0  47172  0  0  0  42739  0  0  0  570866  0  8393  0.0  100.0  0 0 
1438706688  0  1498  2155357  1380  0  0  41520  0  0  2625  47172  0  41520  5748  47172  777  0  728  0  0  47172  0  0  0  41520  0  0  0  579591  0  8725  0.0  100.0  0 0 
