#Type:X;CI:6;ww:0;ca:0;co:1;fr:0;Type:X;CI:6;PI:0;PT:EP;U0:0;U1:0;
#time  Pp  gt  gs  cn  cm  cb  Nc  Pc  cp  Tc  Nm  pr  ps  pt  px  pd  Pm  Om  fs  ft  Oc  Em  Gp  Ec  Ge  ot  os  Total_cycles_diff  Successful_get_diff  Total_get_diff  succ_put_diff  total_put_diff  get_hit  
1439181846  0  0  0  0  0  0  0  0  0  690605  0  0  0  0  0  0  0  0  0  0  0  0  0  0  0  0  0  690605  0  0  0  0  
1439181856  0  0  0  0  0  0  0  0  0  1376266  0  0  0  0  0  0  0  0  0  21  0  0  0  0  0  46  0  685661  0  0  0  0  0 
1439181866  0  0  0  0  0  0  0  0  0  1376266  0  0  0  0  0  0  0  0  0  21  0  0  0  0  0  46  0  0  0  0  0  0  0 
1439181876  0  0  0  0  0  0  0  0  0  1376266  0  0  0  0  0  0  0  0  0  21  0  0  0  0  0  46  0  0  0  0  0  0  0 
1439181886  0  0  0  0  0  0  0  0  0  1376266  0  0  0  0  0  0  0  0  0  21  0  0  0  0  0  46  0  0  0  0  0  0  0 
1439181896  0  0  0  0  0  0  0  0  0  1379262  0  0  0  0  0  0  0  0  0  21  0  0  0  0  0  46  0  2996  0  0  0  0  0 
1439181906  0  0  0  0  0  0  0  0  0  1398850  0  0  0  0  0  0  0  0  0  21  0  0  0  0  0  46  0  19588  0  0  0  0  0 
1439181916  0  0  0  0  0  0  0  0  0  3220953  0  0  0  0  0  0  0  0  0  21  0  0  0  0  0  46  0  1822103  0  0  0  0  0 
1439181926  0  0  0  0  0  0  0  0  0  45703140  0  0  0  0  0  0  0  0  0  21  0  0  0  0  0  46  0  42482187  0  0  0  0  0 
1439181936  0  47072  0  43494  5  6483029  1036  46310  2816  5656204967  1036  0  46310  46315  5  0  46310  272  0  77  272  46310  0  46310  0  46  0  5610501827  0  47072  46310  46315  0.0  
1439181946  0  103338  31434  98033  5  6465098  1595  69446  2808  11279383308  1598  0  100880  100885  5  0  70776  272  0  77  272  70776  0  69446  31434  46  0  5623178341  31434  56266  54570  54570  30.4186262556  
1439181957  0  329412  256769  320394  5  12042253  1473  68722  5058  34155177305  1647  0  325491  325496  5  0  70776  335  0  96  335  70776  0  68722  256769  46  0  22875793997  225335  226074  224611  224611  77.9476764659  
1439181967  0  486322  413275  477033  5  12042253  1462  69102  5058  50755636066  1647  0  482378  482383  5  0  70776  335  0  96  334  70776  0  69102  413275  46  0  16600458761  156506  156910  156887  156887  84.9797048046  
1439181977  0  669950  596367  660400  5  12212521  1104  38372  5133  70458425328  1647  0  666038  666043  5  0  70776  335  0  96  197  70776  0  38372  596367  46  0  19702789262  183092  183628  183660  183660  89.0166430331  
1439181987  0  852157  778372  842521  5  12212521  421  13254  5133  90113877950  1647  0  848161  848166  5  0  70776  335  0  96  6  70776  0  13254  778372  46  0  19655452622  182005  182207  182123  182123  91.3413842754  
1439181997  0  1001591  927388  992000  5  12212521  416  13140  5133  106261889993  1647  0  997642  997647  5  0  70776  335  0  96  6  70776  0  13140  927388  46  0  16148012043  149016  149434  149481  149481  92.5914869443  
1439182007  0  1124909  1049741  1115160  5  12212521  448  14060  5133  119629851793  1647  0  1121118  1121123  5  0  70776  335  0  96  6  70776  0  14060  1049741  46  0  13367961800  122353  123318  123476  123476  93.3178594891  
1439182017  0  1233845  1157664  1223977  5  12212521  437  14747  5133  131372381710  1647  0  1229937  1229942  5  0  70776  335  0  96  5  70776  0  14747  1157664  46  0  11742529917  107923  108936  108819  108819  93.8257236525  
1439182027  0  1342280  1265012  1332367  5  12563674  483  15660  5275  143112129535  1647  0  1338639  1338644  5  0  70776  335  0  96  6  70776  0  15660  1265012  46  0  11739747825  107348  108435  108702  108702  94.2435259409  
1439182037  0  1457576  1379687  1446378  5  12738879  485  15910  5348  155524294731  1647  0  1453770  1453775  5  0  70776  335  0  96  11  70776  0  15910  1379687  46  0  12412165196  114675  115296  115131  115131  94.656264922  
1439182047  0  1569671  1491586  1557535  5  13167323  479  16025  5515  167568060468  1647  0  1565789  1565794  5  0  70776  335  0  96  20  70776  0  16025  1491586  46  0  12043765737  111899  112095  112019  112019  95.025390671  
1439182057  0  1694374  1615989  1682119  5  12928488  493  16437  5421  180998944460  1647  0  1690604  1690609  5  0  70776  335  0  96  18  70776  0  16437  1615989  46  0  13430883992  124403  124703  124815  124815  95.3738076717  
1439182067  0  1806413  1727660  1793484  5  13000978  490  16646  5459  192958138877  1647  0  1802488  1802493  5  0  70776  335  0  96  21  70776  0  16646  1727660  46  0  11959194417  111671  112039  111884  111884  95.6403657414  
1439182077  0  1918042  1838957  1904662  5  13218663  515  17262  5536  205013341362  1647  0  1914401  1914406  5  0  70776  335  0  96  21  70776  0  17262  1838957  46  0  12055202485  111297  111629  111913  111913  95.8767847628  
1439182087  0  2031108  1951674  2016920  5  13117268  514  17293  5486  217130199954  1647  0  2027149  2027154  5  0  70776  335  0  96  21  70776  0  17293  1951674  46  0  12116858592  112717  113066  112748  112748  96.089129677  
1439182097  0  2154920  2075244  2140299  5  12988822  497  17799  5459  230473032699  1647  0  2151225  2151230  5  0  70776  335  0  96  22  70776  0  17799  2075244  46  0  13342832745  123570  123812  124076  124076  96.3026005606  
1439182107  0  2267817  2187828  2252010  5  13141391  503  17875  5511  242586972744  1647  0  2263886  2263891  5  0  70776  335  0  96  22  70776  0  17875  2187828  46  0  12113940045  112584  112897  112661  112661  96.4728635512  
1439182117  0  2377654  2297012  2361275  5  12880899  540  18712  5390  254444333822  1647  0  2373907  2373912  5  0  70776  335  0  96  23  70776  0  18712  2297012  46  0  11857361078  109184  109837  110021  110021  96.6083374621  
1439182127  0  2489208  2408166  2472336  5  13622412  521  19281  5690  266479781231  1647  0  2485630  2485635  5  0  70776  335  0  96  25  70776  0  19281  2408166  46  0  12035447409  111154  111554  111723  111723  96.7442656459  
1439182137  0  2600977  2519714  2583234  5  13623654  534  19216  5690  278512991871  1647  0  2597113  2597118  5  0  70776  335  0  96  25  70776  0  19216  2519714  46  0  12033210640  111548  111769  111483  111483  96.8756740256  
1439182147  0  2724694  2642949  2706353  5  13148933  556  19920  5515  291852034539  1647  0  2721089  2721094  5  0  70776  335  0  96  25  70776  0  19920  2642949  46  0  13339042668  123235  123717  123976  123976  96.9998465883  
1439182157  0  2844522  2762350  2824880  5  13553702  557  20103  5665  304736436849  1647  0  2840673  2840678  5  0  70776  335  0  96  25  70776  0  20103  2762350  46  0  12884402310  119401  119828  119584  119584  97.1112193894  
1439182167  0  2956079  2873406  2936045  5  13362249  566  20691  5577  316782217686  1647  0  2952329  2952334  5  0  70776  335  0  96  22  70776  0  20691  2873406  46  0  12045780837  111056  111557  111656  111656  97.2032885454  
1439182177  0  3079920  2996981  3059289  5  13592788  590  21095  5681  330098839779  1647  0  3076317  3076322  5  0  70776  335  0  96  30  70776  0  21095  2996981  46  0  13316622093  123575  123841  123988  123988  97.3071053794  
1439182187  0  3190445  3107257  3168745  5  13202954  581  21015  5529  341965440283  1647  0  3186513  3186518  5  0  70776  335  0  96  30  70776  0  21015  3107257  46  0  11866600504  110276  110525  110196  110196  97.392589435  
1439182197  0  3315343  3231799  3292669  5  13680364  552  21374  5720  355409527672  1647  0  3311414  3311419  5  0  70776  335  0  96  32  70776  0  21374  3231799  46  0  13444087389  124542  124898  124901  124901  97.4800797384  
1439182207  0  3426961  3343227  3403657  5  13491818  548  21533  5656  367424590083  1647  0  3423001  3423006  5  0  70776  335  0  96  32  70776  0  21533  3343227  46  0  12015062411  111428  111618  111587  111587  97.556610653  
1439182217  0  3544060  3460205  3520083  5  13514137  576  21596  5654  380014495489  1647  0  3540102  3540107  5  0  70776  335  0  96  30  70776  0  21596  3460205  46  0  12589905406  116978  117099  117101  117101  97.6339283195  
1439182227  0  3678605  3594458  3654255  5  13680995  554  21869  5720  394378331989  1647  0  3674686  3674691  5  0  70776  335  0  96  33  70776  0  21869  3594458  46  0  14363836500  134253  134545  134584  134584  97.7125296138  
1439182237  0  3789903  3705471  3764636  5  13617582  591  22131  5692  406363336400  1647  0  3785961  3785966  5  0  70776  335  0  96  33  70776  0  22131  3705471  46  0  11985004411  111013  111298  111275  111275  97.7721857261  
1439182247  0  3911020  3826227  3884970  5  13476334  604  22969  5650  419458117434  1647  0  3907580  3907585  5  0  70776  335  0  96  35  70776  0  22969  3826227  46  0  13094781034  120756  121117  121619  121619  97.8319466533  
1439182257  0  4026195  3941147  3998477  5  13605305  575  22741  5697  431794774613  1647  0  4022272  4022277  5  0  70776  335  0  97  35  70776  0  22741  3941147  46  0  12336657179  114920  115175  114692  114692  97.887633361  
1439182267  0  4137994  4052746  4108951  5  13236308  597  23141  5552  443897318397  1647  0  4134271  4134276  5  0  70776  335  0  97  35  70776  0  23141  4052746  46  0  12102543784  111599  111799  111999  111999  97.9398713483  
1439182277  0  4268949  4183414  4238378  5  13265735  622  23461  5572  457980705896  1647  0  4265259  4265264  5  0  70776  335  0  98  37  70776  0  23461  4183414  46  0  14083387499  130668  130955  130988  130988  97.9963452363  
1439182287  0  4403204  4317354  4371692  5  13256942  640  24110  5557  472431283402  1647  0  4399848  4399853  5  0  70776  335  0  99  39  70776  0  24110  4317354  46  0  14450577506  133940  134255  134589  134589  98.0502833846  
1439182297  0  4515373  4429272  4482070  5  13152610  603  23836  5530  484471474900  1647  0  4511492  4511497  5  0  70776  335  0  100  39  70776  0  23836  4429272  47  0  12040191498  111918  112169  111644  111644  98.0931586383  
1439182307  0  4634752  4548431  4600504  5  13934787  631  24049  5828  497323045024  1647  0  4630864  4630869  5  0  70776  335  0  100  40  70776  0  24049  4548431  47  0  12851570124  119159  119379  119372  119372  98.1375270996  
1439182317  0  4745517  4659058  4710942  5  13933434  627  24155  5828  509237796530  1647  0  4741660  4741665  5  0  70776  335  0  101  40  70776  0  24155  4659058  47  0  11914751506  110627  110765  110796  110796  98.1780910278  
1439182327  0  4866086  4779374  4830886  5  13434298  606  24393  5642  522217692867  1647  0  4862214  4862219  5  0  70776  335  0  101  38  70776  0  24393  4779374  47  0  12979896337  120316  120569  120554  120554  98.2180339599  
1439182337  0  4983265  4896149  4948063  5  14028842  648  25010  5862  534799434464  1647  0  4979675  4979680  5  0  70776  335  0  101  40  70776  0  25010  4896149  47  0  12581741597  116775  117179  117461  117461  98.2518288712  
1439182347  0  5110740  5023226  5075081  5  13939676  633  25114  5831  548481519553  1647  0  5106856  5106861  5  0  70776  335  0  101  40  70776  0  25114  5023226  47  0  13682085089  127077  127475  127181  127181  98.2876452334  
1439182357  0  5266785  5178503  5230683  5  13901050  661  25997  5814  565269228333  1647  0  5263016  5263021  5  0  70776  335  0  101  39  70776  0  25997  5178503  47  0  16787708780  155277  156045  156160  156160  98.3237971552  
1439182367  0  5382456  5293846  5346493  5  14028842  650  26573  5862  577656395734  1647  0  5378935  5378940  5  0  70776  335  0  101  40  70776  0  26573  5293846  47  0  12387167401  115343  115671  115919  115919  98.3537255112  
1439182377  0  5544123  5455217  5507994  5  14013074  732  26874  5857  595006306128  1647  0  5540607  5540612  5  0  70776  335  0  101  40  70776  0  26874  5455217  47  0  17349910394  161371  161667  161672  161672  98.3963919992  
1439182387  0  5670430  5581365  5633564  5  13604503  673  26606  5706  608593789549  1647  0  5666487  5666492  5  0  70776  335  0  101  40  70776  0  26606  5581365  47  0  13587483421  126148  126307  125880  125880  98.4293078303  
1439182397  0  5801146  5711535  5763047  5  13758746  671  27321  5752  622700334378  1647  0  5797372  5797377  5  0  70776  335  0  101  39  70776  0  27321  5711535  47  0  14106544829  130170  130716  130885  130885  98.4552879724  
1439182407  0  5928345  5837292  5889897  5  14040020  682  28658  5865  636362621818  1647  0  5924466  5924471  5  0  70776  335  0  101  40  70776  0  28658  5837292  47  0  13662287440  125757  127199  127094  127094  98.4641076051  
1439182417  0  6038927  5947275  6000658  5  14041067  682  29436  5866  648253396730  1647  0  6035228  6035233  5  0  70776  335  0  101  40  70776  0  29436  5947275  47  0  11890774912  109983  110582  110762  110762  98.4823131659  
1439182427  0  6149179  6057113  6110664  5  14041067  703  29391  5866  660003673652  1647  0  6145235  6145240  5  0  70776  335  0  101  40  70776  0  29391  6057113  47  0  11750276922  109838  110252  110007  110007  98.5027919987  
1439182437  0  6273438  6180396  6234648  5  13487026  682  29843  5646  673303383598  1647  0  6269450  6269455  5  0  70776  335  0  101  39  70776  0  29843  6180396  47  0  13299709946  123283  124259  124215  124215  98.516889782  
1439182447  0  6436004  6342061  6396484  5  14031494  761  30406  5862  690620824520  1647  0  6432221  6432226  5  0  70776  335  0  101  40  70776  0  30406  6342061  47  0  17317440922  161665  162566  162771  162771  98.540352057  
1439182457  0  6643902  6549089  6604239  5  14041067  749  30915  5866  712904657551  1647  0  6639981  6639986  5  0  70776  335  0  101  40  70776  0  30915  6549089  47  0  22283833031  207028  207898  207760  207760  98.5729319909  
1439182467  0  6780866  6684189  6741427  5  14040020  737  31498  5865  727631663396  1647  0  6777170  6777175  5  0  70776  335  0  101  40  70776  0  31498  6684189  47  0  14727005845  135100  136964  137189  137189  98.5742676525  
1439182477  0  6983750  6885176  6943915  5  13715968  789  32771  5733  749444005110  1647  0  6979894  6979899  5  0  70776  335  0  101  39  70776  0  32771  6885176  47  0  21812341714  200987  202884  202724  202724  98.5885233578  
1439182487  0  7200906  7100975  7160666  5  14041067  813  33670  5866  772753680834  1647  0  7197039  7197044  5  0  70776  335  0  101  40  70776  0  33670  7100975  47  0  23309675724  215799  217156  217145  217145  98.6122440704  
1439182497  0  7350229  7249800  7309947  5  14040020  636  26330  5865  788756480027  1647  0  7346321  7346326  5  0  70776  335  0  101  19  70776  0  26330  7249800  47  0  16002799193  148825  149323  149282  149282  98.6336616179  
1439182507  0  7460414  7359400  7419814  5  14014337  541  20485  5856  800598712537  1647  0  7456549  7456554  5  0  70776  335  0  101  6  70776  0  20485  7359400  47  0  11842232510  109600  110185  110228  110228  98.6460000745  
1439182517  0  7574099  7468223  7533002  5  14028156  567  23336  5861  812795487520  1647  0  7570171  7570176  5  0  70776  335  0  101  6  70776  0  23336  7468223  47  0  12196774983  108823  113685  113622  113622  98.6021307617  
1439182527  0  7698900  7592343  7657795  5  14041067  569  23360  5866  826152440319  1647  0  7694970  7694975  5  0  70776  335  0  101  6  70776  0  23360  7592343  47  0  13356952799  124120  124801  124799  124799  98.615945135  
1439182537  0  7811535  7704361  7770412  5  14041067  553  21273  5866  838231381363  1647  0  7807587  7807592  5  0  70776  335  0  101  6  70776  0  21273  7704361  47  0  12078941044  112018  112635  112617  112617  98.628003331  
1439182547  0  7897767  7789426  7856648  5  12965810  554  19837  5447  847494053985  1647  0  7894015  7894020  5  0  70776  335  0  101  5  70776  0  19837  7789426  47  0  9262672622  85065  86232  86428  86428  98.6282071882  
1439182557  0  7905575  7789426  7864539  5  13341762  751  26989  5588  848343739550  1647  0  7902047  7902052  5  0  70776  335  0  101  7  70776  0  26989  7789426  47  0  849685565  0  7808  8032  8032  98.5307963051  
1439182568  0  7931198  7792104  7890093  5  13417037  1187  44541  5621  851181745202  1647  0  7927718  7927723  5  0  70776  335  0  101  7  70776  0  44541  7792104  47  0  2838005652  2678  25623  25671  25671  98.2462422449  
1439182578  0  7973786  7800758  7931911  8  15138216  1869  77034  6320  855952128831  1869  0  7970261  7970269  8  0  77034  335  0  101  14  77034  0  77034  7800758  47  0  4770383629  8654  42588  42543  42546  97.8300395822  
1439182588  0  8032478  7834941  7990463  8  15323506  2092  95998  6387  862234090932  2121  0  8028998  8029006  8  0  96984  335  0  101  14  96984  0  95998  7834941  47  0  6281962101  34183  58692  58737  58737  97.5407713535  
1439182598  0  8115955  7912169  8073429  8  15473305  1891  90440  6442  872191157550  2121  0  8112019  8112027  8  0  97408  335  0  101  13  97408  0  90440  7912169  47  0  9957066618  77228  83477  83021  83021  97.4890693701  
1439182608  0  8362698  8158912  8320259  8  15474352  1899  80718  6443  898748747501  2121  0  8358852  8358860  8  0  97408  335  0  101  13  97408  0  80718  8158912  47  0  26557589951  246743  246743  246833  246833  97.5631548574  
1439182618  0  8583819  8379830  8540686  8  16038651  1859  80842  6644  922341975302  2121  0  8579894  8579902  8  0  97408  335  0  101  14  97408  0  80842  8379830  47  0  23593227801  220918  221121  221042  221042  97.623563591  
1439182628  0  8804095  8600010  8760709  8  16282114  1827  80859  6737  945841397897  2121  0  8800166  8800174  8  0  97408  335  0  101  14  97408  0  80859  8600010  47  0  23499422595  220180  220276  220272  220272  97.6819309651  
1439182638  0  9024997  8820912  8981671  8  16282114  1888  80920  6737  969415650748  2121  0  9021129  9021137  8  0  97408  335  0  101  14  97408  0  80920  8820912  47  0  23574252851  220902  220902  220963  220963  97.7386696084  
1439182648  0  9245757  9041672  9201990  8  16282114  1833  80748  6737  992937917155  2121  0  9241743  9241751  8  0  97408  335  0  101  14  97408  0  80748  9041672  47  0  23522266407  220760  220760  220614  220614  97.7926631643  
1439182658  0  9466484  9262399  9422772  8  16282114  1854  80775  6737  1016502692791  2121  0  9462526  9462534  8  0  97408  335  0  101  14  97408  0  80775  9262399  47  0  23564775636  220727  220727  220783  220783  97.844130936  
1439182668  0  9711379  9507294  9667630  8  16282114  1860  80738  6737  1042639923163  2121  0  9707384  9707392  8  0  97408  335  0  101  14  97408  0  80738  9507294  47  0  26137230372  244895  244895  244858  244858  97.8984961868  
1439182678  0  9931916  9727831  9887938  8  16282114  1893  80805  6737  1066168221904  2121  0  9927988  9927996  8  0  97408  335  0  101  14  97408  0  80805  9727831  47  0  23528298741  220537  220537  220604  220604  97.9451598262  
1439182688  0  10153161  9949076  10108884  8  16282114  1838  80754  6737  1089771157173  2121  0  10149182  10149190  8  0  97408  335  0  101  14  97408  0  80754  9949076  47  0  23602935269  221245  221245  221194  221194  97.9899363361  
1439182698  0  10374193  10170108  10330025  8  16282114  1880  80867  6737  1113363038204  2121  0  10370327  10370335  8  0  97408  335  0  101  14  97408  0  80867  10170108  47  0  23591881031  221032  221032  221145  221145  98.0327626448  
1439182708  0  10595218  10391133  10550747  8  16282114  1923  80857  6737  1136953831040  2121  0  10591342  10591350  8  0  97408  335  0  101  14  97408  0  80857  10391133  47  0  23590792836  221025  221025  221015  221015  98.0738008411  
1439182718  0  10841725  10637640  10797229  8  16282114  1898  80833  6737  1163201375876  2121  0  10837825  10837833  8  0  97408  335  0  101  14  97408  0  80833  10637640  47  0  26247544836  246507  246507  246483  246483  98.1175966002  
1439182728  0  11062691  10858606  11018091  8  16282114  1854  80732  6737  1186753228638  2121  0  11058690  11058698  8  0  97408  335  0  101  14  97408  0  80732  10858606  47  0  23551852762  220966  220966  220865  220865  98.1551956933  
1439182738  0  11284571  11080486  11239732  8  16282114  1870  80785  6737  1210412941653  2121  0  11280623  11280631  8  0  97408  335  0  101  14  97408  0  80785  11080486  47  0  23659713015  221880  221880  221933  221933  98.1914686876  
1439182748  0  11505365  11301280  11460322  8  16282114  1874  80830  6737  1233962942342  2121  0  11501462  11501470  8  0  97408  335  0  101  14  97408  0  80830  11301280  47  0  23550000689  220794  220794  220839  220839  98.2261753538  
1439182758  0  11726523  11522438  11681433  8  16282114  1881  80785  6737  1257559583215  2121  0  11722575  11722583  8  0  97408  335  0  101  14  97408  0  80785  11522438  47  0  23596640873  221158  221158  221113  221113  98.2596290478  
1439182768  0  11947135  11743050  11901638  8  16282114  1867  80826  6737  1281132853288  2121  0  11943228  11943236  8  0  97408  335  0  101  14  97408  0  80826  11743050  47  0  23573270073  220612  220612  220653  220653  98.2917661849  
1439182778  0  12192391  11988306  12146894  8  16282114  1845  80830  6737  1307322735008  2121  0  12188488  12188496  8  0  97408  335  0  101  14  97408  0  80830  11988306  47  0  26189881720  245256  245256  245260  245260  98.3261281565  
1439182788  0  12413068  12208983  12367291  8  16208033  1890  80825  6710  1330893165474  2121  0  12409160  12409168  8  0  97408  335  0  101  14  97408  0  80825  12208983  47  0  23570430466  220677  220677  220672  220672  98.3558859099  
1439182798  0  12635268  12431183  12589153  8  16281067  1877  80807  6736  1354577084447  2121  0  12631342  12631350  8  0  97408  335  0  101  14  97408  0  80807  12431183  47  0  23683918973  222200  222200  222182  222182  98.3847988028  
1439182808  0  12856067  12651982  12809623  8  16281067  1842  80727  6736  1378139772416  2121  0  12852061  12852069  8  0  97408  335  0  101  14  97408  0  80727  12651982  47  0  23562687969  220799  220799  220719  220719  98.412539387  
1439182818  0  13076948  12872863  13030523  8  16282114  1874  80748  6737  1401708476440  2121  0  13072963  13072971  8  0  97408  335  0  101  14  97408  0  80748  12872863  47  0  23568704024  220881  220881  220902  220902  98.4393529744  
1439182828  0  13323693  13119608  13276940  8  16282114  1846  80712  6737  1428022376301  2121  0  13319672  13319680  8  0  97408  335  0  101  14  97408  0  80712  13119608  47  0  26313899861  246745  246745  246709  246709  98.4682550101  
1439182838  0  13562036  13357951  13515307  8  16282114  1865  80708  6737  1452581585971  2121  0  13558043  13558051  8  0  97408  335  0  101  14  97408  0  80708  13357951  47  0  24559209670  238343  238343  238371  238371  98.4951743234  
1439182848  0  13799464  13595379  13752787  8  16282114  1875  80763  6737  1477056086116  2121  0  13795526  13795534  8  0  97408  335  0  101  14  97408  0  80763  13595379  47  0  24474500145  237428  237428  237483  237483  98.5210657457  
1439182858  0  14037603  13833518  13990619  8  16282114  1835  80707  6737  1501579977253  2121  0  14033651  14033659  8  0  97408  335  0  101  14  97408  0  80707  13833518  47  0  24523891137  238139  238139  238125  238125  98.546154924  
1439182868  0  14302096  14098011  14254915  8  16282114  1862  80759  6737  1528828559309  2121  0  14298196  14298204  8  0  97408  335  0  101  14  97408  0  80759  14098011  47  0  27248582056  264493  264493  264545  264545  98.5730413221  
1439182878  0  14540707  14336622  14493492  8  16282114  1854  80728  6737  1553390670783  2121  0  14536776  14536784  8  0  97408  335  0  101  14  97408  0  80728  14336622  47  0  24562111474  238611  238611  238580  238580  98.5964575175  
1439182888  0  14777860  14573775  14730283  8  16282114  1810  80662  6737  1577829117586  2121  0  14773863  14773871  8  0  97408  335  0  101  14  97408  0  80662  14573775  47  0  24438446803  237153  237153  237087  237087  98.6189813681  
1439182898  0  15041760  14837675  14994218  8  16282114  1885  80700  6737  1605032048951  2121  0  15037801  15037809  8  0  97408  335  0  101  14  97408  0  80700  14837675  47  0  27202931365  263900  263900  263938  263938  98.6432106349  
1439182908  0  15280046  15075961  15232544  8  16282114  1878  80741  6737  1629596572375  2121  0  15276128  15276136  8  0  97408  335  0  101  14  97408  0  80741  15075961  47  0  24564523424  238286  238286  238327  238327  98.6643692041  
1439182918  0  15518199  15314114  15470388  8  16282114  1886  80725  6737  1654144396022  2121  0  15514265  15514273  8  0  97408  335  0  101  14  97408  0  80725  15314114  47  0  24547823647  238153  238153  238137  238137  98.6848667168  
1439182928  0  15757303  15553218  15709157  8  16282114  1857  80639  6737  1678774887568  2121  0  15753283  15753291  8  0  97408  335  0  101  14  97408  0  80639  15553218  47  0  24630491546  239104  239104  239018  239018  98.7048227733  
1439182938  0  16021328  15817243  15973173  8  16282114  1853  80633  6737  1705985883911  2121  0  16017302  16017310  8  0  97408  335  0  101  14  97408  0  80633  15817243  47  0  27210996343  264025  264025  264019  264019  98.7261667697  
1439182948  0  16259221  16055136  16210893  8  16282114  1837  80754  6737  1730504054538  2121  0  16255316  16255324  8  0  97408  335  0  101  14  97408  0  80754  16055136  47  0  24518170627  237893  237893  238014  238014  98.7448045635  
1439182958  0  16496938  16292853  16448644  8  16282114  1834  80790  6737  1754992068974  2121  0  16493069  16493077  8  0  97408  335  0  101  14  97408  0  80790  16292853  47  0  24488014436  237717  237717  237753  237753  98.7628916348  
1439182968  0  16762408  16558323  16714011  8  16282114  1879  80693  6737  1782332026910  2121  0  16758442  16758450  8  0  97408  335  0  101  14  97408  0  80693  16558323  47  0  27339957936  265470  265470  265373  265373  98.7824839963  
1439182978  0  17000193  16796108  16951528  8  16282114  1854  80718  6737  1806824404397  2121  0  16996252  16996260  8  0  97408  335  0  101  14  97408  0  80718  16796108  47  0  24492377487  237785  237785  237810  237810  98.7995136291  
1439182988  0  17238302  17034217  17189313  8  16282114  1871  80642  6737  1831367798820  2121  0  17234285  17234293  8  0  97408  335  0  101  14  97408  0  80642  17034217  47  0  24543394423  238109  238109  238033  238033  98.816095692  
1439182998  0  17475672  17271587  17426688  8  16282114  1834  80652  6737  1855832003164  2121  0  17471665  17471673  8  0  97408  335  0  101  14  97408  0  80652  17271587  47  0  24464204344  237370  237370  237380  237380  98.8321765252  
1439183008  0  17739850  17535765  17690680  8  16282114  1840  80759  6737  1883071120357  2121  0  17735950  17735958  8  0  97408  335  0  101  14  97408  0  80759  17535765  47  0  27239117193  264178  264178  264285  264285  98.8495674992  
1439183018  0  17977357  17773272  17927763  8  16282114  1877  80637  6737  1907539765929  2121  0  17973335  17973343  8  0  97408  335  0  101  14  97408  0  80637  17773272  47  0  24468645572  237507  237507  237385  237385  98.8647663836  
1439183028  0  18214805  18010720  18165300  8  16282114  1865  80730  6737  1932022585604  2121  0  18210876  18210884  8  0  97408  335  0  101  14  97408  0  80730  18010720  47  0  24482819675  237448  237448  237541  237541  98.8795652767  
1439183038  0  18478594  18274509  18428755  8  16282114  1851  80689  6737  1959206190908  2121  0  18474624  18474632  8  0  97408  335  0  101  14  97408  0  80689  18274509  47  0  27183605304  263789  263789  263748  263748  98.8955599111  
1439183048  0  18715871  18511786  18665841  8  16282114  1870  80747  6737  1983687173005  2121  0  18711959  18711967  8  0  97408  335  0  101  14  97408  0  80747  18511786  47  0  24480982097  237277  237277  237335  237335  98.9095618366  
1439183058  0  18953946  18749861  18903830  8  16282114  1875  80663  6737  2008231376146  2121  0  18949950  18949958  8  0  97408  335  0  101  14  97408  0  80663  18749861  47  0  24544203141  238075  238075  237991  237991  98.923258513  
1439183068  0  19191893  18987808  19141541  8  16204884  1895  80693  6709  2032763943405  2121  0  19187927  19187935  8  0  97408  335  0  101  14  97408  0  80693  18987808  47  0  24532567259  237947  237947  237977  237977  98.9366082856  
1439183078  0  19455804  19251719  19405372  8  16282114  1836  80644  6737  2059965624165  2121  0  19451789  19451797  8  0  97408  335  0  101  14  97408  0  80644  19251719  47  0  27201680760  263911  263911  263862  263862  98.9510328126  
1439183088  0  19693815  19489730  19643417  8  16282114  1839  80682  6737  2084507410337  2121  0  19689838  19689846  8  0  97408  335  0  101  14  97408  0  80682  19489730  47  0  24541786172  238011  238011  238049  238049  98.9637101801  
1439183098  0  19931489  19727404  19880899  8  16180627  1886  80749  6701  2109007677270  2121  0  19927579  19927587  8  0  97408  335  0  101  14  97408  0  80749  19727404  47  0  24500266933  237674  237674  237741  237741  98.9760674679  
1439183108  0  20195986  19991901  20145124  8  16282114  1877  80762  6737  2136267658274  2121  0  20192089  20192097  8  0  97408  335  0  101  14  97408  0  80762  19991901  47  0  27259981004  264497  264497  264510  264510  98.989477414  
1439183118  0  20434412  20230327  20383426  8  16281067  1866  80639  6736  2160830940302  2121  0  20430392  20430400  8  0  97408  335  0  101  14  97408  0  80639  20230327  47  0  24563282028  238426  238426  238303  238303  99.001268057  
1439183128  0  20672384  20468299  20621190  8  16281067  1857  80724  6736  2185362197682  2121  0  20668449  20668457  8  0  97408  335  0  101  14  97408  0  80724  20468299  47  0  24531257380  237972  237972  238057  238057  99.0127650493  
1439183138  0  20909929  20705844  20858613  8  16282114  1836  80606  6737  2209820391693  2121  0  20905876  20905884  8  0  97408  335  0  101  14  97408  0  80606  20705844  47  0  24458194011  237545  237545  237427  237427  99.0239804258  
1439183148  0  21173490  20969405  21122180  8  16282114  1887  80598  6737  2236994254829  2121  0  21169445  21169453  8  0  97408  335  0  101  14  97408  0  80598  20969405  47  0  27173863136  263561  263561  263569  263569  99.036129613  
1439183158  0  21411771  21207686  21360178  8  16258610  1867  80782  6729  2261565464364  2121  0  21407910  21407918  8  0  97408  335  0  101  14  97408  0  80782  21207686  47  0  24571209535  238281  238281  238465  238465  99.0468560494  
