#Type:X;CI:1;ww:0;ca:0;co:1;fr:0;Type:X;CI:1;PI:0;PT:EP;U0:0;U1:0;
#time  Pp  gt  gs  cn  cm  cb  Nc  Pc  cp  Tc  Nm  pr  ps  pt  px  pd  Pm  Om  fs  ft  Oc  Em  Gp  Ec  Ge  ot  os  Total_cycles_diff  Successful_get_diff  Total_get_diff  succ_put_diff  total_put_diff  get_hit  
1439150080  0  0  0  0  0  0  0  0  0  2031441  0  0  0  0  0  0  0  0  0  21  0  0  0  0  0  46  0  2031441  0  0  0  0  
1439150090  0  0  0  0  0  0  0  0  0  2033649  0  0  0  0  0  0  0  0  0  21  0  0  0  0  0  46  0  2208  0  0  0  0  0 
1439150100  0  0  0  0  0  0  0  0  0  3984506  0  0  0  0  0  0  0  0  0  21  0  0  0  0  0  667  0  1950857  0  0  0  0  0 
1439150110  0  0  0  0  0  0  0  0  0  4130871  0  0  0  0  0  0  0  0  0  21  0  0  0  0  0  702  0  146365  0  0  0  0  0 
1439150120  0  0  0  0  0  0  0  0  0  4408677  0  0  0  0  0  0  0  0  0  21  0  0  0  0  0  773  0  277806  0  0  0  0  0 
1439150131  0  0  0  0  0  0  0  0  0  5327018  0  0  0  0  0  0  0  0  0  21  0  0  0  0  0  1094  0  918341  0  0  0  0  0 
1439150141  0  0  0  0  0  0  0  0  0  5515429  0  0  0  0  0  0  0  0  0  21  0  0  0  0  0  1148  0  188411  0  0  0  0  0 
1439150151  0  0  0  0  0  0  0  0  0  5971895  0  0  0  0  0  0  0  0  0  21  0  0  0  0  0  1301  0  456466  0  0  0  0  0 
1439150161  0  0  0  0  0  0  0  0  0  6377494  0  0  0  0  0  0  0  0  0  21  0  0  0  0  0  1420  0  405599  0  0  0  0  0 
1439150171  0  0  0  0  0  0  0  0  0  6825528  0  0  0  0  0  0  0  0  0  21  0  0  0  0  0  1562  0  448034  0  0  0  0  0 
1439150181  0  0  0  0  0  0  0  0  0  6937755  0  0  0  0  0  0  0  0  0  21  0  0  0  0  0  1586  0  112227  0  0  0  0  0 
1439150191  0  0  0  0  0  0  0  0  0  7460684  0  0  0  0  0  0  0  0  0  21  0  0  0  0  0  1743  0  522929  0  0  0  0  0 
1439150201  0  0  0  0  0  0  0  0  0  8096052  0  0  0  0  0  0  0  0  0  21  0  0  0  0  0  1926  0  635368  0  0  0  0  0 
1439150211  0  0  0  0  0  0  0  0  0  8706005  0  0  0  0  0  0  0  0  0  21  0  0  0  0  0  2113  0  609953  0  0  0  0  0 
1439150222  0  0  0  0  0  0  0  0  0  8827718  0  0  0  0  0  0  0  0  0  21  0  0  0  0  0  2142  0  121713  0  0  0  0  0 
1439150232  0  0  0  0  0  0  0  0  0  8968271  0  0  0  0  0  0  0  0  0  21  0  0  0  0  0  2180  0  140553  0  0  0  0  0 
1439150242  0  0  0  0  0  0  0  0  0  9644573  0  0  0  0  0  0  0  0  0  21  0  0  0  0  0  2405  0  676302  0  0  0  0  0 
1439150252  0  0  0  0  0  0  0  0  0  10396282  0  0  0  0  0  0  0  0  0  21  0  0  0  0  0  2646  0  751709  0  0  0  0  0 
1439150262  0  0  0  0  0  0  0  0  0  10846587  0  0  0  0  0  0  0  0  0  21  0  0  0  0  0  2784  0  450305  0  0  0  0  0 
1439150272  0  0  0  0  0  0  0  0  0  10958497  0  0  0  0  0  0  0  0  0  21  0  0  0  0  0  2813  0  111910  0  0  0  0  0 
1439150282  0  0  0  0  0  0  0  0  0  11198682  0  0  0  0  0  0  0  0  0  21  0  0  0  0  0  2888  0  240185  0  0  0  0  0 
1439150292  0  0  0  0  0  0  0  0  0  11926191  0  0  0  0  0  0  0  0  0  21  0  0  0  0  0  3102  0  727509  0  0  0  0  0 
1439150302  0  0  0  0  0  0  0  0  0  12232567  0  0  0  0  0  0  0  0  0  21  0  0  0  0  0  3187  0  306376  0  0  0  0  0 
1439150312  0  0  0  0  0  0  0  0  0  12638914  0  0  0  0  0  0  0  0  0  21  0  0  0  0  0  3313  0  406347  0  0  0  0  0 
1439150322  0  0  0  0  0  0  0  0  0  12754269  0  0  0  0  0  0  0  0  0  21  0  0  0  0  0  3355  0  115355  0  0  0  0  0 
1439150332  0  0  0  0  0  0  0  0  0  12954009  0  0  0  0  0  0  0  0  0  21  0  0  0  0  0  3411  0  199740  0  0  0  0  0 
1439150342  0  0  0  0  0  0  0  0  0  13327640  0  0  0  0  0  0  0  0  0  21  0  0  0  0  0  3554  0  373631  0  0  0  0  0 
1439150352  0  0  0  0  0  0  0  0  0  13671650  0  0  0  0  0  0  0  0  0  21  0  0  0  0  0  3651  0  344010  0  0  0  0  0 
1439150362  0  0  0  0  0  0  0  0  0  13789922  0  0  0  0  0  0  0  0  0  21  0  0  0  0  0  3684  0  118272  0  0  0  0  0 
1439150372  0  0  0  0  0  0  0  0  0  13867345  0  0  0  0  0  0  0  0  0  21  0  0  0  0  0  3702  0  77423  0  0  0  0  0 
1439150382  0  0  0  0  0  0  0  0  0  13952578  0  0  0  0  0  0  0  0  0  21  0  0  0  0  0  3730  0  85233  0  0  0  0  0 
1439150392  0  0  0  0  0  0  0  0  0  14001675  0  0  0  0  0  0  0  0  0  21  0  0  0  0  0  3744  0  49097  0  0  0  0  0 
1439150402  0  0  0  0  0  0  0  0  0  14192553  0  0  0  0  0  0  0  0  0  21  0  0  0  0  0  3800  0  190878  0  0  0  0  0 
1439150412  0  0  0  0  0  0  0  0  0  14395569  0  0  0  0  0  0  0  0  0  21  0  0  0  0  0  3856  0  203016  0  0  0  0  0 
1439150422  0  0  0  0  0  0  0  0  0  14504279  0  0  0  0  0  0  0  0  0  21  0  0  0  0  0  3883  0  108710  0  0  0  0  0 
1439150432  0  0  0  0  0  0  0  0  0  14846453  0  0  0  0  0  0  0  0  0  21  0  0  0  0  0  4009  0  342174  0  0  0  0  0 
1439150442  0  0  0  0  0  0  0  0  0  15504344  0  0  0  0  0  0  0  0  0  21  0  0  0  0  0  4220  0  657891  0  0  0  0  0 
1439150452  0  0  0  0  0  0  0  0  0  15689239  0  0  0  0  0  0  0  0  0  21  0  0  0  0  0  4276  0  184895  0  0  0  0  0 
1439150462  0  0  0  0  0  0  0  0  0  16124729  0  0  0  0  0  0  0  0  0  21  0  0  0  0  0  4417  0  435490  0  0  0  0  0 
1439150472  0  0  0  0  0  0  0  0  0  16247012  0  0  0  0  0  0  0  0  0  21  0  0  0  0  0  4453  0  122283  0  0  0  0  0 
1439150482  0  0  0  0  0  0  0  0  0  16561459  0  0  0  0  0  0  0  0  0  21  0  0  0  0  0  4552  0  314447  0  0  0  0  0 
1439150492  0  0  0  0  0  0  0  0  0  16767162  0  0  0  0  0  0  0  0  0  21  0  0  0  0  0  4616  0  205703  0  0  0  0  0 
1439150502  0  0  0  0  0  0  0  0  0  17096302  0  0  0  0  0  0  0  0  0  21  0  0  0  0  0  4715  0  329140  0  0  0  0  0 
1439150512  0  0  0  0  0  0  0  0  0  17166277  0  0  0  0  0  0  0  0  0  21  0  0  0  0  0  4733  0  69975  0  0  0  0  0 
1439150522  0  0  0  0  0  0  0  0  0  17429921  0  0  0  0  0  0  0  0  0  21  0  0  0  0  0  4817  0  263644  0  0  0  0  0 
1439150532  0  0  0  0  0  0  0  0  0  18263995  0  0  0  0  0  0  0  0  0  21  0  0  0  0  0  5092  0  834074  0  0  0  0  0 
1439150542  0  0  0  0  0  0  0  0  0  18429836  0  0  0  0  0  0  0  0  0  21  0  0  0  0  0  5152  0  165841  0  0  0  0  0 
1439150552  0  0  0  0  0  0  0  0  0  19016519  0  0  0  0  0  0  0  0  0  21  0  0  0  0  0  5366  0  586683  0  0  0  0  0 
1439150562  0  0  0  0  0  0  0  0  0  19121933  0  0  0  0  0  0  0  0  0  21  0  0  0  0  0  5394  0  105414  0  0  0  0  0 
1439150572  0  0  0  0  0  0  0  0  0  19470575  0  0  0  0  0  0  0  0  0  21  0  0  0  0  0  5505  0  348642  0  0  0  0  0 
1439150582  0  0  0  0  0  0  0  0  0  19827927  0  0  0  0  0  0  0  0  0  21  0  0  0  0  0  5610  0  357352  0  0  0  0  0 
1439150592  0  0  0  0  0  0  0  0  0  20133703  0  0  0  0  0  0  0  0  0  21  0  0  0  0  0  5708  0  305776  0  0  0  0  0 
1439150602  0  0  0  0  0  0  0  0  0  20284406  0  0  0  0  0  0  0  0  0  21  0  0  0  0  0  5747  0  150703  0  0  0  0  0 
1439150612  0  0  0  0  0  0  0  0  0  20516253  0  0  0  0  0  0  0  0  0  21  0  0  0  0  0  5814  0  231847  0  0  0  0  0 
1439150622  0  0  0  0  0  0  0  0  0  20950839  0  0  0  0  0  0  0  0  0  21  0  0  0  0  0  5951  0  434586  0  0  0  0  0 
1439150632  0  0  0  0  0  0  0  0  0  21321688  0  0  0  0  0  0  0  0  0  21  0  0  0  0  0  6064  0  370849  0  0  0  0  0 
1439150642  0  0  0  0  0  0  0  0  0  21534563  0  0  0  0  0  0  0  0  0  21  0  0  0  0  0  6121  0  212875  0  0  0  0  0 
1439150652  0  0  0  0  0  0  0  0  0  21636033  0  0  0  0  0  0  0  0  0  21  0  0  0  0  0  6151  0  101470  0  0  0  0  0 
1439150662  0  0  0  0  0  0  0  0  0  22147884  0  0  0  0  0  0  0  0  0  21  0  0  0  0  0  6312  0  511851  0  0  0  0  0 
1439150673  0  0  0  0  0  0  0  0  0  22345265  0  0  0  0  0  0  0  0  0  21  0  0  0  0  0  6369  0  197381  0  0  0  0  0 
1439150683  0  0  0  0  0  0  0  0  0  22628993  0  0  0  0  0  0  0  0  0  21  0  0  0  0  0  6449  0  283728  0  0  0  0  0 
1439150693  0  0  0  0  0  0  0  0  0  22701525  0  0  0  0  0  0  0  0  0  21  0  0  0  0  0  6467  0  72532  0  0  0  0  0 
1439150703  0  0  0  0  0  0  0  0  0  22795147  0  0  0  0  0  0  0  0  0  21  0  0  0  0  0  6499  0  93622  0  0  0  0  0 
1439150713  0  0  0  0  0  0  0  0  0  22958123  0  0  0  0  0  0  0  0  0  21  0  0  0  0  0  6547  0  162976  0  0  0  0  0 
1439150723  0  0  0  0  0  0  0  0  0  23266219  0  0  0  0  0  0  0  0  0  21  0  0  0  0  0  6638  0  308096  0  0  0  0  0 
1439150733  0  0  0  0  0  0  0  0  0  23542648  0  0  0  0  0  0  0  0  0  21  0  0  0  0  0  6714  0  276429  0  0  0  0  0 
1439150743  0  0  0  0  0  0  0  0  0  23644170  0  0  0  0  0  0  0  0  0  21  0  0  0  0  0  6740  0  101522  0  0  0  0  0 
1439150753  0  0  0  0  0  0  0  0  0  23987327  0  0  0  0  0  0  0  0  0  21  0  0  0  0  0  6833  0  343157  0  0  0  0  0 
1439150763  0  0  0  0  0  0  0  0  0  24117065  0  0  0  0  0  0  0  0  0  21  0  0  0  0  0  6879  0  129738  0  0  0  0  0 
1439150773  0  0  0  0  0  0  0  0  0  24518975  0  0  0  0  0  0  0  0  0  21  0  0  0  0  0  6994  0  401910  0  0  0  0  0 
1439150783  0  0  0  0  0  0  0  0  0  24610060  0  0  0  0  0  0  0  0  0  21  0  0  0  0  0  7018  0  91085  0  0  0  0  0 
1439150793  0  0  0  0  0  0  0  0  0  24765639  0  0  0  0  0  0  0  0  0  21  0  0  0  0  0  7060  0  155579  0  0  0  0  0 
1439150803  0  0  0  0  0  0  0  0  0  25380275  0  0  0  0  0  0  0  0  0  21  0  0  0  0  0  7256  0  614636  0  0  0  0  0 
1439150813  0  0  0  0  0  0  0  0  0  25545098  0  0  0  0  0  0  0  0  0  21  0  0  0  0  0  7300  0  164823  0  0  0  0  0 
1439150823  0  0  0  0  0  0  0  0  0  25734230  0  0  0  0  0  0  0  0  0  21  0  0  0  0  0  7361  0  189132  0  0  0  0  0 
1439150833  0  0  0  0  0  0  0  0  0  25868282  0  0  0  0  0  0  0  0  0  21  0  0  0  0  0  7395  0  134052  0  0  0  0  0 
1439150843  0  0  0  0  0  0  0  0  0  26195308  0  0  0  0  0  0  0  0  0  21  0  0  0  0  0  7493  0  327026  0  0  0  0  0 
1439150853  0  0  0  0  0  0  0  0  0  26582214  0  0  0  0  0  0  0  0  0  21  0  0  0  0  0  7615  0  386906  0  0  0  0  0 
1439150863  0  0  0  0  0  0  0  0  0  26781188  0  0  0  0  0  0  0  0  0  21  0  0  0  0  0  7665  0  198974  0  0  0  0  0 
1439150873  0  0  0  0  0  0  0  0  0  26929631  0  0  0  0  0  0  0  0  0  21  0  0  0  0  0  7705  0  148443  0  0  0  0  0 
1439150883  0  0  0  0  0  0  0  0  0  27080359  0  0  0  0  0  0  0  0  0  21  0  0  0  0  0  7755  0  150728  0  0  0  0  0 
1439150893  0  0  0  0  0  0  0  0  0  27700955  0  0  0  0  0  0  0  0  0  21  0  0  0  0  0  7962  0  620596  0  0  0  0  0 
1439150903  0  0  0  0  0  0  0  0  0  27941476  0  0  0  0  0  0  0  0  0  21  0  0  0  0  0  8041  0  240521  0  0  0  0  0 
1439150913  0  0  0  0  0  0  0  0  0  28272986  0  0  0  0  0  0  0  0  0  21  0  0  0  0  0  8152  0  331510  0  0  0  0  0 
1439150923  0  0  0  0  0  0  0  0  0  28367659  0  0  0  0  0  0  0  0  0  21  0  0  0  0  0  8177  0  94673  0  0  0  0  0 
1439150933  0  0  0  0  0  0  0  0  0  28846142  0  0  0  0  0  0  0  0  0  21  0  0  0  0  0  8324  0  478483  0  0  0  0  0 
1439150943  0  0  0  0  0  0  0  0  0  29307517  0  0  0  0  0  0  0  0  0  21  0  0  0  0  0  8478  0  461375  0  0  0  0  0 
1439150953  0  0  0  0  0  0  0  0  0  29611638  0  0  0  0  0  0  0  0  0  21  0  0  0  0  0  8585  0  304121  0  0  0  0  0 
1439150963  0  0  0  0  0  0  0  0  0  29669730  0  0  0  0  0  0  0  0  0  21  0  0  0  0  0  8601  0  58092  0  0  0  0  0 
1439150973  0  0  0  0  0  0  0  0  0  29994612  0  0  0  0  0  0  0  0  0  21  0  0  0  0  0  8705  0  324882  0  0  0  0  0 
1439150983  0  0  0  0  0  0  0  0  0  30411663  0  0  0  0  0  0  0  0  0  21  0  0  0  0  0  8837  0  417051  0  0  0  0  0 
1439150993  0  0  0  0  0  0  0  0  0  30793831  0  0  0  0  0  0  0  0  0  21  0  0  0  0  0  8955  0  382168  0  0  0  0  0 
1439151003  0  0  0  0  0  0  0  0  0  31165084  0  0  0  0  0  0  0  0  0  21  0  0  0  0  0  9061  0  371253  0  0  0  0  0 
1439151013  0  0  0  0  0  0  0  0  0  31581024  0  0  0  0  0  0  0  0  0  21  0  0  0  0  0  9168  0  415940  0  0  0  0  0 
1439151023  0  0  0  0  0  0  0  0  0  32043740  0  0  0  0  0  0  0  0  0  21  0  0  0  0  0  9292  0  462716  0  0  0  0  0 
1439151033  0  563  349  13  5  6279734  186  2676  2670  285419014  232  0  3408  3413  5  0  3408  351  0  71  192  3408  0  2676  349  9666  120  253375274  349  563  3408  3413  61.9893428064  
1439151043  0  563  349  13  5  6279734  186  2676  2670  285419014  232  0  3408  3413  5  0  3408  351  0  71  192  3408  0  2676  349  9666  120  0  0  0  0  0  61.9893428064  
1439151053  0  563  349  13  5  6279734  186  2676  2670  285419014  232  0  3408  3413  5  0  3408  351  0  71  192  3408  0  2676  349  9666  120  0  0  0  0  0  61.9893428064  
1439151063  0  563  349  37  19  6797075  180  2850  2820  364330548  232  0  3850  3869  19  0  3408  351  0  29629  183  3408  0  2850  349  9762  166  78911534  0  0  442  456  61.9893428064  
1439151073  0  563  349  37  19  4554618  111  1874  1844  401201796  232  0  3871  3890  19  0  3408  351  0  59544  70  3408  0  1874  349  10035  284  36871248  0  0  21  21  61.9893428064  
1439151083  0  575  349  42  20  6399391  108  2613  2578  583472367  232  0  4653  4673  20  0  3408  351  0  90781  59  3408  0  2613  349  11712  295  182270571  0  12  782  783  60.6956521739  
1439151093  0  643  355  42  20  6384150  107  2606  2571  617215874  232  0  4659  4679  20  0  3408  351  0  125206  58  3408  0  2606  355  12748  296  33743507  6  68  6  6  55.2099533437  
1439151103  0  661  355  42  20  6405032  110  2624  2589  649704071  232  0  4677  4697  20  0  3408  351  0  160910  59  3408  0  2624  355  14058  296  32488197  0  18  18  18  53.706505295  
1439151113  0  18976  618  42  20  5838179  179  3230  3195  746378289  232  0  5548  5568  20  0  3408  351  0  207357  121  3408  0  3230  618  16801  298  96674218  263  18315  871  871  3.25674536256  
1439151123  0  51404  647  42  22  6677207  522  9883  9848  1050616583  522  0  12230  12252  22  0  9883  433  0  233260  433  9883  0  9883  647  18180  298  304238294  29  32428  6682  6684  1.25865691386  
1439151133  0  78139  647  42  22  7689492  1658  35274  35239  1742678393  1658  0  37621  37643  22  0  35274  1481  0  234895  1481  35274  0  35274  647  18758  298  692061810  0  26735  25391  25391  0.828011620318  
1439151143  0  114000  692  42  22  9124968  3212  70732  70697  2751821138  3212  0  73124  73146  22  0  70732  2903  0  235595  2903  70732  0  70732  692  19432  298  1009142745  45  35861  35503  35503  0.60701754386  
1439151153  0  164855  757  42  22  9974859  4175  93381  93346  4240698169  4175  0  124582  124604  22  0  93381  3794  0  235595  3794  93381  0  93381  757  20899  1469  1488877031  65  50855  51458  51458  0.459191410634  
1439151163  0  207694  782  42  22  10146636  4310  98238  98203  5458662800  4390  0  166994  167016  22  0  98903  3993  0  236136  3901  98903  0  98238  782  22501  2988  1217964631  25  42839  42412  42412  0.376515450615  
1439151173  0  231689  815  42  22  10242431  4412  101285  101250  6142833189  4588  0  191117  191139  22  0  105373  4146  0  236270  3984  105373  0  101285  815  23391  3834  684170389  33  23995  24123  24123  0.351764650027  
1439151183  0  256933  829  42  22  10406644  4590  104395  104360  6899972414  4769  0  216496  216518  22  0  109133  4301  0  236314  4152  109133  0  104395  829  24277  4679  757139225  14  25244  25379  25379  0.322652208942  
1439151193  0  293053  829  42  22  10512497  4711  106234  106199  7984726434  4769  0  253260  253282  22  0  109133  4332  0  236404  4297  109133  0  106234  829  25756  6078  1084754020  0  36120  36764  36764  0.282883983443  
1439151203  0  325563  829  42  22  10675488  4835  109203  109168  8957572432  4873  0  285457  285479  22  0  110191  4435  0  236852  4402  110191  0  109203  829  26964  7224  972845998  0  32510  32197  32197  0.254635815495  
1439151213  0  368734  868  42  22  10452106  4651  104359  104324  10276098051  4974  0  328782  328804  22  0  112012  4534  0  236936  4222  112012  0  104359  868  28973  9141  1318525619  39  43171  43325  43325  0.235400044477  
1439151223  0  420705  911  42  22  10639038  4878  110185  110150  11822498460  4986  0  380858  380880  22  0  112692  4534  0  236947  4420  112692  0  110185  911  30942  10998  1546400409  43  51971  52076  52076  0.216541281896  
1439151233  0  447796  927  42  22  10673100  4857  111332  111297  12618710855  5001  0  407934  407956  22  0  113451  4534  0  237501  4392  113451  0  111332  927  32064  12067  796212395  16  27091  27076  27076  0.207013908119  
1439151243  0  473108  951  42  22  10455272  4604  105767  105732  13369495515  5001  0  433467  433489  22  0  113451  4534  0  237642  4149  113451  0  105767  951  33329  13275  750784660  24  25312  25533  25533  0.201011185607  
1439151254  0  507187  961  42  22  10549901  4733  107881  107846  14377823817  5001  0  467633  467655  22  0  113451  4534  0  237745  4307  113451  0  107881  961  34664  14541  1008328302  10  34079  34166  34166  0.189476465288  
1439151264  0  539289  961  42  22  10504925  4703  106086  106051  15364689641  5001  0  500072  500094  22  0  113451  4544  0  237760  4275  113451  0  106086  961  36100  15902  986865824  0  32102  32439  32439  0.17819758979  
1439151274  0  581698  976  42  22  10643635  4872  108136  108101  16632840430  5001  0  542186  542208  22  0  113451  4545  0  238280  4433  113451  0  108136  976  37746  17469  1268150789  15  42409  42114  42114  0.167784658018  
1439151284  0  631543  1018  42  22  10595734  4833  108724  108689  18096638511  5031  0  592193  592215  22  0  113496  4555  0  238328  4380  113496  0  108724  1018  39866  19471  1463798081  42  49845  50007  50007  0.161192507874  
1439151294  0  665792  1041  42  22  10526760  4733  108178  108143  19120024938  5044  0  626834  626856  22  0  114967  4566  0  238329  4275  114967  0  108178  1041  41390  20921  1023386427  23  34249  34641  34641  0.156355137941  
1439151304  0  689659  1063  42  22  10743282  4938  112980  112945  19839022105  5068  0  650354  650376  22  0  115764  4576  0  238909  4465  115764  0  112980  1063  42158  21651  718997167  22  23867  23520  23520  0.154134144555  
1439151314  0  716968  1075  42  22  10656359  4835  110569  110534  20684526341  5068  0  677829  677851  22  0  115764  4576  0  239073  4377  115764  0  110569  1075  43385  22821  845504236  12  27309  27475  27475  0.14993695674  
1439151324  0  752535  1075  42  22  10827175  5033  113635  113600  21746414634  5068  0  713555  713577  22  0  115764  4585  0  239127  4580  115764  0  113635  1075  44740  24104  1061888293  0  35567  35726  35726  0.142850498648  
1439151334  0  790287  1075  42  22  10723963  4893  110143  110108  22884257522  5117  0  751317  751339  22  0  116081  4653  0  239497  4463  116081  0  110143  1075  46445  25724  1137842888  0  37752  37762  37762  0.136026532133  
1439151344  0  842304  1151  42  22  10804921  5075  114239  114204  24443887170  5146  0  803369  803391  22  0  116081  4682  0  239748  4608  116081  0  114239  1151  48482  27664  1559629648  76  52017  52052  52052  0.136649000836  
1439151354  0  881983  1194  42  22  10674969  4982  112484  112449  25615848495  5146  0  843112  843134  22  0  116081  4682  0  239749  4505  116081  0  112484  1194  50238  29316  1171961325  43  39679  39743  39743  0.135376758962  
1439151364  0  905454  1216  42  22  10757599  5001  114530  114495  26339330492  5146  0  867015  867037  22  0  116491  4682  0  239760  4529  116491  0  114530  1216  51163  30203  723481997  22  23471  23903  23903  0.134297269657  
1439151374  0  929639  1228  42  22  10667349  4862  111692  111657  27064036222  5146  0  890855  890877  22  0  116491  4682  0  240330  4379  116491  0  111692  1228  52286  31272  724705730  12  24185  23840  23840  0.132094286062  
1439151384  0  963475  1228  42  22  10470388  4627  104937  104902  28095534583  5146  0  925010  925032  22  0  116491  4682  0  240491  4205  116491  0  104937  1228  53977  32874  1031498361  0  33836  34155  34155  0.127455305016  
1439151394  0  1000599  1228  42  22  10814543  5002  113272  113237  29160375116  5146  0  962360  962382  22  0  116491  4682  0  240526  4538  116491  0  113272  1228  55184  34020  1064840533  0  37124  37350  37350  0.122726486834  
1439151404  0  1043127  1244  42  22  10899331  5122  114907  114872  30459737507  5154  0  1005088  1005110  22  0  116491  4682  0  240527  4658  116491  0  114907  1244  56890  35641  1299362391  16  42528  42728  42728  0.119256811491  
1439151414  0  1090316  1288  42  22  10795095  5059  113755  113720  31798172024  5167  0  1051758  1051780  22  0  116578  4683  0  241187  4583  116578  0  113755  1288  58922  37566  1338434517  44  47189  46670  46670  0.118130890494  
1439151424  0  1121195  1311  42  22  10677844  4910  111786  111751  32740512590  5225  0  1083173  1083195  22  0  118574  4746  0  241194  4433  118574  0  111786  1311  60359  38932  942340566  23  30879  31415  31415  0.116928812562  
1439151434  0  1145402  1335  42  22  10776658  4965  113981  113946  33482401425  5225  0  1107325  1107347  22  0  118884  4746  0  241214  4495  118884  0  113981  1335  61254  39786  741888835  24  24207  24152  24152  0.116552965684  
1439151444  0  1182424  1345  42  22  10952953  5186  117850  117815  34602335810  5225  0  1144303  1144325  22  0  119554  4746  0  241769  4715  119554  0  117850  1345  62631  41090  1119934385  10  37022  36978  36978  0.113749382624  
1439151454  0  1213341  1345  42  22  10847456  5044  114445  114410  35527718059  5292  0  1175461  1175483  22  0  119729  4817  0  241923  4589  119729  0  114445  1345  64083  42469  925382249  0  30917  31158  31158  0.11085094792  
1439151464  0  1254090  1345  42  22  11009906  5267  118239  118204  36799336380  5308  0  1216469  1216491  22  0  119729  4823  0  241923  4801  119729  0  118239  1345  65616  43924  1271618321  0  40749  41008  41008  0.107249081007  
1439151474  0  1303780  1395  42  22  10577926  4834  108004  107969  38269754614  5319  0  1266187  1266209  22  0  119729  4824  0  241924  4378  119729  0  108004  1395  68153  46330  1470418234  50  49690  49718  49718  0.106996579177  
1439151484  0  1341156  1421  42  22  10863663  5114  116536  116501  39393448209  5319  0  1303351  1303373  22  0  119729  4824  0  242676  4629  119729  0  116536  1421  69394  47508  1123693595  26  37376  37164  37164  0.105953371569  
1439151494  0  1364292  1443  42  22  10720189  4953  113562  113527  40099411964  5319  0  1326709  1326731  22  0  120588  4824  0  242742  4484  120588  0  113562  1443  70483  48552  705963755  22  23136  23358  23358  0.105769146195  
1439151504  0  1394873  1472  42  22  10752412  4991  113839  113804  41036554450  5319  0  1357368  1357390  22  0  120654  4824  0  242775  4526  120654  0  113839  1472  71733  49737  937142486  29  30581  30659  30659  0.10552932059  
1439151514  0  1431269  1472  42  22  10974714  5202  117544  117509  42100483305  5319  0  1393902  1393924  22  0  120654  4824  0  243263  4735  120654  0  117544  1472  73104  51031  1063928855  0  36396  36534  36534  0.102845796283  
1439151524  0  1465197  1472  42  22  11004446  5209  117682  117647  43102973372  5319  0  1427692  1427714  22  0  120654  4824  0  243406  4751  120654  0  117682  1472  74517  52376  1002490067  0  33928  33790  33790  0.100464306165  
1439151534  0  1515080  1505  42  22  10725060  4962  111991  111956  44628289558  5319  0  1477949  1477971  22  0  120654  4828  0  243406  4489  120654  0  111991  1505  76872  54617  1525316186  33  49883  50257  50257  0.0993346885973  
1439151544  0  1558709  1548  42  22  10771999  5027  114095  114060  45934739948  5319  0  1521925  1521947  22  0  120654  4828  0  243408  4551  120654  0  114095  1548  78639  56286  1306450390  43  43629  43976  43976  0.099312957069  
1439151554  0  1582724  1548  42  22  10843510  5039  115555  115520  46656575113  5319  0  1545337  1545359  22  0  120654  4828  0  244151  4567  120654  0  115555  1548  79581  57184  721835165  0  24015  23412  23412  0.097806060943  
1439151564  0  1609249  1582  42  22  10816228  5030  115881  115846  47452735045  5319  0  1572142  1572164  22  0  120654  4828  0  244290  4551  120654  0  115881  1582  80694  58245  796159932  34  26525  26805  26805  0.0983067256838  
1439151574  0  1649041  1582  42  22  10836785  5052  114002  113967  48651492266  5319  0  1612212  1612234  22  0  120654  4828  0  244311  4591  120654  0  114002  1582  82417  59874  1198757221  0  39792  40070  40070  0.0959345461999  
1439151584  0  1681429  1582  42  22  10965674  5173  116628  116593  49645198859  5319  0  1644291  1644313  22  0  120654  4828  0  244795  4695  120654  0  116628  1582  83645  61043  993706593  0  32388  32079  32079  0.0940866370212  
1439151594  0  1726923  1615  42  22  10801522  5045  113132  113097  50980380601  5319  0  1690057  1690079  22  0  120654  4828  0  244909  4585  120654  0  113132  1615  85685  62981  1335181742  33  45494  45766  45766  0.0935189351233  
1439151604  0  1771067  1658  42  22  10578173  4816  109116  109081  52295560102  5319  0  1734286  1734308  22  0  120654  4828  0  244910  4376  120654  0  109116  1658  87740  64928  1315179501  43  44144  44229  44229  0.0936158824031  
1439151614  0  1803397  1658  42  22  10535993  4705  107895  107860  53235601815  5319  0  1766470  1766492  22  0  120654  4828  0  245400  4251  120654  0  107895  1658  89170  66296  940041713  0  32330  32184  32184  0.091937604421  
1439151624  0  1827396  1682  42  22  10571230  4745  108866  108831  53960852418  5319  0  1790665  1790687  22  0  120654  4828  0  245525  4274  120654  0  108866  1682  90134  67211  725250603  24  23999  24195  24195  0.0920435417392  
1439151634  0  1860236  1692  42  22  10613770  4805  109511  109476  54916161246  5319  0  1823721  1823743  22  0  120654  4828  0  245659  4368  120654  0  109511  1692  91484  68483  955308828  10  32840  33056  33056  0.0909562012562  
1439151644  0  1892890  1692  42  22  10592060  4766  107923  107888  55642693236  5319  0  1856531  1856553  22  0  120654  4828  0  245674  4331  120654  0  107923  1692  92910  69841  726531990  0  32654  32810  32810  0.0893871276197  
1439151654  0  1933379  1692  42  22  10653387  4869  107998  107963  56575736409  5319  0  1896613  1896635  22  0  120654  4828  0  246158  4426  120654  0  107998  1692  94566  71407  933043173  0  40489  40082  40082  0.0875151742105  
1439151664  0  1983813  1756  42  22  10666175  4933  110664  110629  58013650563  5319  0  1947657  1947679  22  0  120654  4828  0  246261  4465  120654  0  110664  1756  96643  73383  1437914154  64  50434  51044  51044  0.0885164075445  
1439151674  0  2019149  1783  42  22  10541852  4769  108336  108301  59080012061  5319  0  1982974  1982996  22  0  120654  4828  0  246272  4305  120654  0  108336  1783  98242  74900  1066361498  27  35336  35317  35317  0.0883045282939  
1439151684  0  2042573  1805  42  22  10446154  4611  105726  105691  59710742619  5319  0  2006357  2006379  22  0  120654  4828  0  246697  4156  120654  0  105726  1805  99336  75940  630730558  22  23424  23383  23383  0.0883689346721  
1439151694  0  2068840  1831  42  22  10547797  4718  108022  107987  60513742462  5319  0  2032531  2032553  22  0  120654  4828  0  246958  4282  120654  0  108022  1831  100299  76858  802999843  26  26267  26174  26174  0.088503702558  
1439151704  0  2104210  1831  42  22  10379718  4558  103176  103141  61441256108  5319  0  2068055  2068077  22  0  120654  4828  0  247081  4153  120654  0  103176  1831  101980  78454  927513646  0  35370  35524  35524  0.0870160297689  
1439151714  0  2143250  1831  42  22  10362955  4544  101115  101080  62559864883  5319  0  2107261  2107283  22  0  120654  4828  0  247081  4141  120654  0  101115  1831  103681  80063  1118608775  0  39040  39206  39206  0.0854310043159  
1439151724  0  2193981  1883  42  22  10469810  4671  105852  105817  64076068557  5319  0  2158110  2158132  22  0  120654  4828  0  247627  4230  120654  0  105852  1883  105689  81968  1516203674  52  50731  50849  50849  0.0858257204597  
1439151734  0  2234812  1909  42  22  10436503  4662  105805  105770  65312145528  5319  0  2199019  2199041  22  0  120654  4828  0  247714  4220  120654  0  105805  1909  107391  83589  1236076971  26  40831  40909  40909  0.0854210555519  
1439151744  0  2258796  1924  42  22  10476867  4649  106811  106776  66039074543  5319  0  2223169  2223191  22  0  120654  4828  0  247716  4202  120654  0  106811  1924  108393  84544  726929015  15  23984  24150  24150  0.0851781214417  
1439151754  0  2283311  1952  42  22  10501317  4672  107089  107054  66783054154  5319  0  2248040  2248062  22  0  120654  4828  0  247717  4212  120654  0  107089  1952  109387  85486  743979611  28  24515  24871  24871  0.0854898872733  
1439151764  0  2317228  1954  42  22  10266259  4450  100458  100423  67793718297  5319  0  2281430  2281452  22  0  120654  4828  0  248371  4050  120654  0  100458  1954  111045  87057  1010664143  2  33917  33390  33390  0.0843248916378  
1439151774  0  2352285  1954  42  22  10422097  4584  103836  103801  68778719347  5319  0  2316928  2316950  22  0  120654  4828  0  248432  4165  120654  0  103836  1954  112393  88333  985001050  0  35057  35498  35498  0.0830681656347  
1439151784  0  2395206  1964  42  22  10566417  4788  106914  106879  70020003795  5319  0  2360089  2360111  22  0  120654  4828  0  248432  4347  120654  0  106914  1964  114058  89920  1241284448  10  42921  43161  43161  0.0819971225857  
1439151794  0  2442824  2004  42  22  10526026  4768  107503  107468  71390797883  5319  0  2407270  2407292  22  0  120654  4828  0  249076  4317  120654  0  107503  2004  116038  91792  1370794088  40  47618  47181  47181  0.0820362007251  
1439151804  0  2475486  2059  42  22  10530536  4788  109075  109040  72350695812  5319  0  2440207  2440229  22  0  120654  4828  0  249165  4321  120654  0  109075  2059  117387  93083  959897929  55  32662  32937  32937  0.0831755865313  
1439151814  0  2499973  2078  42  22  10283861  4410  101541  101506  73075576524  5319  0  2465030  2465052  22  0  120654  4828  0  249197  3970  120654  0  101541  2078  118721  94353  724880712  19  24487  24823  24823  0.0831208977057  
1439151824  0  2534755  2092  42  22  10433596  4601  105396  105361  74071096474  5319  0  2499494  2499516  22  0  120654  4828  0  249696  4173  120654  0  105396  2092  120013  95565  995519950  14  34782  34464  34464  0.0825326313588  
1439151834  0  2566339  2092  42  22  10447803  4632  104916  104881  75038089276  5319  0  2531375  2531397  22  0  120654  4828  0  249887  4203  120654  0  104916  2092  121334  96829  966992802  0  31584  31881  31881  0.0815169001445  
1439151844  0  2603097  2092  42  22  10358173  4556  101471  101436  76162542765  5319  0  2568324  2568346  22  0  120654  4828  0  249958  4139  120654  0  101471  2092  122997  98405  1124453489  0  36758  36949  36949  0.0803658104174  
1439151854  0  2651472  2171  42  22  10311059  4552  102383  102348  77634710617  5319  0  2617027  2617049  22  0  120654  4828  0  249969  4122  120654  0  102383  2171  125051  100355  1472167852  79  48375  48703  48703  0.0818790468087  
1439151864  0  2692331  2184  42  22  10369034  4565  104210  104175  78815975396  5319  0  2657318  2657340  22  0  120654  4828  0  250612  4125  120654  0  104210  2184  126706  101925  1181264779  13  40859  40291  40291  0.0811192977387  
1439151874  0  2718597  2199  42  22  10453397  4636  106463  106428  79616685273  5319  0  2683706  2683728  22  0  120654  4828  0  250723  4182  120654  0  106463  2199  127705  102879  800709877  15  26266  26388  26388  0.0808873106238  
1439151884  0  2745003  2216  42  22  10540416  4704  108176  108141  80432493271  5319  0  2710343  2710365  22  0  120654  4828  0  250772  4249  120654  0  108176  2216  128735  103852  815807998  17  26406  26637  26637  0.080728509222  
1439151894  0  2780409  2216  42  22  10456506  4642  105561  105526  81484261968  5319  0  2745993  2746015  22  0  120654  4828  0  251182  4227  120654  0  105561  2216  130331  105368  1051768697  0  35406  35650  35650  0.0797005044941  
1439151905  0  2813742  2216  42  22  10530344  4739  106396  106361  82481988479  5319  0  2778963  2778985  22  0  120654  4828  0  251346  4310  120654  0  106396  2216  131661  106627  997726511  0  33333  32970  32970  0.0787563323148  
1439151915  0  2858741  2232  42  22  10416540  4625  103458  103423  83724225035  5319  0  2824551  2824573  22  0  120654  4828  0  251405  4193  120654  0  103458  2232  133695  108565  1242236556  16  44999  45588  45588  0.0780763280059  
1439151925  0  2903446  2279  42  22  10579700  4850  109355  109320  85053476124  5319  0  2869448  2869470  22  0  120654  4828  0  251415  4394  120654  0  109355  2279  135359  110138  1329251089  47  44705  44897  44897  0.0784929356358  
1439151935  0  2936270  2290  42  22  10608558  4800  110379  110344  86007054532  5319  0  2901986  2902008  22  0  120654  4828  0  252041  4328  120654  0  110379  2290  136720  111437  953578408  11  32824  32538  32538  0.07799010309  
1439151945  0  2959878  2318  42  22  10578724  4762  109336  109301  86586029955  5319  0  2925449  2925471  22  0  120654  4828  0  252151  4282  120654  0  109336  2318  137712  112372  578975423  28  23608  23463  23463  0.0783140386192  
1439151955  0  2994535  2320  42  22  10430078  4635  104707  104672  87543674514  5319  0  2960619  2960641  22  0  120654  4828  0  252231  4216  120654  0  104707  2320  139356  113935  957644559  2  34657  35170  35170  0.0774744659855  
1439151965  0  3026528  2320  42  22  10453845  4645  104766  104731  88474861780  5319  0  2992653  2992675  22  0  120654  4828  0  252619  4215  120654  0  104766  2320  140689  115200  931187266  0  31993  32034  32034  0.0766554943486  
1439151975  0  3067294  2320  42  22  10526117  4752  106097  106062  89689179490  5319  0  3033326  3033348  22  0  120654  4828  0  252857  4298  120654  0  106097  2320  142316  116751  1214317710  0  40766  40673  40673  0.0756367012748  
1439151985  0  3116119  2357  42  22  10536858  4778  107703  107668  91152550246  5319  0  3082752  3082774  22  0  120654  4828  0  252858  4325  120654  0  107703  2357  144351  118675  1463370756  37  48825  49426  49426  0.0756389598728  
1439151995  0  3152261  2373  42  22  10698284  4911  112275  112240  92253983330  5319  0  3118937  3118959  22  0  120654  4828  0  252900  4433  120654  0  112275  2373  145710  119971  1101433084  16  36142  36185  36185  0.075279299525  
1439152005  0  3175891  2385  42  22  10642242  4791  110574  110539  92963989448  5319  0  3142060  3142082  22  0  120654  4828  0  253518  4323  120654  0  110574  2385  146735  120942  710006118  12  23630  23123  23123  0.075097035761  
