#Type:X;CI:1;ww:0;ca:0;co:0;fr:0;Type:X;CI:1;PI:0;PT:EP;U0:0;U1:0;
#time  Pp  gt  gs  cn  cm  cb  Nc  Pc  cp  Tc  Nm  pr  ps  pt  px  pd  Pm  Om  fs  ft  Oc  Em  Gp  Ec  Ge  ot  os  Total_cycles_diff  Successful_get_diff  Total_get_diff  succ_put_diff  total_put_diff  get_hit  
1438528888  0  0  0  0  0  0  0  0  0  2277963  0  0  0  0  0  0  0  0  0  21  0  0  0  0  0  46  0  2277963  0  0  0  0  
1438528898  0  0  0  0  0  0  0  0  0  2277963  0  0  0  0  0  0  0  0  0  21  0  0  0  0  0  46  0  0  0  0  0  0  0 
1438528908  0  38528  0  0  0  0  894  38744  0  439219630  894  0  38744  38744  0  0  38744  272  0  64  272  38744  0  38744  0  46  0  436941667  0  38528  38744  38744  0.0  
1438528918  0  434586  341672  0  0  0  1862  90727  0  4255664806  1891  0  432399  432397  0  0  91002  334  0  74  334  91002  0  90727  341672  46  0  3816445176  341672  396058  393655  393653  78.6201120147  
1438528928  0  1135070  1042144  0  0  0  1762  90419  0  11166373824  1988  0  1132563  1132558  0  0  91002  334  0  74  334  91002  0  90419  1042144  46  0  6910709018  700472  700484  700164  700161  91.8131921379  
1438528938  0  1858096  1765053  0  0  0  1741  90282  0  18413484136  1988  0  1855335  1855328  0  0  91100  334  0  74  334  91100  0  90282  1765053  46  0  7247110312  722909  723026  722772  722770  94.9925622788  
1438528948  0  2550521  2457487  0  0  0  1864  90772  0  25486328716  1988  0  2548259  2548250  0  0  91146  334  0  74  334  91146  0  90772  2457487  46  0  7072844580  692434  692425  692924  692922  96.3523531075  
1438528958  0  3383998  3290979  0  0  0  1866  90642  0  33963003683  2202  0  3381621  3381605  0  0  91146  334  0  74  334  91146  0  90642  3290979  46  0  8476674967  833492  833477  833362  833355  97.2512099593  
1438528968  0  4088835  3995828  0  0  0  1799  90735  0  40821568631  2202  0  4086563  4086539  0  0  91167  334  0  74  334  91167  0  90735  3995828  46  0  6858564948  704849  704837  704942  704934  97.7253423041  
1438528978  0  5624631  5531666  0  0  0  1884  90367  0  55335708137  2202  0  5622033  5622002  0  0  91167  334  0  74  334  91167  0  90367  5531666  46  0  14514139506  1535838  1535796  1535470  1535463  98.3471804639  
1438528988  0  7165990  7073064  0  0  0  1811  90445  0  70134321947  2202  0  7163509  7163469  0  0  91177  334  0  74  334  91177  0  90445  7073064  46  0  14798613810  1541398  1541359  1541476  1541467  98.7032357009  
1438528998  0  8745189  8652303  0  0  0  1851  90729  0  85286410070  2202  0  8743032  8742985  0  0  91177  334  0  74  334  91177  0  90729  8652303  46  0  15152088123  1579239  1579199  1579523  1579516  98.9378617203  
1438529008  0  10240980  10148142  0  0  0  1798  91111  0  99656441292  2202  0  10239253  10239199  0  0  91177  334  0  74  334  91177  0  91111  10148142  46  0  14370031222  1495839  1495791  1496221  1496214  99.0934656644  
1438529018  0  11832634  11739845  0  0  0  1896  90870  0  114869543417  2202  0  11830715  11830650  0  0  91198  334  0  74  334  91198  0  90870  11739845  46  0  15213102125  1591703  1591654  1591462  1591451  99.2158212618  
1438529028  0  13431450  13338707  0  0  0  1848  91000  0  130336796068  2202  0  13429707  13429632  0  0  91198  334  0  74  334  91198  0  91000  13338707  46  0  15467252651  1598862  1598816  1598992  1598982  99.3095086532  
1438529038  0  15063645  14970944  0  0  0  1832  90528  0  145986198317  2202  0  15061472  15061386  0  0  91198  334  0  74  334  91198  0  90528  14970944  46  0  15649402249  1632237  1632195  1631765  1631754  99.3846044566  
1438529048  0  16780129  16687481  0  0  0  1890  90743  0  162428067494  2202  0  16778225  16778131  0  0  91198  334  0  74  334  91198  0  90743  16687481  46  0  16441869177  1716537  1716484  1716753  1716745  99.4478707524  
1438529058  0  18426014  18333416  0  0  0  1828  90974  0  178244036318  2202  0  18424391  18424288  0  0  91198  334  0  74  334  91198  0  90974  18333416  46  0  15815968824  1645935  1645885  1646166  1646157  99.4974604925  
1438529069  0  19982267  19889716  0  0  0  1792  90802  0  193053735281  2202  0  19980519  19980412  0  0  91226  334  0  74  334  91226  0  90802  19889716  46  0  14809698963  1556300  1556253  1556128  1556124  99.5368343342  
1438529079  0  21530100  21437605  0  0  0  1938  90918  0  207859159967  2202  0  21528524  21528408  0  0  91226  334  0  74  334  91226  0  90918  21437605  46  0  14805424686  1547889  1547833  1548005  1547996  99.5703921487  
1438529089  0  23152324  23059888  0  0  0  1886  90465  0  223487301742  2202  0  23150354  23150232  0  0  91226  334  0  74  334  91226  0  90465  23059888  46  0  15628141775  1622283  1622224  1621830  1621824  99.6007485037  
1438529099  0  24737842  24645451  0  0  0  1882  90934  0  238652362853  2202  0  24736386  24736254  0  0  91226  334  0  74  334  91226  0  90934  24645451  46  0  15165061111  1585563  1585518  1586032  1586022  99.6265195646  
1438529109  0  26281743  26189407  0  0  0  1882  90728  0  253337684637  2202  0  26280136  26279999  0  0  91226  334  0  74  334  91226  0  90728  26189407  46  0  14685321784  1543956  1543901  1543750  1543745  99.6486686595  
1438529119  0  27897156  27804858  0  0  0  1879  90721  0  269099802768  2202  0  27895581  27895436  0  0  91226  334  0  74  334  91226  0  90721  27804858  46  0  15762118131  1615451  1615413  1615445  1615437  99.6691490702  
1438529129  0  29500363  29408110  0  0  0  1908  90819  0  284574904106  2202  0  29498931  29498776  0  0  91226  334  0  74  334  91226  0  90819  29408110  46  0  15475101338  1603252  1603207  1603350  1603340  99.6872818141  
1438529139  0  30917689  30825469  0  0  0  1900  90772  0  298111792117  2202  0  30916243  30916083  0  0  91226  334  0  74  334  91226  0  90772  30825469  46  0  13536888011  1417359  1417326  1417312  1417307  99.7017241489  
1438529149  0  32549383  32457210  0  0  0  1833  90639  0  313666817892  2202  0  32547852  32547685  0  0  91226  334  0  74  334  91226  0  90639  32457210  46  0  15555025775  1631741  1631694  1631609  1631602  99.7168210531  
1438529159  0  34147978  34055863  0  0  0  1901  90886  0  328946696739  2202  0  34146752  34146579  0  0  91226  334  0  74  334  91226  0  90886  34055863  46  0  15279878847  1598653  1598595  1598900  1598894  99.7302475713  
1438529169  0  35536475  35444395  0  0  0  1894  90783  0  342174233872  2202  0  35535181  35535004  0  0  91226  334  0  74  334  91226  0  90783  35444395  46  0  13227537133  1388532  1388497  1388429  1388425  99.7408859489  
1438529179  0  37339731  37247703  0  0  0  1855  90674  0  359489363722  2202  0  37338380  37338189  0  0  91226  334  0  74  334  91226  0  90674  37247703  46  0  17315129850  1803308  1803256  1803199  1803185  99.7535386637  
1438529189  0  38927255  38835282  0  0  0  1910  90847  0  374907918759  2202  0  38926132  38925926  0  0  91226  334  0  74  334  91226  0  90847  38835282  46  0  15418555037  1587579  1587524  1587752  1587737  99.7637310928  
1438529199  0  40514240  40422319  0  0  0  1898  90604  0  390027461516  2202  0  40512926  40512715  0  0  91226  334  0  74  334  91226  0  90604  40422319  46  0  15119542757  1587037  1586985  1586794  1586789  99.773114342  
1438529209  0  42327203  42235347  0  0  0  1837  90896  0  407630781653  2202  0  42326246  42326022  0  0  91226  334  0  74  334  91226  0  90896  42235347  46  0  17603320137  1813028  1812963  1813320  1813307  99.7829858968  
1438529219  0  43852971  43761158  0  0  0  1853  90486  0  422275687083  2202  0  43851647  43851419  0  0  91226  334  0  74  334  91226  0  90486  43761158  46  0  14644905430  1525811  1525768  1525401  1525397  99.7906344818  
1438529229  0  45215737  45123960  0  0  0  1921  90738  0  435271316823  2202  0  45214701  45214468  0  0  91226  334  0  74  334  91226  0  90738  45123960  46  0  12995629740  1362802  1362766  1363054  1363049  99.7970242086  
1438529239  0  46756508  46664771  0  0  0  1881  90539  0  450012131339  2202  0  46755312  46755071  0  0  91226  334  0  74  334  91226  0  90539  46664771  46  0  14740814516  1540811  1540771  1540611  1540603  99.8037984359  
1438529249  0  48371117  48279419  0  0  0  1938  90965  0  465463611450  2202  0  48370386  48370129  0  0  91226  334  0  74  334  91226  0  90965  48279419  46  0  15451480111  1614648  1614609  1615074  1615058  99.8104281942  
1438529259  0  49935637  49843994  0  0  0  1870  90779  0  480447363904  2202  0  49934775  49934498  0  0  91226  334  0  74  334  91226  0  90779  49843994  46  0  14983752454  1564575  1564520  1564389  1564369  99.8164777592  
1438529269  0  51637523  51545925  0  0  0  1955  90735  0  496896895394  2202  0  51636662  51636377  0  0  91226  334  0  74  334  91226  0  90735  51545925  46  0  16449531490  1701931  1701886  1701887  1701879  99.8226134898  
1438529279  0  53333949  53242413  0  0  0  1876  90471  0  512456467296  2202  0  53332886  53332588  0  0  91226  334  0  74  334  91226  0  90471  53242413  46  0  15559571902  1696488  1696426  1696224  1696211  99.8283719812  
1438529289  0  55062071  54970581  0  0  0  1904  90886  0  528157888006  2202  0  55061469  55061156  0  0  91226  334  0  74  334  91226  0  90886  54970581  46  0  15701420710  1728168  1728122  1728583  1728568  99.8338420653  
1438529299  0  56676731  56585287  0  0  0  1941  90872  0  542905028362  2202  0  56676161  56675839  0  0  91226  334  0  74  334  91226  0  90872  56585287  46  0  14747140356  1614706  1614660  1614692  1614683  99.8386568908  
1438529309  0  58260949  58169550  0  0  0  1946  90954  0  557394275527  2202  0  58260507  58260175  0  0  91226  334  0  74  334  91226  0  90954  58169550  46  0  14489247165  1584263  1584218  1584346  1584336  99.8431213333  
1438529319  0  59898795  59807444  0  0  0  1874  90770  0  572342546199  2202  0  59898217  59897877  0  0  91226  334  0  74  334  91226  0  90770  59807444  46  0  14948270672  1637894  1637846  1637710  1637702  99.8474910889  
1438529329  0  61521669  61430360  0  0  0  1920  90963  0  587194652997  2202  0  61521326  61520968  0  0  91226  334  0  74  334  91226  0  90963  61430360  46  0  14852106798  1622916  1622874  1623109  1623091  99.851582375  
1438529339  0  63148123  63056878  0  0  0  1837  90653  0  602145408286  2202  0  63147534  63147166  0  0  91226  334  0  74  334  91226  0  90653  63056878  46  0  14950755289  1626518  1626454  1626208  1626198  99.8555063941  
1438529349  0  64654689  64563494  0  0  0  1918  90733  0  615918790119  2202  0  64654230  64653853  0  0  91226  334  0  74  334  91226  0  90733  64563494  46  0  13773381833  1506616  1506566  1506696  1506687  99.8589506787  
1438529359  0  66315923  66224786  0  0  0  1901  90401  0  631135794236  2202  0  66315190  66314806  0  0  91226  334  0  74  334  91226  0  90401  66224786  46  0  15217004117  1661292  1661234  1660960  1660953  99.8625714672  
1438529369  0  68020909  67929824  0  0  0  1824  90765  0  646739353943  2202  0  68020592  68020195  0  0  91226  334  0  74  334  91226  0  90765  67929824  46  0  15603559707  1705038  1704986  1705402  1705389  99.8660926451  
1438529379  0  69800372  69709339  0  0  0  1918  90441  0  662885173083  2202  0  69799783  69799374  0  0  91226  334  0  74  334  91226  0  90441  69709339  46  0  16145819140  1779515  1779463  1779191  1779179  99.8695809243  
1438529389  0  71457814  71366841  0  0  0  1886  90846  0  677979815402  2202  0  71457690  71457268  0  0  91226  334  0  74  334  91226  0  90846  71366841  46  0  15094642319  1657502  1657442  1657907  1657894  99.8726899202  
1438529399  0  73064417  72973489  0  0  0  1930  90742  0  692715345364  2202  0  73064235  73063806  0  0  91226  334  0  74  334  91226  0  90742  72973489  46  0  14735529962  1606648  1606603  1606545  1606538  99.8755509128  
1438529409  0  74655468  74564587  0  0  0  1937  90917  0  707150651240  2202  0  74655508  74655066  0  0  91226  334  0  74  334  91226  0  90917  74564587  46  0  14435305876  1591098  1591051  1591273  1591260  99.8782661171  
1438529419  0  76269585  76178752  0  0  0  1911  90794  0  721871083456  2202  0  76269550  76269102  0  0  91226  334  0  74  334  91226  0  90794  76178752  46  0  14720432216  1614165  1614117  1614042  1614036  99.8809053439  
1438529429  0  77965435  77874655  0  0  0  2169  90875  0  737574954621  2202  0  77965534  77965080  0  0  91226  334  0  74  334  91226  0  90875  77874655  46  0  15703871165  1695903  1695850  1695984  1695978  99.883563787  
1438529439  0  79706105  79615369  0  0  0  1869  90897  0  753443898967  2202  0  79706270  79705808  0  0  91226  334  0  74  334  91226  0  90897  79615369  46  0  15868944346  1740714  1740670  1740736  1740728  99.886161794  
1438529449  0  81397480  81306784  0  0  0  1893  90864  0  769013399544  2202  0  81397653  81397181  0  0  91226  334  0  74  334  91226  0  90864  81306784  46  0  15569500577  1691415  1691375  1691383  1691373  99.8885764031  
1438529459  0  83019212  82928562  0  0  0  1924  90826  0  783885550722  2202  0  83019393  83018910  0  0  91226  334  0  74  334  91226  0  90826  82928562  46  0  14872151178  1621778  1621732  1621740  1621729  99.8908084071  
1438529469  0  84676604  84585989  0  0  0  1897  90478  0  798874067684  2202  0  84676472  84675977  0  0  91226  334  0  74  334  91226  0  90478  84585989  46  0  14988516962  1657427  1657392  1657079  1657067  99.8929869696  
1438529479  0  86390335  86299775  0  0  0  1867  90839  0  814532546693  2202  0  86390620  86390112  0  0  91226  334  0  74  334  91226  0  90839  86299775  46  0  15658479009  1713786  1713731  1714148  1714135  99.8951734589  
1438529489  0  88051424  87960905  0  0  0  1880  90975  0  829669236102  2202  0  88051886  88051373  0  0  91226  334  0  74  334  91226  0  90975  87960905  46  0  15136689409  1661130  1661089  1661266  1661261  99.897197574  
1438529499  0  89548981  89458500  0  0  0  1861  90896  0  843287872987  2202  0  89549402  89548877  0  0  91226  334  0  74  334  91226  0  90896  89458500  46  0  13618636885  1497595  1497557  1497516  1497504  99.8989592076  
1438529509  0  91222644  91132216  0  0  0  1924  90922  0  858519729467  2202  0  91223145  91222611  0  0  91226  334  0  74  334  91226  0  90922  91132216  46  0  15231856480  1673716  1673663  1673743  1673734  99.9008711039  
