#type:T;
#time  gt  cn  Pt  Px  gx  cx  gn  gm  Pn  Pm  Ft  cm  pt  Fx  px  ct  pn  Fm  Fn  pm  dn  On  Om  dm  dx  Ox  dt  Ot  Gt  Cn  Cm  Gx  Cx  Gn  Gm  Ct  
1437010332  2298282  0  0  0  8122  0  2505  157  0  2147483647  36331  2147483647  0  3162  0  0  0  946  21  2147483647  0  46  1054  2147483647  0  7626  0  127780  0  0  2147483647  0  0  0  2147483647  0  
1437010342  2298282  0  0  0  8122  0  2505  157  0  2147483647  36331  2147483647  0  3162  0  0  0  946  21  2147483647  0  46  1054  2147483647  0  7626  0  127780  0  0  2147483647  0  0  0  2147483647  0  
1437010352  2425802  0  0  0  8122  0  2603  157  0  2147483647  36331  2147483647  0  3162  0  0  0  946  21  2147483647  0  2249  263  2147483647  0  14043  0  9279964  0  0  2147483647  0  0  0  2147483647  0  
1437010362  2425802  0  0  0  8122  0  2603  157  0  2147483647  36331  2147483647  0  3162  0  0  0  946  21  2147483647  0  4729  260  2147483647  0  14043  0  19145253  0  0  2147483647  0  0  0  2147483647  0  
1437010372  2598725  0  0  0  10633  0  2801  157  0  2147483647  36331  2147483647  0  3162  0  0  0  946  21  2147483647  0  6381  260  2147483647  0  14043  0  25640387  0  0  2147483647  0  0  0  2147483647  0  
1437010382  2598725  3212  495931696  537369  10633  526829  2801  157  3198  6808  62255551  6248  1138033  28413  112040  490376819  14  208  63298  60966  0  6589  260  2147483647  0  61783  0  26512929  0  34  418  0  2381  0  2147483647  28351  
1437010392  2598725  4440  718586198  617474  10633  600935  2801  157  4425  6808  74891979  6248  1217738  37135  112040  710226700  15  205  80004  60966  0  6866  220  2147483647  0  89912  0  27438560  0  37  418  0  2381  0  2147483647  32541  
1437010402  2661159  4469  721662263  617474  10633  600935  2847  157  4454  6808  110604081  6248  1217738  37135  112040  713160983  15  205  115904  60966  0  8181  220  2147483647  0  272056  0  32543809  593326  40  418  90133  2381  10  37247  34384  
1437010412  2661159  4469  721662263  617474  10633  600935  2847  157  4454  6808  151434746  6248  1217738  37135  112040  713160983  15  205  162039  60966  0  9060  220  2147483647  0  861784  0  35991816  593326  40  418  90133  2381  10  37247  34384  
1437010422  18028998  4892  732519075  617474  37933  600935  17609  157  4877  6653  188469246  6014  1217738  37136  112040  722630190  15  205  217225  60966  0  11946  205  2147483647  0  861784  0  37829474  18295055  40  418  203174  2381  199  5801  34384  
1437010432  53655192  10412  881403370  617474  37933  600935  51391  157  10397  6306  215588547  5622  1217738  37136  112040  855018312  15  205  245511  60966  0  12377  205  2147483647  0  861784  0  38340904  18295055  40  418  203174  2381  199  5801  34384  
1437010442  121402148  66087  2417772308  617474  37933  600935  110534  157  66070  6188  219448628  5571  1806878  37136  297817  2239762133  17  205  249230  60966  0  13377  205  2147483647  0  861784  0  46192478  19866676  40  418  203174  2381  225  5801  34384  
1437010452  186124829  114340  3675663029  617474  232857  600935  158564  157  114323  6140  219481257  5547  1806878  37136  297817  3367972396  17  205  249247  60966  0  14695  205  2147483647  0  861784  0  108373744  22851303  40  418  203174  2381  255  5801  34384  
1437010462  250292129  159545  4882374245  617474  232857  600935  203522  157  159528  6100  219481257  5532  1806878  37136  297817  4446797597  17  205  249247  60966  0  15925  205  2147483647  0  861784  0  159990181  24195928  40  418  203174  2381  279  5801  34384  
1437010472  297841359  199462  5944607470  617474  232857  600935  243682  157  199445  6100  220199514  5511  1806878  37136  297817  5395485295  17  205  249771  60966  0  16915  205  2147483647  0  861784  0  209648233  25625353  40  418  203174  2381  302  5801  34384  
1437010482  338895676  235308  6902226385  617474  232857  600935  279329  157  235291  6100  220409441  5511  1806878  37136  297817  6253057008  17  205  249881  60966  0  17778  205  2147483647  0  861784  0  243132353  28019203  40  418  203174  2381  321  5801  34384  
1437010492  410497931  290836  8387418211  617474  232857  600935  334920  157  290819  6100  220418821  5511  1806878  37136  297817  7586390639  17  205  249886  60966  0  19328  205  2147483647  0  861784  0  323353058  28260290  40  418  203174  2381  324  5801  34384  
1437010502  484448940  347896  9964689946  617474  232857  600935  392035  157  347879  6100  220961375  5511  1806878  37136  297817  9001800507  17  205  250339  60966  0  20720  205  2147483647  0  861784  0  391394268  29781072  40  418  203174  2381  349  5801  34384  
1437010512  557637394  396923  11257349556  617474  232857  600935  440630  157  396906  6100  221229017  5511  1806878  37136  297817  10156776644  17  205  250491  60966  0  21943  205  2147483647  0  861784  0  446617911  40241290  40  418  203174  2381  472  5801  34384  
1437010522  603219967  434555  12269580323  617474  232857  600935  478204  157  434538  6100  221260590  5511  1806878  37136  297817  11060471525  17  205  250510  60966  0  22932  205  2147483647  0  861784  0  496080454  40438714  40  418  203174  2381  475  5801  34384  
1437010532  642612822  467493  13127974394  617474  232857  600935  510817  157  467476  6100  221294937  5511  1806878  37136  297817  11828460302  17  205  250524  60966  0  23833  205  2147483647  0  861784  0  541696861  42647682  40  418  203174  2381  510  5801  34384  
1437010542  705741397  515318  14416747849  617474  232857  600935  558918  157  515301  6100  222040338  5511  1806878  37136  297817  12985846728  17  205  250998  60966  0  25101  205  2147483647  0  861784  0  583487088  43998333  40  418  203174  2381  538  5801  34384  
1437010552  784245083  573896  16017076842  617474  239025  600935  617348  157  573879  6082  222110262  5511  1806878  37136  297817  14422235017  17  205  251031  60966  0  26738  205  2147483647  0  861784  0  665807232  46044331  40  418  203174  2381  563  5801  34384  
1437010562  857582629  624459  17361918019  617474  239025  600935  667384  157  624442  6082  222116152  5511  1806878  37136  297817  15624985945  17  205  251032  60966  0  28107  205  2147483647  0  861784  0  720147508  50167161  40  418  203174  2381  617  5801  34384  
1437010572  911354412  666372  18456679999  617474  239025  600935  709613  157  666355  6082  222817451  5511  1806878  37136  297817  16602144814  17  205  251588  60966  0  29242  205  2147483647  0  861784  0  760128685  53581281  40  418  203174  2381  651  5801  34384  
1437010582  949271087  700451  19355610116  617474  239025  600935  743604  157  700434  6082  222963274  5511  1806878  37136  297817  17404752300  17  205  251659  60966  0  30011  205  2147483647  0  861784  0  790631435  54729648  40  418  203174  2381  670  5801  34384  
1437010592  992542050  734836  20281035255  617474  239025  600935  777828  157  734819  6082  223065819  5511  1806878  37136  297817  18235432456  17  205  251720  60966  0  30855  205  2147483647  0  861784  0  835528741  54812867  40  418  203174  2381  671  5801  34384  
1437010602  1070179898  797677  21929130636  617474  239025  600935  840331  157  797660  6082  223087133  5511  1806878  37136  297817  19714024934  17  205  251735  60966  0  32501  205  2147483647  0  861784  0  908073701  59268823  40  418  203174  2381  714  5801  34384  
1437010612  1139015891  847088  23237071084  617474  239025  600935  889837  157  847071  6082  223587124  5511  1806878  37136  297817  20886077344  17  205  252211  60966  0  34151  205  2147483647  0  861784  0  980347317  62750298  40  418  203174  2381  764  5801  34384  
1437010622  1206485844  895660  24548650110  617474  239025  600935  938177  157  895643  6082  223730627  5511  1806878  37136  297817  22056498564  17  205  252288  60966  0  35323  205  2147483647  0  861784  0  1027304596  68491052  40  418  203174  2381  834  5801  34384  
1437010632  1246524882  930117  25459756992  617474  239025  600935  972281  157  930100  6082  223736392  5511  1806878  37136  297817  22870190675  17  205  252290  60966  0  36047  205  2147483647  0  861784  0  1064828475  71584123  40  418  203174  2381  863  5801  34384  
1437010642  1282290926  960851  26265536910  617474  239025  600935  1003474  157  960834  6082  223935598  5511  1806878  37136  297817  23592556794  17  205  252646  60966  0  36908  205  2147483647  0  861784  0  1109999888  72501770  40  418  203174  2381  877  5801  34384  
1437010652  1358210435  1022095  27908819387  617474  239025  600935  1064389  157  1022078  6082  224178022  5511  1806878  37136  297817  25067343200  17  205  252782  60966  0  38522  205  2147483647  0  861784  0  1193251024  81182142  40  418  203174  2381  978  5801  34384  
1437010662  1430048934  1077056  29383306881  617474  239025  600935  1119093  157  1077039  6082  224178022  5511  1806878  37136  297817  26390070061  17  205  252782  60966  0  39855  205  2147483647  0  861784  0  1259465669  84022022  40  418  203174  2381  1004  5801  34384  
1437010672  1504591356  1126327  30718698988  617474  239025  600935  1167949  157  1126310  6082  224178022  5511  1806878  37136  297817  27582076262  17  205  252782  60966  0  41522  205  2147483647  0  861784  0  1331094427  87351986  40  418  203174  2381  1058  5801  34384  
1437010682  1544394758  1160971  31624897955  617474  239025  600935  1203056  157  1160954  6082  224924794  5511  1806878  37136  297817  28390503767  17  205  253353  60966  0  42072  205  2147483647  0  861784  0  1349208685  88027616  40  418  203174  2381  1068  5801  34384  
1437010692  1578578844  1191868  32448113924  617474  239025  600935  1233895  157  1191851  6082  225089707  5450  1806878  37136  297817  29126792402  17  205  253438  60966  0  42969  205  2147483647  0  861784  0  1384740352  90857776  40  418  203174  2381  1094  5801  34384  
1437010702  1637532698  1239921  33729953557  617474  239025  600935  1281773  157  1239904  6082  225132485  5450  1806878  37136  297817  30276867089  17  205  253467  60966  0  44257  205  2147483647  0  861784  0  1437499736  93899357  40  418  203174  2381  1130  5801  34384  
1437010712  1715087191  1302091  35365733159  617474  239025  600935  1343855  157  1302074  6082  225567387  5450  1806878  37136  297817  31742862336  17  205  253835  60966  0  45893  205  2147483647  0  861784  0  1503911030  94353057  40  418  203174  2381  1137  5801  34384  
1437010722  1778954182  1347246  36560903382  617474  249627  600935  1388982  157  1347229  6082  225762003  5450  1806878  37136  297817  32810747692  17  205  253945  60966  0  47249  205  2147483647  0  861784  0  1552722823  101150566  40  418  203174  2381  1220  5801  34384  
1437010732  1832838217  1390167  37715910752  617474  249627  600935  1431493  157  1390150  6082  225768885  5450  1806878  37136  297817  33841767335  17  205  253946  60966  0  48106  205  2147483647  0  861784  0  1587421856  103263838  40  418  203174  2381  1249  5801  34384  
1437010742  1871041078  1423148  38593392431  617474  249627  600935  1464178  157  1423131  6082  225788027  5450  1806878  37136  297817  34624897020  17  205  253959  60966  0  49158  205  2147483647  0  861784  0  1640232834  104278963  40  418  203174  2381  1264  5801  34384  
1437010752  1910479400  1456573  39475531973  617474  249627  600935  1497940  157  1456556  6082  226366472  5450  1806878  37136  297817  35416466076  17  205  254382  60966  0  50015  205  2147483647  0  861784  0  1674321146  106656448  40  418  203174  2381  1283  5801  34384  
1437010762  2003539236  1527660  41353011648  617474  249627  600935  1568731  157  1527643  6082  226510997  5450  1806878  37136  297817  37100104894  17  205  254453  60966  0  51937  205  2147483647  0  861784  0  1764757380  110144612  40  418  203174  2381  1351  5801  34384  
1437010772  2064954052  1571114  42529688996  617474  249627  600935  1612104  157  1571097  6082  226510997  5450  1806878  37136  297817  38153140033  17  205  254453  60966  0  52974  205  2147483647  0  861784  0  1814509424  111374691  40  418  203174  2381  1369  5801  34384  
1437010782  2127033239  1616813  43750433525  617474  249627  600935  1657799  157  1616796  6082  227145683  5450  1806878  37136  297817  39241417809  17  205  254947  60966  0  54161  205  2147483647  0  861784  0  1873075532  118315591  40  418  203174  2381  1450  5801  34384  
1437010792  2166133356  1650318  44634434820  617474  249627  600935  1691250  157  1650301  6082  227397858  5450  1806878  37136  297817  40030264371  17  205  255082  60966  0  55191  205  2147483647  0  861784  0  1924194005  119774529  40  418  203174  2381  1472  5801  34384  
1437010802  2203708738  1681112  45463898229  617474  249627  600935  1721914  157  1681095  6082  227409142  5450  1806878  37136  297817  40773651855  17  205  255091  60966  0  55776  205  2147483647  0  861784  0  1955151312  120791857  40  418  203174  2381  1484  5801  34384  
1437010812  2283596131  1745109  47153701841  617474  249627  600935  1785391  157  1745092  6082  227442264  5450  1806878  37136  297817  42288804065  17  205  255111  60966  0  57700  205  2147483647  0  861784  0  2045563270  127394513  40  418  203174  2381  1552  5801  34384  
1437010822  2344351474  1792286  48401844931  617474  249627  600935  1832969  157  1792269  6082  228031283  5450  1806878  37136  297817  43407539310  17  205  255569  60966  0  59017  205  2147483647  0  861784  0  2086418656  127847934  40  418  203174  2381  1559  5801  34384  
1437010832  2413059711  1840718  49706579090  617474  249627  600935  1881021  157  1840701  6082  228031283  5450  1806878  37136  297817  44572977283  17  205  255569  60966  0  59919  205  2147483647  0  861784  0  2130925031  130824975  40  418  203174  2381  1600  5801  34384  
1437010842  2458378892  1879160  50700638778  617474  249627  600935  1919223  157  1879143  6082  228045275  5450  1806878  37136  297817  45459531017  17  205  255577  60966  0  60939  205  2147483647  0  861784  0  2172240721  133342590  40  418  203174  2381  1621  5801  34384  
1437010852  2494638821  1911340  51544481707  617474  249627  600935  1951788  157  1911323  6082  228647659  5450  1806878  37136  297817  46214106741  17  205  256039  60966  0  61827  205  2147483647  0  861784  0  2217780358  136515209  40  418  203174  2381  1666  5801  34384  
1437010862  2555606089  1960583  52848800854  617474  249627  600935  2000780  157  1960566  6082  228830812  5450  1806878  37136  297817  47383905922  17  205  256136  60966  0  63126  205  2147483647  0  861784  0  2272769357  136515209  40  418  203174  2381  1666  5801  34384  
1437010872  2633886744  2019202  54406440502  617474  249627  600935  2059029  157  2019185  6082  228830812  5450  1806878  37136  297817  48780048817  17  205  256136  60966  0  64763  205  2147483647  0  861784  0  2354599777  144917746  40  418  203174  2381  1771  5801  34384  
1437010882  2702940787  2064716  55628103932  617474  249627  600935  2104525  157  2064699  6082  229398015  5450  1806878  37136  297817  49871939386  17  205  256564  60966  0  66003  205  2147483647  0  861784  0  2418920168  149835941  40  418  203174  2381  1837  5801  34384  
1437010892  2758863197  2107179  56775209222  617474  249627  600935  2147077  157  2107162  6082  229617812  5450  1806878  37136  297817  50895013573  17  205  256672  60966  0  66971  205  2147483647  0  861784  0  2465891862  149835941  40  418  203174  2381  1837  5801  34384  
1437010902  2796154400  2141263  57666546347  617474  249627  600935  2180861  157  2141246  6082  229650259  5450  1806878  37136  297817  51690607998  17  205  256694  60966  0  67897  205  2147483647  0  861784  0  2503538049  153007147  40  418  203174  2381  1867  5801  34384  
1437010913  2843722139  2178998  58635925851  617474  249627  600935  2218345  157  2178981  6082  229672702  5450  1806878  37136  297817  52559940358  17  205  256708  60966  0  68864  205  2147483647  0  861784  0  2540522826  153164100  40  418  203174  2381  1869  5801  34384  
1437010923  2922527434  2238821  60225344227  617474  249627  600935  2278674  157  2238804  6082  230476858  5450  1806878  37136  297817  53985246534  17  205  257255  60966  0  70533  205  2147483647  0  861784  0  2623532894  153164100  40  418  203174  2381  1869  5801  34384  
1437010933  2990073751  2285960  61495297736  617474  257966  600935  2325411  157  2285943  6082  230476858  5450  1806878  37136  297817  55122091187  17  205  257255  60966  0  71735  205  2147483647  0  861784  0  2676302055  158536457  40  418  203174  2381  1924  5801  34384  
1437010943  3058977769  2335699  62834262851  617474  318044  600935  2374926  157  2335682  6082  230483663  5450  1806878  37136  297817  56316548021  17  205  257256  60966  0  73082  205  2147483647  0  861784  0  2743276476  160489017  40  418  203174  2381  1953  5801  34384  
1437010953  3099439303  2370160  63755251309  617474  318044  600935  2409561  157  2370143  6082  231152135  5450  1806878  37136  297817  57138214455  17  205  257756  60966  0  74028  205  2147483647  0  861784  0  2791748338  160846339  40  418  203174  2381  1958  5801  34384  
1437010963  3138398559  2404438  64650966751  617474  318044  600935  2443572  157  2404421  6082  231358259  5450  1806878  37136  297817  57940651853  17  205  257865  60966  0  74986  205  2147483647  0  861784  0  2830123695  166259246  40  418  203174  2381  2014  5801  34384  
1437010973  3214836867  2464647  66261622255  617474  318044  600935  2503793  157  2464630  6082  231406094  5450  1806878  37136  297817  59383001161  17  205  257890  60966  0  76544  205  2147483647  0  861784  0  2910156470  169016200  40  418  203174  2381  2046  5801  34384  
1437010983  3279849488  2510251  67479106904  617474  318044  600935  2549268  157  2510234  6082  231893853  5450  1806878  37136  297817  60473505854  17  205  258263  60966  0  77874  205  2147483647  0  861784  0  2977491576  169016200  40  418  203174  2381  2046  5801  34384  
1437010993  3347080945  2560045  68785788739  617474  318044  600935  2598907  157  2560028  6082  232067139  5450  1806878  37136  297817  61639809522  17  205  258352  60966  0  79121  205  2147483647  0  861784  0  3028387927  174366638  40  418  203174  2381  2101  5801  34384  
1437011003  3390754371  2597644  69762139975  617474  318044  600935  2636560  157  2597627  6082  232073541  5450  1806878  37136  297817  62510654765  17  205  258353  60966  0  80085  205  2147483647  0  861784  0  3076258382  175501719  40  418  203174  2381  2116  5801  34384  
1437011013  3427693859  2630602  70623349620  617474  318044  600935  2669035  157  2630585  6082  232073541  5450  1806878  37136  297817  63280276057  17  205  258353  60966  0  81037  205  2147483647  0  861784  0  3116166805  175917078  40  418  203174  2381  2125  5801  34384  
1437011023  3485388432  2674846  71795193877  617474  318044  600935  2713674  157  2674829  6082  232857423  5450  1806878  37136  297817  64331091879  17  205  258868  60966  0  81994  205  2147483647  0  861784  0  3163196204  178322924  40  418  203174  2381  2144  5801  34384  
1437011033  3565306767  2734064  73363810483  617474  318044  600935  2772516  157  2734047  6082  232922882  5450  1806878  37136  297817  65736830313  17  205  258903  60966  0  83630  205  2147483647  0  861784  0  3237618371  182888218  40  418  203174  2381  2199  5801  34384  
1437011043  3634151798  2781342  74641133468  617474  318044  600935  2819704  157  2781325  6082  232946318  5450  1806878  37136  297817  66878526685  17  205  258920  60966  0  84878  205  2147483647  0  861784  0  3299411086  184048810  40  418  203174  2381  2217  5801  34384  
1437011053  3690157805  2824120  75787528707  617474  318044  600935  2862570  157  2824103  6082  233561258  5450  1806878  37136  297817  67900458339  17  205  259401  60966  0  85855  205  2147483647  0  861784  0  3340373763  187049175  40  418  203174  2381  2245  5801  34384  
1437011063  3729235681  2857808  76698470420  617474  318044  600935  2896160  157  2857791  6082  233712469  5450  1806878  37136  297817  68713650799  17  205  259479  60966  0  86791  205  2147483647  0  861784  0  3376969947  188336020  40  418  203174  2381  2264  5801  34384  
1437011073  3767361520  2891028  77547261570  617474  318044  600935  2929201  157  2891011  6082  233756893  5450  1806878  37136  297817  69474810672  17  205  259508  60966  0  87764  205  2147483647  0  861784  0  3423960788  188336020  40  418  203174  2381  2264  5801  34384  
1437011083  3847815916  2953605  79215092560  617474  318044  600935  2991807  157  2953588  6082  233782919  5450  1806878  37136  297817  70969984678  17  205  259523  60966  0  89402  205  2147483647  0  861784  0  3500188167  190726670  40  418  203174  2381  2293  5801  34384  
1437011093  3912428793  3000056  80463653601  617474  318044  600935  3038145  157  3000039  6082  234465525  5450  1806878  37136  297817  72088026146  17  205  260013  60966  0  90622  205  2147483647  0  861784  0  3560740053  192016530  40  418  203174  2381  2321  5801  34384  
1437011103  3983117221  3048352  81783691548  617474  318044  600935  3086362  157  3048335  6082  234531024  5450  1806878  37136  297817  73263889569  17  205  260052  60966  0  91908  205  2147483647  0  861784  0  3625782078  194294714  40  418  203174  2381  2381  5801  34384  
1437011113  4022022254  3083093  82702495257  617474  318044  600935  3120828  157  3083076  6082  234546089  5450  1806878  37136  297817  74083299320  17  205  260059  60966  0  92829  205  2147483647  0  861784  0  3662581662  197532554  40  418  203174  2381  2412  5801  34384  
1437011123  4064573431  3118594  83640527896  617474  318044  600935  3156406  157  3118577  6082  235077999  5450  1806878  37136  297817  74922955915  17  205  260439  60966  0  93818  205  2147483647  0  861784  0  3711800104  197965101  40  418  203174  2381  2422  5801  34384  
1437011133  4131649982  3169509  85010096845  617474  318044  600935  3207266  157  3169492  6082  235344228  5450  1806878  37136  297817  76150325913  17  205  260569  60966  0  95140  205  2147483647  0  861784  0  3770925632  198319656  40  418  203174  2381  2438  5801  34384  
1437011143  4203958195  3223079  86462974183  617474  318044  600935  3260341  157  3223062  6082  235344228  5450  1806878  37136  297817  77452982991  17  205  260569  60966  0  96386  205  2147483647  0  861784  0  3827885781  201099799  40  418  203174  2381  2463  5801  34384  
1437011153  4265531927  3266923  87633455131  617474  318044  600935  3304035  157  3266906  6082  235344228  5450  1806878  37136  297817  78498384303  17  205  260569  60966  0  97634  205  2147483647  0  861784  0  3867913742  203404178  40  418  203174  2381  2495  5801  34384  
1437011163  4326990178  3309406  88788519154  617474  318044  600935  3347003  157  3309389  6082  236093865  5450  1806878  37136  297817  79528747784  17  205  261122  60966  0  98550  205  2147483647  0  861784  0  3912526599  205974744  40  418  203174  2381  2528  5801  34384  
1437011173  4369284697  3345770  89737010543  617474  318044  600935  3383051  157  3345753  6018  236149108  5450  1806878  37136  297817  80375561329  17  205  261154  60966  0  99499  205  2147483647  0  861784  0  3963322109  209323026  40  418  203174  2381  2563  5801  34384  
1437011183  4414786205  3380724  90663473677  617474  318044  600935  3418031  157  3380707  6018  236172637  5450  1806878  37136  297817  81206300607  17  205  261169  60966  0  100440  205  2147483647  0  861784  0  4011408032  209409035  40  418  203174  2381  2564  5801  34384  
1437011193  4493668777  3439720  92231434309  617474  318044  600935  3477054  157  3439703  6018  236754855  5450  1806878  37136  297817  82611753593  17  205  261599  60966  0  102140  205  2147483647  0  861784  0  4089506921  209464518  40  418  203174  2381  2566  5801  34384  
1437011203  4559222392  3486587  93483523985  617474  318044  600935  3523614  157  3486570  6018  236914748  5450  1806878  37136  297817  83732218661  17  205  261672  60966  0  103403  205  2147483647  0  861784  0  4153860290  213777965  40  418  203174  2381  2610  5801  34384  
1437011213  4627495723  3534937  94771016508  617474  318044  600935  3571829  157  3534920  6018  236971417  5450  1806878  37136  297817  84880254113  17  205  261705  60966  0  104822  205  2147483647  0  861784  0  4217457701  214434483  40  418  203174  2381  2620  5801  34384  
1437011223  4669768687  3572365  95737166604  617474  318044  600935  3609272  157  3572348  6018  237409065  5450  1806878  37136  297817  85741952052  17  205  262081  60966  0  105734  205  2147483647  0  861784  0  4263904388  216686621  40  418  203174  2381  2645  5801  34384  
1437011233  4705894775  3602696  96535267450  617474  318044  600935  3639488  157  3602679  6018  237638068  5450  1806878  37136  297817  86458140242  17  205  262205  60966  0  106288  205  2147483647  0  861784  0  4294062810  233963884  40  418  203174  2381  2830  5801  34384  
1437011243  4775856890  3658936  98044071106  617474  318044  600935  3695481  157  3658919  6018  237790820  5450  1806878  37136  297817  87814194947  17  205  262279  60966  0  107974  205  2147483647  0  861784  0  4362368760  237559871  40  418  203174  2381  2870  5801  34384  
1437011253  4843046944  3708577  99367417302  617474  318044  600935  3744959  157  3708560  6018  237790820  5450  1806878  37136  297817  88999965419  17  205  262279  60966  0  109204  205  2147483647  0  861784  0  4413879202  238096094  40  418  203174  2381  2878  5801  34384  
1437011263  4911072001  3755966  100634146508  617474  318044  600935  3792519  157  3755949  6018  238263461  5450  1806878  37136  297817  90130412037  17  205  262744  60966  0  110645  205  2147483647  0  861784  0  4486693537  238992783  40  418  203174  2381  2891  5801  34384  
1437011273  4956938591  3793737  101635405597  617474  318044  600935  3830081  157  3793720  6018  238402428  5450  1806878  37136  297817  91022903022  17  205  262816  60966  0  111571  205  2147483647  0  861784  0  4515169832  239390254  40  418  203174  2381  2902  5801  34384  
1437011283  4998325280  3830200  102583844405  617474  318044  600935  3866315  157  3830183  6018  238411356  5450  1806878  37136  297817  91870065162  17  205  262820  60966  0  112569  205  2147483647  0  861784  0  4541898250  241252472  40  418  203174  2381  2925  5801  34384  
1437011293  5047680786  3869910  103638826375  617474  318044  600935  3906060  157  3869893  6018  238518521  5450  1806878  37136  297817  92815717767  17  205  262881  60966  0  113504  205  2147483647  0  861784  0  4589030048  243797150  40  418  203174  2381  2967  5801  34384  
1437011303  5125532093  3929456  105249319411  617474  318044  600935  3965653  157  3929439  6018  239012954  5450  1806878  37136  297817  94258237128  17  205  263347  60966  0  115016  205  2147483647  0  861784  0  4641177840  243991194  40  418  203174  2381  2969  5801  34384  
1437011313  5190500709  3976608  106499279441  617474  318044  600935  4012527  157  3976591  6018  239048557  5450  1806878  37136  297817  95376155599  17  205  263378  60966  0  116449  205  2147483647  0  861784  0  4703831635  244410325  40  418  203174  2381  2979  5801  34384  
1437011323  5253219464  4021001  107698150861  617474  318044  600935  4056721  157  4020984  6018  239065514  5450  1806878  37136  297817  96444679558  17  205  263386  60966  0  117434  205  2147483647  0  861784  0  4748420432  252360983  40  418  203174  2381  3070  5801  34384  
1437011333  5296029384  4059091  108699931061  617474  318044  600935  4095147  157  4059074  6018  239757617  5450  1806878  37136  297817  97338517234  17  205  263894  60966  0  118384  205  2147483647  0  861784  0  4797052569  252736593  40  418  203174  2381  3075  5801  34384  
1437011343  5331144390  4087655  109451125921  617474  318044  600935  4123400  157  4087638  6018  239942341  5450  1806878  37136  297817  98012303287  17  205  263987  60966  0  119354  205  2147483647  0  861784  0  4829756766  253018120  40  418  203174  2381  3079  5801  34384  
1437011353  5411842866  4149272  111128265429  617474  318044  600935  4184986  157  4149255  6018  240001387  5450  1806878  37136  297817  99515779932  17  205  264048  60966  0  120865  205  2147483647  0  861784  0  4898533111  257119253  40  418  203174  2381  3118  5801  34384  
1437011363  5474648778  4196888  112374183636  617474  318044  600935  4232292  157  4196871  6018  240001387  5450  1806878  37136  297817  100630895250  17  205  264048  60966  0  122269  205  2147483647  0  861784  0  4953776474  257450613  40  418  203174  2381  3123  5801  34384  
1437011373  5544671375  4242784  113617335032  617474  318044  600935  4278544  157  4242767  6018  240777833  5450  1806878  37136  297817  101740343467  17  205  264619  60966  0  123254  205  2147483647  0  861784  0  5003234624  258186430  40  418  203174  2381  3134  5801  34384  
1437011383  5594613447  4283936  114699519650  617474  318044  600935  4319513  157  4283919  6018  240804530  5450  1806878  37136  297817  102705140667  17  205  264635  60966  0  124503  205  2147483647  0  861784  0  5065307501  261141827  40  418  203174  2381  3161  5801  34384  
1437011393  5632710029  4316763  115556322489  617474  318044  600935  4351948  157  4316746  6018  240816572  5450  1806878  37136  297817  103471826941  17  205  264642  60966  0  125174  205  2147483647  0  861784  0  5101781328  261424113  40  418  203174  2381  3165  5801  34384  
1437011403  5691219635  4359935  116734886840  617474  318044  600935  4395430  157  4359918  6018  241496181  5450  1806878  37136  297817  104528494482  17  205  265106  60966  0  126446  205  2147483647  0  861784  0  5156562785  261581608  40  418  203174  2381  3167  5801  34384  
1437011413  5769673392  4417958  118289157347  617474  318044  600935  4453082  157  4417941  6018  241602993  5450  1806878  37136  297817  105921892115  17  205  265162  60966  0  128104  205  2147483647  0  861784  0  5233211921  265170568  40  418  203174  2381  3200  5801  34384  
1437011423  5835671444  4465942  119571494663  617474  318044  600935  4500937  157  4465925  6018  241614363  5450  1806878  37136  297817  107067390959  17  205  265192  60966  0  129049  205  2147483647  0  861784  0  5280155392  265782339  40  418  203174  2381  3209  5801  34384  
1437011433  5890112237  4507772  120653614622  617474  318044  600935  4542331  157  4507755  6018  241619741  5450  1806878  37136  297817  108031146043  17  205  265193  60966  0  130347  205  2147483647  0  861784  0  5328167891  266126516  40  418  203174  2381  3214  5801  34384  
1437011443  5931514366  4544083  121598785397  617474  318044  600935  4579165  157  4544066  6018  242502099  5450  1806878  37136  297817  108874838604  17  205  265822  60966  0  131296  205  2147483647  0  861784  0  5362426313  268967662  40  418  203174  2381  3242  5801  34384  
1437011453  5964482018  4570452  122285031773  617474  318044  600935  4605409  157  4570435  6018  242601344  5450  1806878  37136  297817  109489913729  17  205  265872  60966  0  131998  205  2147483647  0  861784  0  5398842487  269124041  40  418  203174  2381  3244  5801  34384  
1437011464  6047911654  4634834  124036530768  617474  318044  600935  4669553  157  4634817  6018  242644640  5450  1806878  37136  297817  111060259789  17  205  265923  60966  0  133488  205  2147483647  0  861784  0  5467961718  270157877  40  418  203174  2381  3283  5801  34384  
1437011474  6116795606  4681173  125243252383  617474  318044  600935  4716089  157  4681156  6018  243195100  5450  1806878  37136  297817  112140455498  17  205  266323  60966  0  134881  205  2147483647  0  861784  0  5537113288  274136574  40  418  203174  2381  3323  5801  34384  
1437011484  6190240287  4730845  126557531818  617474  318044  600935  4765493  157  4730828  6018  243391722  5450  1806878  37136  297817  113312373934  17  205  266428  60966  0  136153  205  2147483647  0  861784  0  5586562669  276523355  40  418  203174  2381  3360  5801  34384  
1437011494  6235726065  4770042  127575294218  617474  318044  600935  4804527  157  4770025  6018  243394946  5450  1806878  37136  297817  114220410110  17  205  266432  60966  0  137118  205  2147483647  0  861784  0  5622277595  277188864  40  418  203174  2381  3370  5801  34384  
1437011504  6272469549  4800581  128390163741  617474  318044  600935  4835317  157  4800564  6018  243881719  5450  1806878  37136  297817  114950212455  17  205  266809  60966  0  138063  205  2147483647  0  861784  0  5663437271  279953831  40  418  203174  2381  3394  5801  34384  
1437011514  6335098576  4849693  129712558583  617474  318044  600935  4884182  157  4849676  6018  244265910  5450  1806878  37136  297817  116136497476  17  205  266990  60966  0  139311  205  2147483647  0  861784  0  5718755319  284873998  40  418  203174  2381  3452  5801  34384  
1437011524  6406979389  4903650  131166489980  617474  318044  600935  4937830  157  4903633  6018  244265910  5450  1806878  37136  297817  117438152981  17  205  266990  60966  0  140717  205  2147483647  0  861784  0  5780866813  287622692  40  418  203174  2381  3485  5801  34384  
1437011534  6466082347  4947361  132314807242  617474  318044  600935  4981331  157  4947344  6018  244279953  5450  1806878  37136  297817  118462673028  17  205  266998  60966  0  141686  205  2147483647  0  861784  0  5815943290  291379141  40  418  203174  2381  3536  5801  34384  
1437011544  6525749890  4991519  133486226322  617474  318044  600935  5025778  157  4991502  6018  244926716  5450  1806878  37136  297817  119507160401  17  205  267517  60966  0  142934  205  2147483647  0  861784  0  5876651636  291854355  40  418  203174  2381  3543  5801  34384  
1437011554  6563462533  5024654  134357320007  617474  318044  600935  5058807  157  5024637  6018  245031009  5450  1806878  37136  297817  120284800995  17  205  267569  60966  0  143894  205  2147483647  0  861784  0  5923513574  292123997  40  418  203174  2381  3549  5801  34384  
1437011564  6602323880  5055969  135188723103  617474  318044  600935  5090092  157  5055952  6018  245125450  5450  1806878  37136  297817  121030511922  17  205  267636  60966  0  144616  205  2147483647  0  861784  0  5959131743  292782554  40  418  203174  2381  3571  5801  34384  
1437011574  6680841134  5118205  136839321341  617474  318044  600935  5152129  157  5118188  6018  245209953  5450  1806878  37136  297817  122509228948  17  205  267930  60966  0  146577  205  2147483647  0  861784  0  6034531200  295254955  40  418  203174  2381  3600  5801  34384  
1437011584  6745417776  5164373  138091580243  617474  318044  600935  5198412  157  5164356  6018  245651831  5450  1806878  37136  297817  123629642551  17  205  268177  60966  0  147541  205  2147483647  0  861784  0  6076564222  295511293  40  418  203174  2381  3606  5801  34384  
1437011594  6817482385  5213704  139405259211  617474  318044  600935  5247334  157  5213687  6018  245681714  5450  1806878  37136  297817  124800661965  17  205  268195  60966  0  148777  205  2147483647  0  861784  0  6137996914  303847676  40  418  203174  2381  3697  5801  34384  
1437011604  6861170128  5250858  140395966571  617474  318044  600935  5284269  157  5250841  6018  245681714  5450  1806878  37136  297817  125683727857  17  205  268195  60966  0  149755  205  2147483647  0  861784  0  6183352824  304432406  40  418  203174  2381  3706  5801  34384  
1437011614  6896589113  5281319  141209550985  617474  318044  600935  5315120  157  5281302  6018  246295354  5450  1806878  37136  297817  126412873950  17  205  268604  60966  0  150473  205  2147483647  0  861784  0  6204277879  305296656  40  418  203174  2381  3740  5801  34384  
1437011624  6962043170  5334278  142607561559  617474  318044  600935  5367669  157  5334261  6018  246556885  5450  1806878  37136  297817  127666411822  17  205  268728  60966  0  151975  205  2147483647  0  861784  0  6264984263  309450949  40  418  203174  2381  3779  5801  34384  
1437011634  7030081323  5386314  143969619015  617474  318044  600935  5419332  157  5386297  6018  246593992  5450  1806878  37136  297817  128886336158  17  205  268758  60966  0  153402  205  2147483647  0  861784  0  6320097209  312328260  40  418  203174  2381  3813  5801  34384  
1437011644  7094369509  5429981  145133860627  617474  318044  600935  5462903  157  5429964  6018  246622619  5450  1806878  37136  297817  129925604006  17  205  268783  60966  0  154636  205  2147483647  0  861784  0  6366985134  313331205  40  418  203174  2381  3829  5801  34384  
1437011654  7150921494  5475406  146330895447  617474  318044  600935  5508611  157  5475389  6018  247480024  5450  1806878  37136  297817  130992048372  17  205  269373  60966  0  155621  205  2147483647  0  861784  0  6393364293  316098620  40  418  203174  2381  3853  5801  34384  
1437011664  7188995640  5508345  147204562739  617474  318044  600935  5541424  157  5508328  6018  247514779  5450  1806878  37136  297817  131772797508  17  205  269390  60966  0  156579  205  2147483647  0  861784  0  6423913127  316928155  40  418  203174  2381  3866  5801  34384  
1437011674  7233086158  5544932  148161659097  617474  318044  600935  5577911  157  5544915  6018  247615516  5450  1806878  37136  297817  132630769296  17  205  269463  60966  0  157542  205  2147483647  0  861784  0  6467806059  316974957  40  418  203174  2381  3868  5801  34384  
1437011684  7312902420  5602399  149692582517  617474  318044  600935  5635423  157  5602382  6018  248229199  5450  1806878  37136  297817  134002781614  17  205  269925  60966  0  159265  205  2147483647  0  861784  0  6549062241  324387796  40  418  203174  2381  3965  5801  34384  
1437011694  7380807758  5649741  150976491863  617474  318044  600935  5682455  157  5649724  6018  248397924  5450  1806878  37136  297817  135151197353  17  205  270021  60966  0  160216  205  2147483647  0  861784  0  6596769555  327259964  40  418  203174  2381  4005  5801  34384  
1437011704  7450845844  5701438  152370267309  617474  318044  600935  5733978  157  5701421  6018  248438937  5450  1806878  37136  297817  136393550088  17  205  270067  60966  0  161453  205  2147483647  0  861784  0  6648784486  329424278  40  418  203174  2381  4044  5801  34384  
1437011714  7489782424  5734760  153246536586  617474  318044  600935  5767454  157  5734743  6018  248977886  5450  1806878  37136  297817  137174566805  17  205  270514  60966  0  162432  205  2147483647  0  861784  0  6693530316  332866756  40  418  203174  2381  4077  5801  34384  
1437011724  7525630350  5765475  154049044799  617474  318044  600935  5798160  157  5765458  6018  249165597  5450  1806878  37136  297817  137893563966  17  205  270612  60966  0  163386  205  2147483647  0  861784  0  6720347484  333085321  40  418  203174  2381  4080  5801  34384  
1437011734  7595113488  5820640  155520359241  617474  318044  600935  5853115  157  5820623  6018  249315731  5450  1806878  37136  297817  139212257242  17  205  270707  60966  0  164652  205  2147483647  0  861784  0  6760046706  333792106  40  418  203174  2381  4088  5801  34384  
1437011744  7660888877  5869435  156821010835  617474  318044  600935  5901533  157  5869418  6018  249315731  5450  1806878  37136  297817  140376701197  17  205  270707  60966  0  166091  205  2147483647  0  861784  0  6831703662  336950634  40  418  203174  2381  4118  5801  34384  
1437011754  7735664135  5919073  158194040296  617474  318044  600935  5951513  157  5919056  6018  250039113  5450  1806878  37136  297817  141602359153  17  205  271242  60966  0  167312  205  2147483647  0  861784  0  6883935845  338012819  40  418  203174  2381  4135  5801  34384  
1437011764  7785402442  5958525  159261661540  617474  318044  600935  5990909  157  5958508  6018  250174674  5450  1806878  37136  297817  142554290267  17  205  271319  60966  0  168303  205  2147483647  0  861784  0  6920849584  338012819  40  418  203174  2381  4135  5801  34384  
1437011774  7821004808  5990533  160109754240  617474  318044  600935  6022693  157  5990516  6018  250174674  5450  1806878  37136  297817  143312493105  17  205  271319  60966  0  169253  205  2147483647  0  861784  0  6947889294  340873547  40  418  208398  2381  4166  5801  34384  
1437011784  7865129067  6028238  161091349964  617474  318044  600935  6060437  157  6028221  6018  250700813  5450  1806878  37136  297817  144192640504  17  205  271746  60966  0  170242  205  2147483647  0  861784  0  6997677835  344246857  40  418  208398  2381  4206  5801  34384  
1437011794  7946793065  6090599  162756193135  617474  318044  600935  6122663  157  6090582  6018  250996027  5450  1806878  37136  297817  145684192273  17  205  271877  60966  0  171961  205  2147483647  0  861784  0  7078886833  348421097  40  418  208398  2381  4255  5801  34384  
1437011804  8019922607  6140723  164113865595  617474  318044  600935  6172646  157  6140706  6018  251014389  5450  1806878  37136  297817  146896796105  17  205  271908  60966  0  173172  205  2147483647  0  861784  0  7141731402  352009483  40  418  208398  2381  4295  5801  34384  
1437011814  8078941416  6184434  165265443331  617474  318044  600935  6216086  157  6184417  6018  251044364  5450  1806878  37136  297817  147922724300  17  205  271926  60966  0  174427  205  2147483647  0  861784  0  7193692758  353885555  40  418  208398  2381  4318  5801  34384  
1437011824  8117586057  6218373  166172773082  617474  318044  600935  6250311  157  6218356  6018  251671086  5450  1806878  37136  297817  148731900001  17  205  272415  60966  0  175124  205  2147483647  0  861784  0  7224521224  355039390  40  418  208398  2381  4335  5801  34384  
1437011834  8152310451  6248292  166955794069  617474  318044  600935  6279960  157  6248275  6018  251961179  5450  1806878  37136  297817  149434438310  17  205  272573  60966  0  176090  205  2147483647  0  861784  0  7275814928  357839492  40  418  208398  2381  4360  5801  34384  
1437011844  8233784454  6309223  168582700236  617474  318044  600935  6340865  157  6309206  6018  252003276  5450  1806878  37136  297817  150892961349  17  205  272604  60966  0  177817  205  2147483647  0  861784  0  7363256096  358118477  40  418  208398  2381  4373  5801  34384  
1437011854  8306766829  6360683  169950424139  617474  318044  600935  6392364  157  6360666  6018  252459528  5450  1806878  37136  297817  152116898389  17  205  273071  60966  0  179048  205  2147483647  0  861784  0  7425380027  359510051  40  418  208398  2381  4396  5801  34384  
1437011864  8377715083  6408949  171225095823  617474  318044  600935  6440560  157  6408932  6018  252773525  5450  1806878  37136  297817  153253259843  17  205  273241  60966  0  180279  205  2147483647  0  861784  0  7488250189  363432219  40  418  208398  2381  4433  5801  34384  
1437011874  8416950387  6443672  172135832365  617474  318044  600935  6475240  157  6443655  6018  252773525  5450  1806878  37136  297817  154065505004  17  205  273241  60966  0  180991  205  2147483647  0  861784  0  7519668313  363512677  40  418  208398  2381  4437  5801  34384  
1437011884  8454741880  6476704  172997196450  617474  318044  600935  6507945  157  6476687  6018  252794435  5450  1806878  37136  297817  154836503204  17  205  273256  60966  0  181937  205  2147483647  0  861784  0  7550087785  364170309  40  418  208398  2381  4446  5801  34384  
1437011894  8511425895  6518478  174095156103  617474  318044  600935  6549699  157  6518461  6018  253365915  5450  1806878  37136  297817  155820695182  17  205  273669  60966  0  182883  205  2147483647  0  861784  0  7599184636  366660044  40  418  208398  2381  4466  5801  34384  
1437011904  8599483037  6581643  175776874385  617474  318044  600935  6612650  157  6581626  6018  253432389  5450  1806878  37136  297817  157326767060  17  205  273702  60966  0  184608  205  2147483647  0  861784  0  7687588705  368247586  40  418  208398  2381  4487  5801  34384  
1437011914  8666640879  6629065  177054169864  617474  318044  600935  6659787  157  6629048  6018  253479786  5450  1806878  37136  297817  158467201069  17  205  273729  60966  0  185825  205  2147483647  0  861784  0  7742661943  371642318  40  418  208398  2381  4530  5801  34384  
1437011924  8720833594  6670440  178159035109  617474  318044  600935  6701581  157  6670423  6018  254094213  5450  1806878  37136  297817  159451318122  17  205  274199  60966  0  186830  205  2147483647  0  861784  0  7791686093  374143507  40  418  208398  2381  4553  5801  34384  
1437011934  8759093151  6703861  179011817982  617474  318044  600935  6734999  157  6703844  6018  254348805  5450  1806878  37136  297817  160212406821  17  205  274332  60966  0  187805  205  2147483647  0  861784  0  7826919172  375466602  40  418  208398  2381  4572  5801  34384  
1437011944  8792355261  6731477  179729766242  617474  318044  600935  6762237  157  6731460  6018  254456343  5450  1806878  37136  297817  160856562226  17  205  274399  60966  0  188571  205  2147483647  0  861784  0  7848874304  378210258  40  418  208398  2381  4604  5801  34384  
1437011954  8878428757  6799893  181536508345  617474  318044  600935  6830305  157  6799876  6018  254456343  5450  1806878  37136  297817  162475425770  17  205  274399  60966  0  190538  205  2147483647  0  861784  0  7944838318  383730828  40  418  208398  2381  4659  5801  34384  
1437011964  8940391895  6844642  182735875660  617474  318044  600935  6875193  157  6844625  6018  255104586  5450  1806878  37136  297817  163547799257  17  205  274893  60966  0  191567  205  2147483647  0  861784  0  7995225384  386543911  40  418  208398  2381  4701  5801  34384  
1437011974  9013384563  6894627  184067295852  617474  318044  600935  6924910  157  6894610  6018  255227675  5450  1806878  37136  297817  164735248318  17  205  274955  60966  0  192778  205  2147483647  0  861784  0  8056108117  390261991  40  418  208398  2381  4745  5801  34384  
1437011984  9053802451  6927704  184929786577  617474  318044  600935  6957892  157  6927687  6018  255227675  5450  1806878  37136  297817  165503804781  17  205  274955  60966  0  193768  205  2147483647  0  861784  0  8101312106  392161858  40  418  208398  2381  4779  5801  34384  
1437011994  9089964023  6959075  185736122879  617474  318044  600935  6989505  157  6959058  6018  255730550  5450  1806878  37136  297817  166226352361  17  205  275357  60966  0  194534  205  2147483647  0  861784  0  8123608079  392226258  40  418  208398  2381  4782  5801  34384  
1437012004  9148441325  7005330  186949029554  617474  318044  600935  7035602  157  7005313  6018  255982106  5450  1806878  37136  297817  167313517744  17  205  275489  60966  0  195746  205  2147483647  0  861784  0  8176444955  392373632  40  418  208398  2381  4784  5801  34384  
1437012014  9231590423  7068005  188630120732  617474  318044  600935  7098010  157  7067988  6018  256081970  5450  1806878  37136  297817  168818116536  17  205  275550  60966  0  197512  205  2147483647  0  861784  0  8232304589  396947000  40  418  208398  2381  4831  5801  34384  
1437012024  9295147304  7110802  189806201260  617474  318044  600935  7140440  157  7110785  6018  256149612  5450  1806878  37136  297817  169868332564  17  205  275599  60966  0  198731  205  2147483647  0  861784  0  8293971023  398071231  40  418  208398  2381  4849  5801  34384  
1437012034  9349233766  7151896  190890583688  617474  318044  600935  7181970  157  7151879  6018  256869307  5450  1806878  37136  297817  170835222027  17  205  276182  60966  0  199741  205  2147483647  0  861784  0  8343779531  402192219  40  418  208398  2381  4898  5801  34384  
1437012044  9386365045  7185565  191771950090  617474  318044  600935  7215451  157  7185548  6018  256992829  5450  1806878  37136  297817  171622611333  17  205  276239  60966  0  200515  205  2147483647  0  861784  0  8378343595  405226415  40  418  208398  2381  4927  5801  34384  
1437012054  9419679574  7214161  192509845495  617474  318044  600935  7243995  157  7214144  6018  257074221  5450  1806878  37136  297817  172284480606  17  205  276289  60966  0  201466  205  2147483647  0  861784  0  8410891168  405226415  40  418  208398  2381  4927  5801  34384  
1437012064  9506460498  7281208  194337076704  617474  318044  600935  7311091  157  7281191  6018  257525595  5450  1806878  37136  297817  173921434875  17  205  276676  60966  0  202984  205  2147483647  0  861784  0  8489394106  408354837  40  418  208398  2381  4964  5801  34384  
1437012074  9573718536  7327538  195583758202  617474  318044  600935  7357233  157  7327521  6018  257772670  5450  1806878  37136  297817  175036400192  17  205  276818  60966  0  204466  205  2147483647  0  861784  0  8564259629  412744089  40  418  208398  2381  5014  5801  34384  
1437012084  9646870120  7376716  196938046236  617474  318044  600935  7406206  157  7376699  6018  257820969  5450  1806878  37136  297817  176243377109  17  205  276850  60966  0  205669  205  2147483647  0  861784  0  8621893945  413713614  40  418  208398  2381  5026  5801  34384  
1437012094  9684282493  7410596  197813074101  617474  318044  600935  7439870  157  7410579  6018  257820969  5450  1806878  37136  297817  177023531912  17  205  276850  60966  0  206449  205  2147483647  0  861784  0  8658484892  414210746  40  418  208398  2381  5033  5801  34384  
1437012104  9721970498  7442076  198632715698  617474  318044  600935  7471536  157  7442059  6018  258365152  5450  1806878  37136  297817  177758114928  17  205  277303  60966  0  207421  205  2147483647  0  861784  0  8706136103  416896460  40  418  208398  2381  5056  5801  34384  
1437012114  9801360733  7500088  200200941861  617474  318044  600935  7529465  157  7500071  6018  258576271  5450  1806878  37136  297817  179163651975  17  205  277413  60966  0  208641  205  2147483647  0  861784  0  8769370891  422114334  40  418  208398  2381  5184  5801  34384  
1437012124  9871604468  7550344  201549529605  617474  318044  600935  7579169  157  7550327  6018  258650953  5450  1806878  37136  297817  180370446537  17  205  277462  60966  0  210413  205  2147483647  0  861784  0  8852314931  425512821  40  418  208398  2381  5227  5801  34384  
1437012134  9933472972  7593304  202712075096  617474  318044  600935  7622394  157  7593287  6018  259204180  5450  1806878  37136  297817  181407492488  17  205  277901  60966  0  211421  205  2147483647  0  861784  0  8902751581  429181283  40  418  208398  2381  5266  5801  34384  
1437012144  9989750540  7635542  203848360197  617474  318044  600935  7664714  157  7635525  6018  259490441  5450  1806878  37136  297817  182420477345  17  205  278042  60966  0  212432  205  2147483647  0  861784  0  8952078620  430448998  40  418  208398  2381  5282  5801  34384  
1437012154  10028470234  7668484  204727708719  617474  318044  600935  7697436  157  7668467  6018  259490441  5450  1806878  37136  297817  183206991621  17  205  278042  60966  0  213415  205  2147483647  0  861784  0  9002564160  431286650  40  418  208398  2381  5295  5801  34384  
1437012164  10077739915  7709316  205822273002  617474  318044  600935  7737950  157  7709299  6018  259516730  5450  1806878  37136  297817  184187892178  17  205  278061  60966  0  214391  205  2147483647  0  861784  0  9035558848  433682701  40  418  208398  2381  5314  5801  34384  
1437012174  10162173567  7769727  207463504946  617474  318044  600935  7798538  157  7769710  6018  260176918  5450  1806878  37136  297817  185658664449  17  205  278548  60966  0  215896  205  2147483647  0  861784  0  9113065005  435657526  40  418  208398  2381  5339  5801  34384  
1437012184  10225170399  7814551  208676939003  617474  318044  600935  7843222  157  7814534  6018  260214986  5450  1806878  37136  297817  186743123362  17  205  278564  60966  0  217377  205  2147483647  0  861784  0  9162285205  436343044  40  418  208398  2381  5359  5801  34384  
1437012195  10293935835  7862154  209956890281  617474  318044  600935  7890472  157  7862137  6018  260277603  5450  1806878  37136  297817  187883000392  17  205  278611  60966  0  218392  205  2147483647  0  861784  0  9212983630  438417078  40  418  208398  2381  5384  5801  34384  
1437012205  10332283744  7896237  210864123146  617474  318044  600935  7924857  157  7896220  6018  260810824  5450  1806878  37136  297817  188692868214  17  205  279035  60966  0  219394  205  2147483647  0  861784  0  9236496610  439317859  40  418  208398  2381  5398  5801  34384  
1437012215  10371895492  7929815  211752688850  617474  318044  600935  7958304  157  7929798  6018  261106172  5450  1806878  37136  297817  189489450848  17  205  279182  60966  0  220356  205  2147483647  0  861784  0  9261939725  439674933  40  418  208398  2381  5402  5801  34384  
