#Type:X;CI:1;ww:0;ca:0;co:1;fr:0;Type:X;CI:1;PI:0;PT:EP;U0:0;U1:0;
#time  Pp  gt  gs  cn  cm  cb  Nc  Pc  cp  Tc  Nm  pr  ps  pt  px  pd  Pm  Om  fs  ft  Oc  Em  Gp  Ec  Ge  ot  os  Total_cycles_diff  Successful_get_diff  Total_get_diff  succ_put_diff  total_put_diff  get_hit  
1437185131  0  0  0  0  0  0  0  0  0  2407091  0  0  0  0  0  0  0  0  0  21  0  0  0  0  0  46  0  2407091  0  0  0  0  
1437185141  0  0  0  0  0  0  0  0  0  2407091  0  0  0  0  0  0  0  0  0  21  0  0  0  0  0  46  0  0  0  0  0  0  
1437185151  0  0  0  0  0  0  0  0  0  10869186  0  0  0  0  0  0  0  0  0  21  0  0  0  0  0  2211  0  8462095  0  0  0  0  
1437185161  0  0  0  0  0  0  0  0  0  20268142  0  0  0  0  0  0  0  0  0  21  0  0  0  0  0  4834  0  9398956  0  0  0  0  
1437185171  0  0  0  0  0  0  0  0  0  30276236  0  0  0  0  0  0  0  0  0  21  0  0  0  0  0  7455  0  10008094  0  0  0  0  
1437185181  0  0  0  13  4  6387312  223  2791  2778  594231291  223  0  2791  2795  4  0  2791  285  0  65  285  2791  0  2791  0  7955  0  563955055  0  0  2791  2795  
1437185191  0  0  0  34  15  7386512  223  3124  3090  776093186  229  0  3244  3259  15  0  3124  288  0  64790  232  3124  0  3124  0  8153  93  181861895  0  0  453  464  
1437185201  0  0  0  40  15  9184009  180  3781  3745  1042015067  229  0  4431  4446  15  0  4119  288  0  88621  161  4119  0  3781  0  9047  187  265921881  0  0  1187  1187  
1437185211  0  25  0  40  15  5862274  95  2403  2368  1091170095  229  0  4431  4446  15  0  4119  288  0  137793  47  4119  0  2403  0  10333  301  49155028  0  25  0  0  0.0  
1437185221  0  73  15  40  15  5862274  95  2403  2368  1164795579  229  0  4446  4461  15  0  4119  288  0  210041  47  4119  0  2403  15  12402  301  73625484  15  48  15  15  20.5479452055  
1437185231  0  3868  204  40  15  5391814  106  2297  2262  1226660377  229  0  4529  4544  15  0  4119  288  0  267218  50  4119  0  2297  204  14605  301  61864798  189  3795  83  83  5.2740434333  
1437185241  0  18735  233  40  15  5417454  157  2996  2961  1279001636  229  0  5257  5272  15  0  4119  288  0  280879  95  4119  0  2996  233  15065  301  52341259  29  14867  728  728  1.24366159594  
1437185251  0  66614  256  40  17  6511107  992  23059  23024  1938980961  992  0  25343  25360  17  0  23059  748  0  308142  748  23059  0  23059  256  15831  301  659979325  23  47879  20086  20088  0.384303599844  
1437185261  0  112895  280  40  17  7806402  2209  58080  58045  3256214621  2510  0  72069  72086  17  0  66661  1852  0  308142  1618  66661  0  58080  280  16862  605  1317233660  24  46281  46726  46726  0.248018069888  
1437185271  0  168372  318  40  17  8177710  2491  67056  67021  4891903722  2657  0  127483  127500  17  0  72435  1957  0  308518  1853  72435  0  67056  318  18130  1795  1635689101  38  55477  55414  55414  0.188867507662  
1437185281  0  228396  480  40  17  8048874  2508  66567  66532  6656500221  2734  0  187650  187667  17  0  73299  2004  0  308603  1807  73299  0  66567  480  19749  3338  1764596499  162  60024  60167  60167  0.210161298797  
1437185291  0  268756  508  40  17  8225603  2702  71898  71863  7829029866  2734  0  228280  228297  17  0  73299  2004  0  308630  1945  73299  0  71898  508  20662  4208  1172529645  28  40360  40630  40630  0.189019035854  
1437185301  0  302309  573  40  17  8073030  2517  67210  67175  8794237082  2734  0  261574  261591  17  0  73299  2004  0  309067  1843  73299  0  67210  573  21650  5140  965207216  65  33553  33294  33294  0.189541164835  
1437185311  0  338338  599  40  17  8153007  2641  69184  69149  9833121218  2734  0  298023  298040  17  0  73299  2004  0  309177  1920  73299  0  69184  599  22568  6015  1038884136  26  36029  36449  36449  0.177041893018  
1437185321  0  390750  605  40  17  7882645  2298  60913  60878  11384660687  2777  0  350484  350501  17  0  73299  2006  0  309243  1690  73299  0  60913  605  24168  7524  1551539469  6  52412  52461  52461  0.154830454255  
1437185331  0  454335  680  40  17  8060387  2394  64555  64520  13295762320  2777  0  414241  414258  17  0  73299  2006  0  309243  1761  73299  0  64555  680  25776  9045  1911101633  75  63585  63757  63757  0.149669296884  
1437185341  0  518428  784  40  17  8091908  2525  66880  66845  15147389991  2777  0  478053  478070  17  0  73299  2006  0  309822  1821  73299  0  66880  784  27415  10608  1851627671  104  64093  63812  63812  0.151226399809  
1437185351  0  559339  825  40  17  7934702  2354  62508  62473  16369347782  2798  0  519286  519303  17  0  74651  2006  0  309873  1708  74651  0  62508  825  28586  11720  1221957791  41  40911  41233  41233  0.147495525969  
1437185361  0  592187  825  40  17  8162546  2552  68695  68660  17304018956  2798  0  552212  552229  17  0  74651  2006  0  309873  1856  74651  0  68695  825  29289  12394  934671174  0  32848  32926  32926  0.139314101796  
1437185372  0  627074  872  40  17  8127701  2541  68062  68027  18318007077  2798  0  586907  586924  17  0  74651  2006  0  310274  1850  74651  0  68062  872  30230  13282  1013988121  47  34887  34695  34695  0.139058548114  
1437185382  0  681701  897  40  17  7925138  2416  62082  62047  19926644624  2798  0  641662  641679  17  0  74651  2025  0  310437  1794  74651  0  62082  897  31809  14779  1608637547  25  54627  54755  54755  0.131582614665  
1437185392  0  727100  917  40  17  7861473  2217  59666  59631  21271688045  2798  0  687371  687388  17  0  74651  2025  0  310450  1620  74651  0  59666  917  33125  16022  1345043421  20  45399  45709  45709  0.126117452895  
1437185402  0  789406  993  40  17  7964659  2444  63165  63130  23150315925  2822  0  749780  749795  17  0  74651  2084  0  310464  1801  74651  0  63165  993  34689  17503  1878627880  76  62306  62409  62407  0.125790784463  
1437185412  0  845831  1048  40  17  8251787  2677  71911  71876  24778434041  2822  0  805843  805858  17  0  74651  2084  0  311109  1907  74651  0  71911  1048  35965  18721  1628118116  55  56425  56063  56063  0.123901819631  
1437185422  0  878396  1050  40  17  8035894  2457  65630  65595  25719889462  2822  0  838491  838506  17  0  74651  2084  0  311186  1778  74651  0  65630  1050  36964  19664  941455421  2  32565  32648  32648  0.119536063461  
1437185432  0  911704  1078  40  17  7971087  2370  63698  63663  26702570111  2822  0  872126  872141  17  0  74651  2084  0  311186  1735  74651  0  63698  1078  37888  20544  982680649  28  33308  33635  33635  0.118240130569  
1437185442  0  959626  1127  40  17  7925003  2375  62463  62428  28071992686  2822  0  919848  919863  17  0  74651  2084  0  311572  1731  74651  0  62463  1127  39176  21767  1369422575  49  47922  47722  47722  0.117441586618  
1437185452  0  1011824  1163  40  17  8112679  2515  67898  67863  29604978835  2822  0  972402  972417  17  0  74651  2084  0  311693  1851  74651  0  67898  1163  40415  22939  1532986149  36  52198  52554  52554  0.114940938345  
1437185462  0  1067727  1183  40  17  8015195  2414  63365  63330  31265225309  2822  0  1028344  1028359  17  0  74651  2084  0  311693  1802  74651  0  63365  1183  42023  24453  1660246474  20  55903  55942  55942  0.11079611174  
1437185472  0  1123883  1265  40  17  8287832  2700  72771  72736  32939254915  2822  0  1084750  1084765  17  0  74651  2084  0  311694  1938  74651  0  72771  1265  43299  25674  1674029606  82  56156  56406  56406  0.112556200245  
1437185482  0  1163701  1273  40  17  7880050  2272  60694  60659  34082362898  2822  0  1124335  1124350  17  0  74651  2084  0  312239  1670  74651  0  60694  1273  44616  26927  1143107983  8  39818  39585  39585  0.109392361096  
1437185492  0  1197056  1378  40  17  8260125  2667  72743  72708  35008942064  2822  0  1157677  1157692  17  0  74651  2084  0  312332  1948  74651  0  72743  1378  45214  27489  926579166  105  33355  33342  33342  0.115115750642  
1437185502  0  1239784  1412  40  17  7998850  2519  64899  64864  36256698089  2846  0  1200721  1200736  17  0  74651  2084  0  312340  1841  74651  0  64899  1412  46518  28724  1247756025  34  42728  43044  43044  0.113890806786  
1437185512  0  1287664  1438  40  17  8059307  2473  65940  65905  37644514062  2846  0  1248474  1248489  17  0  74651  2084  0  312696  1828  74651  0  65940  1438  47751  29902  1387815973  26  47880  47753  47753  0.111675095366  
1437185522  0  1344048  1472  40  17  7905624  2357  61838  61803  39298335297  2846  0  1304740  1304755  17  0  74651  2084  0  312828  1749  74651  0  61838  1472  49383  31441  1653821235  34  56384  56266  56266  0.109519898099  
1437185532  0  1408646  1551  40  17  8115739  2541  67698  67663  41190174176  2846  0  1369675  1369690  17  0  74651  2084  0  312829  1852  74651  0  67698  1551  50951  32932  1891838879  79  64598  64935  64935  0.110105732739  
1437185542  0  1449365  1555  40  17  8307837  2680  73294  73259  42383524338  2846  0  1410625  1410640  17  0  75754  2084  0  312830  1938  75754  0  73294  1555  51895  33833  1193350162  4  40719  40950  40950  0.107288364215  
1437185552  0  1482845  1614  40  17  8152562  2559  68877  68842  43323114780  2846  0  1443905  1443920  17  0  75754  2084  0  313384  1863  75754  0  68877  1614  52859  34739  939590442  59  33480  33280  33280  0.108844821947  
1437185562  0  1520069  1655  40  17  8222357  2634  71051  71016  44387946139  2846  0  1481068  1481083  17  0  75754  2084  0  313502  1915  75754  0  71051  1655  53801  35632  1064831359  41  37224  37163  37163  0.108876636521  
1437185572  0  1573946  1677  40  17  7974056  2411  63700  63665  45956948798  2869  0  1535430  1535445  17  0  75754  2094  0  313503  1788  75754  0  63700  1677  55416  37168  1569002659  22  53877  54362  54362  0.106547492735  
1437185582  0  1619163  1687  40  17  8235667  2665  71524  71489  47291843471  2869  0  1580435  1580450  17  0  75754  2094  0  313884  1969  75754  0  71524  1687  56414  38111  1334894673  10  45217  45005  45005  0.10418963378  
1437185592  0  1679025  1726  40  17  8272605  2647  71384  71349  49048267806  2869  0  1640551  1640566  17  0  75754  2094  0  314027  1971  75754  0  71384  1726  58004  39613  1756424335  39  59862  60116  60116  0.102797754649  
1437185602  0  1736850  1785  40  17  8280317  2713  72475  72440  50741515103  2869  0  1698477  1698492  17  0  75985  2094  0  314028  1935  75985  0  72475  1785  59554  41090  1693247297  59  57825  57926  57926  0.102772260126  
1437185612  0  1769324  1790  40  17  8063322  2520  66319  66284  51682609423  2869  0  1731201  1731216  17  0  76935  2094  0  314037  1815  76935  0  66319  1790  60529  42025  941094320  5  32474  32724  32724  0.101168581899  
1437185622  0  1806196  1850  40  17  8070395  2521  67611  67576  52731850280  2869  0  1767726  1767741  17  0  76935  2094  0  314535  1832  76935  0  67611  1850  61486  42925  1049240857  60  36872  36525  36525  0.102425207453  
1437185632  0  1852477  1872  40  17  7957077  2415  63661  63626  54079662481  2869  0  1814015  1814030  17  0  76935  2094  0  314632  1761  76935  0  63661  1872  62787  44157  1347812201  22  46281  46289  46289  0.101053886229  
1437185642  0  1894560  1920  40  17  8129744  2606  68299  68264  55257919435  2873  0  1856497  1856512  17  0  76935  2114  0  314632  1927  76935  0  68299  1920  63752  45079  1178256954  48  42083  42482  42482  0.101342791994  
1437185652  0  1949637  1976  40  17  8037422  2459  65493  65458  56887484590  2873  0  1911171  1911186  17  0  76935  2114  0  315095  1823  76935  0  65493  1976  65325  46560  1629565155  56  55077  54674  54674  0.101352200435  
1437185662  0  2013768  2064  40  17  8186624  2642  69597  69562  58749862103  2873  0  1975618  1975633  17  0  76935  2114  0  315238  1925  76935  0  69597  2064  66946  48101  1862377513  88  64131  64447  64447  0.102494428355  
1437185672  0  2057536  2092  40  17  8042859  2460  65633  65598  60058899255  2873  0  2019377  2019392  17  0  76935  2114  0  315247  1769  76935  0  65633  2092  68199  49292  1309037152  28  43768  43759  43759  0.10167501322  
1437185682  0  2089715  2093  40  17  8278927  2679  72180  72145  60978869120  2873  0  2052008  2052023  17  0  76935  2114  0  315247  1955  76935  0  72180  2093  68869  49924  919969865  1  32179  32631  32631  0.10015719847  
1437185692  0  2124690  2121  40  17  8207038  2650  70856  70821  61962040791  2873  0  2086510  2086525  17  0  76935  2114  0  315710  1942  76935  0  70856  2121  69800  50811  983171671  28  34975  34502  34502  0.0998263276054  
1437185702  0  2178380  2193  40  17  7977206  2411  64188  64153  63567000809  2873  0  2140533  2140548  17  0  76935  2114  0  315826  1762  76935  0  64188  2193  71416  52347  1604960018  72  53690  54023  54023  0.10067114094  
1437185712  0  2220917  2203  40  17  8194512  2582  69772  69737  64821477266  2873  0  2183245  2183260  17  0  76935  2114  0  315826  1886  76935  0  69772  2203  72402  53274  1254476457  10  42537  42712  42712  0.0991932611619  
1437185722  0  2286611  2261  40  17  7949062  2389  62521  62486  66738903626  2873  0  2248740  2248755  17  0  76935  2114  0  316317  1746  76935  0  62521  2261  74325  55099  1917426360  58  65694  65495  65495  0.0988799581564  
1437185732  0  2341365  2340  40  17  8267420  2672  71923  71888  68332192750  2880  0  2303598  2303613  17  0  78155  2114  0  316432  1924  78155  0  71923  2340  75547  56256  1593289124  79  54754  54858  54858  0.0999417006746  
1437185742  0  2373236  2392  40  17  8055210  2470  66178  66143  69249144207  2880  0  2335726  2335741  17  0  78155  2114  0  316440  1786  78155  0  66178  2392  76529  57198  916951457  52  31871  32128  32128  0.100790650403  
1437185752  0  2406587  2494  40  17  8334848  2757  74477  74442  70192254648  2880  0  2369116  2369131  17  0  78155  2114  0  316441  2011  78155  0  74477  2494  77193  57821  943110441  102  33351  33390  33390  0.10363223935  
1437185762  0  2452433  2562  40  17  8265809  2714  72575  72540  71530018941  2880  0  2414775  2414790  17  0  78155  2114  0  316905  1977  78155  0  72575  2562  78442  59007  1337764293  68  45846  45659  45659  0.104467685763  
1437185772  0  2504196  2590  40  17  7947272  2331  62914  62879  73065470039  2880  0  2466700  2466715  17  0  78155  2114  0  317029  1709  78155  0  62914  2590  80062  60547  1535451098  28  51763  51925  51925  0.103426409115  
1437185782  0  2559479  2599  40  17  8276189  2683  71745  71710  74638751999  2880  0  2522160  2522175  17  0  78155  2114  0  317030  1987  78155  0  71745  2599  81314  61722  1573281960  9  55283  55460  55460  0.101544103312  
1437185792  0  2617523  2728  40  17  8159984  2608  69570  69535  76353611090  2881  0  2580317  2580332  17  0  78155  2114  0  317600  1855  78155  0  69570  2728  82948  63278  1714859091  129  58044  58157  58157  0.104220669694  
1437185802  0  2656737  2736  40  17  8246848  2666  72197  72162  77474231573  2908  0  2619362  2619377  17  0  78241  2114  0  317755  1915  78241  0  72197  2736  83894  64181  1120620483  8  39214  39045  39045  0.10298347183  
1437185812  0  2689871  2810  40  17  8128187  2490  68076  68041  78409602705  2908  0  2652665  2652680  17  0  78241  2114  0  317765  1832  78241  0  68076  2810  84857  65091  935371132  74  33134  33303  33303  0.104465976249  
1437185822  0  2729127  2853  40  17  8217435  2689  71992  71957  79496425935  2908  0  2692184  2692199  17  0  78241  2115  0  317768  1954  78241  0  71992  2853  85796  65984  1086823230  43  39256  39519  39519  0.104538923986  
1437185832  0  2780610  2863  40  17  8347755  2760  74498  74463  80989571660  2908  0  2743374  2743389  17  0  78241  2115  0  318252  2032  78241  0  74498  2863  87060  67185  1493145725  10  51483  51190  51190  0.102963018906  
1437185842  0  2835957  2894  40  17  8169291  2600  68736  68701  82628524608  2935  0  2798802  2798817  17  0  79374  2145  0  318337  1928  79374  0  68736  2894  88699  68735  1638952948  31  55347  55428  55428  0.102046681244  
1437185852  0  2896787  2986  40  17  8283795  2718  73425  73390  84384951898  2935  0  2859922  2859937  17  0  79374  2152  0  318338  1972  79374  0  73425  2986  90219  70171  1756427290  92  60830  61120  61120  0.103079722465  
1437185862  0  2942137  2992  40  17  8649711  3079  83564  83529  85683932963  3079  0  2905062  2905077  17  0  83564  2215  0  318794  2214  83564  0  83564  2992  91148  71057  1298981065  6  45350  45140  45140  0.101694788516  
1437185872  0  2975178  2998  40  17  8494469  2925  79217  79182  86652167383  3106  0  2938118  2938133  17  0  84492  2237  0  318887  2121  84492  0  79217  2998  92090  71962  968234420  6  33041  33056  33056  0.100767080155  
1437185882  0  3012604  3036  40  17  8558145  3002  81576  81541  87748153659  3106  0  2975690  2975705  17  0  84492  2268  0  318974  2200  84492  0  81576  3036  93047  72857  1095986276  38  37426  37572  37572  0.100776603895  
1437185892  0  3064038  3053  40  17  8478252  2928  78638  78603  89226562680  3140  0  3027535  3027550  17  0  85713  2301  0  319016  2137  85713  0  78638  3053  94470  74215  1478409021  17  51434  51845  51845  0.099639756426  
1437185902  0  3107779  3057  40  17  8377453  2784  75262  75227  90497974114  3140  0  3070931  3070946  17  0  85713  2301  0  319455  2052  85713  0  75262  3057  95704  75382  1271411434  4  43741  43396  43396  0.0983660678575  
1437185912  0  3166277  3092  40  17  8255154  2701  71424  71389  92241491914  3140  0  3129673  3129688  17  0  85713  2301  0  319510  2003  85713  0  71424  3092  97368  76948  1743517800  35  58498  58742  58742  0.0976541218598  
1437185922  0  3219923  3142  40  17  8465101  2896  78547  78512  93830843995  3178  0  3183459  3183474  17  0  85713  2301  0  319550  2075  85713  0  78547  3142  98648  78171  1589352081  50  53646  53786  53786  0.0975799731857  
1437185932  0  3263785  3196  40  17  8318132  2726  74265  74230  95105579172  3178  0  3227060  3227075  17  0  85857  2301  0  320028  1973  85857  0  74265  3196  99873  79339  1274735177  54  43862  43601  43601  0.097923116872  
1437185942  0  3297550  3215  40  17  8569209  3011  81876  81841  96064643470  3178  0  3260978  3260993  17  0  85857  2301  0  320174  2189  85857  0  81876  3215  100586  80011  959064298  19  33765  33918  33918  0.0974966262831  
1437185952  0  3339329  3235  40  17  8409371  2881  77115  77080  97266626434  3178  0  3302891  3302906  17  0  85857  2301  0  320215  2095  85857  0  77115  3235  101789  81154  1201982964  20  41779  41913  41913  0.0968757495892  
1437185962  0  3385690  3278  40  17  8170709  2611  69794  69759  98643339292  3178  0  3349407  3349422  17  0  85857  2301  0  320224  1923  85857  0  69794  3278  103194  82491  1376712858  43  46361  46516  46516  0.096819259885  
1437185972  0  3443214  3320  40  17  8552157  2924  80346  80311  100294874265  3178  0  3406821  3406836  17  0  85857  2301  0  320760  2157  85857  0  80346  3320  104485  83704  1651534973  42  57524  57414  57414  0.0964215410369  
1437185982  0  3512566  3364  40  17  8423206  2848  77848  77813  102284678000  3178  0  3476589  3476604  17  0  85857  2301  0  320852  2041  85857  0  77848  3364  106421  85544  1989803735  44  69352  69768  69768  0.0957704424629  
1437185992  0  3550999  3411  40  17  8506443  2920  79887  79852  103436707112  3178  0  3515157  3515172  17  0  85857  2301  0  320852  2109  85857  0  79887  3411  107375  86450  1152029112  47  38433  38568  38568  0.0960574756569  
1437186002  0  3582758  3414  40  17  8266546  2668  72489  72454  104343268550  3178  0  3546519  3546534  17  0  85857  2301  0  321352  1952  85857  0  72489  3414  108364  87389  906561438  3  31759  31362  31362  0.0952897181445  
1437186012  0  3617715  3448  40  17  8227339  2682  71580  71545  105299199265  3178  0  3581742  3581757  17  0  85857  2301  0  321434  1956  85857  0  71580  3448  109316  88294  955930715  34  34957  35223  35223  0.0953087791603  
1437186022  0  3672905  3483  40  17  8497466  2931  79648  79613  106891837726  3178  0  3636947  3636962  17  0  85857  2301  0  321518  2148  85857  0  79648  3483  110557  89478  1592638461  35  55190  55205  55205  0.0948295695097  
1437186032  0  3714043  3486  40  17  8067537  2505  66604  66569  108113522641  3178  0  3678327  3678342  17  0  85857  2301  0  321518  1840  85857  0  66604  3486  111992  90824  1221684915  3  41138  41380  41380  0.0938599795425  
1437186042  0  3778586  3603  40  17  8372168  2804  75486  75451  110017249534  3178  0  3742425  3742440  17  0  85857  2301  0  322046  2058  85857  0  75486  3603  113484  92236  1903726893  117  64543  64098  64098  0.0953531294511  
1437186052  0  3832912  3626  40  17  8498159  2946  79761  79726  111621871286  3178  0  3797065  3797080  17  0  85857  2301  0  322104  2105  85857  0  79761  3626  114843  93538  1604621752  23  54326  54640  54640  0.0946017023088  
1437186062  0  3864009  3655  40  17  8191806  2594  71273  71238  112515185130  3178  0  3828183  3828198  17  0  85966  2301  0  322104  1864  85966  0  71273  3655  115873  94514  893313844  29  31097  31118  31118  0.0945908769881  
1437186072  0  3897265  3669  40  17  8624362  3047  83355  83320  113449858222  3178  0  3861436  3861451  17  0  85966  2301  0  322520  2215  85966  0  83355  3669  116400  95014  934673092  14  33256  33253  33253  0.0941429438337  
1437186082  0  3938801  3675  40  17  8220096  2659  71652  71617  114636355810  3178  0  3903021  3903036  17  0  85966  2301  0  322671  1912  85966  0  71652  3675  117821  96361  1186497588  6  41536  41585  41585  0.0933025050009  
1437186092  0  3994362  3723  40  17  8564824  2955  81275  81240  116281451357  3178  0  3958859  3958874  17  0  85966  2301  0  322718  2157  85966  0  81275  3723  119036  97512  1645095547  48  55561  55838  55838  0.0932063743847  
1437186102  0  4042816  3776  40  17  8688577  3069  84673  84638  117694952815  3178  0  4007574  4007589  17  0  85966  2301  0  322718  2236  85966  0  84673  3776  120282  98686  1413501458  53  48454  48715  48715  0.0934002437905  
1437186112  0  4106923  3869  40  17  8657181  3088  84323  84288  119544897587  3178  0  4071388  4071403  17  0  85966  2301  0  323290  2248  85966  0  84323  3869  121972  100292  1849944772  93  64107  63814  63814  0.0942067820604  
1437186122  0  4145776  3872  40  17  8380645  2805  76332  76297  120714656734  3178  0  4110296  4110311  17  0  86520  2301  0  323333  2033  86520  0  76332  3872  123177  101440  1169759147  3  38853  38908  38908  0.093396266465  
1437186132  0  4178505  3918  40  17  8568716  3004  81204  81169  121642785912  3178  0  4143165  4143180  17  0  86520  2301  0  323333  2214  86520  0  81204  3918  123898  102128  928129178  46  32729  32869  32869  0.0937655931966  
1437186143  0  4216284  3932  40  17  8631220  3101  83344  83309  122720328742  3178  0  4180918  4180933  17  0  86520  2323  0  323734  2255  86520  0  83344  3932  124864  103037  1077542830  14  37779  37753  37753  0.0932574750657  
1437186153  0  4271193  3947  40  17  8379115  2885  75897  75862  124352875091  3215  0  4236051  4236066  17  0  86520  2379  0  323891  2125  86520  0  75897  3947  126498  104588  1632546349  15  54909  55133  55133  0.0924097787199  
1437186163  0  4313140  3962  40  17  8526354  2913  80194  80159  125597233750  3215  0  4277971  4277986  17  0  86520  2379  0  323922  2145  86520  0  80194  3962  127520  105556  1244358659  15  41947  41920  41920  0.091858831385  
1437186173  0  4372520  3972  40  17  8659254  3110  83420  83385  127351682108  3215  0  4337775  4337790  17  0  86520  2379  0  323941  2278  86520  0  83420  3972  129027  106979  1754448358  10  59380  59804  59804  0.0908400647681  
1437186183  0  4431125  4028  40  17  8476858  3040  79482  79447  129048519874  3291  0  4395960  4395975  17  0  88295  2385  0  324591  2184  88295  0  79482  4028  130690  108568  1696837766  56  58605  58185  58185  0.0909024231995  
1437186193  0  4462285  4029  40  17  8605698  3070  82927  82892  129959064379  3312  0  4427105  4427120  17  0  89420  2385  0  324628  2218  89420  0  82927  4029  131379  109225  910544505  1  31160  31145  31145  0.0902900643953  
1437186203  0  4500367  4052  40  17  8721224  3165  86436  86401  131065424840  3312  0  4465586  4465601  17  0  89420  2385  0  324628  2284  89420  0  86436  4052  132335  110123  1106360461  23  38082  38481  38481  0.0900371014186  
1437186213  0  4548004  4067  40  17  8713927  3187  85701  85666  132405269458  3312  0  4512991  4513006  17  0  89420  2385  0  325038  2311  89420  0  85701  4067  133568  111298  1339844618  15  47637  47405  47405  0.0894238439544  
1437186223  0  4595302  4077  40  17  8734049  3128  86057  86022  133822745168  3312  0  4560390  4560405  17  0  89420  2385  0  325116  2291  89420  0  86057  4077  134813  112478  1417475710  10  47298  47399  47399  0.0887210459726  
1437186233  0  4647501  4077  40  17  8388214  2791  75468  75433  135384203064  3312  0  4612898  4612913  17  0  89420  2385  0  325148  2055  89420  0  75468  4077  136509  114078  1561457896  0  52199  52508  52508  0.0877245642336  
1437186243  0  4708814  4125  40  17  8319086  2773  74946  74911  137199621739  3312  0  4674625  4674640  17  0  89420  2385  0  325149  1957  89420  0  74946  4125  138198  115685  1815418675  48  61313  61727  61727  0.0876016763457  
1437186253  0  4745786  4125  40  17  8264982  2689  72939  72904  138303882744  3312  0  4711187  4711202  17  0  90877  2385  0  325751  1949  90877  0  72939  4125  139167  116611  1104261005  0  36972  36562  36562  0.0869192163321  
1437186263  0  4780591  4127  40  17  8809702  3207  88542  88507  139284684166  3312  0  4746142  4746157  17  0  90877  2385  0  325818  2326  90877  0  88542  4127  139682  117096  980801422  2  34805  34955  34955  0.086328238496  
1437186273  0  4816857  4161  40  17  8773052  3168  87632  87597  140298714212  3312  0  4782275  4782290  17  0  90877  2385  0  325833  2285  90877  0  87632  4161  140654  118022  1014030046  34  36266  36133  36133  0.0863841297344  
1437186283  0  4869840  4221  40  17  8382047  2806  76094  76059  141878205221  3312  0  4835424  4835439  17  0  90877  2385  0  326228  2073  90877  0  76094  4221  142341  119620  1579491009  60  52983  53149  53149  0.0866763589769  
1437186293  0  4913416  4276  40  17  8652069  3045  83462  83427  143157419536  3312  0  4879074  4879089  17  0  90877  2385  0  326367  2240  90877  0  83462  4276  143319  120538  1279214315  55  43576  43650  43650  0.0870270296673  
1437186303  0  4977966  4328  40  17  8713819  3099  85312  85277  145086820050  3312  0  4943864  4943879  17  0  90877  2385  0  326367  2248  90877  0  85312  4328  145021  122152  1929400514  52  64550  64790  64790  0.0869431410339  
1437186313  0  5032165  4372  40  17  8607607  3036  82626  82591  146638999641  3312  0  4998355  4998370  17  0  90877  2385  0  326401  2187  90877  0  82626  4372  146515  123579  1552179591  44  54199  54491  54491  0.0868810939228  
1437186323  0  5067694  4372  40  17  8540420  2950  80495  80460  147664045760  3312  0  5033346  5033361  17  0  90877  2385  0  326978  2129  90877  0  80495  4372  147493  124505  1025046119  0  35529  34991  34991  0.0862719809049  
1437186333  0  5101723  4387  40  17  8802412  3218  88613  88578  148639846646  3312  0  5067565  5067580  17  0  90877  2385  0  327061  2317  90877  0  88613  4387  148189  125159  975800886  15  34029  34219  34219  0.0859905565237  
1437186343  0  5149851  4407  40  17  8240239  2693  72190  72155  150033412850  3312  0  5115873  5115888  17  0  90877  2389  0  327084  1968  90877  0  72190  4407  149875  126764  1393566204  20  48128  48308  48308  0.0855752914016  
1437186353  0  5197429  4413  40  17  8573657  2998  81763  81728  151405877799  3312  0  5163242  5163257  17  0  90877  2389  0  327491  2209  90877  0  81763  4413  150882  127714  1372464949  6  47578  47369  47369  0.0849073647759  
1437186363  0  5251039  4480  40  17  8554962  2951  80379  80344  152988547542  3312  0  5217047  5217062  17  0  90877  2410  0  327591  2177  90877  0  80379  4480  152359  129110  1582669743  67  53610  53805  53805  0.0853164488018  
1437186373  0  5314794  4496  40  17  8570321  3006  81720  81685  154862647816  3312  0  5281213  5281228  17  0  90877  2419  0  327624  2152  90877  0  81720  4496  154037  130713  1874100274  16  63755  64166  64166  0.0845940595252  
1437186383  0  5352668  4501  40  17  8567733  2964  81731  81696  155970070018  3317  0  5319164  5319179  17  0  90903  2419  0  327624  2126  90903  0  81731  4501  155026  131651  1107422202  5  37874  37951  37951  0.084088906691  
1437186393  0  5385669  4519  40  17  8736513  3212  86392  86357  156874923201  3349  0  5351966  5351981  17  0  90903  2447  0  328193  2349  90903  0  86392  4519  155731  132319  904853183  18  33001  32802  32802  0.083907867342  
1437186403  0  5421880  4540  40  17  8740372  3192  86697  86662  157892863248  3352  0  5388068  5388083  17  0  90985  2447  0  328279  2313  90985  0  86697  4540  156726  133256  1017940047  21  36211  36102  36102  0.0837347930976  
1437186413  0  5473367  4599  40  17  8540515  2979  80704  80669  159419547280  3352  0  5439891  5439906  17  0  90985  2447  0  328303  2166  90985  0  80704  4599  158221  134678  1526684032  59  51487  51823  51823  0.0840250617216  
1437186423  0  5533756  4672  40  17  8427784  2850  77747  77712  161186897228  3352  0  5500034  5500049  17  0  90985  2447  0  328782  2107  90985  0  77747  4672  159919  136283  1767349948  73  60389  60143  60143  0.0844272859158  
1437186433  0  5596289  4707  40  17  8433226  2851  77752  77717  163000865309  3352  0  5562927  5562942  17  0  90985  2447  0  328890  2043  90985  0  77752  4707  161608  137889  1813968081  35  62533  62893  62893  0.0841093088652  
1437186443  0  5636180  4712  40  17  8516919  2919  80213  80178  164125798965  3352  0  5602759  5602774  17  0  92179  2447  0  328898  2087  92179  0  80213  4712  162578  138811  1124933656  5  39891  39832  39832  0.0836027238307  
1437186453  0  5670226  4712  40  17  8390849  2786  76710  76675  165101020682  3352  0  5637110  5637125  17  0  92179  2447  0  328941  2021  92179  0  76710  4712  163554  139739  975221717  0  34046  34351  34351  0.0831007441326  
1437186463  0  5704675  4759  40  17  8298230  2736  74184  74149  166069089905  3352  0  5671230  5671245  17  0  92179  2447  0  329437  1982  92179  0  74184  4759  164535  140663  968069223  47  34449  34120  34120  0.0834228067331  
1437186473  0  5764270  4766  40  17  8744908  3205  86488  86453  167824943841  3352  0  5730819  5730834  17  0  92179  2447  0  329555  2341  92179  0  86488  4766  165749  141818  1755853936  7  59595  59589  59589  0.0826817619577  
1437186483  0  5806913  4807  40  17  8622177  3015  83562  83527  169060645573  3352  0  5773993  5774008  17  0  92179  2447  0  329555  2201  92179  0  83562  4807  166987  142995  1235701732  41  42643  43174  43174  0.0827806443802  
1437186493  0  5865624  4920  40  17  8463715  2870  77741  77706  170779484072  3352  0  5832316  5832331  17  0  92179  2447  0  330046  2106  92179  0  77741  4920  168701  144613  1718838499  113  58711  58323  58323  0.0838785438685  
1437186503  0  5921980  4963  40  17  8827082  3241  89198  89163  172413530403  3352  0  5888917  5888932  17  0  92179  2447  0  330193  2316  92179  0  89198  4963  169927  145782  1634046331  43  56356  56601  56601  0.0838064296063  
1437186513  0  5954067  4963  40  17  8606320  2994  82689  82654  173319929902  3371  0  5921007  5921022  17  0  93168  2447  0  330206  2163  93168  0  82689  4963  170909  146716  906399499  0  32087  32090  32090  0.0833547892558  
1437186523  0  5987073  4996  40  17  8861832  3274  89922  89887  174243775421  3371  0  5954258  5954273  17  0  93168  2447  0  330247  2372  93168  0  89922  4996  171606  147372  923845519  33  33006  33251  33251  0.0834464520476  
1437186533  0  6033223  5032  40  17  8819047  3293  88995  88960  175584027272  3440  0  6000354  6000369  17  0  93787  2490  0  330687  2384  93787  0  88995  5032  172823  148524  1340251851  36  46150  46096  46096  0.0834048401659  
1437186543  0  6081686  5071  40  17  8590650  3000  82173  82138  177005390887  3499  0  6048806  6048821  17  0  95308  2540  0  330765  2199  95308  0  82173  5071  174277  149911  1421363615  39  48463  48452  48452  0.0833814833584  
1437186553  0  6135405  5081  40  17  8948062  3304  91596  91561  178590509858  3499  0  6102820  6102835  17  0  95308  2540  0  330765  2438  95308  0  91596  5081  175491  151056  1585118971  10  53719  54014  54014  0.082814418934  
1437186563  0  6199927  5163  40  17  8846666  3269  89491  89456  180472382761  3548  0  6167102  6167117  17  0  96761  2582  0  331365  2355  96761  0  89491  5163  177266  152740  1881872903  82  64522  64282  64282  0.0832751740464  
1437186573  0  6237590  5170  40  17  8889810  3314  91073  91038  181604185036  3633  0  6204993  6205008  17  0  100069  2627  0  331446  2386  100069  0  91073  5170  178231  153653  1131802275  7  37663  37891  37891  0.0828845756133  
1437186583  0  6272708  5224  40  17  8804132  3219  88250  88215  182589848531  3633  0  6240025  6240040  17  0  100069  2627  0  331475  2313  100069  0  88250  5224  179197  154582  985663495  54  35118  35032  35032  0.0832814152994  
1437186593  0  6307349  5330  40  17  8726780  3199  86521  86485  183592704830  3689  0  6275126  6275141  17  0  100336  2661  0  331475  2322  100336  0  86521  5330  180177  155499  1002856299  106  34641  35101  35101  0.0845045993174  
1437186603  0  6362577  5339  40  17  8977459  3411  93635  93599  185177590449  3689  0  6329803  6329818  17  0  100336  2661  0  331988  2497  100336  0  93635  5339  181394  156658  1584885619  9  55228  54677  54677  0.0839125404691  
1437186613  0  6405608  5346  40  17  8858797  3256  89291  89255  186494384618  3689  0  6373221  6373236  17  0  100336  2661  0  331988  2387  100336  0  89291  5346  182664  157864  1316794169  7  43031  43418  43418  0.0834581198225  
1437186623  0  6465284  5386  40  17  8715843  3105  84813  84777  188253262553  3689  0  6433327  6433342  17  0  100336  2661  0  332020  2283  100336  0  84813  5386  184393  159493  1758877935  40  59676  60106  60106  0.0833064719199  
1437186633  0  6522798  5452  40  17  9019970  3472  94680  94644  189913119947  3689  0  6490513  6490528  17  0  100336  2661  0  332626  2478  100336  0  94680  5452  185678  160722  1659857394  66  57514  57186  57186  0.0835837626736  
1437186643  0  6560461  5499  40  17  9020340  3438  94830  94794  190991439848  3689  0  6528234  6528249  17  0  100336  2661  0  332751  2487  100336  0  94830  5499  186648  161644  1078319901  47  37663  37721  37721  0.0838203290897  
1437186653  0  6593603  5536  40  17  8868780  3312  91025  90989  191950247421  3689  0  6561425  6561440  17  0  100336  2661  0  332783  2395  100336  0  91025  5536  187636  162576  958807573  37  33142  33191  33191  0.0839601656333  
1437186663  0  6641199  5549  40  17  8556184  2995  81331  81295  193363470486  3689  0  6608933  6608948  17  0  100385  2661  0  332845  2174  100385  0  81331  5549  189117  163989  1413223065  13  47596  47508  47508  0.0835541895372  
1437186673  0  6690266  5557  40  17  8966628  3393  93038  93002  194806114112  3689  0  6658094  6658109  17  0  100385  2661  0  333326  2494  100385  0  93038  5557  190093  164915  1442643626  8  49067  49161  49161  0.0830609724636  
1437186683  0  6743799  5624  40  17  8902868  3309  90324  90288  196306759172  3689  0  6711834  6711849  17  0  100385  2661  0  333388  2429  100385  0  90324  5624  191631  166365  1500645060  67  53533  53740  53740  0.0833951308454  
1437186693  0  6805800  5689  40  17  8860408  3277  89904  89868  198134670620  3689  0  6774172  6774187  17  0  100385  2661  0  333432  2353  100385  0  89904  5689  193307  167956  1827911448  65  62001  62338  62338  0.0835904669547  
1437186703  0  6846429  5690  40  17  8914747  3320  91771  91735  199310434293  3689  0  6814482  6814497  17  0  100653  2661  0  333965  2388  100653  0  91771  5690  194301  168900  1175763673  1  40629  40310  40310  0.083109019315  
1437186713  0  6879533  5701  40  17  9019012  3448  95067  95031  200262804137  3689  0  6847519  6847534  17  0  100693  2661  0  334060  2506  100693  0  95067  5701  195064  169627  952369844  11  33104  33037  33037  0.0828689970671  
1437186723  0  6914026  5742  40  17  8951731  3377  93157  93121  201258825839  3689  0  6882086  6882101  17  0  101667  2661  0  334060  2451  101667  0  93157  5742  196046  170559  996021702  41  34493  34567  34567  0.0830485740146  
1437186733  0  6966189  5755  40  17  8775612  3243  87704  87668  202811233022  3689  0  6934536  6934551  17  0  101667  2671  0  334122  2328  101667  0  87704  5755  197558  171995  1552407183  13  52163  52450  52450  0.0826133198511  
1437186743  0  7025960  5791  40  17  8935014  3350  92387  92351  204581332116  3689  0  6994142  6994157  17  0  101667  2671  0  334649  2459  101667  0  92387  5791  199046  173401  1770099094  36  59771  59606  59606  0.0824229002158  
1437186754  0  7089630  5892  40  17  9188999  3591  99291  99255  206468973337  3689  0  7058085  7058100  17  0  101667  2671  0  334689  2611  101667  0  99291  5892  200547  174815  1887641221  101  63670  63943  63943  0.0831072989705  
1437186764  0  7132465  5927  40  17  8762895  3162  87432  87396  207747630944  3712  0  7101197  7101212  17  0  102466  2671  0  334713  2254  102466  0  87432  5927  202028  176234  1278657607  35  42835  43112  43112  0.0830989005905  
1437186774  0  7164886  5955  40  17  9153216  3536  98667  98631  208667985451  3712  0  7133192  7133207  17  0  102466  2671  0  335201  2568  102466  0  98667  5955  202531  176711  920354507  28  32421  31995  31995  0.0831136741045  
1437186784  0  7199557  6004  40  17  9039259  3503  96190  96154  209658982235  3712  0  7168003  7168018  17  0  102466  2671  0  335308  2549  102466  0  96190  6004  203516  177641  990996784  49  34671  34811  34811  0.0833940199376  
1437186794  0  7253142  6011  40  17  9022350  3454  95048  95012  211236446933  3712  0  7221897  7221912  17  0  102466  2687  0  335363  2497  102466  0  95048  6011  204979  179034  1577464698  7  53585  53894  53894  0.0828744287648  
1437186804  0  7303115  6022  40  17  9164740  3549  98638  98602  212735101922  3712  0  7272028  7272043  17  0  102466  2687  0  335373  2586  102466  0  98638  6022  206206  180198  1498654989  11  49973  50131  50131  0.0824579648547  
1437186814  0  7361577  6087  40  17  8861273  3269  89706  89670  214438413789  3712  0  7330455  7330470  17  0  102466  2687  0  335958  2389  102466  0  89706  6087  208004  181891  1703311867  65  58462  58427  58427  0.0826860875054  
1437186824  0  7419827  6117  40  17  8952570  3362  92849  92813  216156923100  3712  0  7388863  7388878  17  0  102466  2687  0  335960  2410  102466  0  92849  6117  209488  183307  1718509311  30  58250  58408  58408  0.0824412752481  
1437186834  0  7452871  6118  40  17  9160162  3556  98994  98958  217109580618  3712  0  7421848  7421863  17  0  103261  2687  0  336005  2559  103261  0  98994  6118  210185  183974  952657518  1  33044  32985  32985  0.082089170737  
1437186844  0  7486245  6144  40  17  8931739  3387  92479  92443  218096371555  3712  0  7455047  7455062  17  0  103261  2687  0  336513  2484  103261  0  92479  6144  211177  184914  986790937  26  33374  33199  33199  0.0820705173288  
1437186854  0  7537834  6153  40  17  9100752  3552  97213  97177  219586700700  3739  0  7506840  7506855  17  0  103261  2728  0  336647  2595  103261  0  97213  6153  212459  186122  1490329145  9  51589  51793  51793  0.0816282237046  
1437186864  0  7582939  6155  40  17  8752458  3137  86462  86426  220929239371  3739  0  7552049  7552064  17  0  103261  2728  0  336647  2284  103261  0  86462  6155  213920  187517  1342538671  2  45105  45209  45209  0.0811690559557  
1437186874  0  7637446  6210  40  17  9060367  3411  95278  95242  222543708639  3739  0  7606568  7606583  17  0  103261  2728  0  337088  2505  103261  0  95278  6210  215155  188679  1614469268  55  54507  54519  54519  0.0813099038605  
1437186884  0  7698768  6330  40  17  8895768  3318  91228  91192  224376947154  3782  0  7668136  7668151  17  0  104722  2743  0  337196  2388  104722  0  91228  6330  216909  190342  1833238515  120  61322  61568  61568  0.0822209475594  
1437186894  0  7736338  6346  40  17  8905422  3299  91893  91857  225482583440  3782  0  7705832  7705847  17  0  105663  2743  0  337199  2358  105663  0  91893  6346  217886  191271  1105636286  16  37570  37696  37696  0.0820284739369  
1437186904  0  7772848  6410  40  17  8835244  3254  89254  89218  226521071841  3819  0  7742386  7742401  17  0  106622  2750  0  337212  2371  106622  0  89254  6410  218882  192222  1038488401  64  36510  36554  36554  0.0824665553733  
1437186914  0  7807587  6427  40  17  9268753  3720  102495  102459  227499344514  3819  0  7776683  7776698  17  0  106622  2750  0  337708  2686  106622  0  102495  6427  219454  192758  978272673  17  34739  34297  34297  0.0823173664283  
1437186924  0  7860993  6435  40  17  8967202  3387  93276  93240  229068768879  3819  0  7830500  7830515  17  0  106622  2752  0  337797  2454  106622  0  93276  6435  221109  194337  1569424365  8  53406  53817  53817  0.0818598871669  
1437186934  0  7907268  6445  40  17  9301228  3694  101956  101920  230461082008  3819  0  7877099  7877114  17  0  106622  2752  0  337797  2711  106622  0  101956  6445  222107  195274  1392313129  10  46275  46599  46599  0.0815072917726  
1437186944  0  7970213  6589  40  17  9127120  3537  97509  97473  232335799650  3819  0  7939659  7939674  17  0  106622  2760  0  338348  2582  106622  0  97509  6589  223896  196961  1874717642  144  62945  62560  62560  0.0826703125751  
1437186954  0  8022561  6630  40  17  9357788  3792  104541  104505  233880577401  3826  0  7992132  7992147  17  0  106622  2778  0  338409  2709  106622  0  104541  6630  225125  198138  1544777751  41  52348  52473  52473  0.0826419394006  
1437186964  0  8057888  6633  40  17  9265253  3669  102028  101992  234912017100  3849  0  8027659  8027674  17  0  106622  2778  0  338449  2651  106622  0  102028  6633  226116  199084  1031439699  3  35327  35527  35527  0.0823168552355  
1437186974  0  8091299  6718  40  17  9061560  3514  96640  96604  235889614291  3849  0  8061211  8061226  17  0  106622  2778  0  338486  2541  106622  0  96640  6718  227130  200038  977597191  85  33411  33552  33552  0.0830274594969  
1437186984  0  8139714  6751  40  17  9011959  3453  94639  94603  237319146307  3849  0  8109394  8109409  17  0  106622  2778  0  339026  2505  106622  0  94639  6751  228453  201297  1429532016  33  48415  48183  48183  0.0829390320102  
1437186994  0  8187332  6795  40  17  8838394  3218  88767  88731  238723749639  3849  0  8157184  8157199  17  0  106622  2778  0  339026  2363  106622  0  88767  6795  229868  202639  1404603332  44  47618  47790  47790  0.0829940693745  
1437187004  0  8238683  6820  40  17  8995496  3344  93195  93159  240226434464  3849  0  8208937  8208952  17  0  106622  2778  0  339058  2464  106622  0  93195  6820  231138  203840  1502684825  25  51351  51753  51753  0.082780221062  
1437187014  0  8299800  6897  40  17  9366533  3775  104660  104624  242003662265  3849  0  8269849  8269864  17  0  106622  2778  0  339671  2717  106622  0  104660  6897  232459  205092  1777227801  77  61117  60912  60912  0.083098387913  
1437187024  0  8338194  6904  40  17  9404141  3807  106499  106463  243140521648  3849  0  8308231  8308246  17  0  106675  2778  0  339742  2705  106675  0  106499  6904  233448  206034  1136859383  7  38394  38382  38382  0.0827997045883  
