#type:T;
#time  gt  cn  Pt  Px  gx  cx  gn  gm  Pn  Pm  Ft  cm  pt  Fx  px  ct  pn  Fm  Fn  pm  dn  On  Om  dm  dx  Ox  dt  Ot  Gt  Cn  Cm  Gx  Cx  Gn  Gm  Ct  
1439598273  11366966  0  0  0  29604  0  19534  154  0  2147483647  62805  2147483647  0  2573  0  0  0  236  84  2147483647  0  184  245  2147483647  0  6138  0  184812  0  0  2147483647  0  0  0  2147483647  0  
1439598283  11374967  0  0  0  29604  0  19537  154  0  2147483647  62805  2147483647  0  2573  0  0  0  236  84  2147483647  0  184  245  2147483647  0  6138  0  184812  0  0  2147483647  0  0  0  2147483647  0  
1439598293  12546857  0  48114852  47820  29604  0  20478  154  13608  2187  151528  2147483647  0  2573  0  0  0  208  393  2147483647  0  38643  236  2147483647  0  45946  0  49483539  6819502  14721  556  29683  33894  1113  1554  27920295  
1439598303  12868765  0  50828892  47820  29604  0  20817  154  14025  2187  456777  2147483647  0  6495  0  0  0  205  1039  2147483647  0  38643  236  2147483647  0  45946  0  49483539  8696818  15359  556  33644  33894  1334  1554  29939525  
1439598313  12868765  0  50840483  47820  29604  0  20817  154  14026  2187  16422445  2147483647  0  10958  0  0  0  205  19400  2147483647  0  38740  236  2147483647  0  71657  0  50222736  8753051  15362  556  33644  33894  1336  1554  29951082  
1439598323  12868765  0  54624344  47820  29604  0  20817  154  14647  2187  48154291  2147483647  0  11176  0  0  0  205  51167  2147483647  0  38922  236  2147483647  0  71657  0  51402448  8753051  15983  556  33644  33894  1336  1554  31539163  
1439598333  12876624  0  58548587  47820  29604  0  20818  154  15315  2187  124328736  2147483647  0  29915  0  0  0  205  136762  2147483647  0  39270  236  2147483647  0  80011  0  53929147  8753051  16651  556  33644  33894  1336  1554  33229419  
1439598343  12876624  0  59244553  47820  29604  0  20818  154  15374  2187  205370781  2147483647  0  37028  0  0  0  205  239241  2147483647  0  40341  211  2147483647  0  80011  0  57699863  8753051  16710  556  33644  33894  1336  1554  33484998  
1439598353  12963208  0  78617480  47820  29604  0  20905  154  17716  2187  295665990  2147483647  0  37028  0  0  0  205  333399  2147483647  0  44589  211  2147483647  0  80011  0  63256010  8753051  19052  556  33644  33894  1336  1554  41719336  
1439598363  13043080  0  79132998  47820  29604  0  20979  154  17759  2187  379061422  2147483647  0  57003  0  0  0  205  423031  2147483647  0  47301  208  2147483647  0  80662  0  67039820  8926141  19107  556  33644  33894  1348  1554  41943744  
1439598373  13161447  0  85416845  47820  29604  0  21079  154  18541  2187  465022959  2147483647  0  57003  0  0  0  205  516422  2147483647  0  51197  208  2147483647  0  80662  0  71009250  9054573  19899  556  33644  33894  1358  1554  44735897  
1439598383  13491705  0  86040514  47820  29604  0  21593  154  18651  1845  514418755  2147483647  0  57003  0  0  0  205  629781  2147483647  0  56558  205  2147483647  0  80662  0  73719936  11945598  20594  556  36875  33894  1943  1554  46273798  
1439598393  46781617  0  109721187  47820  29604  0  53672  154  21546  1845  556407110  2147483647  0  57003  0  0  0  205  698317  2147483647  0  60558  205  2147483647  0  80662  0  76275536  12913948  23620  556  36875  33894  2074  1554  55823930  
1439598403  94702197  0  143948066  47820  29604  0  97206  154  24989  1845  602022253  2147483647  0  57003  0  0  0  205  745153  2147483647  0  63030  205  2147483647  0  80662  0  79199975  12973840  27066  556  36875  33894  2077  1554  67595719  
1439598413  151213635  0  229437264  57164  29604  0  148081  154  34504  1845  649210518  2147483647  0  57003  0  0  0  205  793616  2147483647  0  64989  205  2147483647  0  80662  0  81419685  13023331  36584  556  36875  52328  2080  1554  99118090  
1439598423  218255068  0  556783994  57164  31834  0  207186  154  69901  1845  681572933  2147483647  0  57003  0  0  0  205  827458  2147483647  0  66851  205  2147483647  0  80662  0  84377868  13103885  71986  556  36875  52328  2085  1554  223790581  
1439598433  279661374  0  963579896  69487  56541  0  267089  154  121821  1845  697692493  2147483647  0  57003  0  0  0  205  845716  2147483647  0  68786  205  2147483647  0  109647  0  92590355  14888413  124106  556  36875  64883  2285  1554  385068442  
1439598443  344141651  0  1322362930  69487  56541  0  337141  154  174085  1845  720123721  2147483647  0  57003  0  0  0  205  889005  2147483647  0  73301  205  2147483647  0  143948  0  111067103  15378413  176482  556  36875  64883  2397  1554  532956707  
1439598453  413430289  0  1596998535  69487  56541  0  397064  154  205348  1681  748470691  2147483647  0  57003  0  0  0  205  918069  2147483647  0  75520  205  2147483647  0  160890  0  131355309  15510907  207759  556  36875  64883  2411  1554  639211587  
1439598463  478638607  0  2005881075  69487  56541  0  452713  154  249128  1681  759194990  2147483647  0  57003  0  0  0  205  929344  2147483647  0  77550  205  2147483647  0  160890  0  134133625  15839076  251571  556  36875  64883  2444  1554  789402753  
1439598473  553542927  0  2473550866  69487  56541  0  516729  154  299988  1681  772860260  2147483647  0  57003  0  0  0  205  942715  2147483647  0  79155  205  2147483647  0  160890  0  136646217  15839076  302431  556  36875  64883  2444  1554  961972554  
1439598483  625764374  0  3042368211  84614  56541  0  577363  154  361445  1681  773515700  2147483647  0  57003  0  0  0  205  943104  2147483647  0  81152  205  2147483647  0  160890  0  140661500  15858206  363890  556  36875  64883  2446  1554  1172853734  
1439598493  698536598  0  3625244583  84614  56541  0  637420  154  421865  1681  774220206  2147483647  0  57003  0  0  0  205  943500  2147483647  0  82338  205  2147483647  0  160890  0  142727392  16084162  424336  556  36875  64883  2473  1554  1385051493  
1439598503  782237457  0  4276537930  84614  56541  0  707668  154  492426  1681  774879856  2147483647  0  57003  0  0  0  205  943857  2147483647  0  84300  205  2147483647  0  160890  0  146011315  16103723  494898  556  36875  64883  2474  1554  1626109548  
1439598513  871344785  0  4997045215  84614  56541  0  783769  154  568858  1681  775495214  2147483647  0  57003  0  0  0  205  944210  2147483647  0  86378  205  2147483647  0  160890  0  149886595  16213429  571344  556  36875  64883  2489  1554  1892151040  
1439598523  958566276  0  5695137606  84614  61445  0  856575  154  642117  1681  776278437  2147483647  0  57003  0  0  0  205  944742  2147483647  0  89672  205  2147483647  0  160890  0  156038991  16335057  644614  556  36875  65611  2500  1554  2149558898  
1439598533  1046215068  0  6376467482  133439  61445  0  930346  154  715472  1681  777003735  2147483647  0  57003  0  0  0  205  945179  2147483647  0  92250  205  2147483647  0  160890  0  160626157  16621944  717994  556  36875  65611  2525  1554  2399666415  
1439598543  1111221630  0  6895964830  133439  61445  0  984893  154  771361  1681  777457312  2147483647  0  57003  0  0  0  205  945403  2147483647  0  93558  205  2147483647  0  160890  0  162784326  16688316  773887  556  36875  65611  2529  1554  2588883759  
1439598553  1183164601  0  7432232856  133439  73175  0  1044703  154  831139  1681  777940520  2147483647  0  57003  0  0  0  205  945719  2147483647  0  95431  205  2147483647  0  160890  0  166222676  17006077  833698  556  36875  65611  2562  1554  2787054663  
1439598563  1260967983  0  8039198071  133439  73175  0  1108927  154  895743  1681  778704989  2147483647  0  57003  0  0  0  205  946251  2147483647  0  98190  205  2147483647  0  160890  0  170979236  17109427  898310  556  36875  103199  2570  1554  3009667575  
1439598573  1328636297  0  8575984536  133439  73175  0  1166346  154  953186  1681  779247619  2147483647  0  57003  0  0  0  205  946565  2147483647  0  100335  205  2147483647  0  160890  0  174694529  17109427  955753  556  36875  103199  2570  1554  3204982380  
1439598583  1388534375  0  9035006064  133439  73175  0  1213896  154  1000578  1681  779746290  2147483647  0  57003  0  0  0  205  946823  2147483647  0  102684  205  2147483647  0  160890  0  179519925  17145231  1003147  556  36875  103199  2572  1554  3370749461  
1439598593  1471257228  0  9698545352  133439  107663  0  1283547  154  1070884  1681  780500909  2147483647  0  57003  0  0  0  205  947250  2147483647  0  105262  205  2147483647  0  160890  0  184092328  17145231  1073453  556  36875  103199  2572  1554  3612985038  
1439598603  1553931493  0  10359840320  133439  107663  0  1352015  154  1139176  1681  781278969  2147483647  0  57003  0  0  0  205  947677  2147483647  0  107721  205  2147483647  0  160890  0  189158484  17145231  1141745  556  36875  103199  2572  1554  3854570225  
1439598613  1620713214  0  10896730803  133439  107663  0  1406975  154  1194110  1681  781963281  2147483647  0  57003  0  0  0  205  948047  2147483647  0  109725  205  2147483647  0  160890  0  193080899  17185438  1196680  556  36875  103199  2574  1554  4047672911  
1439598623  1692888489  0  11477583939  133439  107663  0  1468513  154  1256120  1681  782529215  2147483647  0  57003  0  0  0  205  948359  2147483647  0  112194  205  2147483647  0  160890  0  198318739  17185438  1258690  556  36875  103199  2574  1554  4260256409  
1439598633  1786714173  0  12222198277  133439  107663  0  1547406  154  1335420  1681  783289718  2147483647  0  57003  0  0  0  205  948822  2147483647  0  115147  205  2147483647  0  160890  0  203877464  17226855  1337993  556  36875  103199  2577  1554  4532595606  
1439598643  1872948710  0  12927856884  133439  107663  0  1621728  154  1409641  1681  783894995  2147483647  0  57003  0  0  0  205  949144  2147483647  0  118130  205  2147483647  0  160890  0  209649179  17404563  1412230  556  36875  103199  2594  1554  4788089463  
1439598653  1945116098  0  13499507465  133439  107663  0  1681606  154  1470140  1681  784371314  2147483647  0  57003  0  0  0  205  949405  2147483647  0  120349  205  2147483647  0  160890  0  213575500  17436492  1472732  556  36875  103199  2597  1554  4996688028  
1439598663  2027101064  0  14161751853  133439  107663  0  1750847  154  1539719  1681  785164624  2147483647  0  57003  0  0  0  205  949897  2147483647  0  123207  205  2147483647  0  160890  0  218533228  17587618  1542327  556  36875  103199  2613  1554  5237901389  
1439598673  2095798813  0  14714864015  133439  107663  0  1810368  154  1599144  1681  785771194  2147483647  0  57003  0  0  0  205  950254  2147483647  0  125677  205  2147483647  0  160890  0  223091477  17780392  1601767  556  36875  103199  2629  1554  5440008097  
1439598683  2161013911  0  15223655396  133439  107663  0  1863668  154  1653021  1681  786232352  2147483647  0  57003  0  0  0  205  950573  2147483647  0  127922  205  2147483647  0  160890  0  227449246  17978467  1655664  556  36875  103199  2649  1554  5624544599  
1439598693  2227470501  0  15742973207  133439  107663  0  1917429  154  1706477  1681  786790686  2147483647  0  57003  0  0  0  205  950896  2147483647  0  130222  205  2147483647  0  160890  0  231408338  18046490  1709124  556  36875  103199  2654  1554  5810567337  
1439598703  2289221076  0  16219207710  133439  107663  0  1967346  154  1756401  1681  787405496  2147483647  0  57003  0  0  0  205  951232  2147483647  0  131931  205  2147483647  0  160890  0  234991509  18072855  1759048  556  36875  103199  2655  1554  5982827503  
1439598713  2357172554  0  16768794647  133439  107663  0  2025352  154  1815000  1681  787934320  2147483647  0  57003  0  0  0  205  951533  2147483647  0  133954  205  2147483647  0  160890  0  238845911  18072855  1817647  556  36875  103199  2655  1554  6183042643  
1439598723  2433898761  0  17391347799  133439  107663  0  2088949  154  1878642  1681  788701107  2147483647  0  57003  0  0  0  205  951940  2147483647  0  137063  205  2147483647  0  160890  0  244789899  18182130  1881299  556  36875  103199  2665  1554  6408800402  
1439598733  2512101081  0  18035695560  133439  107663  0  2156509  154  1946709  1681  789455264  2147483647  0  57003  0  0  0  205  952357  2147483647  0  139945  205  2147483647  0  160890  0  250001373  18198312  1949366  556  36875  103199  2666  1554  6643957594  
1439598743  2586294540  0  18624990792  133439  107663  0  2219643  154  2009639  1681  790176437  2147483647  0  57003  0  0  0  205  952765  2147483647  0  142576  205  2147483647  0  160890  0  255081413  18198312  2012296  556  36875  103199  2666  1554  6859212880  
1439598753  2667967248  0  19287088058  133439  107663  0  2289120  154  2078913  1681  790845989  2147483647  0  57003  0  0  0  205  953137  2147483647  0  145382  205  2147483647  0  160890  0  260286537  18198312  2081569  556  36875  103199  2666  1554  7101540145  
1439598763  2751133488  0  19965550303  133439  107663  0  2360401  154  2150476  1681  791607368  2147483647  0  57003  0  0  0  205  953585  2147483647  0  147977  205  2147483647  0  160890  0  265023857  18198312  2153132  556  36875  103199  2666  1554  7349468920  
1439598773  2849465207  0  20770326525  133439  107663  0  2442924  154  2233624  1681  792264248  2147483647  0  57003  0  0  0  205  953972  2147483647  0  151353  205  2147483647  0  160890  0  271869564  18316281  2236291  556  36875  103199  2677  1554  7642452042  
1439598783  2929828884  0  21406483130  133439  107663  0  2510802  154  2301829  1681  792743038  2147483647  0  57003  0  0  0  205  954242  2147483647  0  154846  205  2147483647  0  160890  0  277352649  18316281  2304496  556  36875  103199  2677  1554  7872749431  
1439598793  3000968065  0  21974252851  133439  107663  0  2569928  154  2360661  1681  793430897  2147483647  0  57003  0  0  0  205  954674  2147483647  0  156693  205  2147483647  0  160890  0  280461750  18350970  2363330  556  36875  103199  2679  1554  8072861768  
1439598803  3069580166  0  22505511611  133439  107663  0  2627604  154  2418579  1681  793996539  2147483647  0  57003  0  0  0  205  955003  2147483647  0  159320  205  2147483647  0  160890  0  285588850  18510388  2421258  556  36875  103199  2689  1554  8263599970  
1439598813  3130319861  0  22970001581  133439  107663  0  2676246  154  2467597  1681  794618968  2147483647  0  57003  0  0  0  205  955376  2147483647  0  161621  205  2147483647  0  160890  0  290131304  18692356  2470292  556  36875  103199  2705  1554  8429042783  
1439598823  3191024938  0  23422470541  133439  107663  0  2724109  154  2515438  1681  795074855  2147483647  0  57003  0  0  0  205  955674  2147483647  0  163360  205  2147483647  0  160890  0  293635898  18692356  2518133  556  36875  103199  2705  1554  8589802096  
1439598834  3263625041  0  23985180785  133439  107663  0  2785025  154  2576483  1681  795683715  2147483647  0  57003  0  0  0  205  956011  2147483647  0  166180  205  2147483647  0  160890  0  298827015  18718241  2579177  556  36875  103199  2706  1554  8790996228  
1439598844  3342720822  0  24617811549  133439  107663  0  2854730  154  2645843  1681  796305491  2147483647  0  57003  0  0  0  205  956368  2147483647  0  168709  205  2147483647  0  160890  0  302971197  18718241  2648535  556  36875  103199  2706  1554  9017183105  
1439598854  3412539173  0  25172982188  133439  107663  0  2915363  154  2707311  1681  796833523  2147483647  0  57003  0  0  0  205  956685  2147483647  0  171505  205  2147483647  0  160890  0  307622948  18799896  2710008  556  36875  103199  2711  1554  9217311306  
1439598864  3479611123  0  25699700788  133439  107663  0  2971375  154  2763760  1681  797449672  2147483647  0  57003  0  0  0  205  957050  2147483647  0  173559  205  2147483647  0  160890  0  311042477  18799896  2766457  556  36875  103199  2711  1554  9405456234  
1439598874  3565983473  0  26386306088  133439  107663  0  3046320  154  2838704  1681  798138044  2147483647  0  57003  0  0  0  205  957431  2147483647  0  176898  205  2147483647  0  160890  0  317244922  18799896  2841401  556  36875  103199  2711  1554  9652435176  
1439598884  3651322208  0  27072826362  133439  107663  0  3119618  154  2912041  1681  798978340  2147483647  0  57003  0  0  0  205  957936  2147483647  0  179686  205  2147483647  0  160890  0  322694571  18799896  2914738  556  36875  103199  2711  1554  9899470097  
1439598894  3741672785  0  27799243060  133439  107663  0  3196142  154  2989016  1681  799613786  2147483647  0  57003  0  0  0  205  958305  2147483647  0  183230  205  2147483647  0  160890  0  329348870  18849062  2991717  556  36875  103199  2715  1554  10160748883  
1439598904  3829951034  0  28499645482  133439  107663  0  3270485  154  3063496  1681  800071376  2147483647  0  57003  0  0  0  205  958770  2147483647  0  185794  205  2147483647  0  160890  0  333746421  18849062  3066197  556  36875  103199  2715  1554  10409780038  
1439598914  3901427922  0  29045743775  133439  107663  0  3331159  154  3123869  1681  800757868  2147483647  0  57003  0  0  0  205  959179  2147483647  0  188340  205  2147483647  0  160890  0  338289111  18874823  3126572  556  36875  103199  2717  1554  10605593619  
1439598924  3980159105  0  29670489082  133439  107663  0  3396873  154  3189942  1681  801293109  2147483647  0  57003  0  0  0  205  959457  2147483647  0  191209  205  2147483647  0  160890  0  343551961  18980781  3192652  556  36875  103199  2724  1554  10829435539  
1439598934  4040945333  0  30138368275  133439  107663  0  3445958  154  3238957  1681  801734397  2147483647  0  57003  0  0  0  205  959722  2147483647  0  193315  205  2147483647  0  160890  0  346629915  19155822  3241683  556  36875  103199  2740  1554  10995720450  
1439598944  4111078417  0  30671790231  133439  107663  0  3502721  154  3295997  1681  802264668  2147483647  0  57003  0  0  0  205  960021  2147483647  0  195828  205  2147483647  0  160890  0  351100064  19300295  3298738  556  36875  103199  2755  1554  11186428333  
1439598954  4180787922  0  31229267377  133439  107663  0  3562785  154  3356606  1681  802826899  2147483647  0  57003  0  0  0  205  960362  2147483647  0  198510  205  2147483647  0  160890  0  355395309  19300295  3359347  556  36875  103199  2755  1554  11386525611  
1439598964  4253634013  0  31802648658  133439  107663  0  3625611  154  3419243  1681  803467940  2147483647  0  57003  0  0  0  205  960759  2147483647  0  200634  205  2147483647  0  160890  0  359106999  19300295  3421980  556  36875  103199  2755  1554  11592564578  
1439598974  4319523991  0  32325275151  133439  107663  0  3682407  154  3476430  1681  804098873  2147483647  0  57003  0  0  0  205  961134  2147483647  0  203332  205  2147483647  0  160890  0  363554324  19361748  3479172  556  36875  103199  2760  1554  11780328726  
1439598984  4381893750  0  32801953186  133439  107663  0  3734329  154  3528239  1681  804606231  2147483647  0  57003  0  0  0  205  961462  2147483647  0  205487  205  2147483647  0  160890  0  366853155  19487827  3530994  556  36875  104811  2773  1554  11950765886  
1439598994  4465391272  0  33467692080  133439  107663  0  3804473  154  3598236  1681  805306092  2147483647  0  57003  0  0  0  205  961824  2147483647  0  208440  205  2147483647  0  160890  0  372393441  19563370  3601003  556  36875  104811  2785  1554  12186430511  
1439599004  4547591312  0  34130655542  133439  107663  0  3874653  154  3668886  1681  806086637  2147483647  0  57003  0  0  0  205  962275  2147483647  0  211314  205  2147483647  0  160890  0  378204287  19563370  3671653  556  36875  104811  2785  1554  12423944568  
1439599014  4632469197  0  34802356368  133439  107663  0  3948092  154  3742543  1681  806790280  2147483647  0  57003  0  0  0  205  962712  2147483647  0  214455  205  2147483647  0  160890  0  384722071  19621107  3745314  556  36875  104811  2789  1554  12664617060  
1439599024  4714119797  0  35465511115  133439  107663  0  4020623  154  3815355  1681  807574323  2147483647  0  57003  0  0  0  205  963156  2147483647  0  217688  205  2147483647  0  160890  0  389891840  19998017  3818167  556  36875  104811  2830  1554  12901742078  
1439599034  4783382174  0  36010042136  133439  107663  0  4078810  154  3873358  1681  808256345  2147483647  0  57003  0  0  0  205  963571  2147483647  0  220014  205  2147483647  0  160890  0  393658261  20030009  3876172  556  36875  104811  2832  1554  13095504118  
1439599044  4852894583  0  36554237114  133439  107663  0  4135406  154  3930326  1681  808814556  2147483647  0  57003  0  0  0  205  963950  2147483647  0  222510  205  2147483647  0  160890  0  398360528  20060187  3933141  556  36875  104811  2833  1554  13288493407  
1439599054  4920032116  0  37078946939  133439  107663  0  4190841  154  3985630  1681  809487371  2147483647  0  57003  0  0  0  205  964380  2147483647  0  224500  205  2147483647  0  160890  0  402134737  20084956  3988446  556  36875  104811  2834  1554  13473369700  
1439599064  4994041468  0  37665293312  133439  107663  0  4252194  154  4047124  1681  810003981  2147483647  0  57003  0  0  0  205  964654  2147483647  0  226690  205  2147483647  0  160890  0  405797866  20124124  4049942  556  36875  104811  2836  1554  13682969395  
1439599074  5059972139  0  38179338508  133439  107663  0  4307426  154  4102929  1681  810472662  2147483647  0  57003  0  0  0  205  964929  2147483647  0  229267  205  2147483647  0  160890  0  410378158  20207777  4105755  556  36875  104811  2844  1554  13866682533  
1439599084  5132690611  0  38749994112  133439  107663  0  4367943  154  4163454  1681  811225042  2147483647  0  57003  0  0  0  205  965416  2147483647  0  232346  205  2147483647  0  160890  0  416346871  20207777  4166280  556  36875  104811  2844  1554  14071038106  
1439599094  5210331581  0  39371390494  133439  107663  0  4433835  154  4228798  1681  811949763  2147483647  0  57003  0  0  0  205  965823  2147483647  0  234866  205  2147483647  0  160890  0  420245217  20288825  4231631  556  36875  104811  2852  1554  14291242810  
1439599104  5294224132  0  40040453871  133439  107663  0  4503702  154  4299867  1681  812604607  2147483647  0  57003  0  0  0  205  966246  2147483647  0  237485  205  2147483647  0  160890  0  424901729  20355583  4302707  556  36875  104811  2859  1554  14531310938  
1439599114  5386506823  0  40781532861  133439  107663  0  4581615  154  4377251  1681  813610164  2147483647  0  57003  0  0  0  205  966869  2147483647  0  241228  205  2147483647  0  160890  0  432202079  20355583  4380091  556  36875  104811  2859  1554  14795041347  
1439599124  5472669071  0  41481842712  133439  107663  0  4655175  154  4451350  1681  814284160  2147483647  0  57003  0  0  0  205  967236  2147483647  0  244248  205  2147483647  0  160890  0  437702108  20547072  4454205  556  36875  104811  2877  1554  15045613231  
1439599134  5532899560  0  41970104967  133439  107663  0  4707544  154  4503825  1681  814767606  2147483647  0  57003  0  0  0  205  967491  2147483647  0  245871  205  2147483647  0  160890  0  440508871  20767191  4506701  556  36875  104811  2898  1554  15220008305  
1439599144  5605318766  0  42542373536  133439  107663  0  4768211  154  4564857  1681  815380315  2147483647  0  57003  0  0  0  205  967890  2147483647  0  248476  205  2147483647  0  160890  0  444781256  20809506  4567735  556  36875  104811  2900  1554  15423752278  
1439599154  5679553516  0  43115964466  133439  107663  0  4830041  154  4627004  1681  815976071  2147483647  0  57003  0  0  0  205  968216  2147483647  0  251245  205  2147483647  0  160890  0  449166498  20809506  4629881  556  36875  104811  2900  1554  15628386800  
1439599164  5751975972  0  43687458193  133439  107663  0  4890261  154  4687260  1681  816767308  2147483647  0  57003  0  0  0  205  968698  2147483647  0  253198  205  2147483647  0  160890  0  452836226  21015313  4690155  556  36875  104811  2918  1554  15832635796  
1439599174  5817795513  0  44196475181  133439  107663  0  4945199  154  4742065  1681  817199118  2147483647  0  57003  0  0  0  205  968943  2147483647  0  256243  205  2147483647  0  160890  0  457557754  21169772  4744969  556  36875  104811  2927  1554  16014051583  
1439599184  5885405602  0  44710222875  133439  107663  0  4999294  154  4796186  1681  817861990  2147483647  0  57003  0  0  0  205  969392  2147483647  0  258103  205  2147483647  0  160890  0  461338527  21199672  4799091  556  36875  104811  2928  1554  16195448899  
1439599194  5953216457  0  45261017411  133439  107663  0  5056809  154  4853811  1681  818399238  2147483647  0  57003  0  0  0  205  969682  2147483647  0  260585  205  2147483647  0  160890  0  466137185  21281249  4856724  556  36875  104811  2936  1554  16391040902  
1439599204  6025730876  0  45846545476  133439  107663  0  5116357  154  4914323  1681  819101360  2147483647  0  57003  0  0  0  205  970091  2147483647  0  263094  205  2147483647  0  160890  0  470565621  21281249  4917235  556  36875  104811  2936  1554  16598655613  
1439599214  6113205731  0  46551069992  133439  107663  0  5191725  154  4989157  1681  819836968  2147483647  0  57003  0  0  0  205  970504  2147483647  0  266272  205  2147483647  0  160890  0  476199859  21281249  4992069  556  36875  104811  2936  1554  16850757106  
1439599224  6189063439  0  47150832690  133439  107663  0  5254825  154  5052363  1681  820614276  2147483647  0  57003  0  0  0  205  970989  2147483647  0  268740  205  2147483647  0  160890  0  480350941  21316977  5055278  556  36875  104811  2939  1554  17064211890  
1439599234  6262961699  0  47744141565  133439  107663  0  5316431  154  5114351  1681  821273616  2147483647  0  57003  0  0  0  205  971349  2147483647  0  271184  205  2147483647  0  160890  0  484691090  21316977  5117266  556  36875  104811  2939  1554  17275491845  
1439599244  6337409750  0  48331603615  133439  107663  0  5379442  154  5177247  1681  821917036  2147483647  0  57003  0  0  0  205  971748  2147483647  0  273991  205  2147483647  0  160890  0  489590611  21403870  5180170  556  36875  104811  2947  1554  17484163354  
1439599254  6422257669  0  49010797904  133439  107663  0  5449961  154  5248076  1681  822548942  2147483647  0  57003  0  0  0  205  972078  2147483647  0  276812  205  2147483647  0  160890  0  495265195  21448594  5251001  556  36875  104811  2950  1554  17727160149  
1439599264  6512292736  0  49739650362  133439  107663  0  5525814  154  5324188  1681  823411560  2147483647  0  57003  0  0  0  205  972573  2147483647  0  280193  205  2147483647  0  160890  0  501554893  21448594  5327113  556  36875  104811  2950  1554  17987943562  
1439599274  6594817103  0  50398439873  541576  107663  0  5596436  154  5394748  1681  823965408  2147483647  0  57003  0  0  0  205  972889  2147483647  0  283056  205  2147483647  0  160890  0  506601973  21515306  5397678  556  36875  104811  2955  1554  18224280242  
1439599284  6676198085  0  51060116090  541576  107663  0  5664743  154  5463675  1681  824663336  2147483647  0  57003  0  0  0  205  973353  2147483647  0  286076  205  2147483647  0  160890  0  511983740  21896995  5466643  556  36875  104811  2993  1554  18460652681  
1439599294  6735002071  0  51492831843  541576  107663  0  5712474  154  5509601  1681  826392172  2147483647  0  57003  0  0  0  205  974845  2147483647  0  287646  205  2147483647  0  160890  0  514488901  21896995  5512569  556  36875  104811  2993  1554  18615874052  
1439599304  6791943826  0  51910840317  541576  107663  0  5755559  154  5552906  1681  826419887  2147483647  0  57003  0  0  0  205  974857  2147483647  0  289722  205  2147483647  0  160890  0  519049959  21959042  5555879  556  36875  104811  2998  1554  18764730065  
1439599314  6842823943  0  52281204568  541576  107663  0  5794145  154  5591354  1681  827026838  2147483647  0  57003  0  0  0  205  975350  2147483647  0  291501  205  2147483647  0  160890  0  529333785  22063573  5594337  556  36875  104811  3008  1554  18895505356  
1439599324  6924836579  0  52814712825  541576  107663  0  5855267  154  5652527  1681  827752244  2147483647  0  57003  0  0  0  205  975702  2147483647  0  293864  205  2147483647  0  195749  0  604725330  22254783  5655531  556  36875  104811  3029  1554  19109250312  
1439599334  7004809381  0  53345033913  541576  107663  0  5917659  154  5715427  1681  827752244  2147483647  0  57003  0  0  0  205  975702  2147483647  0  296567  205  2147483647  0  195749  0  693273030  22710258  5718491  556  36875  104811  3089  1554  19324921707  
