#Type:X;CI:3;ww:0;ca:0;co:0;fr:0;Type:X;CI:3;PI:0;PT:EP;U0:0;U1:0;Type:X;CI:3;PI:1;PT:EP;U0:0;U1:0;
#time  Pp  gt  gs  cn  cm  cb  Nc  Pc  cp  Tc  Nm  pr  ps  pt  px  pd  Pm  Om  fs  ft  Oc  Em  Gp  Ec  Ge  ot  os  Total_cycles_diff  Successful_get_diff  Total_get_diff  succ_put_diff  total_put_diff  get_hit  
1439419612  0  0  0  0  0  0  0  0  0  3872353  0  0  0  0  0  0  0  0  0  21  0  0  0  0  0  46  0  3872353  0  0  0  0  
1439419622  0  0  0  0  0  0  0  0  0  3958374  0  0  0  0  0  0  0  0  0  21  0  0  0  0  0  47  0  86021  0  0  0  0  0 
1439419632  0  551  342  0  0  0  190  2725  0  31678618  234  0  3409  3409  0  0  3409  358  0  150  206  3409  0  2725  342  4275  113  27720244  342  551  3409  3409  62.0689655172  
1439419642  0  551  342  0  0  0  219  3179  0  36958758  234  0  3863  3863  0  0  3409  358  0  4221  243  3409  0  3179  342  4275  113  5280140  0  0  454  454  62.0689655172  
1439419652  0  552  343  0  0  0  219  3178  0  72303861  234  0  3863  3863  0  0  3409  358  0  45009  242  3409  0  3178  343  4275  113  35345103  1  1  0  0  62.1376811594  
1439419662  0  552  343  0  0  0  173  3432  0  120185000  234  0  4602  4602  0  0  3432  358  0  82414  165  3432  0  3432  343  4446  190  47881139  0  0  739  739  62.1376811594  
1439419672  0  569  343  0  0  0  122  2865  0  139207882  234  0  4642  4642  0  0  3432  358  0  103010  92  3432  0  2865  343  4578  266  19022882  0  17  40  40  60.2811950791  
1439419682  0  604  365  0  0  0  111  2642  0  174583676  234  0  4656  4656  0  0  3432  358  0  145900  68  3432  0  2642  365  5232  293  35375794  22  35  14  14  60.4304635762  
1439419692  0  838  533  0  0  0  107  2458  0  187700074  234  0  4656  4656  0  0  3432  358  0  168093  63  3432  0  2458  533  5613  296  13116398  168  234  0  0  63.6038186158  
1439419702  0  9645  576  0  0  0  167  3399  0  244520072  234  0  5668  5668  0  0  3432  358  0  213343  98  3432  0  3399  576  6883  302  56819998  43  8807  1012  1012  5.97200622084  
1439419712  0  21290  576  0  0  0  231  4373  0  298777364  234  0  6642  6642  0  0  4373  358  0  236868  145  4373  0  4373  576  7872  302  54257292  0  11645  974  974  2.70549553781  
1439419723  0  30589  585  0  0  0  293  5694  0  355363185  293  0  7979  7979  0  0  5694  358  0  257191  184  5694  0  5694  585  8650  303  56585821  9  9299  1337  1337  1.9124521887  
1439419733  0  37970  598  0  0  0  574  15217  0  554139736  574  0  17515  17515  0  0  15217  358  0  266238  339  15217  0  15217  598  9285  303  198776551  13  7381  9536  9536  1.5749275744  
1439419743  0  50247  601  0  0  0  987  29764  0  755731296  987  0  33345  33345  0  0  29764  530  0  278710  530  29764  0  29764  601  9971  319  201591560  3  12277  15830  15830  1.19609130893  
1439419753  0  59689  602  0  0  0  999  30293  0  964303953  1028  0  42533  42533  0  0  31104  560  0  290901  530  31104  0  30293  602  10773  485  208572657  1  9442  9188  9188  1.0085610414  
1439419763  0  67111  602  0  0  0  1083  32409  0  1142575335  1095  0  49924  49924  0  0  33427  581  0  300647  581  33427  0  32409  602  11204  557  178271382  0  7422  7391  7391  0.897021352684  
1439419773  0  72297  602  0  0  0  1067  31721  0  1260590167  1157  0  55480  55480  0  0  34772  619  0  305432  585  34772  0  31721  602  11588  638  118014832  0  5186  5556  5556  0.832676321286  
1439419783  0  78608  606  0  0  0  1197  36064  0  1398567956  1197  0  61836  61836  0  0  36064  654  0  313246  654  36064  0  36064  606  11903  672  137977789  4  6311  6356  6356  0.770913901893  
1439419793  0  85822  626  0  0  0  1309  39913  0  1580234450  1309  0  70087  70087  0  0  39913  709  0  322359  709  39913  0  39913  626  12348  752  181666494  20  7214  8251  8251  0.729416699681  
1439419803  0  95601  845  0  0  0  1444  44585  0  1839395492  1444  0  81981  81981  0  0  44585  766  0  335701  761  44585  0  44585  845  13007  872  259161042  219  9779  11894  11894  0.883881967762  
1439419813  0  100423  1487  0  0  0  1446  44632  0  1945441785  1483  0  86470  86470  0  0  45760  781  0  342500  761  45760  0  44632  1487  13333  935  106046293  642  4822  4489  4489  1.48073648467  
1439419823  0  112811  3760  0  0  0  1532  47088  0  2209178504  1574  0  97513  97513  0  0  48443  835  5  360016  808  48443  0  47088  3760  13908  1036  263736719  2273  12388  11043  11043  3.33300830593  
1439419833  0  117432  4753  0  0  0  1609  49379  0  2308987351  1620  0  101457  101457  0  0  49827  861  7  365860  855  49827  0  49379  4753  14063  1050  99808847  993  4621  3944  3944  4.04744873629  
1439419843  0  124609  6435  0  0  0  1739  53840  0  2512912489  1741  0  110008  110008  0  0  53925  920  24  373867  920  53925  0  53840  6435  14322  1095  203925138  1682  7177  8551  8551  5.16415347206  
1439419853  0  131136  7391  0  0  0  1692  52346  0  2670189504  1750  0  115080  115080  0  0  54590  936  38  384172  907  54590  0  52346  7391  14805  1176  157277015  956  6527  5072  5072  5.63613347975  
1439419863  0  137906  8549  0  0  0  1852  57441  0  2880122596  1852  0  123788  123788  0  0  57442  980  70  390996  978  57442  0  57441  8549  15049  1220  209933092  1158  6770  8708  8708  6.19915014575  
1439419873  0  146238  9310  0  0  0  1861  58015  0  3109791958  1901  0  132349  132349  0  0  58865  1000  92  402487  973  58865  0  58015  9310  15708  1353  229669362  761  8332  8561  8561  6.36633433171  
1439419883  0  153817  10952  0  0  0  1829  57298  0  3273085300  1901  0  139335  139335  0  0  59304  1000  106  412926  965  59304  0  57298  10952  16140  1454  163293342  1642  7579  6986  6986  7.12014926829  
1439419893  0  159781  11368  0  0  0  1721  53670  0  3435969372  1908  0  146517  146517  0  0  60029  1008  128  421596  900  60029  0  53670  11368  16693  1622  162884072  416  5964  7182  7182  7.11473829805  
1439419903  0  168505  12230  0  0  0  1792  55674  0  3610528195  1908  0  154037  154037  0  0  60029  1008  135  431655  931  60029  0  55674  12230  17078  1708  174558823  862  8724  7520  7520  7.2579448681  
1439419913  0  174235  12231  0  0  0  1813  56195  0  3737721293  1908  0  159742  159742  0  0  60029  1008  137  439109  935  60029  0  56195  12231  17416  1783  127193098  1  5730  5705  5705  7.01982954056  
1439419923  0  180557  13303  0  0  0  1593  47870  0  3881590128  1908  0  165139  165139  0  0  60029  1008  145  447904  826  60029  0  47870  13303  17995  1978  143868835  1072  6322  5397  5397  7.36775644256  
1439419933  0  185903  13620  0  0  0  1638  49882  0  4018697539  1908  0  171301  171301  0  0  60029  1008  152  454685  845  60029  0  49882  13620  18310  2041  137107411  317  5346  6162  6162  7.32640140288  
1439419943  0  191876  14421  0  0  0  1633  49763  0  4135428876  1908  0  176752  176752  0  0  60029  1008  156  461246  841  60029  0  49763  14421  18638  2117  116731337  801  5973  5451  5451  7.51579144864  
1439419953  0  197204  15456  0  0  0  1693  51919  0  4285433294  1908  0  183175  183175  0  0  60029  1008  163  467036  860  60029  0  51919  15456  18904  2173  150004418  1035  5328  6423  6423  7.83756921766  
1439419963  0  202730  15651  0  0  0  1723  53137  0  4397429036  1908  0  188245  188245  0  0  60029  1008  166  473595  876  60029  0  53137  15651  19210  2230  111995742  195  5526  5070  5070  7.72012035713  
1439419973  0  207962  16969  0  0  0  1792  55821  0  4522088263  1908  0  193552  193552  0  0  60029  1008  172  480897  924  60029  0  55821  16969  19424  2255  124659227  1318  5232  5307  5307  8.15966378473  
1439419983  0  214975  18282  0  0  0  1718  54136  0  4680940435  1908  0  200167  200167  0  0  60029  1008  185  488829  888  60029  0  54136  18282  19855  2361  158852172  1313  7013  6615  6615  8.50424467961  
1439419993  0  220561  19469  0  0  0  1787  56881  0  4828220994  1908  0  206275  206275  0  0  60029  1008  198  496307  940  60029  0  56881  19469  20113  2395  147280559  1187  5586  6108  6108  8.82703651144  
1439420003  0  229811  20551  0  0  0  1744  55338  0  5055959818  1908  0  214326  214326  0  0  60029  1008  218  508186  926  60029  0  55338  20551  20702  2531  227738824  1082  9250  8051  8051  8.94256584759  
1439420013  0  235303  20732  0  0  0  1785  56775  0  5191203183  1908  0  220009  220009  0  0  60029  1008  225  515378  945  60029  0  56775  20732  21045  2594  135243365  181  5492  5683  5683  8.81076739353  
1439420023  0  242355  21641  0  0  0  1635  51392  0  5352664500  1908  0  226898  226898  0  0  60029  1008  237  524583  861  60029  0  51392  21641  21680  2769  161461317  909  7052  6889  6889  8.92946297786  
1439420033  0  248112  21641  0  0  0  1597  50449  0  5493578495  1908  0  232549  232549  0  0  60029  1008  242  531174  838  60029  0  50449  21641  22091  2871  140913995  0  5757  5651  5651  8.72227058748  
1439420043  0  255603  21641  0  0  0  1685  53347  0  5708288491  1908  0  240995  240995  0  0  60029  1008  250  540522  888  60029  0  53347  21641  22530  2962  214709996  0  7491  8446  8446  8.46664554015  
1439420053  0  264234  22730  0  0  0  1714  54606  0  5929356470  1908  0  249090  249090  0  0  60029  1008  252  550640  904  60029  0  54606  22730  22950  3051  221067979  1089  8631  8095  8095  8.60222378649  
1439420063  0  269072  23680  0  0  0  1712  54302  0  6061136264  1908  0  254832  254832  0  0  60029  1008  256  557490  905  60029  0  54302  23680  23228  3129  131779794  950  4838  5742  5742  8.80061842184  
1439420073  0  275236  24660  0  0  0  1550  48818  0  6235684150  1908  0  260831  260831  0  0  60029  1008  261  565958  832  60029  0  48818  24660  23728  3282  174547886  980  6164  5999  5999  8.95958377538  
1439420083  0  282673  25620  0  0  0  1655  53088  0  6457754263  1908  0  270168  270168  0  0  60029  1008  276  575553  874  60029  0  53088  25620  24055  3357  222070113  960  7437  9337  9337  9.06347617211  
1439420093  0  287695  26556  0  0  0  1660  52914  0  6565094279  1908  0  273986  273986  0  0  60029  1008  285  583503  890  60029  0  52914  26556  24323  3395  107340016  936  5022  3818  3818  9.23060880446  
1439420103  0  295426  28026  0  0  0  1810  57610  0  6798558903  1908  0  282801  282801  0  0  60029  1008  298  593111  971  60029  0  57610  28026  24540  3433  233464624  1470  7731  8815  8815  9.48663963226  
1439420113  0  300813  29125  0  0  0  1777  56787  0  6910321958  1908  0  287278  287278  0  0  60029  1008  310  602642  952  60029  0  56787  29125  24944  3506  111763055  1099  5387  4477  4477  9.68209485627  
1439420123  0  304592  30382  0  0  0  1839  58696  0  7005742980  1908  0  291278  291278  0  0  60029  1008  315  606933  974  60029  0  58696  30382  25030  3522  95421022  1257  3779  4000  4000  9.97465461995  
1439420134  0  310167  31887  0  0  0  1872  59713  0  7143460776  1908  0  296814  296814  0  0  60204  1008  336  614766  989  60204  0  59713  31887  25287  3580  137717796  1505  5575  5536  5536  10.2805907785  
1439420144  0  316081  33173  0  0  0  1929  60854  0  7337277907  1951  0  303973  303973  0  0  62334  1027  356  622411  1027  62334  0  60854  33173  25565  3650  193817131  1286  5914  7159  7159  10.4950946118  
1439420154  0  321192  33615  0  0  0  1848  58199  0  7441952679  1951  0  308062  308062  0  0  62334  1031  359  631535  999  62334  0  58199  33615  25986  3737  104674772  442  5111  4089  4089  10.4657027572  
1439420164  0  325289  33965  0  0  0  1940  61206  0  7549418294  1951  0  312195  312195  0  0  62334  1058  376  635632  1058  62334  0  61206  33965  26074  3750  107465615  350  4097  4133  4133  10.4414843416  
1439420174  0  328668  34137  0  0  0  1828  57772  0  7651257312  1954  0  316062  316062  0  0  62334  1069  382  640645  981  62334  0  57772  34137  26509  3887  101839018  172  3379  3867  3867  10.3864690204  
1439420184  0  333988  34836  0  0  0  1861  59082  0  7792180364  1956  0  321588  321588  0  0  62334  1069  395  649354  1020  62334  0  59082  34836  26782  3935  140923052  699  5320  5526  5526  10.4303148616  
1439420194  0  339040  35094  0  0  0  1822  57831  0  7904372245  1956  0  326143  326143  0  0  62334  1069  406  656208  1000  62334  0  57831  35094  27107  4015  112191881  258  5052  4555  4555  10.3509910335  
1439420204  0  343929  35586  0  0  0  1728  55139  0  8049962957  1956  0  331748  331748  0  0  62334  1069  421  662281  943  62334  0  55139  35586  27475  4142  145590712  492  4889  5605  5605  10.3469029945  
1439420214  0  349291  35590  0  0  0  1658  52695  0  8161100215  1956  0  335829  335829  0  0  62334  1069  425  670023  908  62334  0  52695  35590  27849  4249  111137258  4  5362  4081  4081  10.1892118606  
1439420224  0  354395  35658  0  0  0  1682  53530  0  8268729913  1956  0  339978  339978  0  0  62334  1069  429  676552  914  62334  0  53530  35658  28098  4303  107629698  68  5104  4149  4149  10.0616543687  
1439420234  0  359871  35919  0  0  0  1523  47428  0  8412900998  1956  0  345640  345640  0  0  62334  1069  435  683789  815  62334  0  47428  35919  28695  4506  144171085  261  5476  5662  5662  9.98107655243  
1439420244  0  364312  36000  0  0  0  1539  47673  0  8539152062  1956  0  350605  350605  0  0  62334  1069  439  690521  816  62334  0  47673  36000  28996  4581  126251064  81  4441  4965  4965  9.88163991304  
1439420254  0  370715  36310  0  0  0  1714  53442  0  8691557249  1956  0  356791  356791  0  0  62334  1069  440  696566  913  62334  0  53442  36310  29157  4585  152405187  310  6403  6186  6186  9.7945861376  
1439420264  0  377547  36650  0  0  0  1559  48238  0  8867176788  1956  0  363124  363124  0  0  62334  1069  446  704203  805  62334  0  48238  36650  29754  4769  175619539  340  6832  6333  6333  9.707400668  
1439420274  0  382505  36650  0  0  0  1469  45498  0  8998151027  1956  0  367899  367899  0  0  62334  1069  449  709649  767  62334  0  45498  36650  30110  4881  130974239  0  4958  4775  4775  9.58157409707  
1439420284  0  387982  36688  0  0  0  1522  47054  0  9138880170  1956  0  373138  373138  0  0  62334  1069  452  717456  799  62334  0  47054  36688  30426  4935  140729143  38  5477  5239  5239  9.45610878855  
1439420294  0  393513  36756  0  0  0  1496  46537  0  9272391493  1956  0  378378  378378  0  0  62334  1069  453  723988  785  62334  0  46537  36756  30761  5019  133511323  68  5531  5240  5240  9.34047922178  
1439420304  0  397842  36807  0  0  0  1449  45839  0  9381890398  1956  0  382892  382892  0  0  62334  1069  455  728674  754  62334  0  45839  36807  31073  5109  109498905  51  4329  4514  4514  9.25166272038  
1439420314  0  402937  36830  0  0  0  1500  47938  0  9520223055  1956  0  388757  388757  0  0  62334  1069  455  736415  784  62334  0  47938  36830  31425  5165  138332657  23  5095  5865  5865  9.14038671058  
1439420324  0  407502  36835  0  0  0  1477  47505  0  9629920122  1956  0  392839  392839  0  0  62334  1069  455  741582  781  62334  0  47505  36835  31747  5240  109697067  5  4565  4082  4082  9.03921943941  
1439420334  0  413481  36902  0  0  0  1511  48746  0  9785616351  1956  0  398429  398429  0  0  62334  1069  455  748301  791  62334  0  48746  36902  32085  5308  155696229  67  5979  5590  5590  8.92471479947  
1439420344  0  417578  37000  0  0  0  1420  45327  0  9862937977  1956  0  401855  401855  0  0  62334  1069  455  753450  740  62334  0  45327  37000  32417  5408  77321626  98  4097  3426  3426  8.86062005182  
1439420354  0  423291  37041  0  0  0  1428  45637  0  9954574833  1956  0  405298  405298  0  0  62334  1069  455  761632  746  62334  0  45637  37041  32739  5456  91636856  41  5713  3443  3443  8.75071759144  
1439420364  0  427576  37869  0  0  0  1415  45137  0  10056914507  1956  0  409418  409418  0  0  62334  1069  456  767680  733  62334  0  45137  37869  33037  5516  102339674  828  4285  4120  4120  8.85667109473  
1439420374  0  431937  37960  0  0  0  1430  45356  0  10205157308  1956  0  415768  415768  0  0  62334  1069  457  772425  732  62334  0  45356  37960  33392  5601  148242801  91  4361  6350  6350  8.78831866684  
1439420384  0  437205  38028  0  0  0  1469  46156  0  10338031556  1956  0  421299  421299  0  0  62334  1069  458  778416  748  62334  0  46156  38028  33717  5668  132874248  68  5268  5531  5531  8.69797920884  
1439420394  0  442179  38673  0  0  0  1542  48127  0  10478503029  1956  0  426754  426754  0  0  62334  1069  462  782970  786  62334  0  48127  38673  33936  5706  140471473  645  4974  5455  5455  8.74600557693  
1439420404  0  445974  39301  0  0  0  1545  48164  0  10583617960  1956  0  430627  430627  0  0  62334  1069  467  787868  793  62334  0  48164  39301  34172  5755  105114931  628  3795  3873  3873  8.81239713526  
1439420414  0  449270  39439  0  0  0  1626  50625  0  10703328738  1956  0  435404  435404  0  0  62334  1069  479  792826  827  62334  0  50625  39439  34434  5801  119710778  138  3296  4777  4777  8.77846283972  
1439420424  0  453942  40422  0  0  0  1646  51922  0  10858669952  1956  0  441504  441504  0  0  62334  1069  485  798375  847  62334  0  51922  40422  34712  5856  155341214  983  4672  6100  6100  8.90466182904  
1439420434  0  460315  40971  0  0  0  1589  50610  0  11018082465  1956  0  447341  447341  0  0  62334  1069  493  808039  812  62334  0  50610  40971  35189  5960  159412513  549  6373  5837  5837  8.90064412413  
1439420444  0  464141  41254  0  0  0  1698  54021  0  11122670642  1956  0  451439  451439  0  0  62334  1069  502  812756  870  62334  0  54021  41254  35286  5966  104588177  283  3826  4098  4098  8.8882473214  
1439420454  0  469011  41682  0  0  0  1559  49384  0  11241029193  1956  0  455199  455199  0  0  62334  1069  516  819338  822  62334  0  49384  41682  35770  6082  118358551  428  4870  3760  3760  8.88721160058  
1439420464  0  474115  41692  0  0  0  1576  50482  0  11385296462  1956  0  460730  460730  0  0  62334  1069  521  825452  840  62334  0  50482  41692  36100  6152  144267269  10  5104  5531  5531  8.79364711093  
1439420474  0  479482  41873  0  0  0  1545  49418  0  11533469345  1956  0  465803  465803  0  0  62334  1069  524  832899  834  62334  0  49418  41873  36458  6241  148172883  181  5367  5073  5073  8.73296599247  
1439420484  0  483184  42204  0  0  0  1538  49402  0  11647870611  1956  0  470050  470050  0  0  62334  1069  530  839130  827  62334  0  49402  42204  36775  6308  114401266  331  3702  4247  4247  8.73456074704  
1439420494  0  488025  42394  0  0  0  1596  50844  0  11788977954  1956  0  475960  475960  0  0  62334  1069  535  843767  849  62334  0  50844  42394  37062  6375  141107343  190  4841  5910  5910  8.68685005891  
1439420504  0  492634  42394  0  0  0  1573  49605  0  11899076892  1956  0  480287  480287  0  0  62334  1069  537  849691  823  62334  0  49605  42394  37411  6462  110098938  0  4609  4327  4327  8.60557736575  
1439420514  0  498441  42594  0  0  0  1601  50244  0  12047708297  1956  0  485777  485777  0  0  62334  1069  542  858397  852  62334  0  50244  42594  37776  6527  148631405  200  5807  5490  5490  8.54544469656  
1439420524  0  502775  43013  0  0  0  1629  51233  0  12173756458  1956  0  490912  490912  0  0  62334  1069  549  864202  865  62334  0  51233  43013  38085  6583  126048161  419  4334  5135  5135  8.55511908906  
1439420534  0  507730  43839  0  0  0  1654  52521  0  12282858993  1956  0  495573  495573  0  0  62334  1069  552  871753  868  62334  0  52521  43839  38381  6642  109102535  826  4955  4661  4661  8.63431351309  
1439420544  0  512884  44225  0  0  0  1636  52197  0  12389261757  1956  0  500550  500550  0  0  62334  1069  553  878057  872  62334  0  52197  44225  38715  6723  106402764  386  5154  4977  4977  8.62280749643  
1439420555  0  517383  44502  0  0  0  1622  50885  0  12503485143  1956  0  505174  505174  0  0  62334  1069  559  883869  871  62334  0  50885  44502  39035  6812  114223386  277  4499  4624  4624  8.60136494628  
1439420565  0  520900  44506  0  0  0  1608  49675  0  12579959549  1956  0  508195  508195  0  0  62334  1069  564  889604  865  62334  0  49675  44506  39331  6877  76474406  4  3517  3021  3021  8.54405836053  
1439420575  0  524727  45134  0  0  0  1565  47900  0  12659915008  1956  0  511837  511837  0  0  62334  1069  567  894831  846  62334  0  47900  45134  39597  6946  79955459  628  3827  3642  3642  8.60142512202  
1439420585  0  529456  45299  0  0  0  1552  47404  0  12759941103  1956  0  516109  516109  0  0  62334  1069  573  901421  837  62334  0  47404  45299  39934  7022  100026095  165  4729  4272  4272  8.55576289626  
1439420595  0  534388  45299  0  0  0  1490  45439  0  12855334401  1956  0  520147  520147  0  0  62334  1069  578  907580  805  62334  0  45439  45299  40269  7108  95393298  0  4932  4038  4038  8.47679962873  
1439420605  0  535263  45999  0  0  0  1468  44841  0  12865301868  1956  0  520329  520329  0  0  62334  1069  578  908105  801  62334  0  44841  45999  40281  7109  9967467  700  875  182  182  8.59371934918  
1439420615  0  535263  45999  0  0  0  1468  44841  0  12865301868  1956  0  520329  520329  0  0  62334  1069  578  908105  801  62334  0  44841  45999  40281  7109  0  0  0  0  0  8.59371934918  
1439420625  0  535263  45999  0  0  0  1468  44841  0  12865301868  1956  0  520329  520329  0  0  62334  1069  578  908105  801  62334  0  44841  45999  40281  7109  0  0  0  0  0  8.59371934918  
1439420635  0  535263  45999  0  0  0  1468  44841  0  12865301868  1956  0  520329  520329  0  0  62334  1069  578  908105  801  62334  0  44841  45999  40281  7109  0  0  0  0  0  8.59371934918  
1439420645  0  535263  45999  0  0  0  1468  44841  0  12865301868  1956  0  520329  520329  0  0  62334  1069  578  908105  801  62334  0  44841  45999  40281  7109  0  0  0  0  0  8.59371934918  
1439420655  0  535263  45999  0  0  0  1468  44841  0  12865301868  1956  0  520329  520329  0  0  62334  1069  578  908105  801  62334  0  44841  45999  40281  7109  0  0  0  0  0  8.59371934918  
1439420665  0  535263  45999  0  0  0  1468  44841  0  12865301868  1956  0  520329  520329  0  0  62334  1069  578  908105  801  62334  0  44841  45999  40281  7109  0  0  0  0  0  8.59371934918  
1439420675  0  535263  45999  0  0  0  1468  44841  0  12865301868  1956  0  520329  520329  0  0  62334  1069  578  908105  801  62334  0  44841  45999  40281  7109  0  0  0  0  0  8.59371934918  
1439420685  0  535263  45999  0  0  0  1468  44841  0  12865301868  1956  0  520329  520329  0  0  62334  1069  578  908105  801  62334  0  44841  45999  40281  7109  0  0  0  0  0  8.59371934918  
1439420695  0  535263  45999  0  0  0  1468  44841  0  12865301868  1956  0  520329  520329  0  0  62334  1069  578  908105  801  62334  0  44841  45999  40281  7109  0  0  0  0  0  8.59371934918  
1439420705  0  535263  45999  0  0  0  1468  44841  0  12865301868  1956  0  520329  520329  0  0  62334  1069  578  908105  801  62334  0  44841  45999  40281  7109  0  0  0  0  0  8.59371934918  
1439420715  0  535263  45999  0  0  0  1468  44841  0  12865301868  1956  0  520329  520329  0  0  62334  1069  578  908105  801  62334  0  44841  45999  40281  7109  0  0  0  0  0  8.59371934918  
1439420725  0  535263  45999  0  0  0  1468  44841  0  12865301868  1956  0  520329  520329  0  0  62334  1069  578  908105  801  62334  0  44841  45999  40281  7109  0  0  0  0  0  8.59371934918  
1439420735  0  535263  45999  0  0  0  1468  44841  0  12865301868  1956  0  520329  520329  0  0  62334  1069  578  908105  801  62334  0  44841  45999  40281  7109  0  0  0  0  0  8.59371934918  
1439420745  0  535263  45999  0  0  0  1468  44841  0  12865301868  1956  0  520329  520329  0  0  62334  1069  578  908105  801  62334  0  44841  45999  40281  7109  0  0  0  0  0  8.59371934918  
1439420755  0  535263  45999  0  0  0  1468  44841  0  12865301868  1956  0  520329  520329  0  0  62334  1069  578  908105  801  62334  0  44841  45999  40281  7109  0  0  0  0  0  8.59371934918  
1439420765  0  535263  45999  0  0  0  1468  44841  0  12865301868  1956  0  520329  520329  0  0  62334  1069  578  908105  801  62334  0  44841  45999  40281  7109  0  0  0  0  0  8.59371934918  
1439420775  0  535263  45999  0  0  0  1468  44841  0  12865301868  1956  0  520329  520329  0  0  62334  1069  578  908105  801  62334  0  44841  45999  40281  7109  0  0  0  0  0  8.59371934918  
1439420785  0  535263  45999  0  0  0  1468  44841  0  12865301868  1956  0  520329  520329  0  0  62334  1069  578  908105  801  62334  0  44841  45999  40281  7109  0  0  0  0  0  8.59371934918  
1439420795  0  535263  45999  0  0  0  1468  44841  0  12865301868  1956  0  520329  520329  0  0  62334  1069  578  908105  801  62334  0  44841  45999  40281  7109  0  0  0  0  0  8.59371934918  
1439420805  0  535263  45999  0  0  0  1468  44841  0  12865301868  1956  0  520329  520329  0  0  62334  1069  578  908105  801  62334  0  44841  45999  40281  7109  0  0  0  0  0  8.59371934918  
1439420815  0  535263  45999  0  0  0  1468  44841  0  12865301868  1956  0  520329  520329  0  0  62334  1069  578  908105  801  62334  0  44841  45999  40281  7109  0  0  0  0  0  8.59371934918  
1439420825  0  535263  45999  0  0  0  1468  44841  0  12865301868  1956  0  520329  520329  0  0  62334  1069  578  908105  801  62334  0  44841  45999  40281  7109  0  0  0  0  0  8.59371934918  
1439420835  0  535263  45999  0  0  0  1468  44841  0  12865301868  1956  0  520329  520329  0  0  62334  1069  578  908105  801  62334  0  44841  45999  40281  7109  0  0  0  0  0  8.59371934918  
1439420845  0  535263  45999  0  0  0  1468  44841  0  12865301868  1956  0  520329  520329  0  0  62334  1069  578  908105  801  62334  0  44841  45999  40281  7109  0  0  0  0  0  8.59371934918  
1439420855  0  535263  45999  0  0  0  1468  44841  0  12865301868  1956  0  520329  520329  0  0  62334  1069  578  908105  801  62334  0  44841  45999  40281  7109  0  0  0  0  0  8.59371934918  
1439420865  0  535263  45999  0  0  0  1468  44841  0  12865301868  1956  0  520329  520329  0  0  62334  1069  578  908105  801  62334  0  44841  45999  40281  7109  0  0  0  0  0  8.59371934918  
1439420875  0  535263  45999  0  0  0  1468  44841  0  12865301868  1956  0  520329  520329  0  0  62334  1069  578  908105  801  62334  0  44841  45999  40281  7109  0  0  0  0  0  8.59371934918  
1439420885  0  535263  45999  0  0  0  1468  44841  0  12865301868  1956  0  520329  520329  0  0  62334  1069  578  908105  801  62334  0  44841  45999  40281  7109  0  0  0  0  0  8.59371934918  
1439420895  0  535263  45999  0  0  0  1468  44841  0  12865301868  1956  0  520329  520329  0  0  62334  1069  578  908105  801  62334  0  44841  45999  40281  7109  0  0  0  0  0  8.59371934918  
1439420905  0  535263  45999  0  0  0  1468  44841  0  12865301868  1956  0  520329  520329  0  0  62334  1069  578  908105  801  62334  0  44841  45999  40281  7109  0  0  0  0  0  8.59371934918  
1439420915  0  535263  45999  0  0  0  1468  44841  0  12865301868  1956  0  520329  520329  0  0  62334  1069  578  908105  801  62334  0  44841  45999  40281  7109  0  0  0  0  0  8.59371934918  
1439420925  0  535263  45999  0  0  0  1468  44841  0  12865301868  1956  0  520329  520329  0  0  62334  1069  578  908105  801  62334  0  44841  45999  40281  7109  0  0  0  0  0  8.59371934918  
1439420935  0  535263  45999  0  0  0  1468  44841  0  12865301868  1956  0  520329  520329  0  0  62334  1069  578  908105  801  62334  0  44841  45999  40281  7109  0  0  0  0  0  8.59371934918  
1439420945  0  535263  45999  0  0  0  1468  44841  0  12865301868  1956  0  520329  520329  0  0  62334  1069  578  908105  801  62334  0  44841  45999  40281  7109  0  0  0  0  0  8.59371934918  
1439420955  0  535263  45999  0  0  0  1468  44841  0  12865301868  1956  0  520329  520329  0  0  62334  1069  578  908105  801  62334  0  44841  45999  40281  7109  0  0  0  0  0  8.59371934918  
1439420965  0  535263  45999  0  0  0  1468  44841  0  12865301868  1956  0  520329  520329  0  0  62334  1069  578  908105  801  62334  0  44841  45999  40281  7109  0  0  0  0  0  8.59371934918  
1439420975  0  535263  45999  0  0  0  1468  44841  0  12865301868  1956  0  520329  520329  0  0  62334  1069  578  908105  801  62334  0  44841  45999  40281  7109  0  0  0  0  0  8.59371934918  
1439420985  0  535263  45999  0  0  0  1468  44841  0  12865301868  1956  0  520329  520329  0  0  62334  1069  578  908105  801  62334  0  44841  45999  40281  7109  0  0  0  0  0  8.59371934918  
1439420995  0  535263  45999  0  0  0  1468  44841  0  12865301868  1956  0  520329  520329  0  0  62334  1069  578  908105  801  62334  0  44841  45999  40281  7109  0  0  0  0  0  8.59371934918  
1439421005  0  535263  45999  0  0  0  1468  44841  0  12865301868  1956  0  520329  520329  0  0  62334  1069  578  908105  801  62334  0  44841  45999  40281  7109  0  0  0  0  0  8.59371934918  
1439421015  0  535263  45999  0  0  0  1468  44841  0  12865301868  1956  0  520329  520329  0  0  62334  1069  578  908105  801  62334  0  44841  45999  40281  7109  0  0  0  0  0  8.59371934918  
1439421025  0  535263  45999  0  0  0  1468  44841  0  12865301868  1956  0  520329  520329  0  0  62334  1069  578  908105  801  62334  0  44841  45999  40281  7109  0  0  0  0  0  8.59371934918  
1439421035  0  535263  45999  0  0  0  1468  44841  0  12865301868  1956  0  520329  520329  0  0  62334  1069  578  908105  801  62334  0  44841  45999  40281  7109  0  0  0  0  0  8.59371934918  
1439421045  0  535263  45999  0  0  0  1468  44841  0  12865301868  1956  0  520329  520329  0  0  62334  1069  578  908105  801  62334  0  44841  45999  40281  7109  0  0  0  0  0  8.59371934918  
1439421055  0  535263  45999  0  0  0  1468  44841  0  12865301868  1956  0  520329  520329  0  0  62334  1069  578  908105  801  62334  0  44841  45999  40281  7109  0  0  0  0  0  8.59371934918  
1439421065  0  535263  45999  0  0  0  1468  44841  0  12865301868  1956  0  520329  520329  0  0  62334  1069  578  908105  801  62334  0  44841  45999  40281  7109  0  0  0  0  0  8.59371934918  
1439421075  0  535263  45999  0  0  0  1468  44841  0  12865301868  1956  0  520329  520329  0  0  62334  1069  578  908105  801  62334  0  44841  45999  40281  7109  0  0  0  0  0  8.59371934918  
1439421085  0  535263  45999  0  0  0  1468  44841  0  12865301868  1956  0  520329  520329  0  0  62334  1069  578  908105  801  62334  0  44841  45999  40281  7109  0  0  0  0  0  8.59371934918  
1439421095  0  535263  45999  0  0  0  1468  44841  0  12865301868  1956  0  520329  520329  0  0  62334  1069  578  908105  801  62334  0  44841  45999  40281  7109  0  0  0  0  0  8.59371934918  
1439421105  0  535263  45999  0  0  0  1468  44841  0  12865301868  1956  0  520329  520329  0  0  62334  1069  578  908105  801  62334  0  44841  45999  40281  7109  0  0  0  0  0  8.59371934918  
1439421115  0  535263  45999  0  0  0  1468  44841  0  12865301868  1956  0  520329  520329  0  0  62334  1069  578  908105  801  62334  0  44841  45999  40281  7109  0  0  0  0  0  8.59371934918  
1439421125  0  535263  45999  0  0  0  1468  44841  0  12865301868  1956  0  520329  520329  0  0  62334  1069  578  908105  801  62334  0  44841  45999  40281  7109  0  0  0  0  0  8.59371934918  
1439421135  0  535263  45999  0  0  0  1468  44841  0  12865301868  1956  0  520329  520329  0  0  62334  1069  578  908105  801  62334  0  44841  45999  40281  7109  0  0  0  0  0  8.59371934918  
1439421145  0  535263  45999  0  0  0  1468  44841  0  12865301868  1956  0  520329  520329  0  0  62334  1069  578  908105  801  62334  0  44841  45999  40281  7109  0  0  0  0  0  8.59371934918  
1439421155  0  535263  45999  0  0  0  1468  44841  0  12865301868  1956  0  520329  520329  0  0  62334  1069  578  908105  801  62334  0  44841  45999  40281  7109  0  0  0  0  0  8.59371934918  
1439421165  0  535263  45999  0  0  0  1468  44841  0  12865301868  1956  0  520329  520329  0  0  62334  1069  578  908105  801  62334  0  44841  45999  40281  7109  0  0  0  0  0  8.59371934918  
1439421175  0  535263  45999  0  0  0  1468  44841  0  12865301868  1956  0  520329  520329  0  0  62334  1069  578  908105  801  62334  0  44841  45999  40281  7109  0  0  0  0  0  8.59371934918  
1439421185  0  535263  45999  0  0  0  1468  44841  0  12865301868  1956  0  520329  520329  0  0  62334  1069  578  908105  801  62334  0  44841  45999  40281  7109  0  0  0  0  0  8.59371934918  
1439421195  0  535263  45999  0  0  0  1468  44841  0  12865301868  1956  0  520329  520329  0  0  62334  1069  578  908105  801  62334  0  44841  45999  40281  7109  0  0  0  0  0  8.59371934918  
1439421205  0  535263  45999  0  0  0  1468  44841  0  12865301868  1956  0  520329  520329  0  0  62334  1069  578  908105  801  62334  0  44841  45999  40281  7109  0  0  0  0  0  8.59371934918  
1439421215  0  535263  45999  0  0  0  1468  44841  0  12865301868  1956  0  520329  520329  0  0  62334  1069  578  908105  801  62334  0  44841  45999  40281  7109  0  0  0  0  0  8.59371934918  
1439421225  0  535263  45999  0  0  0  1468  44841  0  12865301868  1956  0  520329  520329  0  0  62334  1069  578  908105  801  62334  0  44841  45999  40281  7109  0  0  0  0  0  8.59371934918  
1439421236  0  535263  45999  0  0  0  1468  44841  0  12865301868  1956  0  520329  520329  0  0  62334  1069  578  908105  801  62334  0  44841  45999  40281  7109  0  0  0  0  0  8.59371934918  
1439421246  0  535263  45999  0  0  0  1468  44841  0  12865301868  1956  0  520329  520329  0  0  62334  1069  578  908105  801  62334  0  44841  45999  40281  7109  0  0  0  0  0  8.59371934918  
1439421256  0  535263  45999  0  0  0  1468  44841  0  12865301868  1956  0  520329  520329  0  0  62334  1069  578  908105  801  62334  0  44841  45999  40281  7109  0  0  0  0  0  8.59371934918  
1439421266  0  535263  45999  0  0  0  1468  44841  0  12865301868  1956  0  520329  520329  0  0  62334  1069  578  908105  801  62334  0  44841  45999  40281  7109  0  0  0  0  0  8.59371934918  
1439421276  0  535263  45999  0  0  0  1468  44841  0  12865301868  1956  0  520329  520329  0  0  62334  1069  578  908105  801  62334  0  44841  45999  40281  7109  0  0  0  0  0  8.59371934918  
1439421286  0  535263  45999  0  0  0  1468  44841  0  12865301868  1956  0  520329  520329  0  0  62334  1069  578  908105  801  62334  0  44841  45999  40281  7109  0  0  0  0  0  8.59371934918  
1439421296  0  535263  45999  0  0  0  1468  44841  0  12865301868  1956  0  520329  520329  0  0  62334  1069  578  908105  801  62334  0  44841  45999  40281  7109  0  0  0  0  0  8.59371934918  
1439421306  0  535263  45999  0  0  0  1468  44841  0  12865301868  1956  0  520329  520329  0  0  62334  1069  578  908105  801  62334  0  44841  45999  40281  7109  0  0  0  0  0  8.59371934918  
1439421316  0  535263  45999  0  0  0  1468  44841  0  12865301868  1956  0  520329  520329  0  0  62334  1069  578  908105  801  62334  0  44841  45999  40281  7109  0  0  0  0  0  8.59371934918  
1439421326  0  535263  45999  0  0  0  1468  44841  0  12865301868  1956  0  520329  520329  0  0  62334  1069  578  908105  801  62334  0  44841  45999  40281  7109  0  0  0  0  0  8.59371934918  
1439421336  0  535263  45999  0  0  0  1468  44841  0  12865301868  1956  0  520329  520329  0  0  62334  1069  578  908105  801  62334  0  44841  45999  40281  7109  0  0  0  0  0  8.59371934918  
1439421346  0  535263  45999  0  0  0  1468  44841  0  12865301868  1956  0  520329  520329  0  0  62334  1069  578  908105  801  62334  0  44841  45999  40281  7109  0  0  0  0  0  8.59371934918  
1439421356  0  535263  45999  0  0  0  1468  44841  0  12865301868  1956  0  520329  520329  0  0  62334  1069  578  908105  801  62334  0  44841  45999  40281  7109  0  0  0  0  0  8.59371934918  
1439421366  0  535263  45999  0  0  0  1468  44841  0  12865301868  1956  0  520329  520329  0  0  62334  1069  578  908105  801  62334  0  44841  45999  40281  7109  0  0  0  0  0  8.59371934918  
1439421376  0  535263  45999  0  0  0  1468  44841  0  12865301868  1956  0  520329  520329  0  0  62334  1069  578  908105  801  62334  0  44841  45999  40281  7109  0  0  0  0  0  8.59371934918  
1439421386  0  535263  45999  0  0  0  1468  44841  0  12865301868  1956  0  520329  520329  0  0  62334  1069  578  908105  801  62334  0  44841  45999  40281  7109  0  0  0  0  0  8.59371934918  
1439421396  0  535263  45999  0  0  0  1468  44841  0  12865301868  1956  0  520329  520329  0  0  62334  1069  578  908105  801  62334  0  44841  45999  40281  7109  0  0  0  0  0  8.59371934918  
1439421406  0  535263  45999  0  0  0  1468  44841  0  12865301868  1956  0  520329  520329  0  0  62334  1069  578  908105  801  62334  0  44841  45999  40281  7109  0  0  0  0  0  8.59371934918  
1439421416  0  535263  45999  0  0  0  1468  44841  0  12865301868  1956  0  520329  520329  0  0  62334  1069  578  908105  801  62334  0  44841  45999  40281  7109  0  0  0  0  0  8.59371934918  
1439421426  0  535263  45999  0  0  0  1468  44841  0  12865301868  1956  0  520329  520329  0  0  62334  1069  578  908105  801  62334  0  44841  45999  40281  7109  0  0  0  0  0  8.59371934918  
1439421436  0  535263  45999  0  0  0  1468  44841  0  12865301868  1956  0  520329  520329  0  0  62334  1069  578  908105  801  62334  0  44841  45999  40281  7109  0  0  0  0  0  8.59371934918  
1439421446  0  535263  45999  0  0  0  1468  44841  0  12865301868  1956  0  520329  520329  0  0  62334  1069  578  908105  801  62334  0  44841  45999  40281  7109  0  0  0  0  0  8.59371934918  
1439421456  0  535263  45999  0  0  0  1468  44841  0  12865301868  1956  0  520329  520329  0  0  62334  1069  578  908105  801  62334  0  44841  45999  40281  7109  0  0  0  0  0  8.59371934918  
1439421466  0  535263  45999  0  0  0  1468  44841  0  12865301868  1956  0  520329  520329  0  0  62334  1069  578  908105  801  62334  0  44841  45999  40281  7109  0  0  0  0  0  8.59371934918  
1439421476  0  535263  45999  0  0  0  1468  44841  0  12865301868  1956  0  520329  520329  0  0  62334  1069  578  908105  801  62334  0  44841  45999  40281  7109  0  0  0  0  0  8.59371934918  
1439421486  0  535263  45999  0  0  0  1468  44841  0  12865301868  1956  0  520329  520329  0  0  62334  1069  578  908105  801  62334  0  44841  45999  40281  7109  0  0  0  0  0  8.59371934918  
1439421496  0  535263  45999  0  0  0  1468  44841  0  12865301868  1956  0  520329  520329  0  0  62334  1069  578  908105  801  62334  0  44841  45999  40281  7109  0  0  0  0  0  8.59371934918  
1439421506  0  535263  45999  0  0  0  1468  44841  0  12865301868  1956  0  520329  520329  0  0  62334  1069  578  908105  801  62334  0  44841  45999  40281  7109  0  0  0  0  0  8.59371934918  
1439421516  0  535263  45999  0  0  0  1468  44841  0  12865301868  1956  0  520329  520329  0  0  62334  1069  578  908105  801  62334  0  44841  45999  40281  7109  0  0  0  0  0  8.59371934918  
1439421526  0  535263  45999  0  0  0  1468  44841  0  12865301868  1956  0  520329  520329  0  0  62334  1069  578  908105  801  62334  0  44841  45999  40281  7109  0  0  0  0  0  8.59371934918  
1439421536  0  535263  45999  0  0  0  1468  44841  0  12865301868  1956  0  520329  520329  0  0  62334  1069  578  908105  801  62334  0  44841  45999  40281  7109  0  0  0  0  0  8.59371934918  
1439421546  0  535263  45999  0  0  0  1468  44841  0  12865301868  1956  0  520329  520329  0  0  62334  1069  578  908105  801  62334  0  44841  45999  40281  7109  0  0  0  0  0  8.59371934918  
1439421556  0  535263  45999  0  0  0  1468  44841  0  12865301868  1956  0  520329  520329  0  0  62334  1069  578  908105  801  62334  0  44841  45999  40281  7109  0  0  0  0  0  8.59371934918  
1439421566  0  535263  45999  0  0  0  1468  44841  0  12865301868  1956  0  520329  520329  0  0  62334  1069  578  908105  801  62334  0  44841  45999  40281  7109  0  0  0  0  0  8.59371934918  
1439421576  0  535263  45999  0  0  0  1468  44841  0  12865301868  1956  0  520329  520329  0  0  62334  1069  578  908105  801  62334  0  44841  45999  40281  7109  0  0  0  0  0  8.59371934918  
1439421586  0  535263  45999  0  0  0  1468  44841  0  12865301868  1956  0  520329  520329  0  0  62334  1069  578  908105  801  62334  0  44841  45999  40281  7109  0  0  0  0  0  8.59371934918  
1439421596  0  535263  45999  0  0  0  1468  44841  0  12865301868  1956  0  520329  520329  0  0  62334  1069  578  908105  801  62334  0  44841  45999  40281  7109  0  0  0  0  0  8.59371934918  
