#type:G;
#time  Rt  Nm  Tt  Nc  Rx  Gz  Pc  Pf  Ra  Te  Pm  Fp  Fc  Ta  Fm  Om  Lm  Oc  Sm  Sc  Em  Af  Ea  Cf  Ec  Gd  Zt  Et  Ep  dedup_put_diff  total_eph_put_diff  dedup_factor  dedup_curr  compression_saving  tze_saving  
1439073733  0  0  3616  0  0  0  0  0  0  3606  0  0  0  0  0  0  0  0  0  0  0  0  0  0  0  0  0  0  0  0  0  0 0 0 0 
1439073743  0  0  3625  0  0  0  0  0  0  3606  0  0  0  0  0  0  0  0  0  0  0  0  0  0  0  0  0  0  0  0  0  0 0 0 0 
1439073753  0  0  3634  0  0  0  0  0  0  3606  0  0  0  0  0  0  0  0  0  0  0  0  0  0  0  0  0  0  0  0  0  0 0 0 0 
1439073763  0  0  3643  0  0  0  0  0  0  3606  0  0  0  0  0  0  0  0  0  0  0  0  0  0  0  0  0  0  0  0  0  0 0 0 0 
1439073773  0  0  3652  0  0  0  0  0  0  3606  0  0  0  0  0  0  0  0  0  0  0  0  0  0  0  0  0  0  0  0  0  0 0 0 0 
1439073783  0  0  3662  0  0  0  0  0  0  3606  0  0  0  0  0  0  0  0  0  0  0  0  0  0  0  0  0  0  0  0  0  0 0 0 0 
1439073793  0  0  3671  0  0  0  0  0  0  3606  0  0  0  0  0  0  0  0  0  0  0  0  0  0  0  0  0  0  0  0  0  0 0 0 0 
1439073803  0  0  3680  0  0  0  0  0  0  3606  0  0  0  0  0  0  0  0  0  0  0  0  0  0  0  0  0  0  0  0  0  0 0 0 0 
1439073813  0  0  3689  0  0  0  0  0  0  3606  0  0  0  0  0  0  0  0  0  0  0  0  0  0  0  0  0  0  0  0  0  0 0 0 0 
1439073823  0  0  3698  0  0  0  0  0  0  3606  0  0  0  0  0  0  0  0  0  0  0  0  0  0  0  0  0  0  0  0  0  0 0 0 0 
1439073833  0  0  3708  0  0  0  0  0  0  3606  0  0  0  0  0  0  0  0  0  0  0  0  0  0  0  0  0  0  0  0  0  0 0 0 0 
1439073843  0  0  4733  0  0  0  0  0  0  4622  0  0  0  0  0  0  0  0  0  0  0  0  0  0  0  0  0  0  0  0  0  0 0 0 0 
1439073853  0  0  4877  0  0  0  0  0  0  4757  0  0  0  0  0  0  0  0  0  0  0  0  0  0  0  0  0  0  0  0  0  0 0 0 0 
1439073863  0  0  4886  0  0  0  0  0  0  4757  0  0  0  0  0  0  0  0  0  0  0  0  0  0  0  0  0  0  0  0  0  0 0 0 0 
1439073873  0  0  4895  0  0  0  0  0  0  4757  0  0  0  0  0  0  0  0  0  0  0  0  0  0  0  0  0  0  0  0  0  0 0 0 0 
1439073883  0  0  4905  0  0  0  0  0  0  4757  0  0  0  0  0  0  0  0  0  0  0  0  0  0  0  0  0  0  0  0  0  0 0 0 0 
1439073893  0  0  4914  0  0  0  0  0  0  4757  0  0  0  0  0  0  0  0  0  0  0  0  0  0  0  0  0  0  0  0  0  0 0 0 0 
1439073903  0  0  4923  0  0  0  0  0  0  4757  0  0  0  0  0  0  0  0  0  0  0  0  0  0  0  0  0  0  0  0  0  0 0 0 0 
1439073913  0  0  4932  0  0  0  0  0  0  4757  0  0  0  0  0  0  0  0  0  0  0  0  0  0  0  0  0  0  0  0  0  0 0 0 0 
1439073923  0  0  4942  0  0  0  0  0  0  4757  0  0  0  0  0  0  0  0  0  0  0  0  0  0  0  0  0  0  0  0  0  0 0 0 0 
1439073933  0  0  4951  0  0  0  0  0  0  4757  0  0  0  0  0  0  0  0  0  0  0  0  0  0  0  0  0  0  0  0  0  0 0 0 0 
1439073943  0  0  4960  0  0  0  0  0  0  4757  0  0  0  0  0  0  0  0  0  0  0  0  0  0  0  0  0  0  0  0  0  0 0 0 0 
1439073953  0  0  4969  0  0  0  0  0  0  4757  0  0  0  0  0  0  0  0  0  0  0  0  0  0  0  0  0  0  0  0  0  0 0 0 0 
1439073963  0  0  4979  0  0  0  0  0  0  4757  0  0  0  0  0  0  0  0  0  0  0  0  0  0  0  0  0  0  0  0  0  0 0 0 0 
1439073973  0  0  4988  0  0  0  0  0  0  4757  0  0  0  0  0  0  0  0  0  0  0  0  0  0  0  0  0  0  0  0  0  0 0 0 0 
1439073984  0  0  4997  0  0  0  0  0  0  4757  0  0  0  0  0  0  0  0  0  0  0  0  0  0  0  0  0  0  0  0  0  0 0 0 0 
1439073994  0  0  5006  0  0  0  0  0  0  4757  0  0  0  0  0  0  0  0  0  0  0  0  0  0  0  0  0  0  0  0  0  0 0 0 0 
1439074004  0  0  5016  0  0  0  0  0  0  4757  0  0  0  0  0  0  0  0  0  0  0  0  0  0  0  0  0  0  0  0  0  0 0 0 0 
1439074014  0  0  5025  0  0  0  0  0  0  4757  0  0  0  0  0  0  0  0  0  0  0  0  0  0  0  0  0  0  0  0  0  0 0 0 0 
1439074024  0  0  5034  0  0  0  0  0  0  4757  0  0  0  0  0  0  0  0  0  0  0  0  0  0  0  0  0  0  0  0  0  0 0 0 0 
1439074034  0  0  5043  0  0  0  0  0  0  4757  0  0  0  0  0  0  0  0  0  0  0  0  0  0  0  0  0  0  0  0  0  0 0 0 0 
1439074044  0  0  5052  0  0  0  0  0  0  4757  0  0  0  0  0  0  0  0  0  0  0  0  0  0  0  0  0  0  0  0  0  0 0 0 0 
1439074054  0  0  5062  0  0  0  0  0  0  4757  0  0  0  0  0  0  0  0  0  0  0  0  0  0  0  0  0  0  0  0  0  0 0 0 0 
1439074064  0  0  5071  0  0  0  0  0  0  4757  0  0  0  0  0  0  0  0  0  0  0  0  0  0  0  0  0  0  0  0  0  0 0 0 0 
1439074074  0  0  5080  0  0  0  0  0  0  4757  0  0  0  0  0  0  0  0  0  0  0  0  0  0  0  0  0  0  0  0  0  0 0 0 0 
1439074084  0  0  5089  0  0  0  0  0  0  4757  0  0  0  0  0  0  0  0  0  0  0  0  0  0  0  0  0  0  0  0  0  0 0 0 0 
1439074094  0  0  5099  0  0  0  0  0  0  4757  0  0  0  0  0  0  0  0  0  0  0  0  0  0  0  0  0  0  0  0  0  0 0 0 0 
1439074104  0  0  5108  0  0  0  0  0  0  4757  0  0  0  0  0  0  0  0  0  0  0  0  0  0  0  0  0  0  0  0  0  0 0 0 0 
1439074114  0  0  5117  0  0  0  0  0  0  4757  0  0  0  0  0  0  0  0  0  0  0  0  0  0  0  0  0  0  0  0  0  0 0 0 0 
1439074124  0  0  5126  0  0  0  0  0  0  4757  0  0  0  0  0  0  0  0  0  0  0  0  0  0  0  0  0  0  0  0  0  0 0 0 0 
1439074134  0  0  5135  0  0  0  0  0  0  4757  0  0  0  0  0  0  0  0  0  0  0  0  0  0  0  0  0  0  0  0  0  0 0 0 0 
1439074144  0  0  5145  0  0  0  0  0  0  4757  0  0  0  0  0  0  0  0  0  0  0  0  0  0  0  0  0  0  0  0  0  0 0 0 0 
1439074154  0  0  5154  0  0  0  0  0  0  4757  0  0  0  0  0  0  0  0  0  0  0  0  0  0  0  0  0  0  0  0  0  0 0 0 0 
1439074164  0  0  5163  0  0  0  0  0  0  4757  0  0  0  0  0  0  0  0  0  0  0  0  0  0  0  0  0  0  0  0  0  0 0 0 0 
1439074174  0  0  5172  0  0  0  0  0  0  4757  0  0  0  0  0  0  0  0  0  0  0  0  0  0  0  0  0  0  0  0  0  0 0 0 0 
1439074184  0  0  5181  0  0  0  0  0  0  4757  0  0  0  0  0  0  0  0  0  0  0  0  0  0  0  0  0  0  0  0  0  0 0 0 0 
1439074194  0  0  5191  0  0  0  0  0  0  4757  0  0  0  0  0  0  0  0  0  0  0  0  0  0  0  0  0  0  0  0  0  0 0 0 0 
1439074204  0  0  5200  0  0  0  0  0  0  4757  0  0  0  0  0  0  0  0  0  0  0  0  0  0  0  0  0  0  0  0  0  0 0 0 0 
1439074214  0  0  5215  0  0  0  0  0  0  4757  0  0  0  0  0  0  0  0  0  0  0  0  0  0  0  0  0  0  0  0  0  0 0 0 0 
1439074224  0  0  7737  0  0  0  0  0  0  7269  0  0  0  0  0  0  0  0  0  0  0  0  0  0  0  0  0  0  0  0  0  0 0 0 0 
1439074234  0  0  7746  0  0  0  0  0  0  7269  0  0  0  0  0  0  0  0  0  0  0  0  0  0  0  0  0  0  0  0  0  0 0 0 0 
1439074244  0  0  8849  0  0  0  0  0  0  8363  0  0  0  0  0  0  0  0  0  0  0  0  0  0  0  0  0  0  0  0  0  0 0 0 0 
1439074254  0  0  8859  0  0  0  0  0  0  8363  0  0  0  0  0  0  0  0  0  0  0  0  0  0  0  0  0  0  0  0  0  0 0 0 0 
1439074264  0  0  8868  0  0  0  0  0  0  8363  0  0  0  0  0  0  0  0  0  0  0  0  0  0  0  0  0  0  0  0  0  0 0 0 0 
1439074274  0  0  8877  0  0  0  0  0  0  8363  0  0  0  0  0  0  0  0  0  0  0  0  0  0  0  0  0  0  0  0  0  0 0 0 0 
1439074284  0  0  8886  0  0  0  0  0  0  8363  0  0  0  0  0  0  0  0  0  0  0  0  0  0  0  0  0  0  0  0  0  0 0 0 0 
1439074294  0  0  8895  0  0  0  0  0  0  8363  0  0  0  0  0  0  0  0  0  0  0  0  0  0  0  0  0  0  0  0  0  0 0 0 0 
1439074304  0  0  8905  0  0  0  0  0  0  8363  0  0  0  0  0  0  0  0  0  0  0  0  0  0  0  0  0  0  0  0  0  0 0 0 0 
1439074314  0  0  8914  0  0  0  0  0  0  8363  0  0  0  0  0  0  0  0  0  0  0  0  0  0  0  0  0  0  0  0  0  0 0 0 0 
1439074324  0  0  8923  0  0  0  0  0  0  8363  0  0  0  0  0  0  0  0  0  0  0  0  0  0  0  0  0  0  0  0  0  0 0 0 0 
1439074334  0  0  8932  0  0  0  0  0  0  8363  0  0  0  0  0  0  0  0  0  0  0  0  0  0  0  0  0  0  0  0  0  0 0 0 0 
1439074344  0  0  8941  0  0  0  0  0  0  8363  0  0  0  0  0  0  0  0  0  0  0  0  0  0  0  0  0  0  0  0  0  0 0 0 0 
1439074354  0  0  9045  0  0  0  0  0  0  8457  0  0  0  0  0  0  0  0  0  0  0  0  0  0  0  0  0  0  0  0  0  0 0 0 0 
1439074364  0  0  10110  0  0  0  0  0  0  9513  0  0  0  0  0  0  0  0  0  0  0  0  0  0  0  0  0  0  0  0  0  0 0 0 0 
1439074374  0  0  10120  0  0  0  0  0  0  9514  0  0  0  0  0  0  0  0  0  0  0  0  0  0  0  0  0  0  0  0  0  0 0 0 0 
1439074384  0  0  10129  0  0  0  0  0  0  9514  0  0  0  0  0  0  0  0  0  0  0  0  0  0  0  0  0  0  0  0  0  0 0 0 0 
1439074394  0  0  10138  0  0  0  0  0  0  9514  0  0  0  0  0  0  0  0  0  0  0  0  0  0  0  0  0  0  0  0  0  0 0 0 0 
1439074404  0  0  10148  0  0  0  0  0  0  9514  0  0  0  0  0  0  0  0  0  0  0  0  0  0  0  0  0  0  0  0  0  0 0 0 0 
1439074414  0  0  10157  0  0  0  0  0  0  9514  0  0  0  0  0  0  0  0  0  0  0  0  0  0  0  0  0  0  0  0  0  0 0 0 0 
1439074424  0  0  10166  0  0  0  0  0  0  9514  0  0  0  0  0  0  0  0  0  0  0  0  0  0  0  0  0  0  0  0  0  0 0 0 0 
1439074434  0  0  10175  0  0  0  0  0  0  9514  0  0  0  0  0  0  0  0  0  0  0  0  0  0  0  0  0  0  0  0  0  0 0 0 0 
1439074444  0  0  10185  0  0  0  0  0  0  9514  0  0  0  0  0  0  0  0  0  0  0  0  0  0  0  0  0  0  0  0  0  0 0 0 0 
1439074454  0  0  10194  0  0  0  0  0  0  9514  0  0  0  0  0  0  0  0  0  0  0  0  0  0  0  0  0  0  0  0  0  0 0 0 0 
1439074464  0  0  10203  0  0  0  0  0  0  9514  0  0  0  0  0  0  0  0  0  0  0  0  0  0  0  0  0  0  0  0  0  0 0 0 0 
1439074474  0  0  10212  0  0  0  0  0  0  9514  0  0  0  0  0  0  0  0  0  0  0  0  0  0  0  0  0  0  0  0  0  0 0 0 0 
1439074484  0  0  10222  0  0  0  0  0  0  9514  0  0  0  0  0  0  0  0  0  0  0  0  0  0  0  0  0  0  0  0  0  0 0 0 0 
1439074494  0  0  10231  0  0  0  0  0  0  9514  0  0  0  0  0  0  0  0  0  0  0  0  0  0  0  0  0  0  0  0  0  0 0 0 0 
1439074504  0  0  10240  0  0  0  0  0  0  9514  0  0  0  0  0  0  0  0  0  0  0  0  0  0  0  0  0  0  0  0  0  0 0 0 0 
1439074514  0  0  10249  0  0  0  0  0  0  9514  0  0  0  0  0  0  0  0  0  0  0  0  0  0  0  0  0  0  0  0  0  0 0 0 0 
1439074524  0  0  10259  0  0  0  0  0  0  9514  0  0  0  0  0  0  0  0  0  0  0  0  0  0  0  0  0  0  0  0  0  0 0 0 0 
1439074534  0  0  10268  0  0  0  0  0  0  9514  0  0  0  0  0  0  0  0  0  0  0  0  0  0  0  0  0  0  0  0  0  0 0 0 0 
1439074544  0  0  10277  0  0  0  0  0  0  9514  0  0  0  0  0  0  0  0  0  0  0  0  0  0  0  0  0  0  0  0  0  0 0 0 0 
