#Type:X;CI:1;ww:0;ca:0;co:0;fr:0;Type:X;CI:1;PI:0;PT:EP;U0:0;U1:0;
#time  Pp  gt  gs  cn  cm  cb  Nc  Pc  cp  Tc  Nm  pr  ps  pt  px  pd  Pm  Om  fs  ft  Oc  Em  Gp  Ec  Ge  ot  os  Total_cycles_diff  Successful_get_diff  Total_get_diff  succ_put_diff  total_put_diff  get_hit  
1439240602  0  0  0  0  0  0  0  0  0  629992  0  0  0  0  0  0  0  0  0  21  0  0  0  0  0  46  0  629992  0  0  0  0  
1439240613  0  0  0  0  0  0  0  0  0  632288  0  0  0  0  0  0  0  0  0  21  0  0  0  0  0  46  0  2296  0  0  0  0  0 
1439240623  0  0  0  0  0  0  0  0  0  1598405  0  0  0  0  0  0  0  0  0  21  0  0  0  0  0  250  0  966117  0  0  0  0  0 
1439240633  0  0  0  0  0  0  0  0  0  1731874  0  0  0  0  0  0  0  0  0  21  0  0  0  0  0  275  0  133469  0  0  0  0  0 
1439240643  0  0  0  0  0  0  0  0  0  1917758  0  0  0  0  0  0  0  0  0  21  0  0  0  0  0  312  0  185884  0  0  0  0  0 
1439240653  0  0  0  0  0  0  0  0  0  2108719  0  0  0  0  0  0  0  0  0  21  0  0  0  0  0  351  0  190961  0  0  0  0  0 
1439240663  0  0  0  0  0  0  0  0  0  2213663  0  0  0  0  0  0  0  0  0  21  0  0  0  0  0  375  0  104944  0  0  0  0  0 
1439240673  0  0  0  0  0  0  0  0  0  2311160  0  0  0  0  0  0  0  0  0  21  0  0  0  0  0  395  0  97497  0  0  0  0  0 
1439240683  0  0  0  0  0  0  0  0  0  2393512  0  0  0  0  0  0  0  0  0  21  0  0  0  0  0  413  0  82352  0  0  0  0  0 
1439240693  0  0  0  0  0  0  0  0  0  2507409  0  0  0  0  0  0  0  0  0  21  0  0  0  0  0  439  0  113897  0  0  0  0  0 
1439240703  0  0  0  0  0  0  0  0  0  2614875  0  0  0  0  0  0  0  0  0  21  0  0  0  0  0  462  0  107466  0  0  0  0  0 
1439240713  0  0  0  0  0  0  0  0  0  2725997  0  0  0  0  0  0  0  0  0  21  0  0  0  0  0  485  0  111122  0  0  0  0  0 
1439240723  0  0  0  0  0  0  0  0  0  2805200  0  0  0  0  0  0  0  0  0  21  0  0  0  0  0  500  0  79203  0  0  0  0  0 
1439240733  0  0  0  0  0  0  0  0  0  2910527  0  0  0  0  0  0  0  0  0  21  0  0  0  0  0  523  0  105327  0  0  0  0  0 
1439240743  0  0  0  0  0  0  0  0  0  3013878  0  0  0  0  0  0  0  0  0  21  0  0  0  0  0  544  0  103351  0  0  0  0  0 
1439240753  0  0  0  0  0  0  0  0  0  3107615  0  0  0  0  0  0  0  0  0  21  0  0  0  0  0  563  0  93737  0  0  0  0  0 
1439240763  0  0  0  0  0  0  0  0  0  3203536  0  0  0  0  0  0  0  0  0  21  0  0  0  0  0  584  0  95921  0  0  0  0  0 
1439240773  0  0  0  0  0  0  0  0  0  3286719  0  0  0  0  0  0  0  0  0  21  0  0  0  0  0  605  0  83183  0  0  0  0  0 
1439240783  0  0  0  0  0  0  0  0  0  3393744  0  0  0  0  0  0  0  0  0  21  0  0  0  0  0  628  0  107025  0  0  0  0  0 
1439240793  0  0  0  0  0  0  0  0  0  3483208  0  0  0  0  0  0  0  0  0  21  0  0  0  0  0  647  0  89464  0  0  0  0  0 
1439240803  0  0  0  0  0  0  0  0  0  3647121  0  0  0  0  0  0  0  0  0  21  0  0  0  0  0  683  0  163913  0  0  0  0  0 
1439240813  0  0  0  0  0  0  0  0  0  3749892  0  0  0  0  0  0  0  0  0  21  0  0  0  0  0  708  0  102771  0  0  0  0  0 
1439240823  0  0  0  0  0  0  0  0  0  3842983  0  0  0  0  0  0  0  0  0  21  0  0  0  0  0  727  0  93091  0  0  0  0  0 
1439240833  0  0  0  0  0  0  0  0  0  4094163  0  0  0  0  0  0  0  0  0  21  0  0  0  0  0  780  0  251180  0  0  0  0  0 
1439240843  0  0  0  0  0  0  0  0  0  4199062  0  0  0  0  0  0  0  0  0  21  0  0  0  0  0  802  0  104899  0  0  0  0  0 
1439240853  0  0  0  0  0  0  0  0  0  4325893  0  0  0  0  0  0  0  0  0  21  0  0  0  0  0  828  0  126831  0  0  0  0  0 
1439240863  0  0  0  0  0  0  0  0  0  4485161  0  0  0  0  0  0  0  0  0  21  0  0  0  0  0  863  0  159268  0  0  0  0  0 
1439240873  0  0  0  0  0  0  0  0  0  4731331  0  0  0  0  0  0  0  0  0  21  0  0  0  0  0  912  0  246170  0  0  0  0  0 
1439240883  0  0  0  0  0  0  0  0  0  4831940  0  0  0  0  0  0  0  0  0  21  0  0  0  0  0  933  0  100609  0  0  0  0  0 
1439240893  0  0  0  0  0  0  0  0  0  4958618  0  0  0  0  0  0  0  0  0  21  0  0  0  0  0  960  0  126678  0  0  0  0  0 
1439240903  0  0  0  0  0  0  0  0  0  5069805  0  0  0  0  0  0  0  0  0  21  0  0  0  0  0  985  0  111187  0  0  0  0  0 
1439240913  0  0  0  0  0  0  0  0  0  5207910  0  0  0  0  0  0  0  0  0  21  0  0  0  0  0  1012  0  138105  0  0  0  0  0 
1439240923  0  0  0  0  0  0  0  0  0  5314227  0  0  0  0  0  0  0  0  0  21  0  0  0  0  0  1037  0  106317  0  0  0  0  0 
1439240933  0  0  0  0  0  0  0  0  0  5411172  0  0  0  0  0  0  0  0  0  21  0  0  0  0  0  1057  0  96945  0  0  0  0  0 
1439240943  0  0  0  0  0  0  0  0  0  5497124  0  0  0  0  0  0  0  0  0  21  0  0  0  0  0  1078  0  85952  0  0  0  0  0 
1439240953  0  0  0  0  0  0  0  0  0  5619833  0  0  0  0  0  0  0  0  0  21  0  0  0  0  0  1109  0  122709  0  0  0  0  0 
1439240963  0  0  0  0  0  0  0  0  0  5733831  0  0  0  0  0  0  0  0  0  21  0  0  0  0  0  1135  0  113998  0  0  0  0  0 
1439240973  0  0  0  0  0  0  0  0  0  5850162  0  0  0  0  0  0  0  0  0  21  0  0  0  0  0  1160  0  116331  0  0  0  0  0 
1439240983  0  0  0  0  0  0  0  0  0  5930050  0  0  0  0  0  0  0  0  0  21  0  0  0  0  0  1178  0  79888  0  0  0  0  0 
1439240993  0  0  0  0  0  0  0  0  0  6036690  0  0  0  0  0  0  0  0  0  21  0  0  0  0  0  1197  0  106640  0  0  0  0  0 
1439241003  0  0  0  0  0  0  0  0  0  6119383  0  0  0  0  0  0  0  0  0  21  0  0  0  0  0  1212  0  82693  0  0  0  0  0 
1439241013  0  0  0  0  0  0  0  0  0  6262697  0  0  0  0  0  0  0  0  0  21  0  0  0  0  0  1243  0  143314  0  0  0  0  0 
1439241023  0  0  0  0  0  0  0  0  0  6373660  0  0  0  0  0  0  0  0  0  21  0  0  0  0  0  1266  0  110963  0  0  0  0  0 
1439241033  0  0  0  0  0  0  0  0  0  6469257  0  0  0  0  0  0  0  0  0  21  0  0  0  0  0  1287  0  95597  0  0  0  0  0 
1439241043  0  0  0  0  0  0  0  0  0  6579612  0  0  0  0  0  0  0  0  0  21  0  0  0  0  0  1309  0  110355  0  0  0  0  0 
1439241053  0  0  0  0  0  0  0  0  0  6653400  0  0  0  0  0  0  0  0  0  21  0  0  0  0  0  1324  0  73788  0  0  0  0  0 
1439241063  0  0  0  0  0  0  0  0  0  6850854  0  0  0  0  0  0  0  0  0  21  0  0  0  0  0  1374  0  197454  0  0  0  0  0 
1439241073  0  0  0  0  0  0  0  0  0  6922113  0  0  0  0  0  0  0  0  0  21  0  0  0  0  0  1393  0  71259  0  0  0  0  0 
1439241083  0  0  0  0  0  0  0  0  0  7022441  0  0  0  0  0  0  0  0  0  21  0  0  0  0  0  1416  0  100328  0  0  0  0  0 
1439241093  0  0  0  0  0  0  0  0  0  7128125  0  0  0  0  0  0  0  0  0  21  0  0  0  0  0  1437  0  105684  0  0  0  0  0 
1439241103  0  0  0  0  0  0  0  0  0  7208162  0  0  0  0  0  0  0  0  0  21  0  0  0  0  0  1459  0  80037  0  0  0  0  0 
1439241113  0  0  0  0  0  0  0  0  0  7301935  0  0  0  0  0  0  0  0  0  21  0  0  0  0  0  1480  0  93773  0  0  0  0  0 
1439241123  0  0  0  0  0  0  0  0  0  7418611  0  0  0  0  0  0  0  0  0  21  0  0  0  0  0  1509  0  116676  0  0  0  0  0 
1439241133  0  0  0  0  0  0  0  0  0  7523168  0  0  0  0  0  0  0  0  0  21  0  0  0  0  0  1532  0  104557  0  0  0  0  0 
1439241144  0  0  0  0  0  0  0  0  0  7606097  0  0  0  0  0  0  0  0  0  21  0  0  0  0  0  1552  0  82929  0  0  0  0  0 
1439241154  0  0  0  0  0  0  0  0  0  7708015  0  0  0  0  0  0  0  0  0  21  0  0  0  0  0  1574  0  101918  0  0  0  0  0 
1439241164  0  0  0  0  0  0  0  0  0  7794200  0  0  0  0  0  0  0  0  0  21  0  0  0  0  0  1593  0  86185  0  0  0  0  0 
1439241174  0  0  0  0  0  0  0  0  0  7891658  0  0  0  0  0  0  0  0  0  21  0  0  0  0  0  1617  0  97458  0  0  0  0  0 
1439241184  0  0  0  0  0  0  0  0  0  7977546  0  0  0  0  0  0  0  0  0  21  0  0  0  0  0  1635  0  85888  0  0  0  0  0 
1439241194  0  0  0  0  0  0  0  0  0  8067485  0  0  0  0  0  0  0  0  0  21  0  0  0  0  0  1654  0  89939  0  0  0  0  0 
1439241204  0  0  0  0  0  0  0  0  0  8155983  0  0  0  0  0  0  0  0  0  21  0  0  0  0  0  1674  0  88498  0  0  0  0  0 
1439241214  0  0  0  0  0  0  0  0  0  8268792  0  0  0  0  0  0  0  0  0  21  0  0  0  0  0  1698  0  112809  0  0  0  0  0 
1439241224  0  0  0  0  0  0  0  0  0  8374337  0  0  0  0  0  0  0  0  0  21  0  0  0  0  0  1722  0  105545  0  0  0  0  0 
1439241234  0  0  0  0  0  0  0  0  0  8512916  0  0  0  0  0  0  0  0  0  21  0  0  0  0  0  1754  0  138579  0  0  0  0  0 
1439241244  0  0  0  0  0  0  0  0  0  8645912  0  0  0  0  0  0  0  0  0  21  0  0  0  0  0  1784  0  132996  0  0  0  0  0 
1439241254  0  0  0  0  0  0  0  0  0  8770085  0  0  0  0  0  0  0  0  0  21  0  0  0  0  0  1810  0  124173  0  0  0  0  0 
1439241264  0  0  0  0  0  0  0  0  0  8916335  0  0  0  0  0  0  0  0  0  21  0  0  0  0  0  1845  0  146250  0  0  0  0  0 
1439241274  0  0  0  0  0  0  0  0  0  9019342  0  0  0  0  0  0  0  0  0  21  0  0  0  0  0  1870  0  103007  0  0  0  0  0 
1439241284  0  0  0  0  0  0  0  0  0  9148676  0  0  0  0  0  0  0  0  0  21  0  0  0  0  0  1900  0  129334  0  0  0  0  0 
1439241294  0  0  0  0  0  0  0  0  0  9245358  0  0  0  0  0  0  0  0  0  21  0  0  0  0  0  1922  0  96682  0  0  0  0  0 
1439241304  0  0  0  0  0  0  0  0  0  9333053  0  0  0  0  0  0  0  0  0  21  0  0  0  0  0  1942  0  87695  0  0  0  0  0 
1439241314  0  0  0  0  0  0  0  0  0  9417678  0  0  0  0  0  0  0  0  0  21  0  0  0  0  0  1963  0  84625  0  0  0  0  0 
1439241324  0  0  0  0  0  0  0  0  0  9497580  0  0  0  0  0  0  0  0  0  21  0  0  0  0  0  1982  0  79902  0  0  0  0  0 
1439241334  0  0  0  0  0  0  0  0  0  9604252  0  0  0  0  0  0  0  0  0  21  0  0  0  0  0  2006  0  106672  0  0  0  0  0 
1439241344  0  0  0  0  0  0  0  0  0  9724992  0  0  0  0  0  0  0  0  0  21  0  0  0  0  0  2034  0  120740  0  0  0  0  0 
1439241354  0  0  0  0  0  0  0  0  0  9824655  0  0  0  0  0  0  0  0  0  21  0  0  0  0  0  2054  0  99663  0  0  0  0  0 
1439241364  0  0  0  0  0  0  0  0  0  9920047  0  0  0  0  0  0  0  0  0  21  0  0  0  0  0  2076  0  95392  0  0  0  0  0 
1439241374  0  0  0  0  0  0  0  0  0  10031168  0  0  0  0  0  0  0  0  0  21  0  0  0  0  0  2107  0  111121  0  0  0  0  0 
1439241384  0  0  0  0  0  0  0  0  0  10136726  0  0  0  0  0  0  0  0  0  21  0  0  0  0  0  2132  0  105558  0  0  0  0  0 
1439241394  0  0  0  0  0  0  0  0  0  10216199  0  0  0  0  0  0  0  0  0  21  0  0  0  0  0  2152  0  79473  0  0  0  0  0 
1439241404  0  0  0  0  0  0  0  0  0  10330994  0  0  0  0  0  0  0  0  0  21  0  0  0  0  0  2177  0  114795  0  0  0  0  0 
1439241414  0  0  0  0  0  0  0  0  0  10450880  0  0  0  0  0  0  0  0  0  21  0  0  0  0  0  2203  0  119886  0  0  0  0  0 
1439241424  0  0  0  0  0  0  0  0  0  10733400  0  0  0  0  0  0  0  0  0  21  0  0  0  0  0  2267  0  282520  0  0  0  0  0 
1439241434  0  0  0  0  0  0  0  0  0  10885295  0  0  0  0  0  0  0  0  0  21  0  0  0  0  0  2300  0  151895  0  0  0  0  0 
1439241444  0  0  0  0  0  0  0  0  0  10987667  0  0  0  0  0  0  0  0  0  21  0  0  0  0  0  2321  0  102372  0  0  0  0  0 
1439241454  0  0  0  0  0  0  0  0  0  11075291  0  0  0  0  0  0  0  0  0  21  0  0  0  0  0  2344  0  87624  0  0  0  0  0 
1439241464  0  0  0  0  0  0  0  0  0  11177401  0  0  0  0  0  0  0  0  0  21  0  0  0  0  0  2368  0  102110  0  0  0  0  0 
1439241474  0  0  0  0  0  0  0  0  0  11280903  0  0  0  0  0  0  0  0  0  21  0  0  0  0  0  2391  0  103502  0  0  0  0  0 
1439241484  0  0  0  0  0  0  0  0  0  11379105  0  0  0  0  0  0  0  0  0  21  0  0  0  0  0  2413  0  98202  0  0  0  0  0 
1439241494  0  0  0  0  0  0  0  0  0  11486917  0  0  0  0  0  0  0  0  0  21  0  0  0  0  0  2436  0  107812  0  0  0  0  0 
1439241505  0  0  0  0  0  0  0  0  0  11573443  0  0  0  0  0  0  0  0  0  21  0  0  0  0  0  2456  0  86526  0  0  0  0  0 
1439241515  0  60  60  0  0  0  198  2858  0  25700432  232  0  3413  3413  0  0  3413  351  0  63  220  3413  0  2858  60  2613  128  14126989  60  60  3413  3413  100.0  
1439241525  0  233  196  0  0  0  181  2722  0  27102732  232  0  3413  3413  0  0  3413  351  0  63  187  3413  0  2722  196  2613  128  1402300  136  173  0  0  84.1201716738  
1439241535  0  498  327  0  0  0  176  2591  0  28439587  232  0  3413  3413  0  0  3413  351  0  63  185  3413  0  2591  327  2613  128  1336855  131  265  0  0  65.6626506024  
1439241545  0  498  327  0  0  0  176  2591  0  28439587  232  0  3413  3413  0  0  3413  351  0  63  185  3413  0  2591  327  2613  128  0  0  0  0  0  65.6626506024  
1439241555  0  498  327  0  0  0  176  2591  0  28439587  232  0  3413  3413  0  0  3413  351  0  63  185  3413  0  2591  327  2613  128  0  0  0  0  0  65.6626506024  
1439241565  0  498  327  0  0  0  176  2591  0  28439587  232  0  3413  3413  0  0  3413  351  0  63  185  3413  0  2591  327  2613  128  0  0  0  0  0  65.6626506024  
1439241575  0  498  327  0  0  0  176  2591  0  28439587  232  0  3413  3413  0  0  3413  351  0  63  185  3413  0  2591  327  2613  128  0  0  0  0  0  65.6626506024  
1439241585  0  498  327  0  0  0  176  2591  0  28439587  232  0  3413  3413  0  0  3413  351  0  63  185  3413  0  2591  327  2613  128  0  0  0  0  0  65.6626506024  
1439241595  0  498  327  0  0  0  176  2591  0  28439587  232  0  3413  3413  0  0  3413  351  0  63  185  3413  0  2591  327  2613  128  0  0  0  0  0  65.6626506024  
1439241605  0  498  327  0  0  0  204  2995  0  40946344  232  0  3817  3817  0  0  3413  351  0  14664  221  3413  0  2995  327  2613  128  12506757  0  0  404  404  65.6626506024  
1439241615  0  498  327  0  0  0  204  2995  0  53425018  232  0  3817  3817  0  0  3413  351  0  31928  221  3413  0  2995  327  2613  128  12478674  0  0  0  0  65.6626506024  
1439241625  0  580  409  0  0  0  120  2754  0  90203182  232  0  4561  4561  0  0  3628  351  0  94743  83  3628  0  2754  409  2879  264  36778164  82  82  744  744  70.5172413793  
1439241635  0  12172  421  0  0  0  187  4256  0  144869219  232  0  6140  6140  0  0  4256  351  0  122418  129  4256  0  4256  421  3172  270  54666037  12  11592  1579  1579  3.4587578048  
1439241645  0  26874  421  0  0  0  284  6009  0  209471847  284  0  8083  8083  0  0  6009  351  0  152724  180  6009  0  6009  421  3849  289  64602628  0  14702  1943  1943  1.56656991888  
1439241655  0  37572  892  0  0  0  585  15927  0  347741393  585  0  19450  19450  0  0  15927  351  0  167001  346  15927  0  15927  892  4141  304  138269546  471  10698  11367  11367  2.37410837858  
1439241665  0  50123  4642  0  0  0  765  22865  0  527793132  765  0  33203  33203  0  0  22865  426  7  181883  426  22865  0  22865  4642  4504  364  180051739  3750  12551  13753  13753  9.26121740518  
1439241675  0  65287  9097  0  0  0  1089  32954  0  751321904  1092  0  51551  51551  0  0  32992  608  55  199205  607  32992  0  32954  9097  4932  433  223528772  4455  15164  18348  18348  13.9338612587  
1439241685  0  76834  13379  0  0  0  1206  37295  0  933648212  1214  0  65467  65467  0  0  37637  658  112  215439  654  37637  0  37295  13379  5326  516  182326308  4282  11547  13916  13916  17.4128640966  
1439241695  0  88622  17832  0  0  0  1269  39025  0  1110037240  1282  0  78451  78451  0  0  39472  720  181  232303  718  39472  0  39025  17832  5733  605  176389028  4453  11788  12984  12984  20.1214145472  
1439241705  0  102723  23151  0  0  0  1384  42670  0  1312706959  1393  0  92740  92740  0  0  42768  787  258  251077  781  42768  0  42670  23151  6178  705  202669719  5319  14101  14289  14289  22.5373090739  
1439241715  0  115888  29057  0  0  0  1464  43862  0  1505148628  1476  0  106055  106055  0  0  44346  820  311  268843  814  44346  0  43862  29057  6553  789  192441669  5906  13165  13315  13315  25.0733466796  
1439241725  0  129672  35558  0  0  0  1493  46356  0  1706343622  1507  0  120588  120588  0  0  46571  841  369  288099  814  46571  0  46356  35558  7042  889  201194994  6501  13784  14533  14533  27.4214942316  
1439241735  0  142015  41533  0  0  0  1547  47716  0  1896097000  1566  0  133862  133862  0  0  48429  860  446  304369  859  48429  0  47716  41533  7457  978  189753378  5975  12343  13274  13274  29.2455022357  
1439241745  0  154592  47878  0  0  0  1635  50560  0  2079970417  1641  0  147176  147176  0  0  50786  892  514  321543  889  50786  0  50560  47878  7906  1056  183873417  6345  12577  13314  13314  30.9705547506  
1439241755  0  164372  52208  0  0  0  1666  50775  0  2221232819  1675  0  157311  157311  0  0  51467  903  567  336328  897  51467  0  50775  52208  8286  1148  141262402  4330  9780  10135  10135  31.7621006011  
1439241765  0  179999  61147  0  0  0  1611  48850  0  2455955667  1675  0  172003  172003  0  0  51467  903  643  359367  878  51467  0  48850  61147  8855  1272  234722848  8939  15627  14692  14692  33.9707442819  
1439241775  0  189275  64880  0  0  0  1646  49087  0  2579728762  1675  0  179957  179957  0  0  51467  903  683  373256  872  51467  0  49087  64880  9177  1339  123773095  3733  9276  7954  7954  34.2781666887  
1439241785  0  199414  70551  0  0  0  1655  49601  0  2734181107  1676  0  191380  191380  0  0  51467  903  720  387166  873  51467  0  49601  70551  9551  1419  154452345  5671  10139  11423  11423  35.3791609416  
1439241795  0  210969  75825  0  0  0  1667  49495  0  2923412545  1676  0  204643  204643  0  0  51467  903  776  405460  890  51467  0  49495  75825  9998  1531  189231438  5274  11555  13263  13263  35.9412994326  
1439241805  0  221777  81523  0  0  0  1684  50351  0  3088856811  1686  0  215721  215721  0  0  51467  909  838  422050  909  51467  0  50351  81523  10407  1616  165444266  5698  10808  11078  11078  36.7589966498  
1439241815  0  234446  88142  0  0  0  1677  49714  0  3277293577  1697  0  227091  227091  0  0  51467  917  895  442601  903  51467  0  49714  88142  10867  1702  188436766  6619  12669  11370  11370  37.5958642928  
1439241825  0  246071  94669  0  0  0  1640  49555  0  3451156075  1697  0  238842  238842  0  0  51467  917  946  458538  898  51467  0  49555  94669  11278  1788  173862498  6527  11625  11751  11751  38.4722295598  
1439241835  0  256496  99911  0  0  0  1690  50934  0  3617217263  1697  0  250511  250511  0  0  51467  917  1006  474117  900  51467  0  50934  99911  11664  1886  166061188  5242  10425  11669  11669  38.9522643628  
1439241845  0  266973  105180  0  0  0  1659  49245  0  3770992437  1704  0  261735  261735  0  0  51467  917  1058  492261  877  51467  0  49245  105180  12111  1992  153775174  5269  10477  11224  11224  39.3972424178  
1439241855  0  275997  110073  0  0  0  1619  47626  0  3901694392  1704  0  269397  269397  0  0  51467  917  1099  505681  866  51467  0  47626  110073  12434  2067  130701955  4893  9024  7662  7662  39.8819552386  
1439241865  0  285075  115431  0  0  0  1597  46622  0  4037145408  1704  0  278274  278274  0  0  51467  917  1147  519416  860  51467  0  46622  115431  12758  2140  135451016  5358  9078  8877  8877  40.4914496185  
1439241875  0  298907  121778  0  0  0  1569  46346  0  4238383626  1704  0  290669  290669  0  0  51467  917  1203  539982  850  51467  0  46346  121778  13223  2234  201238218  6347  13832  12395  12395  40.7411000746  
1439241885  0  306961  126187  0  0  0  1594  48192  0  4378077893  1704  0  300621  300621  0  0  51467  917  1241  552295  855  51467  0  48192  126187  13549  2303  139694267  4409  8054  9952  9952  41.1084795788  
1439241896  0  316617  130884  0  0  0  1595  48932  0  4523925601  1704  0  310232  310232  0  0  51467  917  1297  568204  838  51467  0  48932  130884  13926  2378  145847708  4697  9656  9611  9611  41.3382730555  
1439241906  0  325635  135154  0  0  0  1623  48649  0  4656124965  1704  0  319234  319234  0  0  51467  917  1332  583210  868  51467  0  48649  135154  14321  2452  132199364  4270  9018  9002  9002  41.5047522533  
1439241916  0  336319  140056  0  0  0  1633  48527  0  4812537683  1704  0  329339  329339  0  0  51467  917  1378  598052  876  51467  0  48527  140056  14679  2535  156412718  4902  10684  10105  10105  41.6437965146  
1439241926  0  345295  144036  0  0  0  1622  47913  0  4947132895  1704  0  337739  337739  0  0  51467  917  1426  611723  874  51467  0  47913  144036  15002  2606  134595212  3980  8976  8400  8400  41.7138968129  
1439241936  0  356818  150148  0  0  0  1654  49174  0  5133196455  1704  0  350014  350014  0  0  51467  917  1473  629637  879  51467  0  49174  150148  15451  2693  186063560  6112  11523  12275  12275  42.0797157094  
1439241946  0  365405  153919  0  0  0  1686  51479  0  5271606984  1706  0  360190  360190  0  0  51825  917  1526  644277  899  51825  0  51479  153919  15794  2756  138410529  3771  8587  10176  10176  42.1228499884  
1439241956  0  375493  158846  0  0  0  1655  49745  0  5419567294  1706  0  368796  368796  0  0  51825  917  1574  660423  879  51825  0  49745  158846  16158  2843  147960310  4927  10088  8606  8606  42.3033185705  
1439241966  0  384545  162495  0  0  0  1638  48592  0  5541546633  1706  0  376617  376617  0  0  51825  917  1628  673967  875  51825  0  48592  162495  16497  2921  121979339  3649  9052  7821  7821  42.2564329272  
1439241976  0  393686  166615  0  0  0  1652  49944  0  5672352761  1706  0  386234  386234  0  0  51825  917  1662  687037  872  51825  0  49944  166615  16837  2989  130806128  4120  9141  9617  9617  42.3217996068  
1439241986  0  402781  171221  0  0  0  1697  51446  0  5805119184  1709  0  395721  395721  0  0  51876  917  1708  701558  906  51876  0  51446  171221  17174  3054  132766423  4606  9095  9487  9487  42.5097013017  
1439241996  0  412378  175425  0  0  0  1725  52161  0  5951942603  1730  0  405839  405839  0  0  52245  917  1753  716623  899  52245  0  52161  175425  17533  3135  146823419  4204  9597  10118  10118  42.5398542114  
1439242006  0  422313  180732  0  0  0  1689  51549  0  6094933433  1731  0  415413  415413  0  0  52404  917  1805  731355  891  52404  0  51549  180732  17873  3203  142990830  5307  9935  9574  9574  42.795746283  
1439242016  0  430730  184791  0  0  0  1728  52128  0  6216910718  1739  0  423321  423321  0  0  52594  920  1847  743794  916  52594  0  52128  184791  18164  3262  121977285  4059  8417  7908  7908  42.9018178441  
1439242026  0  438357  189086  0  0  0  1752  53192  0  6342513248  1779  0  432073  432073  0  0  54001  933  1892  754707  924  54001  0  53192  189086  18425  3314  125602530  4295  7627  8752  8752  43.1351615236  
1439242036  0  448627  194622  0  0  0  1734  52460  0  6494115795  1779  0  441426  441426  0  0  54001  933  1934  771030  905  54001  0  52460  194622  18802  3392  151602547  5536  10270  9353  9353  43.3816957071  
1439242046  0  459547  201159  0  0  0  1751  53099  0  6666454963  1779  0  453014  453014  0  0  54001  933  1991  786122  913  54001  0  53099  201159  19154  3477  172339168  6537  10920  11588  11588  43.7733246001  
1439242056  0  470451  206684  0  0  0  1730  53289  0  6836167586  1779  0  463538  463538  0  0  54001  933  2040  802255  913  54001  0  53289  206684  19521  3552  169712623  5525  10904  10524  10524  43.9331620084  
1439242066  0  480257  211279  0  0  0  1776  54514  0  6979194280  1779  0  473252  473252  0  0  54514  933  2084  815694  927  54514  0  54514  211279  19852  3619  143026694  4595  9806  9714  9714  43.9929037994  
1439242076  0  490145  217485  0  0  0  1719  52460  0  7132864878  1779  0  482850  482850  0  0  54608  933  2130  829589  904  54608  0  52460  217485  20194  3701  153670598  6206  9888  9598  9598  44.3715635169  
1439242086  0  497763  222039  0  0  0  1675  52013  0  7239774975  1779  0  490892  490892  0  0  54608  933  2165  841555  878  54608  0  52013  222039  20462  3765  106910097  4554  7618  8042  8042  44.6073733885  
1439242096  0  505191  226052  0  0  0  1698  52533  0  7360856006  1779  0  499159  499159  0  0  54608  933  2201  853239  893  54608  0  52533  226052  20747  3828  121081031  4013  7428  8267  8267  44.7458485998  
1439242106  0  515216  231385  0  0  0  1669  51602  0  7506951171  1779  0  508673  508673  0  0  54608  933  2238  866390  896  54608  0  51602  231385  21035  3899  146095165  5333  10025  9514  9514  44.9102900531  
1439242116  0  524968  236196  0  0  0  1682  52324  0  7657749456  1779  0  518420  518420  0  0  54608  933  2284  881267  887  54608  0  52324  236196  21379  3977  150798285  4811  9752  9747  9747  44.9924566831  
1439242126  0  531119  238713  0  0  0  1646  51274  0  7749130669  1779  0  524277  524277  0  0  54608  933  2313  890293  874  54608  0  51274  238713  21589  4031  91381213  2517  6151  5857  5857  44.9452947456  
1439242136  0  540266  243181  0  0  0  1640  50977  0  7889398500  1779  0  533223  533223  0  0  54608  933  2348  906230  872  54608  0  50977  243181  21976  4108  140267831  4468  9147  8946  8946  45.0113462628  
1439242146  0  549804  248306  0  0  0  1658  51140  0  8044710173  1779  0  543045  543045  0  0  54608  933  2406  921254  875  54608  0  51140  248306  22336  4182  155311673  5125  9538  9822  9822  45.1626397771  
1439242156  0  558256  252594  0  0  0  1670  51999  0  8177268671  1779  0  552552  552552  0  0  54608  933  2461  934104  882  54608  0  51999  252594  22665  4256  132558498  4288  8452  9507  9507  45.2469834628  
1439242166  0  567733  258116  0  0  0  1665  50446  0  8312769261  1779  0  560011  560011  0  0  54608  933  2495  948751  893  54608  0  50446  258116  22979  4313  135500590  5522  9477  7459  7459  45.4643291829  
1439242176  0  577285  263336  0  0  0  1636  50024  0  8461395399  1779  0  569645  569645  0  0  54608  933  2523  962125  889  54608  0  50024  263336  23297  4391  148626138  5220  9552  9634  9634  45.6162900474  
1439242186  0  585475  267918  0  0  0  1650  51144  0  8604098912  1779  0  579160  579160  0  0  54608  933  2570  975011  892  54608  0  51144  267918  23628  4457  142703513  4582  8190  9515  9515  45.7607925189  
1439242196  0  593554  272985  0  0  0  1626  49519  0  8733345495  1779  0  587452  587452  0  0  54608  933  2608  987935  883  54608  0  49519  272985  23923  4527  129246583  5067  8079  8292  8292  45.9916031229  
1439242206  0  601514  277508  0  0  0  1597  48664  0  8859580963  1779  0  595329  595329  0  0  54608  933  2663  1000140  866  54608  0  48664  277508  24229  4590  126235468  4523  7960  7877  7877  46.134919553  
1439242216  0  607677  280053  0  0  0  1548  47304  0  8940405130  1779  0  600589  600589  0  0  54608  933  2686  1011080  841  54608  0  47304  280053  24498  4651  80824167  2545  6163  5260  5260  46.0858317823  
1439242226  0  617555  285279  0  0  0  1572  47741  0  9081695778  1779  0  610361  610361  0  0  54608  933  2736  1025548  861  54608  0  47741  285279  24823  4721  141290648  5226  9878  9772  9772  46.1949138133  
1439242236  0  625968  289764  0  0  0  1602  48062  0  9213606676  1779  0  619492  619492  0  0  54608  933  2777  1039237  881  54608  0  48062  289764  25163  4784  131910898  4485  8413  9131  9131  46.2905452036  
1439242246  0  634932  295252  0  0  0  1553  46845  0  9360656899  1779  0  629087  629087  0  0  54608  933  2827  1053282  850  54608  0  46845  295252  25506  4873  147050223  5488  8964  9595  9595  46.5013576257  
1439242256  0  641425  298380  0  0  0  1574  47045  0  9450655723  1779  0  635255  635255  0  0  54608  933  2853  1064187  861  54608  0  47045  298380  25746  4918  89998824  3128  6493  6168  6168  46.5182990997  
1439242266  0  649542  301960  0  0  0  1576  46897  0  9575510838  1779  0  643450  643450  0  0  54608  933  2893  1077664  872  54608  0  46897  301960  26029  4986  124855115  3580  8117  8195  8195  46.4881408746  
1439242276  0  656982  305468  0  0  0  1573  46940  0  9669622227  1779  0  650251  650251  0  0  54608  933  2935  1089262  876  54608  0  46940  305468  26319  5036  94111389  3508  7440  6801  6801  46.4956421942  
1439242286  0  663198  308299  0  0  0  1567  47286  0  9757303787  1779  0  655774  655774  0  0  54608  933  2958  1099326  854  54608  0  47286  308299  26575  5081  87681560  2831  6216  5523  5523  46.4867204063  
1439242296  0  674062  313832  0  0  0  1608  48246  0  9919150050  1779  0  667082  667082  0  0  54608  933  3005  1114447  892  54608  0  48246  313832  26926  5167  161846263  5533  10864  11308  11308  46.5583284624  
1439242306  0  682352  318482  0  0  0  1605  47929  0  10042990331  1779  0  675166  675166  0  0  54608  933  3033  1126083  868  54608  0  47929  318482  27185  5228  123840281  4650  8290  8084  8084  46.674150585  
1439242316  0  688730  321538  0  0  0  1597  48591  0  10144576162  1779  0  681443  681443  0  0  54608  933  3062  1138596  849  54608  0  48591  321538  27450  5280  101585831  3056  6378  6277  6277  46.6856387844  
1439242326  0  696030  325366  0  0  0  1592  48909  0  10245103850  1779  0  688855  688855  0  0  54608  933  3092  1149330  853  54608  0  48909  325366  27735  5331  100527688  3828  7300  7412  7412  46.7459735931  
1439242336  0  705479  330289  0  0  0  1635  49476  0  10394108671  1779  0  698705  698705  0  0  54608  933  3151  1163961  883  54608  0  49476  330289  28059  5400  149004821  4923  9449  9850  9850  46.8176940774  
1439242346  0  712422  333847  0  0  0  1653  50143  0  10507731452  1779  0  706494  706494  0  0  54608  933  3186  1174477  867  54608  0  50143  333847  28303  5461  113622781  3558  6943  7789  7789  46.8608493281  
1439242356  0  720788  337363  0  0  0  1688  51095  0  10635547972  1779  0  714663  714663  0  0  54608  933  3231  1188411  875  54608  0  51095  337363  28640  5533  127816520  3516  8366  8169  8169  46.8047470269  
1439242366  0  728322  341127  0  0  0  1677  51390  0  10743365773  1779  0  721262  721262  0  0  54608  933  3257  1198547  874  54608  0  51390  341127  28890  5582  107817801  3764  7534  6599  6599  46.8373878587  
1439242376  0  735665  345690  0  0  0  1663  50590  0  10865639404  1779  0  728616  728616  0  0  54608  933  3301  1211993  873  54608  0  50590  345690  29203  5642  122273631  4563  7343  7354  7354  46.9901381743  
1439242386  0  746188  352117  0  0  0  1664  50291  0  11016013509  1779  0  737544  737544  0  0  54608  933  3338  1224592  885  54608  0  50291  352117  29490  5699  150374105  6427  10523  8928  8928  47.1887781631  
1439242396  0  753305  356062  0  0  0  1651  49471  0  11137776088  1779  0  745273  745273  0  0  54608  933  3381  1236703  865  54608  0  49471  356062  29814  5763  121762579  3945  7117  7729  7729  47.2666449844  
1439242406  0  761795  360427  0  0  0  1694  50602  0  11283851579  1779  0  755202  755202  0  0  54608  933  3435  1249030  870  54608  0  50602  360427  30129  5837  146075491  4365  8490  9929  9929  47.3128597589  
1439242416  0  771295  365434  0  0  0  1725  51702  0  11429832347  1779  0  765261  765261  0  0  54608  933  3478  1261733  903  54608  0  51702  365434  30449  5905  145980768  5007  9500  10059  10059  47.3792777083  
1439242426  0  776203  367649  0  0  0  1734  51729  0  11504774163  1779  0  770035  770035  0  0  54608  933  3506  1269355  910  54608  0  51729  367649  30631  5951  74941816  2215  4908  4774  4774  47.3650578521  
1439242436  0  783676  371670  0  0  0  1740  52613  0  11623471335  1779  0  777748  777748  0  0  54608  933  3534  1280421  901  54608  0  52613  371670  30862  6005  118697172  4021  7473  7713  7713  47.426487477  
1439242446  0  792441  376240  0  0  0  1704  51101  0  11752847894  1779  0  785369  785369  0  0  54608  933  3564  1293617  871  54608  0  51101  376240  31175  6088  129376559  4570  8765  7621  7621  47.4786135498  
1439242456  0  800107  380149  0  0  0  1709  51020  0  11861585535  1779  0  792423  792423  0  0  54608  933  3602  1303485  897  54608  0  51020  380149  31391  6138  108737641  3909  7666  7054  7054  47.5122702339  
1439242466  0  808983  384530  0  0  0  1686  50672  0  11980793820  1779  0  800408  800408  0  0  54608  933  3635  1315405  882  54608  0  50672  384530  31681  6204  119208285  4381  8876  7985  7985  47.5325192248  
1439242476  0  817871  388583  0  0  0  1714  52226  0  12111320994  1779  0  810200  810200  0  0  54608  933  3675  1328036  872  54608  0  52226  388583  32003  6278  130527174  4053  8888  9792  9792  47.5115268789  
1439242486  0  825590  392321  0  0  0  1737  53492  0  12235133116  1779  0  818937  818937  0  0  54608  933  3717  1338427  869  54608  0  53492  392321  32277  6341  123812122  3738  7719  8737  8737  47.5200765513  
1439242496  0  833302  396718  0  0  0  1703  52484  0  12347815469  1779  0  826000  826000  0  0  54608  933  3747  1351185  878  54608  0  52484  396718  32582  6398  112682353  4397  7712  7063  7063  47.6079500589  
1439242506  0  840967  400691  0  0  0  1712  52688  0  12461813877  1779  0  833766  833766  0  0  54608  933  3789  1362328  888  54608  0  52688  400691  32895  6464  113998408  3973  7665  7766  7766  47.6464593736  
1439242517  0  847821  404448  0  0  0  1703  52017  0  12577741442  1779  0  841164  841164  0  0  54608  933  3834  1373154  893  54608  0  52017  404448  33171  6523  115927565  3757  6854  7398  7398  47.7044093034  
1439242527  0  852622  407149  0  0  0  1680  51624  0  12660328332  1779  0  846970  846970  0  0  54608  933  3866  1382167  871  54608  0  51624  407149  33378  6580  82586890  2701  4801  5806  5806  47.7525796895  
