#Type:X;CI:1;ww:0;ca:0;co:1;fr:0;Type:X;CI:1;PI:0;PT:EP;U0:0;U1:0;
#time  Pp  gt  gs  cn  cm  cb  Nc  Pc  cp  Tc  Nm  pr  ps  pt  px  pd  Pm  Om  fs  ft  Oc  Em  Gp  Ec  Ge  ot  os  Total_cycles_diff  Successful_get_diff  Total_get_diff  succ_put_diff  total_put_diff  get_hit  
1438978847  0  0  0  0  0  0  0  0  0  0  0  0  0  0  0  0  0  0  0  0  0  0  0  0  0  0  0  0  0  0  0  0  
1438978857  0  0  0  0  0  0  0  0  0  0  0  0  0  0  0  0  0  0  0  0  0  0  0  0  0  0  0  0  0  0  0  0  0 
1438978867  0  185  184  13  5  6549775  182  2755  2746  248710770  233  0  3446  3451  5  0  3446  352  0  55  188  3446  0  2755  184  2382  130  248710770  184  185  3446  3451  99.4594594595  
1438978877  0  185  184  13  5  6549775  182  2755  2746  258700993  233  0  3446  3451  5  0  3446  352  0  55  188  3446  0  2755  184  5183  130  9990223  0  0  0  0  99.4594594595  
1438978887  0  538  326  13  5  6174564  175  2613  2607  274647014  233  0  3446  3451  5  0  3446  352  0  55  184  3446  0  2613  326  7529  130  15946021  142  353  0  0  60.594795539  
1438978897  0  538  326  37  19  4542237  110  1872  1842  379964897  233  0  3875  3894  19  0  3446  352  0  40375  73  3446  0  1872  326  7898  278  105317883  0  0  429  443  60.594795539  
1438978907  0  538  326  39  20  6387491  111  2622  2590  608259805  233  0  4627  4647  20  0  3446  352  0  73418  76  3446  0  2622  326  8540  280  228294908  0  0  752  753  60.594795539  
1438978917  0  556  326  42  20  6431695  108  2628  2593  632969378  233  0  4664  4684  20  0  3446  352  0  91280  63  3446  0  2628  326  9713  293  24709573  0  18  37  37  58.6330935252  
1438978927  0  7345  562  42  20  5851416  102  2399  2364  687646319  233  0  4683  4703  20  0  3446  352  0  145032  52  3446  0  2399  562  11860  299  54676941  236  6789  19  19  7.65146358067  
1438978937  0  45899  562  42  20  5993645  325  6194  6159  869053661  325  0  8478  8498  20  0  6194  352  0  179597  264  6194  0  6194  562  12875  299  181407342  0  38554  3795  3795  1.22442754744  
1438978947  0  97141  564  42  22  8281358  2418  52750  52715  2260435151  2418  0  55036  55058  22  0  52750  2171  0  184784  2171  52750  0  52750  564  14340  299  1391381490  2  51242  46558  46560  0.580599334987  
1438978957  0  133318  589  42  22  9738716  4025  89483  89448  3301728146  4025  0  91798  91820  22  0  89483  3651  0  184784  3651  89483  0  89483  589  15343  300  1041292995  25  36177  36762  36762  0.441800807093  
1438978967  0  167301  608  42  22  9753375  4037  91873  91838  4279759261  4210  0  125349  125371  22  0  95109  3820  0  185424  3639  95109  0  91873  608  16697  1582  978031115  19  33983  33551  33551  0.363416835524  
1438978977  0  201360  627  42  22  9837708  4120  94389  94354  5295612926  4509  0  159657  159679  22  0  102704  4081  0  185570  3715  102704  0  94389  627  18050  2870  1015853665  19  34059  34308  34308  0.311382598331  
1438978987  0  249628  633  42  22  10165794  4524  101219  101184  6724638320  4693  0  208348  208370  22  0  105405  4253  0  185618  4093  105405  0  101219  633  19748  4493  1429025394  6  48268  48691  48691  0.253577323057  
1438978997  0  291498  653  42  22  10369042  4785  106852  106817  7966544636  4806  0  249876  249898  22  0  107523  4350  0  186159  4338  107523  0  106852  653  21261  5921  1241906316  20  41870  41528  41528  0.22401525911  
1438979007  0  329658  697  42  22  10280841  4642  104606  104571  9095952294  4876  0  288427  288449  22  0  109467  4424  0  186341  4218  109467  0  104606  697  22967  7542  1129407658  44  38160  38551  38551  0.211431240862  
1438979017  0  361476  700  42  22  10311875  4646  105292  105257  10044383765  4944  0  320315  320337  22  0  111672  4469  0  186405  4202  111672  0  105292  700  24298  8806  948431471  3  31818  31888  31888  0.193650477487  
1438979027  0  410845  740  42  22  10379204  4771  107425  107390  11516276391  4994  0  370124  370146  22  0  112690  4521  0  186418  4321  112690  0  107425  740  26315  10721  1471892626  40  49369  49809  49809  0.180116588981  
1438979037  0  451480  743  42  22  10443312  4798  108377  108342  12708228706  4994  0  410382  410404  22  0  112690  4521  0  187153  4338  112690  0  108377  743  27949  12270  1191952315  3  40635  40258  40258  0.16456985913  
1438979047  0  489659  775  42  22  10391884  4769  107279  107244  13817869297  4994  0  448660  448682  22  0  112690  4521  0  187210  4328  112690  0  107279  775  29574  13821  1109640591  32  38179  38278  38278  0.15827341068  
1438979057  0  524313  804  42  22  10443401  4878  109907  109872  14862791587  4994  0  483854  483876  22  0  112690  4521  0  187211  4406  112690  0  109907  804  30973  15147  1044922290  29  34654  35194  35194  0.153343518089  
1438979067  0  568295  825  42  22  10333508  4711  106696  106661  16157107780  4994  0  527514  527536  22  0  112690  4521  0  187800  4258  112690  0  106696  825  32964  17039  1294316193  21  43982  43660  43660  0.14517108192  
1438979077  0  618596  825  42  22  10441011  4818  107829  107794  17615689725  4996  0  577926  577948  22  0  112806  4521  0  187931  4360  112806  0  107829  825  34990  18969  1458581945  0  50301  50412  50412  0.13336652678  
1438979087  0  653949  869  42  22  10195521  4587  102570  102535  18681420071  4996  0  613733  613755  22  0  112806  4521  0  187931  4159  112806  0  102570  869  36696  20585  1065730346  44  35353  35807  35807  0.132884980327  
1438979097  0  688765  883  42  22  10234691  4576  103500  103465  19698973415  4996  0  648947  648969  22  0  112806  4521  0  187931  4138  112806  0  103500  883  38177  21987  1017553344  14  34816  35214  35214  0.128200474763  
1438979107  0  719726  888  42  22  10312361  4646  105473  105438  20614387874  4996  0  679454  679476  22  0  112806  4521  0  188667  4206  112806  0  105473  888  39354  23104  915414459  5  30961  30507  30507  0.123380286387  
1438979117  0  770202  927  42  22  10448411  4844  109370  109335  22142741969  5004  0  730161  730183  22  0  113785  4521  0  188836  4381  113785  0  109370  927  41338  24993  1528354095  39  50476  50707  50707  0.120358035944  
1438979127  0  816731  928  42  22  10435568  4781  108172  108137  23459840303  5071  0  777109  777131  22  0  114226  4583  0  188836  4328  114226  0  108172  928  43343  26899  1317098334  1  46529  46948  46948  0.113623702296  
1438979137  0  852957  956  42  22  10541284  4899  110458  110423  24530639659  5108  0  813007  813029  22  0  114577  4633  0  189513  4453  114577  0  110458  956  44730  28218  1070799356  28  36226  35898  35898  0.112080679331  
1438979147  0  883307  985  42  22  10338454  4704  106931  106896  25452600093  5108  0  843369  843391  22  0  114606  4633  0  189671  4255  114606  0  106931  985  46181  29590  921960434  29  30350  30362  30362  0.111512758305  
1438979157  0  930715  1006  42  22  10381681  4687  107129  107094  26878952332  5108  0  890983  891005  22  0  115616  4633  0  189719  4244  115616  0  107129  1006  48205  31517  1426352239  21  47408  47614  47614  0.108088942372  
1438979167  0  973312  1010  42  22  10613770  4984  112226  112191  28157875307  5108  0  933863  933885  22  0  115616  4633  0  189735  4512  115616  0  112226  1010  49740  32974  1278922975  4  42597  42880  42880  0.103769397685  
1438979177  0  1008499  1054  42  22  10339918  4765  106392  106357  29212943887  5108  0  968906  968928  22  0  115616  4633  0  190402  4328  115616  0  106392  1054  51437  34589  1055068580  44  35187  35043  35043  0.104511754598  
1438979187  0  1048547  1068  42  22  10642983  4997  113539  113504  30418731551  5108  0  1009080  1009102  22  0  115616  4633  0  190482  4529  115616  0  113539  1068  52840  35922  1205787664  14  40048  40174  40174  0.101855233957  
1438979197  0  1083926  1087  42  22  10412757  4721  107933  107898  31486789784  5108  0  1044699  1044721  22  0  115616  4633  0  190514  4269  115616  0  107933  1087  54593  37588  1068058233  19  35379  35619  35619  0.100283598696  
1438979207  0  1130621  1108  42  22  10330760  4709  105891  105856  32857701045  5108  0  1091211  1091233  22  0  115616  4633  0  191166  4256  115616  0  105891  1108  56600  39498  1370911261  21  46695  46512  46512  0.097999241125  
1438979217  0  1175095  1109  42  22  10524914  4885  109841  109806  34189470519  5143  0  1136018  1136040  22  0  115778  4663  0  191346  4420  115778  0  109841  1109  58330  41134  1331769474  1  44474  44807  44807  0.0943753483761  
1438979227  0  1209207  1151  42  22  10686554  5068  114826  114791  35195240233  5143  0  1170398  1170420  22  0  115778  4666  0  191346  4613  115778  0  114826  1151  59535  42281  1005769714  42  34112  34380  34380  0.0951863494009  
1438979237  0  1243512  1171  42  22  10423835  4801  109143  109108  36225013747  5143  0  1204888  1204910  22  0  116607  4666  0  191363  4350  116607  0  109143  1171  61235  43893  1029773514  20  34305  34490  34490  0.0941687736025  
1438979247  0  1293226  1191  42  22  10547333  4925  111068  111033  37659799462  5216  0  1254133  1254155  22  0  118282  4741  0  192169  4473  118282  0  111068  1191  63236  45800  1434785715  20  49714  49245  49245  0.0920952718241  
1438979257  0  1338468  1192  42  22  10772519  5166  115965  115930  38972274959  5280  0  1299744  1299766  22  0  119191  4785  0  192169  4690  119191  0  115965  1192  64928  47405  1312475497  1  45242  45611  45611  0.0890570413338  
1438979267  0  1373345  1242  42  22  10449072  4871  109429  109394  40045436539  5342  0  1335189  1335211  22  0  119436  4844  0  192169  4432  119436  0  109429  1242  66666  49063  1073161580  50  34877  35445  35445  0.0904361249358  
1438979277  0  1405974  1252  42  22  10550941  4919  111730  111695  40993338092  5342  0  1367397  1367419  22  0  119436  4844  0  192838  4444  119436  0  111730  1252  67974  50295  947901553  10  32629  32208  32208  0.0890485883807  
1438979287  0  1445338  1277  42  22  10786828  5211  118571  118536  42172124858  5342  0  1406913  1406935  22  0  119436  4844  0  193078  4720  119436  0  118571  1277  69327  51585  1178786766  25  39364  39516  39516  0.0883530357605  
1438979297  0  1497541  1296  42  22  10612035  5101  114188  114153  43732774957  5342  0  1459314  1459336  22  0  119729  4844  0  193093  4622  119729  0  114188  1296  71687  53827  1560650099  19  52203  52401  52401  0.0865418709738  
1438979307  0  1533845  1321  42  22  10802088  5252  117699  117664  44827464531  5342  0  1496071  1496093  22  0  119729  4844  0  193093  4762  119729  0  117699  1321  73083  55156  1094689574  25  36304  36757  36757  0.0861234348973  
1438979317  0  1569286  1335  42  22  10570342  4912  111690  111655  45882766027  5342  0  1530898  1530920  22  0  119729  4844  0  193818  4445  119729  0  111690  1335  74818  56802  1055301496  14  35441  34827  34827  0.0850705352625  
1438979327  0  1600236  1355  42  22  10563484  4953  112505  112470  46846424042  5342  0  1562400  1562422  22  0  119760  4844  0  193901  4487  119760  0  112505  1355  76105  58018  963658015  20  30950  31502  31502  0.084675010436  
1438979337  0  1649256  1383  42  22  10683540  5051  114374  114339  48314664518  5342  0  1611663  1611685  22  0  120747  4844  0  193965  4572  120747  0  114374  1383  78119  59937  1468240476  28  49020  49263  49263  0.0838559932479  
1438979347  0  1694468  1388  42  22  10850311  5242  118163  118128  49660686749  5342  0  1656581  1656603  22  0  120747  4844  0  194637  4751  120747  0  118163  1388  79830  61560  1346022231  5  45212  44918  44918  0.0819136153648  
1438979357  0  1731706  1435  42  22  10601551  5024  113836  113801  50774246012  5342  0  1693933  1693955  22  0  120747  4844  0  194761  4576  120747  0  113836  1435  81543  63196  1113559263  47  37238  37352  37352  0.0828662602081  
1438979367  0  1762166  1445  42  22  10516848  4872  111122  111087  51709031666  5342  0  1724777  1724799  22  0  120747  4844  0  194777  4407  120747  0  111122  1445  82974  64545  934785654  10  30460  30844  30844  0.0820013551504  
1438979377  0  1807912  1468  42  22  10718565  5041  115101  115066  53065958623  5342  0  1770739  1770761  22  0  120747  4844  0  194826  4572  120747  0  115101  1468  84753  66247  1356926957  23  45746  45962  45962  0.0811986424118  
1438979387  0  1852364  1489  42  22  10479732  4869  109855  109820  54373484752  5342  0  1814842  1814864  22  0  120747  4844  0  195563  4414  120747  0  109855  1489  86801  68183  1307526129  21  44452  44103  44103  0.0803837690648  
1438979397  0  1886346  1514  42  22  10685997  5134  115419  115384  55371902108  5342  0  1849074  1849096  22  0  120747  4844  0  195592  4640  120747  0  115419  1514  88009  69337  998417356  25  33982  34232  34232  0.0802609913558  
1438979407  0  1925006  1532  42  22  10605884  4983  112723  112688  56569852858  5342  0  1888068  1888090  22  0  120747  4844  0  195596  4512  120747  0  112723  1532  89740  70978  1197950750  18  38660  38994  38994  0.0795841675299  
1438979417  0  1959005  1566  42  22  10555648  4974  113038  113003  57582474733  5342  0  1921761  1921783  22  0  120747  4844  0  196099  4508  120747  0  113038  1566  91157  72322  1012621875  34  33999  33693  33693  0.0799385402283  
1438979428  0  2007407  1569  42  22  10619052  4994  113313  113278  58994708471  5342  0  1970307  1970329  22  0  120747  4844  0  196270  4515  120747  0  113313  1569  93207  74273  1412233738  3  48402  48546  48546  0.078160532468  
1438979438  0  2051319  1570  42  22  10466887  4837  108531  108496  60306225361  5342  0  2014609  2014631  22  0  120747  4844  0  196270  4388  120747  0  108531  1570  95231  76200  1311516890  1  43912  44302  44302  0.0765361213931  
1438979448  0  2088133  1627  42  22  10638451  5086  114814  114779  61419396464  5342  0  2051486  2051508  22  0  120747  4844  0  196270  4622  120747  0  114814  1627  96497  77396  1113171103  57  36814  36877  36877  0.0779164928671  
1438979458  0  2118252  1627  42  22  10577530  4941  112368  112333  62323579971  5342  0  2081372  2081394  22  0  120747  4844  0  197005  4475  120747  0  112368  1627  97883  78711  904183507  0  30119  29886  29886  0.0768086138949  
1438979468  0  2169591  1648  42  22  10417536  4781  108028  107993  63842627716  5342  0  2132711  2132733  22  0  120747  4844  0  197164  4336  120747  0  108028  1648  100231  80944  1519047745  21  51339  51339  51339  0.0759590171604  
1438979478  0  2212362  1669  42  22  10477449  4874  109270  109235  65063090137  5342  0  2175883  2175905  22  0  120747  4844  0  197165  4423  120747  0  109270  1669  101953  82583  1220462421  21  42771  43172  43172  0.0754397336421  
1438979488  0  2249132  1697  42  22  10290706  4639  104439  104404  66154097498  5342  0  2212296  2212318  22  0  120747  4844  0  197766  4214  120747  0  104439  1697  103680  84225  1091007361  28  36770  36413  36413  0.0754513296685  
1438979498  0  2280697  1707  42  22  10284164  4612  104001  103966  67085754035  5342  0  2244143  2244165  22  0  120747  4844  0  197911  4173  120747  0  104001  1707  105076  85544  931656537  10  31565  31847  31847  0.0748455406396  
1438979508  0  2318503  1741  42  22  10524090  4877  111639  111604  68202315995  5342  0  2282257  2282279  22  0  120747  4844  0  197975  4411  120747  0  111639  1741  106361  86767  1116561960  34  37806  38114  38114  0.0750915569227  
1438979518  0  2371326  1744  42  22  10424203  4790  107671  107636  69750898994  5342  0  2334774  2334796  22  0  120747  4844  0  198529  4327  120747  0  107671  1744  108709  88999  1548582999  3  52823  52517  52517  0.0735453497326  
1438979528  0  2408543  1772  42  22  10300968  4695  104618  104583  70892712565  5342  0  2372363  2372385  22  0  120747  4844  0  198743  4251  120747  0  104618  1772  110403  90602  1141813571  28  37217  37589  37589  0.0735714496274  
1438979538  0  2445148  1806  42  22  10397054  4816  109364  109329  71979532142  5342  0  2409136  2409158  22  0  120747  4844  0  198768  4362  120747  0  109364  1806  111767  91901  1086819577  34  36605  36773  36773  0.0738605597698  
1438979548  0  2476607  1807  42  22  10434206  4753  108686  108651  72934190459  5342  0  2440699  2440721  22  0  120747  4844  0  198785  4291  120747  0  108686  1807  113131  93196  954658317  1  31459  31563  31563  0.0729627268275  
1438979558  0  2526223  1823  42  22  10238510  4536  102307  102272  74432258187  5342  0  2490236  2490258  22  0  120747  4844  0  199507  4097  120747  0  102307  1823  115466  95415  1498067728  16  49616  49537  49537  0.072163067156  
1438979568  0  2567861  1844  42  22  10255974  4603  103988  103953  75637613326  5342  0  2531861  2531883  22  0  120747  4844  0  199596  4168  120747  0  103988  1844  117140  97002  1205355139  21  41638  41625  41625  0.0718107405346  
1438979578  0  2607864  1872  42  22  10303112  4652  104585  104550  76829063674  5342  0  2572512  2572534  22  0  120747  4844  0  199597  4223  120747  0  104585  1872  118798  98578  1191450348  28  40003  40651  40651  0.0717828843835  
1438979588  0  2639083  1886  42  22  10291655  4620  104282  104247  77770099101  5342  0  2603742  2603764  22  0  120747  4844  0  199644  4182  120747  0  104282  1886  120134  99841  941035427  14  31219  31230  31230  0.0714642169269  
1438979598  0  2683538  1922  42  22  10372212  4781  108282  108247  79050458711  5342  0  2647719  2647741  22  0  120747  4844  0  200423  4329  120747  0  108282  1922  121823  101452  1280359610  36  44455  43977  43977  0.071621866357  
1438979608  0  2730302  1923  42  22  10415114  4821  108305  108270  80437415766  5342  0  2694936  2694958  22  0  120747  4844  0  200439  4368  120747  0  108305  1923  123795  103324  1386957055  1  46764  47217  47217  0.0704317690864  
1438979618  0  2763923  1956  42  22  10220387  4552  102050  102015  81424437619  5342  0  2728767  2728789  22  0  120747  4844  0  200439  4110  120747  0  102050  1956  125470  104920  987021853  33  33621  33831  33831  0.0707689758362  
1438979628  0  2798114  1988  42  22  10225365  4584  104085  104050  82414745072  5342  0  2762719  2762741  22  0  120747  4844  0  201066  4151  120747  0  104085  1988  126827  106195  990307453  32  34191  33952  33952  0.0710478558057  
1438979638  0  2831816  1989  42  22  10342592  4666  106092  106057  83409716916  5342  0  2796321  2796343  22  0  120747  4844  0  201229  4218  120747  0  106092  1989  128155  107459  994971844  1  33702  33602  33602  0.0702376143083  
1438979648  0  2881834  2009  42  22  10502467  4850  109130  109095  84885030691  5342  0  2846832  2846854  22  0  120747  4844  0  201277  4384  120747  0  109130  2009  130158  109361  1475313775  20  50018  50511  50511  0.0697125511046  
1438979658  0  2923929  2030  42  22  10269492  4628  104202  104167  86141424678  5342  0  2889270  2889292  22  0  120747  4844  0  201277  4188  120747  0  104202  2030  132131  111238  1256393987  21  42095  42438  42438  0.0694271304125  
1438979668  0  2959442  2057  42  22  10364997  4703  106761  106726  87159150152  5342  0  2924380  2924402  22  0  120747  4844  0  201991  4278  120747  0  106761  2057  133477  112518  1017725474  27  35513  35110  35110  0.0695063461288  
1438979678  0  2988885  2067  42  22  10271084  4598  104296  104261  88031804742  5342  0  2954023  2954045  22  0  120747  4844  0  202042  4163  120747  0  104296  2067  134834  113801  872654590  10  29443  29643  29643  0.0691562238092  
1438979688  0  3039245  2108  42  22  10459980  4759  108345  108310  89537285184  5342  0  3004548  3004570  22  0  120747  4844  0  202092  4311  120747  0  108345  2108  136809  115679  1505480442  41  50360  50525  50525  0.0693593310181  
1438979698  0  3082968  2109  42  22  10314245  4631  104043  104008  90809732616  5342  0  3048339  3048361  22  0  120747  4844  0  202674  4194  120747  0  104043  2109  138812  117577  1272447432  1  43723  43791  43791  0.0684081054361  
1438979708  0  3117634  2138  42  22  10363938  4737  106438  106403  91803512878  5342  0  3082967  3082989  22  0  120747  4844  0  202795  4299  120747  0  106438  2138  140145  118850  993780262  29  34666  34628  34628  0.0685776457403  
1438979718  0  3152830  2170  42  22  10475766  4864  110933  110898  92834123793  5342  0  3118382  3118404  22  0  120747  4844  0  202796  4397  120747  0  110933  2170  141487  120120  1030610915  32  35196  35415  35415  0.0688270537898  
1438979728  0  3185568  2171  42  22  10574903  4924  112205  112170  93810673854  5342  0  3151468  3151490  22  0  120747  4844  0  202828  4461  120747  0  112205  2171  142798  121365  976550061  1  32738  33086  33086  0.0681511115129  
1438979738  0  3236022  2211  42  22  10387161  4715  106332  106297  95309195623  5342  0  3201668  3201690  22  0  120747  4844  0  203524  4267  120747  0  106332  2211  145162  123606  1498521769  40  50454  50200  50200  0.0683246282009  
1438979748  0  3282084  2231  42  22  10279011  4631  104407  104372  96696571416  5342  0  3247908  3247930  22  0  120747  4844  0  203524  4194  120747  0  104407  2231  147169  125521  1387375793  20  46062  46240  46240  0.0679751036232  
1438979758  0  3316491  2268  42  22  10389177  4738  107787  107752  97706345816  5342  0  3282657  3282679  22  0  120747  4844  0  203525  4290  120747  0  107787  2268  148496  126779  1009774400  37  34407  34749  34749  0.0683855315754  
1438979768  0  3347090  2272  42  22  10345801  4642  105792  105757  98616516201  5342  0  3312981  3313003  22  0  120747  4844  0  204200  4201  120747  0  105792  2272  149849  128059  910170385  4  30599  30324  30324  0.0678798598185  
1438979778  0  3395612  2309  42  22  10340152  4746  107465  107430  100067222534  5342  0  3361677  3361699  22  0  120747  4844  0  204372  4290  120747  0  107465  2309  151855  129971  1450706333  37  48522  48696  48696  0.0679995240917  
1438979788  0  3439800  2312  42  22  10588643  4972  111861  111826  101386037486  5342  0  3406230  3406252  22  0  120747  4844  0  204373  4510  120747  0  111861  2312  153506  131536  1318814952  3  44188  44553  44553  0.0672132100704  
1438979798  0  3479263  2338  42  22  10528680  4875  110247  110212  102570577536  5342  0  3445367  3445389  22  0  120747  4844  0  204993  4434  120747  0  110247  2338  155196  133140  1184540050  26  39463  39137  39137  0.0671981393761  
1438979808  0  3510265  2367  42  22  10450094  4845  109848  109813  103502226503  5342  0  3476243  3476265  22  0  120747  4844  0  205158  4385  120747  0  109848  2367  156533  134408  931648967  29  31002  30876  30876  0.0674308065061  
1438979818  0  3546074  2382  42  22  10370955  4672  106738  106703  104560978873  5342  0  3512249  3512271  22  0  120747  4844  0  205283  4220  120747  0  106738  2382  158182  135976  1058752370  15  35809  36006  36006  0.067172879077  
