#Type:X;CI:1;ww:0;ca:0;co:0;fr:0;Type:X;CI:1;PI:0;PT:EP;U0:0;U1:0;
#time  Pp  gt  gs  cn  cm  cb  Nc  Pc  cp  Tc  Nm  pr  ps  pt  px  pd  Pm  Om  fs  ft  Oc  Em  Gp  Ec  Ge  ot  os  Total_cycles_diff  Successful_get_diff  Total_get_diff  succ_put_diff  total_put_diff  get_hit  
1437021595  0  0  0  0  0  0  0  0  0  2296509  0  0  0  0  0  0  0  0  0  23  0  0  0  0  0  50  0  2296509  0  0  0  0  
1437021605  0  0  0  0  0  0  0  0  0  2296509  0  0  0  0  0  0  0  0  0  23  0  0  0  0  0  50  0  0  0  0  0  0  
1437021615  0  0  0  0  0  0  0  0  0  11386085  0  0  0  0  0  0  0  0  0  23  0  0  0  0  0  2225  0  9089576  0  0  0  0  
1437021625  0  0  0  0  0  0  0  0  0  21057714  0  0  0  0  0  0  0  0  0  23  0  0  0  0  0  4716  0  9671629  0  0  0  0  
1437021635  0  0  0  0  0  0  0  0  0  27703296  0  0  0  0  0  0  0  0  0  23  0  0  0  0  0  6385  0  6645582  0  0  0  0  
1437021645  0  0  0  0  0  0  224  2922  0  120923417  226  0  3006  3006  0  0  2944  282  0  52410  225  2944  0  2922  0  6480  74  93220121  0  0  3006  3006  
1437021655  0  0  0  0  0  0  180  3731  0  164733082  228  0  4372  4372  0  0  4086  282  0  77094  166  4086  0  3731  0  6860  182  43809665  0  0  1366  1366  
1437021665  0  9  4  0  0  0  95  2353  0  215322606  228  0  4393  4393  0  0  4086  282  0  128225  48  4086  0  2353  4  8606  300  50589524  4  9  21  21  44.4444444444  
1437021675  0  2582  191  0  0  0  109  2312  0  278724344  228  0  4540  4540  0  0  4086  282  0  205349  51  4086  0  2312  191  11535  301  63401738  187  2573  147  147  7.39736638265  
1437021685  0  23520  200  0  0  0  203  3977  0  343305331  228  0  6214  6214  0  0  4086  282  0  224441  128  4086  0  3977  200  11954  301  64580987  9  20938  1674  1674  0.850340136054  
1437021695  0  83777  208  0  0  0  1616  39282  0  938449001  1616  0  41527  41527  0  0  39282  1217  0  249060  1217  39282  0  39282  208  13024  301  595143670  8  60257  35313  35313  0.248278167039  
1437021705  0  127854  216  0  0  0  0  0  0  2039641788  2639  0  85280  104390  19110  0  69985  1964  0  249090  0  69985  0  0  216  14333  599  1101192787  8  44077  43753  62863  0.168942700267  
1437021715  0  128952  216  0  0  0  0  0  0  2579043678  2639  0  85280  152129  66849  0  69985  1964  0  249563  0  69985  0  0  216  15548  599  539401890  0  1098  0  47739  0.167504187605  
1437021725  0  129869  216  0  0  0  0  0  0  3058179266  2639  0  85280  195075  109795  0  69985  1964  0  249585  0  69985  0  0  216  16826  599  479135588  0  917  0  42946  0.166321446997  
1437021735  0  130634  216  0  0  0  0  0  0  3504931666  2639  0  85280  234305  149025  0  69985  1964  0  249604  0  69985  0  0  216  17797  599  446752400  0  765  0  39230  0.165347459314  
1437021746  0  132204  216  0  0  0  0  0  0  4222305488  2639  0  85280  298584  213304  0  69985  1964  0  250210  0  69985  0  0  216  19526  599  717373822  0  1570  0  64279  0.163383861305  
1437021756  0  133526  216  0  0  0  0  0  0  4890715852  2639  0  85280  357837  272557  0  69985  1964  0  250315  0  69985  0  0  216  21207  599  668410364  0  1322  0  59253  0.161766247772  
1437021766  0  134711  216  0  0  0  0  0  0  5468744358  2639  0  85280  409306  324026  0  69985  1964  0  250315  0  69985  0  0  216  22741  599  578028506  0  1185  0  51469  0.160343253335  
1437021776  0  135523  216  0  0  0  0  0  0  5936251109  2639  0  85280  450531  365251  0  69985  1964  0  250345  0  69985  0  0  216  23637  599  467506751  0  812  0  41225  0.159382540233  
1437021786  0  136499  216  0  0  0  0  0  0  6460532637  2639  0  85280  499392  414112  0  69985  1964  0  250949  0  69985  0  0  216  24990  599  524281528  0  976  0  48861  0.158242917531  
1437021796  0  137818  216  0  0  0  0  0  0  7073919474  2639  0  85280  554906  469626  0  69985  1964  0  250984  0  69985  0  0  216  26441  599  613386837  0  1319  0  55514  0.156728438956  
1437021806  0  139379  216  0  0  0  0  0  0  7745177792  2639  0  85280  613405  528125  0  69985  1964  0  250984  0  69985  0  0  216  27649  599  671258318  0  1561  0  58499  0.154973130816  
1437021816  0  140416  216  0  0  0  0  0  0  8269686078  2639  0  85280  660914  575634  0  69985  1964  0  251505  0  69985  0  0  216  29088  599  524508286  0  1037  0  47509  0.153828623519  
1437021826  0  141335  216  0  0  0  0  0  0  8766636829  2639  0  85280  705574  620294  0  69985  1964  0  251651  0  69985  0  0  216  30187  599  496950751  0  919  0  44660  0.152828386458  
1437021836  0  142664  216  0  0  0  0  0  0  9430964990  2639  0  85280  765114  679834  0  69985  1964  0  251717  0  69985  0  0  216  31757  599  664328161  0  1329  0  59540  0.151404699153  
1437021846  0  143898  216  0  0  0  0  0  0  9990242405  2639  0  85280  814646  729366  0  69985  1964  0  251717  0  69985  0  0  216  33131  599  559277415  0  1234  0  49532  0.150106325314  
1437021856  0  145249  216  0  0  0  0  0  0  10550464195  2639  0  85280  864445  779165  0  69985  1964  0  252271  0  69985  0  0  216  34482  599  560221790  0  1351  0  49799  0.148710146025  
1437021866  0  146205  216  0  0  0  0  0  0  11069865544  2639  0  85280  910664  825384  0  69985  1964  0  252324  0  69985  0  0  216  35609  599  519401349  0  956  0  46219  0.147737765466  
1437021876  0  146974  216  0  0  0  0  0  0  11504814698  2639  0  85280  949567  864287  0  69985  1964  0  252355  0  69985  0  0  216  36698  599  434949154  0  769  0  38903  0.146964769279  
1437021886  0  148602  216  0  0  0  0  0  0  12268240111  2639  0  85280  1016357  931077  0  69985  1964  0  252869  0  69985  0  0  216  38620  599  763425413  0  1628  0  66790  0.145354705859  
1437021896  0  149745  216  0  0  0  0  0  0  12855889027  2639  0  85280  1068377  983097  0  69985  1964  0  252935  0  69985  0  0  216  39765  599  587648916  0  1143  0  52020  0.144245216869  
1437021906  0  150794  216  0  0  0  0  0  0  13405295000  2639  0  85280  1116673  1031393  0  69985  1964  0  252936  0  69985  0  0  216  41083  599  549405973  0  1049  0  48296  0.143241773545  
1437021916  0  151654  216  0  0  0  0  0  0  13879324231  2639  0  85280  1158768  1073488  0  69985  1964  0  252968  0  69985  0  0  216  42128  599  474029231  0  860  0  42095  0.142429477627  
1437021926  0  152429  216  0  0  0  0  0  0  14330235871  2639  0  85280  1198274  1112994  0  69985  1964  0  253500  0  69985  0  0  216  43289  599  450911640  0  775  0  39506  0.141705318542  
1437021936  0  153801  216  0  0  0  0  0  0  15085734925  2639  0  85280  1265697  1180417  0  69985  1964  0  253582  0  69985  0  0  216  44895  599  755499054  0  1372  0  67423  0.140441219498  
1437021946  0  155279  216  0  0  0  0  0  0  15759910928  2639  0  85280  1326251  1240971  0  69985  1964  0  253583  0  69985  0  0  216  46551  599  674176003  0  1478  0  60554  0.139104450698  
1437021956  0  156075  216  0  0  0  0  0  0  16228292656  2639  0  85280  1368167  1282887  0  69985  1964  0  254177  0  69985  0  0  216  47892  599  468381728  0  796  0  41916  0.138395002403  
1437021966  0  156859  216  0  0  0  0  0  0  16683483609  2639  0  85280  1408179  1322899  0  69985  1964  0  254249  0  69985  0  0  216  48719  599  455190953  0  784  0  40012  0.137703287666  
1437021976  0  157924  216  0  0  0  0  0  0  17216231675  2639  0  85280  1454893  1369613  0  69985  1964  0  254319  0  69985  0  0  216  50072  599  532748066  0  1065  0  46714  0.136774651098  
1437021986  0  159081  216  0  0  0  0  0  0  17825934268  2639  0  85280  1509594  1424314  0  69985  1964  0  254334  0  69985  0  0  216  51279  599  609702593  0  1157  0  54701  0.135779885719  
1437021996  0  160605  216  0  0  0  0  0  0  18529130422  2639  0  85280  1571942  1486662  0  69985  1964  0  254905  0  69985  0  0  216  53202  599  703196154  0  1524  0  62348  0.134491454189  
1437022006  0  161424  216  0  0  0  0  0  0  18999690259  2639  0  85280  1614940  1529660  0  69985  1964  0  254906  0  69985  0  0  216  54204  599  470559837  0  819  0  42998  0.133809099019  
1437022016  0  162065  216  0  0  0  0  0  0  19454251160  2639  0  85280  1656137  1570857  0  69985  1964  0  254924  0  69985  0  0  216  55091  599  454560901  0  641  0  41197  0.133279856848  
1437022026  0  163082  216  0  0  0  0  0  0  20013049118  2639  0  85280  1706181  1620901  0  69985  1964  0  255464  0  69985  0  0  216  56681  599  558797958  0  1017  0  50044  0.132448706786  
1437022036  0  164084  216  0  0  0  0  0  0  20589839206  2639  0  85280  1757337  1672057  0  69985  1964  0  255529  0  69985  0  0  216  57994  599  576790088  0  1002  0  51156  0.131639891763  
1437022046  0  165430  216  0  0  0  0  0  0  21278767043  2639  0  85280  1819124  1733844  0  69985  1964  0  255529  0  69985  0  0  216  59650  599  688927837  0  1346  0  61787  0.130568820649  
1437022056  0  166449  216  0  0  0  0  0  0  21756480928  2639  0  85280  1860858  1775578  0  69985  1964  0  256009  0  69985  0  0  216  60519  599  477713885  0  1019  0  41734  0.129769478939  
1437022066  0  167287  216  0  0  0  0  0  0  22204712239  2639  0  85280  1900953  1815673  0  69985  1964  0  256125  0  69985  0  0  216  61842  599  448231311  0  838  0  40095  0.129119417528  
1437022076  0  168521  216  0  0  0  0  0  0  22820557257  2639  0  85280  1955301  1870021  0  69985  1964  0  256191  0  69985  0  0  216  63150  599  615845018  0  1234  0  54348  0.128173936779  
1437022086  0  169720  216  0  0  0  0  0  0  23401221349  2639  0  85280  2005726  1920446  0  69985  1964  0  256191  0  69985  0  0  216  64376  599  580664092  0  1199  0  50425  0.12726844214  
1437022096  0  170903  216  0  0  0  0  0  0  23984845009  2639  0  85280  2059367  1974087  0  69985  1964  0  256758  0  69985  0  0  216  65977  599  583623660  0  1183  0  53641  0.126387482958  
1437022106  0  171923  216  0  0  0  0  0  0  24505155744  2639  0  85280  2106727  2021447  0  69985  1964  0  256881  0  69985  0  0  216  67275  599  520310735  0  1020  0  47360  0.125637640106  
1437022116  0  172630  216  0  0  0  0  0  0  24948276686  2639  0  85280  2146157  2060877  0  69985  1964  0  256881  0  69985  0  0  216  68184  599  443120942  0  707  0  39430  0.125123095638  
1437022126  0  174008  216  0  0  0  0  0  0  25629914004  2639  0  85280  2206704  2121424  0  69985  1964  0  256922  0  69985  0  0  216  69798  599  681637318  0  1378  0  60547  0.124132223806  
1437022136  0  175073  216  0  0  0  0  0  0  26213021778  2639  0  85280  2258500  2173220  0  69985  1964  0  257481  0  69985  0  0  216  71108  599  583107774  0  1065  0  51796  0.12337710555  
1437022146  0  176122  216  0  0  0  0  0  0  26801167076  2639  0  85280  2309774  2224494  0  69985  1964  0  257489  0  69985  0  0  216  72347  599  588145298  0  1049  0  51274  0.122642259343  
1437022156  0  177086  216  0  0  0  0  0  0  27363664606  2639  0  85280  2359667  2274387  0  69985  1964  0  257490  0  69985  0  0  216  73647  599  562497530  0  964  0  49893  0.121974633794  
1437022166  0  177915  216  0  0  0  0  0  0  27798857950  2639  0  85280  2399297  2314017  0  69985  1964  0  258020  0  69985  0  0  216  74951  599  435193344  0  829  0  39630  0.12140628952  
1437022176  0  179255  216  0  0  0  0  0  0  28499989386  2639  0  85280  2461259  2375979  0  69985  1964  0  258117  0  69985  0  0  216  76544  599  701131436  0  1340  0  61962  0.120498730858  
1437022186  0  180460  216  0  0  0  0  0  0  29097446700  2639  0  85280  2515445  2430165  0  69985  1964  0  258117  0  69985  0  0  216  78105  599  597457314  0  1205  0  54186  0.119694115039  
1437022196  0  181467  216  0  0  0  0  0  0  29658954915  2639  0  85280  2564769  2479489  0  69985  1964  0  258118  0  69985  0  0  216  79090  599  561508215  0  1007  0  49324  0.119029906264  
1437022206  0  182234  216  0  0  0  0  0  0  30086263134  2639  0  85280  2603832  2518552  0  69985  1964  0  258675  0  69985  0  0  216  80375  599  427308219  0  767  0  39063  0.11852892435  
1437022216  0  183077  216  0  0  0  0  0  0  30621974224  2639  0  85280  2652784  2567504  0  69985  1964  0  258786  0  69985  0  0  216  81620  599  535711090  0  843  0  48952  0.117983143705  
1437022226  0  184377  216  0  0  0  0  0  0  31281024146  2639  0  85280  2711065  2625785  0  69985  1964  0  258827  0  69985  0  0  216  83254  599  659049922  0  1300  0  58281  0.117151271579  
1437022236  0  185764  216  0  0  0  0  0  0  31959111344  2639  0  85280  2770728  2685448  0  69985  1964  0  259348  0  69985  0  0  216  84510  599  678087198  0  1387  0  59663  0.116276565965  
1437022246  0  186526  216  0  0  0  0  0  0  32415177824  2639  0  85280  2813159  2727879  0  69985  1964  0  259454  0  69985  0  0  216  85772  599  456066480  0  762  0  42431  0.115801550454  
1437022256  0  187266  216  0  0  0  0  0  0  32855018147  2639  0  85280  2852192  2766912  0  69985  1964  0  259463  0  69985  0  0  216  86719  599  439840323  0  740  0  39033  0.115343949249  
1437022266  0  188349  216  0  0  0  0  0  0  33474395925  2639  0  85280  2907684  2822404  0  69985  1964  0  259880  0  69985  0  0  216  88331  599  619377778  0  1083  0  55492  0.114680725674  
1437022276  0  189536  216  0  0  0  0  0  0  34075723145  2639  0  85280  2961403  2876123  0  69985  1964  0  260044  0  69985  0  0  216  89590  599  601327220  0  1187  0  53719  0.113962518994  
1437022286  0  190874  216  0  0  0  0  0  0  34717799158  2639  0  85280  3018964  2933684  0  69985  1964  0  260061  0  69985  0  0  216  91226  599  642076013  0  1338  0  57561  0.113163657701  
1437022296  0  191742  216  0  0  0  0  0  0  35210888955  2639  0  85280  3063104  2977824  0  69985  1964  0  260062  0  69985  0  0  216  92193  599  493089797  0  868  0  44140  0.112651375286  
1437022306  0  192622  216  0  0  0  0  0  0  35641190399  2639  0  85280  3102514  3017234  0  69985  1964  0  260579  0  69985  0  0  216  93436  599  430301444  0  880  0  39410  0.112136723739  
1437022316  0  193957  216  0  0  0  0  0  0  36310551874  2639  0  85280  3161854  3076574  0  69985  1964  0  260710  0  69985  0  0  216  95037  599  669361475  0  1335  0  59340  0.111364890156  
1437022326  0  195300  216  0  0  0  0  0  0  36953854124  2639  0  85280  3218842  3133562  0  69985  1964  0  260727  0  69985  0  0  216  96304  599  643302250  0  1343  0  56988  0.110599078341  
1437022336  0  196520  216  0  0  0  0  0  0  37552898716  2639  0  85280  3271399  3186119  0  69985  1964  0  261273  0  69985  0  0  216  97972  599  599044592  0  1220  0  52557  0.109912477102  
1437022346  0  197387  216  0  0  0  0  0  0  38045486637  2639  0  85280  3314695  3229415  0  69985  1964  0  261436  0  69985  0  0  216  98886  599  492587921  0  867  0  43296  0.109429699018  
1437022356  0  198232  216  0  0  0  0  0  0  38488538092  2639  0  85280  3354179  3268899  0  69985  1964  0  261472  0  69985  0  0  216  99859  599  443051455  0  845  0  39484  0.108963234997  
1437022366  0  199631  216  0  0  0  0  0  0  39214985733  2639  0  85280  3420302  3335022  0  69985  1964  0  261575  0  69985  0  0  216  101790  599  726447641  0  1399  0  66123  0.108199628314  
1437022376  0  200898  216  0  0  0  0  0  0  39842066200  2639  0  85280  3473832  3388552  0  69985  1964  0  262075  0  69985  0  0  216  103401  599  627080467  0  1267  0  53530  0.107517247558  
1437022386  0  202301  216  0  0  0  0  0  0  40474387913  2639  0  85280  3529121  3443841  0  69985  1964  0  262152  0  69985  0  0  216  104652  599  632321713  0  1403  0  55289  0.106771592825  
1437022396  0  203133  216  0  0  0  0  0  0  40931422511  2639  0  85280  3570326  3485046  0  69985  1964  0  262153  0  69985  0  0  216  105607  599  457034598  0  832  0  41205  0.106334273604  
1437022406  0  204095  216  0  0  0  0  0  0  41439564880  2639  0  85280  3615665  3530385  0  69985  1964  0  262713  0  69985  0  0  216  106846  599  508142369  0  962  0  45339  0.105833067934  
1437022416  0  205404  216  0  0  0  0  0  0  42114262688  2639  0  85280  3674367  3589087  0  69985  1964  0  262887  0  69985  0  0  216  108499  599  674697808  0  1309  0  58702  0.105158614243  
1437022426  0  206986  216  0  0  0  0  0  0  42808900754  2639  0  85280  3735500  3650220  0  69985  1964  0  262889  0  69985  0  0  216  110065  599  694638066  0  1582  0  61133  0.104354883905  
1437022436  0  208096  216  0  0  0  0  0  0  43315324896  2639  0  85280  3779798  3694518  0  69985  1964  0  262917  0  69985  0  0  216  111119  599  506424142  0  1110  0  44298  0.103798246963  
1437022446  0  208896  216  0  0  0  0  0  0  43808501706  2639  0  85280  3824073  3738793  0  69985  1964  0  263512  0  69985  0  0  216  112306  599  493176810  0  800  0  44275  0.103400735294  
1437022456  0  210199  216  0  0  0  0  0  0  44458568427  2639  0  85280  3882618  3797338  0  69985  1964  0  263634  0  69985  0  0  216  113890  599  650066721  0  1303  0  58545  0.102759765746  
1437022467  0  211490  216  0  0  0  0  0  0  45031366756  2639  0  85280  3933122  3847842  0  69985  1964  0  263665  0  69985  0  0  216  115178  599  572798329  0  1291  0  50504  0.102132488534  
1437022477  0  212679  216  0  0  0  0  0  0  45627722950  2639  0  85280  3985693  3900413  0  69985  1964  0  264186  0  69985  0  0  216  116447  599  596356194  0  1189  0  52571  0.101561508188  
1437022487  0  213686  216  0  0  0  0  0  0  46168032084  2639  0  85280  4034298  3949018  0  69985  1964  0  264357  0  69985  0  0  216  117804  599  540309134  0  1007  0  48605  0.101082897335  
1437022497  0  214379  216  0  0  0  0  0  0  46609492279  2639  0  85280  4073641  3988361  0  69985  1964  0  264357  0  69985  0  0  216  118800  599  441460195  0  693  0  39343  0.100756137495  
1437022507  0  215834  216  0  0  0  0  0  0  47390098456  2639  0  85280  4143034  4057754  0  69985  1964  0  264440  0  69985  0  0  216  120750  599  780606177  0  1455  0  69393  0.100076910959  
1437022517  0  217139  216  0  0  0  0  0  0  48068194294  2639  0  85280  4202328  4117048  0  69985  1964  0  265078  0  69985  0  0  216  122264  599  678095838  0  1305  0  59294  0.0994754512087  
1437022527  0  218206  216  0  0  0  0  0  0  48603635471  2639  0  85280  4250026  4164746  0  69985  1964  0  265115  0  69985  0  0  216  123654  599  535441177  0  1067  0  47698  0.098989028716  
1437022537  0  219023  216  0  0  0  0  0  0  49082463213  2639  0  85280  4293001  4207721  0  69985  1964  0  265134  0  69985  0  0  216  124623  599  478827742  0  817  0  42975  0.0986197796578  
1437022547  0  220118  216  0  0  0  0  0  0  49636867915  2639  0  85280  4342065  4256785  0  69985  1964  0  265655  0  69985  0  0  216  125865  599  554404702  0  1095  0  49064  0.0981291852552  
1437022557  0  221363  216  0  0  0  0  0  0  50256498436  2639  0  85280  4398253  4312973  0  69985  1964  0  265862  0  69985  0  0  216  127536  599  619630521  0  1245  0  56188  0.097577282563  
1437022567  0  222687  216  0  0  0  0  0  0  50955989412  2639  0  85280  4459960  4374680  0  69985  1964  0  265862  0  69985  0  0  216  129065  599  699490976  0  1324  0  61707  0.0969971305016  
1437022577  0  223694  216  0  0  0  0  0  0  51488223578  2639  0  85280  4507225  4421945  0  69985  1964  0  265894  0  69985  0  0  216  130458  599  532234166  0  1007  0  47265  0.0965604799413  
1437022587  0  224444  216  0  0  0  0  0  0  51930024892  2639  0  85280  4547162  4461882  0  69985  1964  0  266435  0  69985  0  0  216  131412  599  441801314  0  750  0  39937  0.0962378143323  
1437022597  0  225628  216  0  0  0  0  0  0  52612654345  2639  0  85280  4607745  4522465  0  69985  1964  0  266619  0  69985  0  0  216  132926  599  682629453  0  1184  0  60583  0.0957327991207  
1437022607  0  226838  216  0  0  0  0  0  0  53202574618  2639  0  85280  4660446  4575166  0  69985  1964  0  266648  0  69985  0  0  216  134344  599  589920273  0  1210  0  52701  0.0952221409111  
1437022617  0  228262  216  0  0  0  0  0  0  53804287654  2639  0  85280  4712884  4627604  0  69985  1964  0  267150  0  69985  0  0  216  135588  599  601713036  0  1424  0  52438  0.0946281027942  
1437022627  0  229358  216  0  0  0  0  0  0  54333911836  2639  0  85280  4760258  4674978  0  69985  1964  0  267294  0  69985  0  0  216  136810  599  529624182  0  1096  0  47374  0.0941759171252  
1437022637  0  230060  216  0  0  0  0  0  0  54781456028  2639  0  85280  4799489  4714209  0  69985  1964  0  267315  0  69985  0  0  216  137768  599  447544192  0  702  0  39231  0.0938885508128  
1437022647  0  231560  216  0  0  0  0  0  0  55527433421  2639  0  85280  4864377  4779097  0  69985  1964  0  267386  0  69985  0  0  216  139735  599  745977393  0  1500  0  64888  0.0932803593021  
1437022657  0  233080  216  0  0  0  0  0  0  56212319903  2639  0  85280  4924799  4839519  0  69985  1964  0  267952  0  69985  0  0  216  141428  599  684886482  0  1520  0  60422  0.0926720439334  
1437022667  0  234123  216  0  0  0  0  0  0  56749319654  2639  0  85280  4972107  4886827  0  69985  1964  0  268014  0  69985  0  0  216  142399  599  536999751  0  1043  0  47308  0.0922591970887  
1437022677  0  234859  216  0  0  0  0  0  0  57210587787  2639  0  85280  5014017  4928737  0  69985  1964  0  268042  0  69985  0  0  216  143603  599  461268133  0  736  0  41910  0.0919700756624  
1437022687  0  235752  216  0  0  0  0  0  0  57740638122  2639  0  85280  5061850  4976570  0  69985  1964  0  268530  0  69985  0  0  216  144999  599  530050335  0  893  0  47833  0.0916217041637  
1437022697  0  236899  216  0  0  0  0  0  0  58343539946  2639  0  85280  5117194  5031914  0  69985  1964  0  268624  0  69985  0  0  216  146250  599  602901824  0  1147  0  55344  0.0911780969949  
1437022707  0  238335  216  0  0  0  0  0  0  59071731525  2639  0  85280  5180834  5095554  0  69985  1964  0  268624  0  69985  0  0  216  147927  599  728191579  0  1436  0  63640  0.090628736862  
1437022717  0  239210  216  0  0  0  0  0  0  59594196040  2639  0  85280  5227513  5142233  0  69985  1964  0  269181  0  69985  0  0  216  149194  599  522464515  0  875  0  46679  0.0902972283767  
1437022727  0  239923  216  0  0  0  0  0  0  60029649203  2639  0  85280  5266581  5181301  0  69985  1964  0  269289  0  69985  0  0  216  150166  599  435453163  0  713  0  39068  0.090028884267  
1437022737  0  241190  216  0  0  0  0  0  0  60732290647  2639  0  85280  5329002  5243722  0  69985  1964  0  269381  0  69985  0  0  216  151809  599  702641444  0  1267  0  62421  0.0895559517393  
1437022747  0  242272  216  0  0  0  0  0  0  61348112409  2639  0  85280  5383273  5297993  0  69985  1964  0  269463  0  69985  0  0  216  153311  599  615821762  0  1082  0  54271  0.0891559899617  
1437022757  0  243495  216  0  0  0  0  0  0  61917458232  2639  0  85280  5434118  5348838  0  69985  1964  0  270099  0  69985  0  0  216  154729  599  569345823  0  1223  0  50845  0.0887081870264  
1437022767  0  244444  216  0  0  0  0  0  0  62467952484  2639  0  85280  5483158  5397878  0  69985  1964  0  270170  0  69985  0  0  216  155957  599  550494252  0  949  0  49040  0.0883637970251  
1437022777  0  245199  216  0  0  0  0  0  0  62909294296  2639  0  85280  5523099  5437819  0  69985  1964  0  270226  0  69985  0  0  216  156906  599  441341812  0  755  0  39941  0.0880917132615  
1437022787  0  246643  216  0  0  0  0  0  0  63628036392  2639  0  85280  5585615  5500335  0  69985  1964  0  270792  0  69985  0  0  216  158613  599  718742096  0  1444  0  62516  0.0875759701269  
1437022797  0  247873  216  0  0  0  0  0  0  64311816376  2639  0  85280  5646137  5560857  0  69985  1964  0  270910  0  69985  0  0  216  160126  599  683779984  0  1230  0  60522  0.0871413990229  
1437022807  0  248790  216  0  0  0  0  0  0  64830832737  2639  0  85280  5691668  5606388  0  69985  1964  0  270955  0  69985  0  0  216  161574  599  519016361  0  917  0  45531  0.0868202098155  
1437022817  0  249601  216  0  0  0  0  0  0  65327315054  2639  0  85280  5734317  5649037  0  69985  1964  0  270955  0  69985  0  0  216  162506  599  496482317  0  811  0  42649  0.0865381148313  
1437022827  0  250608  216  0  0  0  0  0  0  65882305058  2639  0  85280  5783583  5698303  0  69985  1964  0  271607  0  69985  0  0  216  163749  599  554990004  0  1007  0  49266  0.0861903849837  
1437022837  0  252058  216  0  0  0  0  0  0  66511708642  2639  0  85280  5845458  5760178  0  69985  1964  0  271675  0  69985  0  0  216  165467  599  629403584  0  1450  0  61875  0.0856945623626  
1437022847  0  253462  216  0  0  0  0  0  0  67087830030  2639  0  85280  5904057  5818777  0  69985  1964  0  271692  0  69985  0  0  216  166978  599  576121388  0  1404  0  58599  0.0852198751687  
1437022857  0  254192  216  0  0  0  0  0  0  67376428586  2639  0  85280  5949379  5864099  0  69985  1964  0  272291  0  69985  0  0  216  168383  599  288598556  0  730  0  45322  0.0849751369044  
1437022867  0  254870  216  0  0  0  0  0  0  67804643134  2639  0  85280  5989325  5904045  0  69985  1964  0  272445  0  69985  0  0  216  169358  599  428214548  0  678  0  39946  0.0847490877702  
1437022877  0  256528  216  0  0  0  0  0  0  68442128201  2639  0  85280  6049278  5963998  0  69985  1964  0  272491  0  69985  0  0  216  170861  599  637485067  0  1658  0  59953  0.0842013347471  
1437022887  0  257916  216  0  0  0  0  0  0  69058187550  2639  0  85280  6111755  6026475  0  69985  1964  0  272491  0  69985  0  0  216  172553  599  616059349  0  1388  0  62477  0.0837481970874  
1437022897  0  258963  216  0  0  0  0  0  0  69620050340  2639  0  85280  6161651  6076371  0  69985  1964  0  273166  0  69985  0  0  216  173801  599  561862790  0  1047  0  49896  0.0834095990547  
1437022907  0  259788  216  0  0  0  0  0  0  70092566454  2639  0  85280  6203102  6117822  0  69985  1964  0  273222  0  69985  0  0  216  174748  599  472516114  0  825  0  41451  0.0831447180008  
1437022917  0  260554  216  0  0  0  0  0  0  70561616018  2639  0  85280  6245140  6159860  0  69985  1964  0  273246  0  69985  0  0  216  176190  599  469049564  0  766  0  42038  0.0829002817074  
1437022927  0  261984  216  0  0  0  0  0  0  71248714366  2639  0  85280  6306266  6220986  0  69985  1964  0  273746  0  69985  0  0  216  177693  599  687098348  0  1430  0  61126  0.0824477830707  
1437022937  0  263482  216  0  0  0  0  0  0  71993793241  2639  0  85280  6371468  6286188  0  69985  1964  0  273844  0  69985  0  0  216  179375  599  745078875  0  1498  0  65202  0.081979034621  
1437022947  0  264329  216  0  0  0  0  0  0  72473712249  2639  0  85280  6414329  6329049  0  69985  1964  0  273893  0  69985  0  0  216  180348  599  479919008  0  847  0  42861  0.0817163459174  
1437022957  0  265031  216  0  0  0  0  0  0  72945101745  2639  0  85280  6456005  6370725  0  69985  1964  0  273907  0  69985  0  0  216  181326  599  471389496  0  702  0  41676  0.0814999000117  
1437022967  0  266158  216  0  0  0  0  0  0  73484691579  2639  0  85280  6503588  6418308  0  69985  1964  0  274538  0  69985  0  0  216  183028  599  539589834  0  1127  0  47583  0.0811548027863  
1437022977  0  267428  216  0  0  0  0  0  0  74106734269  2639  0  85280  6558948  6473668  0  69985  1964  0  274590  0  69985  0  0  216  184233  599  622042690  0  1270  0  55360  0.0807694033534  
1437022987  0  268797  216  0  0  0  0  0  0  74771023037  2639  0  85280  6618617  6533337  0  69985  1964  0  274640  0  69985  0  0  216  185946  599  664288768  0  1369  0  59669  0.0803580397103  
1437022997  0  269695  216  0  0  0  0  0  0  75248957894  2639  0  85280  6662662  6577382  0  69985  1964  0  275105  0  69985  0  0  216  186957  599  477934857  0  898  0  44045  0.0800904725709  
1437023007  0  270639  216  0  0  0  0  0  0  75743321326  2639  0  85280  6708132  6622852  0  69985  1964  0  275294  0  69985  0  0  216  188158  599  494363432  0  944  0  45470  0.0798111136976  
1437023017  0  272114  216  0  0  0  0  0  0  76421782930  2639  0  85280  6769489  6684209  0  69985  1964  0  275372  0  69985  0  0  216  189848  599  678461604  0  1475  0  61357  0.0793784957775  
1437023027  0  273338  216  0  0  0  0  0  0  77046577423  2639  0  85280  6824427  6739147  0  69985  1964  0  275372  0  69985  0  0  216  191091  599  624794493  0  1224  0  54938  0.07902304107  
1437023037  0  274660  216  0  0  0  0  0  0  77657596310  2639  0  85280  6878849  6793569  0  69985  1964  0  276033  0  69985  0  0  216  192816  599  611018887  0  1322  0  54422  0.0786426855021  
1437023047  0  275487  216  0  0  0  0  0  0  78143435426  2639  0  85280  6921627  6836347  0  69985  1964  0  276077  0  69985  0  0  216  193763  599  485839116  0  827  0  42778  0.0784066035784  
1437023057  0  276210  216  0  0  0  0  0  0  78574549640  2639  0  85280  6960130  6874850  0  69985  1964  0  276107  0  69985  0  0  216  194750  599  431114214  0  723  0  38503  0.0782013685239  
1437023067  0  278038  216  0  0  0  0  0  0  79363712125  2639  0  85280  7029099  6943819  0  69985  1964  0  276613  0  69985  0  0  216  196706  599  789162485  0  1828  0  68969  0.0776872226099  
1437023077  0  279541  216  0  0  0  0  0  0  80058757253  2639  0  85280  7090999  7005719  0  69985  1964  0  276778  0  69985  0  0  216  198181  599  695045128  0  1503  0  61900  0.0772695239697  
1437023087  0  280408  216  0  0  0  0  0  0  80573278384  2639  0  85280  7135919  7050639  0  69985  1964  0  276811  0  69985  0  0  216  199124  599  514521131  0  867  0  44920  0.077030612536  
1437023097  0  281353  216  0  0  0  0  0  0  81049725546  2639  0  85280  7177608  7092328  0  69985  1964  0  276826  0  69985  0  0  216  200583  599  476447162  0  945  0  41689  0.0767718844299  
1437023107  0  282239  216  0  0  0  0  0  0  81455216491  2639  0  85280  7225722  7140442  0  69985  1964  0  277469  0  69985  0  0  216  201560  599  405490945  0  886  0  48114  0.0765308834002  
1437023118  0  283860  216  0  0  0  0  0  0  82174672286  2639  0  85280  7289217  7203937  0  69985  1964  0  277538  0  69985  0  0  216  203542  599  719455795  0  1621  0  63495  0.0760938490805  
1437023128  0  285147  216  0  0  0  0  0  0  82788077505  2639  0  85280  7345785  7260505  0  69985  1964  0  277538  0  69985  0  0  216  204782  599  613405219  0  1287  0  56568  0.075750402424  
1437023138  0  285974  216  0  0  0  0  0  0  83255597585  2639  0  85280  7390965  7305685  0  69985  1964  0  278070  0  69985  0  0  216  206069  599  467520080  0  827  0  45180  0.0755313420101  
1437023148  0  286683  216  0  0  0  0  0  0  83624865369  2639  0  85280  7430068  7344788  0  69985  1964  0  278154  0  69985  0  0  216  207032  599  369267784  0  709  0  39103  0.0753445443225  
1437023158  0  288040  216  0  0  0  0  0  0  84317867339  2639  0  85280  7491355  7406075  0  69985  1964  0  278253  0  69985  0  0  216  208716  599  693001970  0  1357  0  61287  0.0749895847799  
1437023168  0  289289  216  0  0  0  0  0  0  84904317532  2639  0  85280  7541640  7456360  0  69985  1964  0  278282  0  69985  0  0  216  210012  599  586450193  0  1249  0  50285  0.0746658186105  
1437023178  0  290812  216  0  0  0  0  0  0  85581933501  2639  0  85280  7601466  7516186  0  69985  1964  0  278930  0  69985  0  0  216  211520  599  677615969  0  1523  0  59826  0.0742747892109  
1437023188  0  291540  216  0  0  0  0  0  0  86079081089  2639  0  85280  7645975  7560695  0  69985  1964  0  278978  0  69985  0  0  216  212702  599  497147588  0  728  0  44509  0.0740893187899  
1437023198  0  292104  216  0  0  0  0  0  0  86511154737  2639  0  85280  7684839  7599559  0  69985  1964  0  279068  0  69985  0  0  216  213683  599  432073648  0  564  0  38864  0.0739462657136  
1437023208  0  293456  216  0  0  0  0  0  0  87230342440  2639  0  85280  7747702  7662422  0  69985  1964  0  279633  0  69985  0  0  216  215459  599  719187703  0  1352  0  62863  0.0736055831198  
1437023218  0  294746  216  0  0  0  0  0  0  87860290945  2639  0  85280  7803031  7717751  0  69985  1964  0  279775  0  69985  0  0  216  216973  599  629948505  0  1290  0  55329  0.0732834372646  
1437023228  0  295635  216  0  0  0  0  0  0  88387954994  2639  0  85280  7850730  7765450  0  69985  1964  0  279811  0  69985  0  0  216  218445  599  527664049  0  889  0  47699  0.0730630676341  
1437023238  0  296431  216  0  0  0  0  0  0  88890061521  2639  0  85280  7896100  7810820  0  69985  1964  0  279874  0  69985  0  0  216  219401  599  502106527  0  796  0  45370  0.0728668728979  
1437023248  0  297271  216  0  0  0  0  0  0  89391611580  2639  0  85280  7941158  7855878  0  69985  1964  0  280530  0  69985  0  0  216  220582  599  501550059  0  840  0  45058  0.0726609726479  
1437023258  0  298652  216  0  0  0  0  0  0  90030055722  2639  0  85280  7997470  7912190  0  69985  1964  0  280544  0  69985  0  0  216  221849  599  638444142  0  1381  0  56312  0.0723249802446  
1437023268  0  300137  216  0  0  0  0  0  0  90680986648  18446744073709551615  0  85280  8056254  7970974  0  69985  1964  0  280575  0  69985  0  0  216  223544  599  650930926  0  1485  0  58784  0.0719671350083  
1437023278  0  300981  216  0  0  0  0  0  0  91143885030  18446744073709551615  0  85280  8097555  8012275  0  69985  1964  0  281102  0  69985  0  0  216  224519  599  462898382  0  844  0  41301  0.0717653273795  
1437023288  0  301953  216  0  0  0  0  0  0  91607270727  18446744073709551615  0  85280  8138537  8053257  0  69985  1964  0  281203  0  69985  0  0  216  225482  599  463385697  0  972  0  40982  0.0715343116313  
1437023298  0  303044  216  0  0  0  0  0  0  92187475218  18446744073709551615  0  85280  8191033  8105753  0  69985  1964  0  281279  0  69985  0  0  216  227222  599  580204491  0  1091  0  52496  0.0712767782896  
1437023308  0  304301  216  0  0  0  0  0  0  92818945218  18446744073709551615  0  85280  8247491  8162211  0  69985  1964  0  281280  0  69985  0  0  216  228443  599  631470000  0  1257  0  56458  0.0709823497129  
1437023318  0  305616  216  0  0  0  0  0  0  93474136112  18446744073709551615  0  85280  8305578  8220298  0  69985  1964  0  281868  0  69985  0  0  216  230233  599  655190894  0  1315  0  58087  0.0706769279095  
1437023328  0  306561  216  0  0  0  0  0  0  93985363108  18446744073709551615  0  85280  8351061  8265781  0  69985  1964  0  281917  0  69985  0  0  216  231246  599  511226996  0  945  0  45483  0.0704590603501  
1437023338  0  307357  216  0  0  0  0  0  0  94444889416  18446744073709551615  0  85280  8392073  8306793  0  69985  1964  0  281918  0  69985  0  0  216  232439  599  459526308  0  796  0  41012  0.0702765839073  
1437023348  0  308519  216  0  0  0  0  0  0  95112241931  18446744073709551615  0  85280  8450675  8365395  0  69985  1964  0  282476  0  69985  0  0  216  234205  599  667352515  0  1162  0  58602  0.0700118955397  
1437023358  0  309938  216  0  0  0  0  0  0  95779542049  18446744073709551615  0  85280  8510842  8425562  0  69985  1964  0  282573  0  69985  0  0  216  235407  599  667300118  0  1419  0  60167  0.0696913576264  
1437023368  0  311251  216  0  0  0  0  0  0  96363873864  18446744073709551615  0  85280  8562544  8477264  0  69985  1964  0  282573  0  69985  0  0  216  236719  599  584331815  0  1313  0  51702  0.069397367398  
1437023378  0  312115  216  0  0  0  0  0  0  96838260786  18446744073709551615  0  85280  8605168  8519888  0  69985  1964  0  283055  0  69985  0  0  216  238184  599  474386922  0  864  0  42624  0.0692052608814  
1437023388  0  312796  216  0  0  0  0  0  0  97252074062  18446744073709551615  0  85280  8643694  8558414  0  69985  1964  0  283194  0  69985  0  0  216  239146  599  413813276  0  681  0  38526  0.0690545914909  
1437023398  0  314328  216  0  0  0  0  0  0  97986898788  18446744073709551615  0  85280  8709498  8624218  0  69985  1964  0  283209  0  69985  0  0  216  240709  599  734824726  0  1532  0  65804  0.0687180270291  
1437023408  0  315683  216  0  0  0  0  0  0  98627741520  18446744073709551615  0  85280  8767762  8682482  0  69985  1964  0  283240  0  69985  0  0  216  242139  599  640842732  0  1355  0  58264  0.0684230699784  
1437023418  0  316732  216  0  0  0  0  0  0  99180160689  18446744073709551615  0  85280  8816040  8730760  0  69985  1964  0  283844  0  69985  0  0  216  243402  599  552419169  0  1049  0  48278  0.0681964563101  
1437023428  0  317679  216  0  0  0  0  0  0  99683193317  18446744073709551615  0  85280  8860142  8774862  0  69985  1964  0  283869  0  69985  0  0  216  244703  599  503032628  0  947  0  44102  0.0679931629097  
1437023438  0  318761  216  0  0  0  0  0  0  100223830685  18446744073709551615  0  85280  8907956  8822676  0  69985  1964  0  283910  0  69985  0  0  216  246140  599  540637368  0  1082  0  47814  0.0677623674163  
1437023448  0  320104  216  0  0  0  0  0  0  100835766508  18446744073709551615  0  85280  8964304  8879024  0  69985  1964  0  284402  0  69985  0  0  216  247372  599  611935823  0  1343  0  56348  0.0674780696274  
1437023458  0  321377  216  0  0  0  0  0  0  101508079236  18446744073709551615  0  85280  9023858  8938578  0  69985  1964  0  284533  0  69985  0  0  216  249143  599  672312728  0  1273  0  59554  0.0672107835968  
1437023468  0  322351  216  0  0  0  0  0  0  101981490664  18446744073709551615  0  85280  9066707  8981427  0  69985  1964  0  284534  0  69985  0  0  216  250163  599  473411428  0  974  0  42849  0.0670077027836  
