#type:T;
#time  gt  cn  Pt  Px  gx  cx  gn  gm  Pn  Pm  Ft  cm  pt  Fx  px  ct  pn  Fm  Fn  pm  dn  On  Om  dm  dx  Ox  dt  Ot  Gt  Cn  Cm  Gx  Cx  Gn  Gm  Ct  
1436684820  2290143  0  0  0  11005  0  2467  157  0  2147483647  16413  2147483647  0  2186  0  0  0  375  20  2147483647  0  45  245  2147483647  0  6122  0  55651  0  0  2147483647  0  0  0  2147483647  0  
#type:T;
#time  gt  cn  Pt  Px  gx  cx  gn  gm  Pn  Pm  Ft  cm  pt  Fx  px  ct  pn  Fm  Fn  pm  dn  On  Om  dm  dx  Ox  dt  Ot  Gt  Cn  Cm  Gx  Cx  Gn  Gm  Ct  
1436684841  2489943  0  61993117  99619  11005  0  2741  154  4419  3831  103815968  2147483647  0  29799  0  0  0  208  144835  2147483647  0  4412  245  2147483647  0  190449  0  4281486  0  4419  1345  0  15423  0  2147483647  16771230  
1436684851  2966033  0  235451872  99619  24769  0  3385  154  21171  2257  133844193  2147483647  0  30647  0  0  0  205  230070  2147483647  0  5179  205  2147483647  0  230395  0  6071142  107574426  36722  276  66898  33355  15639  1470  88536790  
#type:T;
#time  gt  cn  Pt  Px  gx  cx  gn  gm  Pn  Pm  Ft  cm  pt  Fx  px  ct  pn  Fm  Fn  pm  dn  On  Om  dm  dx  Ox  dt  Ot  Gt  Cn  Cm  Gx  Cx  Gn  Gm  Ct  
1436684871  3397765  0  645900335  109259  31093  0  3766  154  50371  2248  140952007  2147483647  0  30647  0  0  0  205  238258  2147483647  0  5482  205  2147483647  0  230395  0  6167346  348655528  94585  276  66898  39860  44437  1389  238795941  
#type:T;
#time  gt  cn  Pt  Px  gx  cx  gn  gm  Pn  Pm  Ft  cm  pt  Fx  px  ct  pn  Fm  Fn  pm  dn  On  Om  dm  dx  Ox  dt  Ot  Gt  Cn  Cm  Gx  Cx  Gn  Gm  Ct  
1436684891  23941630  0  1617207801  109259  31640  0  22749  154  105582  1891  143583453  2147483647  0  30647  0  0  0  205  242114  2147483647  0  5482  205  2147483647  0  230395  0  6167346  681124772  190395  227  66898  39860  85199  1270  467204739  
1436684901  34027909  0  4185050590  122884  31640  0  31373  154  253235  1891  143639474  2147483647  0  30647  0  0  0  205  242148  2147483647  0  5482  205  2147483647  0  230395  0  6167346  1792617995  469382  205  66898  46211  220652  1264  887098265  
1436684911  41482293  0  8057916513  122884  45635  0  39195  154  493981  1891  143830005  2147483647  0  30647  0  0  0  205  242269  2147483647  0  5482  205  2147483647  0  230395  0  6167346  3665351243  935652  205  101509  46211  453344  1264  1534365977  
1436684921  50582447  0  9054632281  122884  45635  0  48053  154  559056  1891  143830005  2147483647  0  30647  0  0  0  205  242269  2147483647  0  7613  205  2147483647  0  230395  0  15129981  4001879495  1059896  205  101509  46211  513666  1243  1711808127  
#type:T;
#time  gt  cn  Pt  Px  gx  cx  gn  gm  Pn  Pm  Ft  cm  pt  Fx  px  ct  pn  Fm  Fn  pm  dn  On  Om  dm  dx  Ox  dt  Ot  Gt  Cn  Cm  Gx  Cx  Gn  Gm  Ct  
1436684941  74679951  0  11328404403  122884  45635  0  68746  154  683607  1891  143851800  2147483647  0  30647  0  0  0  205  242280  2147483647  0  7613  205  2147483647  0  230395  0  15129981  4685241840  1284629  205  101509  46211  615755  1243  2097698815  
1436684951  85614498  0  11712487225  122884  45635  0  77852  154  704985  1891  143851800  2147483647  0  30647  0  0  0  205  242280  2147483647  0  7613  205  2147483647  0  230395  0  15129981  4807753906  1324070  205  101509  46211  634036  1243  2169278278  
#type:T;
#time  gt  cn  Pt  Px  gx  cx  gn  gm  Pn  Pm  Ft  cm  pt  Fx  px  ct  pn  Fm  Fn  pm  dn  On  Om  dm  dx  Ox  dt  Ot  Gt  Cn  Cm  Gx  Cx  Gn  Gm  Ct  
1436684971  113860071  0  13144043463  122884  45635  0  98320  154  771026  1891  143851800  2147483647  0  30647  0  0  0  205  242280  2147483647  0  7613  205  2147483647  0  230395  0  15129981  5144489641  1429231  205  101509  46211  673905  1243  2403199552  
1436684981  128339120  0  14404365281  124852  45635  0  109959  154  841978  1891  143851800  2147483647  0  30647  0  0  0  205  242280  2147483647  0  7613  205  2147483647  0  230395  0  15129981  5557111033  1558113  205  101509  51308  733008  1243  2627079660  
1436684991  145468930  0  14778977939  124852  97700  0  122463  154  859535  1891  143851800  2147483647  0  30647  0  0  0  205  242280  2147483647  0  7750  205  2147483647  0  230395  0  20975053  5637888039  1585777  205  101509  51308  743268  1243  2687491625  
1436685001  164726736  0  15394618608  124852  97700  0  136875  154  887666  1891  143851800  2147483647  0  30647  0  0  0  205  242280  2147483647  0  8302  205  2147483647  0  230395  0  37268810  5724578493  1624526  205  101509  51308  754055  1243  2780285065  
#type:T;
#time  gt  cn  Pt  Px  gx  cx  gn  gm  Pn  Pm  Ft  cm  pt  Fx  px  ct  pn  Fm  Fn  pm  dn  On  Om  dm  dx  Ox  dt  Ot  Gt  Cn  Cm  Gx  Cx  Gn  Gm  Ct  
1436685021  200537704  0  16517891749  124852  97700  0  164368  154  947925  1891  143896860  2147483647  0  30647  0  0  0  205  242301  2147483647  0  8302  205  2147483647  0  230395  0  37268810  5933736509  1715040  205  101509  51308  784899  1243  2956343782  
1436685031  218102687  0  16917784784  124852  97700  0  177875  154  968070  1891  144033523  2147483647  0  30647  0  0  0  205  242370  2147483647  0  9085  205  2147483647  0  230395  0  61616663  6019901338  1746522  205  101509  51308  796383  1243  3020642327  
1436685041  236937902  0  17740839413  124852  97700  0  192204  154  1004892  1891  144565859  2147483647  0  31821  0  0  0  205  242804  2147483647  0  9085  205  2147483647  0  230395  0  61616663  6179722340  1800114  205  101509  51308  813514  1243  3145979422  
1436685051  248937367  0  18786008362  124852  97700  0  202085  154  1060452  1891  144567251  2147483647  0  31821  0  0  0  205  242805  2147483647  0  9175  205  2147483647  0  230395  0  64351902  6528774688  1903530  205  104222  51308  862256  1243  3335611831  
1436685061  266279586  0  19105892723  124852  97700  0  214666  154  1075871  1891  144594733  2147483647  0  31821  0  0  0  205  242818  2147483647  0  9175  205  2147483647  0  230395  0  64351902  6552128703  1921082  205  104222  51308  864427  1243  3380804017  
1436685071  282657185  0  19889207171  124852  97700  0  226618  154  1109820  1891  144747887  2147483647  0  31821  0  0  0  205  242925  2147483647  0  9175  205  2147483647  0  230395  0  64351902  6711621991  1971965  205  104222  51308  881656  1243  3505401973  
1436685081  303217308  0  20874634521  124852  97700  0  241553  154  1161569  1891  146915967  2147483647  0  31821  0  0  0  205  244487  2147483647  0  9175  205  2147483647  0  230395  0  64351902  7076109637  2058943  205  104222  51308  917494  1243  3692985814  
1436685091  324725094  0  21894390588  124852  97700  0  256976  154  1217963  1891  151008489  2147483647  0  31821  0  0  0  205  247630  2147483647  0  9175  205  2147483647  0  230395  0  64351902  7515093629  2155776  205  104222  51308  958574  1243  3943535569  
1436685101  348069980  0  22853298432  124852  97700  0  274822  154  1268674  1891  155607533  2147483647  0  31821  0  0  0  205  250897  2147483647  0  9175  205  2147483647  0  230395  0  64351902  7886072658  2239111  205  104222  51308  991716  1243  4158685735  
1436685111  369543410  0  23870061594  402256  97700  0  290847  154  1324311  1891  158958212  2147483647  0  156767  0  0  0  205  252946  2147483647  0  9430  205  2147483647  0  400039  0  87678678  8322359706  2333738  205  104222  100673  1031290  1243  4402270766  
1436685121  386101354  0  24792988742  402256  97700  0  303479  154  1374640  1891  161094248  2147483647  0  156767  0  0  0  205  254537  2147483647  0  9693  205  2147483647  0  590767  0  105236578  8696028856  2421142  205  104222  100673  1068915  1243  4598325027  
1436685131  400034579  0  25433586025  402256  97700  0  313470  154  1408970  1891  164166480  2147483647  0  156767  0  0  0  205  257059  2147483647  0  10287  205  2147483647  0  647807  0  156494674  8970882720  2479316  205  111268  100673  1093067  1243  4756359664  
1436685141  417285100  0  26395684432  402256  97700  0  326451  154  1463357  1891  166998357  2147483647  0  156767  0  0  0  205  259111  2147483647  0  10287  205  2147483647  0  647807  0  156494674  9396560609  2574526  205  111268  100673  1134590  1243  4981249391  
1436685151  437371031  0  27544783357  402256  97700  0  341799  154  1526042  1891  169226047  2147483647  0  156767  0  0  0  205  260901  2147483647  0  10287  205  2147483647  0  647807  0  156494674  9869466090  2683518  205  111268  100673  1181666  1243  5231714208  
1436685161  460376752  0  28584521005  402256  340845  0  355676  154  1585639  1891  172280987  2147483647  0  177801  0  0  0  205  263014  2147483647  0  10908  205  2147483647  0  647807  0  203412242  10335457091  2788138  205  327562  104098  1227425  1243  5474653501  
1436685171  479158705  0  29738823085  402256  340845  0  370072  154  1647925  1891  177501358  2147483647  0  177801  0  0  0  205  266965  2147483647  0  10908  205  2147483647  0  647807  0  203412242  10844531844  2897766  205  327562  104098  1275519  1243  5758583543  
1436685181  496969395  0  30783752212  402256  340845  0  383006  154  1704966  1891  181218394  2147483647  0  177801  0  0  0  205  269919  2147483647  0  10908  205  2147483647  0  647807  0  203412242  11303789857  2998125  205  327562  104098  1319481  1243  6001503778  
1436685191  515451146  0  31696815569  402256  340845  0  397071  154  1754146  1891  184521088  2147483647  0  177801  0  0  0  205  272403  2147483647  0  11162  205  2147483647  0  647807  0  224787144  11664815202  3082041  205  327562  104098  1354670  1243  6204627846  
1436685201  534673549  0  32706337127  402256  340845  0  411017  154  1807579  1891  188178635  2147483647  0  177801  0  0  0  205  274979  2147483647  0  11461  205  2147483647  0  647807  0  232498128  12069899718  3174358  205  327562  104098  1394028  1243  6430123019  
1436685211  546527898  0  33378802605  402256  340845  0  420027  154  1843532  1891  192301500  2147483647  0  177801  0  0  0  205  277816  2147483647  0  11461  205  2147483647  0  647807  0  232498128  12362315218  3236796  205  327562  104098  1420881  1243  6587541367  
1436685221  559887638  0  34053259700  402256  340845  0  430269  154  1878952  1891  196279769  2147483647  0  177801  0  0  0  205  280545  2147483647  0  11698  205  2147483647  0  647807  0  253263225  12637568160  3297313  205  327562  104098  1446288  1243  6743272233  
1436685231  575015160  0  35018132695  402256  340845  0  441386  154  1932412  1891  201099562  2147483647  0  177801  0  0  0  205  283779  2147483647  0  11985  205  2147483647  0  647807  0  278079492  13073286238  3392243  205  327562  104098  1488442  1243  6975177088  
1436685241  594361913  0  35977545849  402256  340845  0  455949  154  1986595  1891  206224413  2147483647  0  177801  0  0  0  205  287456  2147483647  0  12476  205  2147483647  0  647807  0  324431006  13499123068  3485631  205  327562  104098  1528209  1243  7215253238  
1436685251  614096562  0  37110140573  402256  340845  0  470751  154  2050415  1891  210022333  2147483647  0  177801  0  0  0  205  290291  2147483647  0  12476  205  2147483647  0  647807  0  324431006  14029728129  3597655  205  327562  104098  1577144  1243  7508518881  
1436685261  636234875  0  38369873417  402256  340845  0  487019  154  2119506  1891  213492125  2147483647  0  177801  0  0  0  205  292790  2147483647  0  12476  205  2147483647  0  647807  0  324431006  14595740528  3718994  205  327562  104098  1630256  1243  7804681346  
#type:T;
#time  gt  cn  Pt  Px  gx  cx  gn  gm  Pn  Pm  Ft  cm  pt  Fx  px  ct  pn  Fm  Fn  pm  dn  On  Om  dm  dx  Ox  dt  Ot  Gt  Cn  Cm  Gx  Cx  Gn  Gm  Ct  
1436685282  681736656  0  40107287081  402256  340845  0  517719  154  2217321  1891  221409643  2147483647  0  177801  0  0  0  205  299204  2147483647  0  13108  205  2147483647  0  647807  0  366980453  15315228729  3882770  205  327562  104098  1697069  1243  8226567851  
1436685292  695481084  0  40823530857  402256  340845  0  527726  154  2258815  1891  223206878  2147483647  0  177801  0  0  0  205  300686  2147483647  0  13108  205  2147483647  0  647807  0  366980453  15637340089  3955254  205  327562  104098  1728504  1243  8406240173  
1436685302  710843064  0  41373156858  402256  340845  0  538487  154  2287470  1891  225403067  2147483647  0  177801  0  0  0  205  302317  2147483647  0  13758  205  2147483647  0  647807  0  417252748  15825098935  4001642  205  327562  104098  1746375  1243  8522603852  
1436685312  727426641  0  42310113921  402256  340845  0  551518  154  2339467  1891  228734959  2147483647  0  177801  0  0  0  205  304955  2147483647  0  13758  205  2147483647  0  647807  0  417252748  16220913879  4092204  205  327562  104098  1785544  1243  8738732854  
1436685322  747481893  0  43185352422  402256  340845  0  567034  154  2387662  1891  232523514  2147483647  0  177801  0  0  0  205  307676  2147483647  0  13758  205  2147483647  0  647807  0  417252748  16555041272  4172522  205  327562  104098  1818072  1243  8940561490  
1436685332  767055173  0  43969889024  402256  340845  0  581122  154  2430955  1891  238471759  2147483647  0  177801  0  0  0  205  312270  2147483647  0  13909  205  2147483647  0  647807  0  431051870  16871273474  4244636  205  327562  104098  1847160  1243  9141145883  
1436685342  788014327  0  45075928825  402256  340845  0  596128  154  2491040  1891  242112104  2147483647  0  177801  0  0  0  205  315037  2147483647  0  14348  205  2147483647  0  647807  0  470453587  17350244912  4349507  205  416640  104098  1892583  1243  9395456470  
1436685352  807288042  0  46085689539  402256  340845  0  610061  154  2546473  1891  245923746  2147483647  0  177801  0  0  0  205  317847  2147483647  0  14348  205  2147483647  0  647807  0  470453587  17765849452  4445544  205  416640  104098  1933823  1243  9626872170  
1436685362  825506168  0  46775550708  402256  341527  0  622466  154  2585772  1891  250014796  2147483647  0  177801  0  0  0  205  320967  2147483647  0  14997  205  2147483647  0  647807  0  518296343  18039110547  4511509  205  416640  104098  1960788  1243  9791041177  
1436685372  837762501  0  47538796866  402256  341527  0  631780  154  2628021  1866  253315568  2147483647  0  177801  0  0  0  205  323412  2147483647  0  14997  205  2147483647  0  647807  0  518296343  18373625056  4586311  205  416640  104098  1993735  1243  9979159512  
1436685382  849913515  0  48161917974  402256  341527  0  640954  154  2662739  1866  256544756  2147483647  0  177801  0  0  0  205  325711  2147483647  0  14997  205  2147483647  0  647807  0  518296343  18651663466  4646158  205  416640  104098  2019140  1243  10133153394  
#type:T;
#time  gt  cn  Pt  Px  gx  cx  gn  gm  Pn  Pm  Ft  cm  pt  Fx  px  ct  pn  Fm  Fn  pm  dn  On  Om  dm  dx  Ox  dt  Ot  Gt  Cn  Cm  Gx  Cx  Gn  Gm  Ct  
1436685402  877441221  0  49989617102  402256  341527  0  660983  154  2759709  1866  262297155  2147483647  0  177801  0  0  0  205  329902  2147483647  0  15570  205  2147483647  0  647807  0  541856634  19462257279  4818941  205  416640  104098  2096146  1243  10547989742  
1436685412  897624303  0  50931174905  402256  341527  0  676362  154  2810966  1866  266128050  2147483647  0  177801  0  0  0  205  332749  2147483647  0  15570  205  2147483647  0  647807  0  541856634  19831289213  4905552  205  416640  104098  2131975  1243  10759570789  
1436685422  916276876  0  51818318563  402256  341527  0  691131  154  2861257  1866  270027857  2147483647  0  177801  0  0  0  205  335757  2147483647  0  15570  205  2147483647  0  647807  0  541856634  20207502915  4991131  205  416640  104098  2167690  1243  10983424725  
1436685432  927375619  0  52559820478  402256  341527  0  700106  154  2903551  1866  272889522  2147483647  0  177801  0  0  0  205  337811  2147483647  0  16239  205  2147483647  0  647807  0  568118859  20534813665  5066159  205  416640  104098  2200827  1243  11163253861  
1436685442  942273748  0  53443231115  402256  341527  0  711458  154  2952610  1866  275101741  2147483647  0  177801  0  0  0  205  339419  2147483647  0  16239  205  2147483647  0  647807  0  568118859  20925705097  5152354  205  416640  104098  2238524  1243  11369928132  
1436685452  955626738  0  54167896543  402256  341527  0  721662  154  2995970  1866  278259755  2147483647  0  177801  0  0  0  205  341983  2147483647  0  16239  205  2147483647  0  647807  0  568118859  21258594882  5228584  205  416640  104098  2271765  1243  11563409221  
1436685462  973624924  0  55105437273  402256  341527  0  735791  154  3048813  1866  280918936  2147483647  0  177801  0  0  0  205  344171  2147483647  0  16384  205  2147483647  0  647807  0  580055161  21632249672  5319572  205  416640  104098  2310380  1243  11778067373  
1436685472  984345879  0  55843721750  402256  341527  0  743618  154  3090330  1866  283186695  2147483647  0  177801  0  0  0  205  345772  2147483647  0  16810  205  2147483647  0  647807  0  614449223  22001000367  5394375  205  416640  104098  2344201  1243  11977496862  
1436685482  989547183  0  56097895638  402256  341527  0  747604  154  3104726  1866  284138084  2147483647  0  177801  0  0  0  205  346487  2147483647  0  16810  205  2147483647  0  647807  0  614449223  22104980898  5419138  205  416640  104098  2354671  1243  12039114663  
1436685492  1003935312  0  56759738269  402256  341527  0  758869  154  3141247  1866  286287661  2147483647  0  177801  0  0  0  205  347974  2147483647  0  16810  205  2147483647  0  647807  0  614449223  22362450891  5480695  205  416640  104098  2379961  1243  12191513478  
1436685502  1021062009  0  57795053612  402256  341527  0  771591  154  3198949  1866  290454789  2147483647  0  177801  0  0  0  205  350912  2147483647  0  16810  205  2147483647  0  647807  0  614449223  22835927017  5582662  205  416640  104098  2424874  1243  12449980492  
1436685512  1037865805  0  58730767724  402256  341527  0  784342  154  3254844  1866  293940548  2147483647  0  177801  0  0  0  205  353752  2147483647  0  17481  205  2147483647  0  647807  0  641472956  23270264982  5681092  205  416640  104098  2467925  1243  12700824855  
1436685523  1047499350  0  59288919502  402256  341527  0  791895  154  3286966  1866  295997482  2147483647  0  177801  0  0  0  205  355298  2147483647  0  17481  205  2147483647  0  647807  0  641472956  23512817342  5737401  205  416640  104098  2492401  1243  12843789523  
1436685533  1059941650  0  60039010788  402256  341527  0  801711  154  3329944  1866  298520694  2147483647  0  177801  0  0  0  205  357283  2147483647  0  17481  205  2147483647  0  647807  0  641472956  23852233682  5813069  205  416640  104098  2525529  1243  13030682446  
1436685543  1074841334  0  61031120892  402256  341527  0  812897  154  3385160  1866  301237950  2147483647  0  177801  0  0  0  205  359117  2147483647  0  17481  205  2147483647  0  647807  0  641472956  24285884233  5912023  205  416640  104098  2569852  1243  13270195803  
1436685553  1089634355  0  61673807128  402256  341527  0  823883  154  3421426  1866  304384450  2147483647  0  177801  0  0  0  205  361428  2147483647  0  18056  205  2147483647  0  647807  0  684506533  24541348429  5973343  205  416640  104098  2595145  1243  13426285327  
1436685563  1103483563  0  62152225584  402256  341527  0  834406  154  3447698  1866  306449835  2147483647  0  177801  0  0  0  205  363180  2147483647  0  18056  205  2147483647  0  647807  0  684506533  24694411464  6015017  205  416640  104098  2610658  1243  13527060003  
1436685574  1106733538  0  62318728214  402256  341527  0  836952  154  3457126  1866  307605408  2147483647  0  177801  0  0  0  205  364204  2147483647  0  18056  205  2147483647  0  647807  0  684506533  24762616880  6031303  205  416640  104098  2617586  1243  13569402218  
1436685584  1118930959  0  62970522297  402256  341527  0  846267  154  3495799  1866  311713290  2147483647  0  177801  0  0  0  205  367377  2147483647  0  18056  205  2147483647  0  647807  0  684506533  25057258524  6098904  205  416640  104098  2646879  1243  13744573798  
1436685594  1129869812  0  63608819664  402256  341527  0  854090  154  3531183  1866  314780041  2147483647  0  177801  0  0  0  205  369682  2147483647  0  18056  205  2147483647  0  647807  0  684506533  25341293513  6161757  205  416640  104098  2674617  1243  13907798208  
1436685604  1144417550  0  64365670926  402256  341527  0  862893  154  3573385  1866  317009305  2147483647  0  177801  0  0  0  205  371198  2147483647  0  18717  205  2147483647  0  647807  0  744872664  25675516375  6236765  205  498774  104098  2707838  1243  14081411304  
1436685614  1150602540  0  64703583927  402256  341527  0  867604  154  3592300  1866  318201730  2147483647  0  177801  0  0  0  205  372126  2147483647  0  18717  205  2147483647  0  647807  0  744872664  25807585686  6269739  205  498774  104098  2722012  1243  14162568011  
1436685624  1164429962  0  65355367571  402256  341527  0  878143  154  3627114  1866  320857936  2147483647  0  177801  0  0  0  205  374059  2147483647  0  18717  205  2147483647  0  647807  0  744872664  26043802930  6328725  205  498774  104098  2746412  1243  14302559671  
1436685634  1178439900  0  66116793186  402256  341527  0  888765  154  3671943  1866  324768768  2147483647  0  177801  0  0  0  205  376922  2147483647  0  18717  205  2147483647  0  647807  0  744872664  26378808580  6407399  205  498774  104098  2780639  1243  14501276335  
#type:T;
#time  gt  cn  Pt  Px  gx  cx  gn  gm  Pn  Pm  Ft  cm  pt  Fx  px  ct  pn  Fm  Fn  pm  dn  On  Om  dm  dx  Ox  dt  Ot  Gt  Cn  Cm  Gx  Cx  Gn  Gm  Ct  
1436685654  1197965179  0  67222053617  402256  341527  0  903781  154  3735860  1866  328340086  2147483647  0  177801  0  0  0  205  379560  2147483647  0  19281  205  2147483647  0  647807  0  794780434  26851377813  6519572  205  498774  104098  2829418  1243  14780190355  
1436685664  1209156786  0  67666434584  402256  341527  0  912991  154  3761413  1866  332043455  2147483647  0  177801  0  0  0  205  382255  2147483647  0  19281  205  2147483647  0  647807  0  794780434  27007837751  6561421  205  498774  104098  2845880  1243  14882108471  
#type:T;
#time  gt  cn  Pt  Px  gx  cx  gn  gm  Pn  Pm  Ft  cm  pt  Fx  px  ct  pn  Fm  Fn  pm  dn  On  Om  dm  dx  Ox  dt  Ot  Gt  Cn  Cm  Gx  Cx  Gn  Gm  Ct  
1436685684  1234409862  0  69028906691  402256  341527  0  932605  154  3836922  1866  337501199  2147483647  0  177801  0  0  0  205  386279  2147483647  0  19281  205  2147483647  0  647807  0  794780434  27572320820  6692113  205  498774  104098  2901764  1243  15207671395  
#type:T;
#time  gt  cn  Pt  Px  gx  cx  gn  gm  Pn  Pm  Ft  cm  pt  Fx  px  ct  pn  Fm  Fn  pm  dn  On  Om  dm  dx  Ox  dt  Ot  Gt  Cn  Cm  Gx  Cx  Gn  Gm  Ct  
1436685704  1254401042  0  70133216642  402256  341527  0  947427  154  3898826  1866  341299695  2147483647  0  177801  0  0  0  205  389126  2147483647  0  19951  205  2147483647  0  647807  0  846627455  28048790327  6800540  205  498774  104098  2948871  1243  15476484627  
1436685714  1267008544  0  70690769858  402256  341527  0  957709  154  3930952  1866  344674042  2147483647  0  177801  0  0  0  205  391769  2147483647  0  19951  205  2147483647  0  647807  0  846627455  28271243640  6854278  205  498774  104098  2970720  1243  15615521615  
1436685724  1273367365  0  71041630144  402256  341527  0  962526  154  3950382  1866  346366758  2147483647  0  177801  0  0  0  205  393040  2147483647  0  19951  205  2147483647  0  647807  0  846627455  28436202819  6888237  205  498774  104098  2985425  1243  15708746439  
1436685734  1284014205  0  71548716426  402256  341527  0  970688  154  3977441  1866  347853415  2147483647  0  177801  0  0  0  205  394132  2147483647  0  19951  205  2147483647  0  647807  0  846627455  28627703721  6933824  205  498774  104098  3004127  1243  15820533143  
1436685744  1295763445  0  72225001774  402256  341527  0  979859  154  4015895  1866  350063014  2147483647  0  177801  0  0  0  205  395692  2147483647  0  20094  205  2147483647  0  647807  0  859480285  28924273220  7001288  205  498774  104098  3033527  1243  15992053714  
1436685754  1308663042  0  72796273393  402256  341527  0  990840  154  4049419  1866  353168972  2147483647  0  177801  0  0  0  205  398195  2147483647  0  20527  205  2147483647  0  647807  0  897773355  29143140249  7056960  205  498774  104098  3055899  1243  16136244176  
1436685764  1315784698  0  73240559772  402256  341527  0  996047  154  4073690  1866  354313897  2147483647  0  177801  0  0  0  205  399056  2147483647  0  20527  205  2147483647  0  647807  0  897773355  29344387630  7100124  205  498774  104098  3075098  1243  16247754184  
1436685774  1330203435  0  73909548393  402256  341527  0  1007107  154  4111573  1866  357353269  2147483647  0  177801  0  0  0  205  401304  2147483647  0  20527  205  2147483647  0  647807  0  897773355  29623111375  7164624  205  498774  104098  3102036  1243  16411664064  
1436685784  1345656041  0  74732761570  402256  341527  0  1018611  154  4157758  1866  360789647  2147483647  0  177801  0  0  0  205  403942  2147483647  0  20822  205  2147483647  0  647807  0  924335115  29972700127  7245073  205  498774  104098  3136747  1243  16608413723  
1436685794  1358231246  0  75372393598  402256  341527  0  1027526  154  4192628  1866  363185732  2147483647  0  177801  0  0  0  205  405830  2147483647  0  20822  205  2147483647  0  647807  0  924335115  30242938605  7305659  205  498774  104098  3162700  1243  16765351664  
1436685804  1364131741  0  75780067839  402256  341527  0  1032024  154  4215803  1866  363994634  2147483647  0  177801  0  0  0  205  406383  2147483647  0  21142  205  2147483647  0  647807  0  949295966  30432566345  7347131  205  498774  104098  3181247  1243  16858683155  
1436685814  1379210016  0  76435007881  402256  341527  0  1043593  154  4253284  1866  366312244  2147483647  0  177801  0  0  0  205  408245  2147483647  0  21142  205  2147483647  0  647807  0  949295966  30677940104  7410124  205  498774  104098  3207044  1243  17011707501  
#type:T;
#time  gt  cn  Pt  Px  gx  cx  gn  gm  Pn  Pm  Ft  cm  pt  Fx  px  ct  pn  Fm  Fn  pm  dn  On  Om  dm  dx  Ox  dt  Ot  Gt  Cn  Cm  Gx  Cx  Gn  Gm  Ct  
1436685834  1406720489  0  78048634201  402256  341527  0  1064111  154  4344238  1866  372347734  2147483647  0  177801  0  0  0  205  412585  2147483647  0  21580  205  2147483647  0  647807  0  987349774  31370783964  7570977  205  498774  104098  3277798  1243  17399004172  
1436685844  1409566469  0  78243425626  402256  341527  0  1066175  154  4354585  1866  372816751  2147483647  0  177801  0  0  0  205  412920  2147483647  0  21580  205  2147483647  0  647807  0  987349774  31454082086  7589357  205  498774  104098  3285922  1243  17442728025  
1436685854  1420677659  0  78990298993  402256  341527  0  1074708  154  4395487  1866  374927263  2147483647  0  177801  0  0  0  205  414500  2147483647  0  21580  205  2147483647  0  647807  0  987349774  31788355391  7662169  205  498774  104098  3318324  1243  17618510896  
1436685864  1431141273  0  79506033949  402256  341527  0  1082894  154  4423207  1866  377260182  2147483647  0  177801  0  0  0  205  416101  2147483647  0  21719  205  2147483647  0  647807  0  1000287345  31995634748  7709043  205  498774  104098  3337730  1243  17738034703  
1436685875  1439294156  0  79943314096  402256  341527  0  1089173  154  4448222  1866  379102054  2147483647  0  177801  0  0  0  205  417450  2147483647  0  21719  205  2147483647  0  647807  0  1000287345  32190702751  7752643  205  498774  104098  3356580  1243  17847139570  
1436685885  1445889307  0  80423843868  402256  341527  0  1094420  154  4475531  1866  380695385  2147483647  0  177801  0  0  0  205  418585  2147483647  0  22161  205  2147483647  0  647807  0  1012330709  32420389140  7801806  205  498774  104098  3378776  1243  17973143168  
1436685895  1459280239  0  81180982744  402256  341527  0  1105140  154  4519812  1866  384340592  2147483647  0  177801  0  0  0  205  421235  2147483647  0  22161  205  2147483647  0  647807  0  1012330709  32752678516  7878921  205  498774  104098  3411982  1243  18169769548  
1436685905  1473214351  0  81999383698  402256  341527  0  1115483  154  4566385  1866  387689915  2147483647  0  177801  0  0  0  205  423562  2147483647  0  22161  205  2147483647  0  647807  0  1012330709  33159734584  7961512  205  498774  104098  3448446  1243  18399245945  
1436685915  1484551597  0  82538477744  402256  341527  0  1124559  154  4600119  1866  390430501  2147483647  0  177801  0  0  0  205  425736  2147483647  0  22353  205  2147483647  0  647807  0  1029811440  33401306171  8019650  205  498774  104098  3473161  1243  18546486095  
1436685925  1494741234  0  82958737420  402256  341527  0  1130510  154  4625488  1866  392551431  2147483647  0  177801  0  0  0  205  427373  2147483647  0  22855  205  2147483647  0  647807  0  1070952907  33604091559  8063859  205  498774  104098  3492273  1243  18660781426  
1436685935  1505546769  0  83565752926  402256  341527  0  1139098  154  4658163  1866  394453949  2147483647  0  177801  0  0  0  205  428636  2147483647  0  22855  205  2147483647  0  647807  0  1070952907  33842371583  8120581  205  498774  104098  3516595  1243  18801464228  
1436685945  1515440279  0  84107668014  402256  341527  0  1147087  154  4686096  1866  395917783  2147483647  0  177801  0  0  0  205  429779  2147483647  0  22855  205  2147483647  0  647807  0  1070952907  34031272386  8168136  205  498774  104098  3536408  1243  18917914703  
1436685955  1522053932  0  84395653178  402256  341527  0  1151846  154  4701648  1866  397826947  2147483647  0  177801  0  0  0  205  431197  2147483647  0  22855  205  2147483647  0  647807  0  1070952907  34137238605  8194437  205  498774  104098  3547234  1243  18985269016  
1436685965  1531258007  0  84862558360  402256  341527  0  1159413  154  4727232  1866  400081340  2147483647  0  177801  0  0  0  205  432801  2147483647  0  22855  205  2147483647  0  647807  0  1070952907  34309529344  8237848  205  498774  104098  3565232  1243  19092929501  
1436685975  1544046736  0  85583336289  402256  341527  0  1168576  154  4766573  1866  402019831  2147483647  0  177801  0  0  0  205  434277  2147483647  0  22972  205  2147483647  0  647807  0  1074671278  34619633896  8306918  205  498774  104098  3595363  1243  19263742178  
1436685985  1555998656  0  86524889911  402256  341527  0  1177655  154  4818411  1866  403840735  2147483647  0  177801  0  0  0  205  435553  2147483647  0  23431  205  2147483647  0  647807  0  1111363880  35044174338  8400887  205  498774  104098  3638039  1243  19485825210  
1436685995  1560999507  0  86759371110  402256  341527  0  1181118  154  4830859  1866  404881818  2147483647  0  177801  0  0  0  205  436282  2147483647  0  23431  205  2147483647  0  647807  0  1111363880  35140632221  8422259  205  498774  104098  3647083  1243  19542155797  
1436686005  1570051267  0  87352451285  402256  341527  0  1187228  154  4863872  1866  406841318  2147483647  0  177801  0  0  0  205  437677  2147483647  0  23431  205  2147483647  0  647807  0  1111363880  35416729313  8481923  205  498774  104098  3674075  1243  19691129920  
1436686015  1581427791  0  88128869337  402256  341527  0  1196313  154  4909515  1866  409386641  2147483647  0  177801  0  0  0  205  439589  2147483647  0  23431  205  2147483647  0  647807  0  1111363880  35764429561  8563646  205  498774  106466  3710600  1243  19886763972  
1436686026  1594012583  0  88809804345  402256  341527  0  1206149  154  4948609  1866  412042817  2147483647  0  177801  0  0  0  205  441669  2147483647  0  23584  205  2147483647  0  647807  0  1124718893  36052836769  8631813  205  498774  106466  3739982  1243  20059581798  
1436686036  1599543723  0  89079487622  402256  341527  0  1210489  154  4963621  1866  413291651  2147483647  0  177801  0  0  0  205  442640  2147483647  0  23584  205  2147483647  0  647807  0  1124718893  36166365485  8657226  205  498774  106466  3750515  1243  20127921023  
1436686046  1607667045  0  89478995150  402256  341527  0  1216737  154  4985105  1866  414644882  2147483647  0  177801  0  0  0  205  443650  2147483647  0  24084  205  2147483647  0  647807  0  1166299931  36313334794  8693929  205  498774  106466  3765872  1243  20211893989  
1436686056  1618453336  0  90178271843  402256  341527  0  1225097  154  5023506  1866  417136253  2147483647  0  177801  0  0  0  205  445463  2147483647  0  24084  205  2147483647  0  647807  0  1166299931  36620515612  8762005  205  498774  106466  3795879  1243  20381175333  
1436686066  1631018147  0  90891723425  402256  341527  0  1235102  154  5064483  1866  420429565  2147483647  0  177801  0  0  0  205  448085  2147483647  0  24084  205  2147483647  0  647807  0  1166299931  36933879971  8833632  205  498774  106466  3826872  1243  20566212227  
1436686076  1641197490  0  91494054848  402256  341527  0  1242635  154  5098604  1866  422699007  2147483647  0  177801  0  0  0  205  449710  2147483647  0  24084  205  2147483647  0  647807  0  1166299931  37204950840  8893819  205  498774  106466  3853275  1243  20721723203  
#type:T;
#time  gt  cn  Pt  Px  gx  cx  gn  gm  Pn  Pm  Ft  cm  pt  Fx  px  ct  pn  Fm  Fn  pm  dn  On  Om  dm  dx  Ox  dt  Ot  Gt  Cn  Cm  Gx  Cx  Gn  Gm  Ct  
1436686096  1656659114  0  92525221873  402256  341527  0  1254356  154  5157486  1866  425970831  2147483647  0  177801  0  0  0  205  452060  2147483647  0  24689  205  2147483647  0  647807  0  1190770441  37650888153  8999603  205  498774  106466  3900682  1243  20969608938  
1436686106  1670614374  0  93235645714  402256  341527  0  1264967  154  5197513  1866  429995064  2147483647  0  177801  0  0  0  205  455154  2147483647  0  24689  205  2147483647  0  647807  0  1190770441  37930023956  9068495  205  498774  106466  3929887  1243  21135455817  
1436686116  1681625115  0  93938139478  402256  341527  0  1273980  154  5236053  1866  431478033  2147483647  0  177801  0  0  0  205  456304  2147483647  0  24689  205  2147483647  0  647807  0  1190770441  38219843427  9136113  205  498774  106466  3959411  1243  21288977550  
1436686126  1686584918  0  94166630598  402256  341527  0  1278017  154  5247875  1866  432364840  2147483647  0  177801  0  0  0  205  456982  2147483647  0  24689  205  2147483647  0  647807  0  1190770441  38294972605  9155889  205  498774  106466  3967425  1243  21336055485  
1436686136  1694623085  0  94527166018  402256  341527  0  1284377  154  5267553  1866  435662098  2147483647  0  177801  0  0  0  205  459531  2147483647  0  24689  205  2147483647  0  647807  0  1190770441  38432611232  9188518  205  498774  106466  3980464  1243  21421558457  
1436686146  1706453289  0  95235016572  402256  341527  0  1293523  154  5308179  1866  439245709  2147483647  0  177801  0  0  0  205  462295  2147483647  0  25313  205  2147483647  0  647807  0  1222173833  38758110119  9260581  205  498774  106466  4012281  1243  21605609648  
1436686156  1714720551  0  95696573685  402256  341527  0  1299687  154  5334283  1866  441976726  2147483647  0  177801  0  0  0  205  464377  2147483647  0  25313  205  2147483647  0  647807  0  1222173833  38949950750  9306360  205  498774  106466  4032138  1243  21718360588  
1436686166  1717952851  0  95903992709  402256  341527  0  1302176  154  5345779  1866  442571323  2147483647  0  177801  0  0  0  205  464810  2147483647  0  25313  205  2147483647  0  647807  0  1222173833  39037582012  9326556  205  498774  106466  4040931  1243  21767467298  
1436686176  1727937466  0  96464780409  402256  341527  0  1309581  154  5376752  1866  444485516  2147483647  0  177801  0  0  0  205  466172  2147483647  0  25313  205  2147483647  0  647807  0  1222173833  39278165350  9380955  205  498774  106466  4064609  1243  21903936612  
1436686186  1739667386  0  96926476776  402256  341527  0  1318528  154  5400796  1866  447832433  2147483647  0  177801  0  0  0  205  468657  2147483647  0  25313  205  2147483647  0  647807  0  1222173833  39430322456  9419828  205  498774  106466  4079565  1243  22004659465  
1436686196  1753507759  0  97573371528  402256  341527  0  1329400  154  5438241  1866  451398999  2147483647  0  177801  0  0  0  205  471215  2147483647  0  25451  205  2147483647  0  647807  0  1234593695  39704006201  9483550  205  498774  106466  4106144  1243  22170666352  
1436686206  1760193470  0  97967570356  402256  341527  0  1334774  154  5460437  1866  452564766  2147483647  0  177801  0  0  0  205  472114  2147483647  0  25915  205  2147483647  0  647807  0  1275524609  39861386229  9522530  205  498774  106466  4123074  1243  22261911276  
1436686216  1771209268  0  98620108618  402256  341527  0  1343863  154  5501758  1866  455133050  2147483647  0  177801  0  0  0  205  474174  2147483647  0  25915  205  2147483647  0  647807  0  1275524609  40166782802  9595483  205  498774  106466  4155155  1243  22436972673  
1436686226  1783457339  0  99436436998  402256  341527  0  1353353  154  5546736  1866  457116659  2147483647  0  177801  0  0  0  205  475637  2147483647  0  25915  205  2147483647  0  647807  0  1275524609  40525150227  9675611  205  498774  106466  4190860  1243  22631406713  
1436686236  1794422331  0  99852531200  402256  341527  0  1361714  154  5567591  1866  459030185  2147483647  0  177801  0  0  0  205  476962  2147483647  0  25915  205  2147483647  0  647807  0  1275524609  40642599707  9708956  205  498774  106466  4203459  1243  22706823616  
1436686246  1795488561  0  99885096892  402256  341527  0  1362582  154  5569399  1866  459439638  2147483647  0  177801  0  0  0  205  477283  2147483647  0  25915  205  2147483647  0  647807  0  1275524609  40649816993  9711490  205  498774  106466  4204186  1243  22713191476  
1436686256  1804459423  0  100298541064  402256  341527  0  1369200  154  5591813  1866  461388473  2147483647  0  177801  0  0  0  205  478681  2147483647  0  26051  205  2147483647  0  647807  0  1286422830  40798818839  9749442  205  498774  106466  4219871  1243  22806753169  
1436686266  1812213936  0  100862793166  402256  341527  0  1375852  154  5625394  1866  463077256  2147483647  0  177801  0  0  0  205  480021  2147483647  0  26545  205  2147483647  0  647807  0  1300127405  41052980192  9809831  205  498774  106466  4246952  1243  22949177239  
1436686276  1822454885  0  101267720200  402256  341527  0  1384123  154  5647749  1866  465276205  2147483647  0  177801  0  0  0  205  481628  2147483647  0  26545  205  2147483647  0  647807  0  1300127405  41185421141  9846340  205  498774  106466  4261182  1243  23038267597  
1436686287  1827771800  0  101518290562  402256  341527  0  1388126  154  5661843  1866  466719849  2147483647  0  177801  0  0  0  205  482651  2147483647  0  26545  205  2147483647  0  647807  0  1300127405  41280249574  9870326  205  498774  106466  4271147  1243  23096144541  
#type:T;
#time  gt  cn  Pt  Px  gx  cx  gn  gm  Pn  Pm  Ft  cm  pt  Fx  px  ct  pn  Fm  Fn  pm  dn  On  Om  dm  dx  Ox  dt  Ot  Gt  Cn  Cm  Gx  Cx  Gn  Gm  Ct  
1436686307  1843208234  0  102739567955  402256  341527  0  1400264  154  5728727  1866  469839583  2147483647  0  177801  0  0  0  205  484867  2147483647  0  26545  205  2147483647  0  647807  0  1300127405  41831583361  9991066  205  498774  106466  4325860  1243  23384407565  
1436686317  1853884954  0  103530109266  402256  341527  0  1408757  154  5771235  1866  470960398  2147483647  0  177801  0  0  0  205  485695  2147483647  0  26686  205  2147483647  0  647807  0  1313201327  42163739881  10067375  205  498774  106466  4360035  1243  23557699189  
1436686328  1859702173  0  103842707541  402256  341527  0  1413366  154  5789164  1866  472088257  2147483647  0  177801  0  0  0  205  486535  2147483647  0  26686  205  2147483647  0  647807  0  1313201327  42291385352  10098383  205  498774  106466  4373266  1243  23632086835  
1436686338  1872289412  0  104429313610  402256  341527  0  1422386  154  5824382  1866  474247595  2147483647  0  177801  0  0  0  205  488231  2147483647  0  27159  205  2147483647  0  647807  0  1351238528  42557340002  10159434  205  498774  106466  4399370  1243  23789689790  
#type:T;
#time  gt  cn  Pt  Px  gx  cx  gn  gm  Pn  Pm  Ft  cm  pt  Fx  px  ct  pn  Fm  Fn  pm  dn  On  Om  dm  dx  Ox  dt  Ot  Gt  Cn  Cm  Gx  Cx  Gn  Gm  Ct  
1436686358  1892071229  0  105461975612  402256  341527  0  1438286  154  5886040  1866  479949096  2147483647  0  177801  0  0  0  205  492676  2147483647  0  27159  205  2147483647  0  647807  0  1351238528  43012116977  10266245  205  498774  106466  4445034  1243  24059157355  
1436686368  1897224293  0  105692627721  402256  341527  0  1442758  154  5899510  1866  481520136  2147483647  0  177801  0  0  0  205  493908  2147483647  0  27159  205  2147483647  0  647807  0  1351238528  43099546184  10288740  205  498774  106466  4454125  1243  24115446113  
1436686378  1904859001  0  106037452241  402256  341527  0  1448596  154  5918465  1866  483599562  2147483647  0  177801  0  0  0  205  495618  2147483647  0  27294  205  2147483647  0  647807  0  1363381230  43228883694  10320697  205  498774  106466  4467210  1243  24200282259  
#type:T;
#time  gt  cn  Pt  Px  gx  cx  gn  gm  Pn  Pm  Ft  cm  pt  Fx  px  ct  pn  Fm  Fn  pm  dn  On  Om  dm  dx  Ox  dt  Ot  Gt  Cn  Cm  Gx  Cx  Gn  Gm  Ct  
1436686398  1927986386  0  106939232540  402256  341527  0  1466728  154  5969318  1866  490539060  2147483647  0  177801  0  0  0  205  501247  2147483647  0  27794  205  2147483647  0  647807  0  1403375529  43548207048  10404129  205  498774  106466  4500070  1243  24410387520  
1436686408  1933625879  0  107551389225  402256  341527  0  1470763  154  6000926  1866  491638379  2147483647  0  177801  0  0  0  205  501989  2147483647  0  27794  205  2147483647  0  647807  0  1403375529  43838169646  10462942  205  498774  106466  4527755  1243  24543010517  
#type:T;
#time  gt  cn  Pt  Px  gx  cx  gn  gm  Pn  Pm  Ft  cm  pt  Fx  px  ct  pn  Fm  Fn  pm  dn  On  Om  dm  dx  Ox  dt  Ot  Gt  Cn  Cm  Gx  Cx  Gn  Gm  Ct  
1436686438  1968996180  0  109399584259  402256  341527  0  1498539  154  6104203  1866  500315564  2147483647  0  177801  0  0  0  205  508641  2147483647  0  28393  205  2147483647  0  647807  0  1427961141  44598964996  10640749  205  498774  106466  4603152  1243  24978527637  
1436686448  1974109749  0  109604682888  402256  341527  0  1502638  154  6115647  1866  502039008  2147483647  0  177801  0  0  0  205  510033  2147483647  0  28393  205  2147483647  0  647807  0  1427961141  44668788321  10659427  205  498774  106466  4610447  1243  25023181735  
1436686458  1985849029  0  110090122081  402256  341527  0  1511549  154  6141834  1866  504787170  2147483647  0  177801  0  0  0  205  511919  2147483647  0  28393  205  2147483647  0  647807  0  1427961141  44839968626  10702749  205  498774  106466  4627690  1243  25132927212  
1436686468  1996785351  0  111051913628  402256  341527  0  1519666  154  6193396  1866  507401971  2147483647  0  177801  0  0  0  205  513714  2147483647  0  28393  205  2147483647  0  647807  0  1427961141  45277814488  10796937  205  498774  106466  4671077  1243  25350410266  
1436686478  2010383871  0  111757209405  402256  341527  0  1529239  154  6232326  1866  510224552  2147483647  0  177801  0  0  0  205  515775  2147483647  0  28528  205  2147483647  0  647807  0  1440436948  45574953868  10864899  205  498774  106466  4700461  1243  25519876338  
1436686488  2016428435  0  111979107201  402256  341527  0  1533962  154  6244061  1866  511325291  2147483647  0  177801  0  0  0  205  516529  2147483647  0  28528  205  2147483647  0  647807  0  1440436948  45647393713  10883556  205  498774  106466  4707483  1243  25567953629  
1436686498  2030242853  0  112557954482  612312  341527  0  1543980  154  6278852  1866  516279609  2147483647  0  266646  0  0  0  205  519157  2147483647  0  29014  205  2147483647  0  647807  0  1487601292  45877520692  10942888  205  498774  106466  4732264  1243  25709162744  
1436686508  2041731253  0  113395214902  612312  341527  0  1553201  154  6326513  1866  518509108  2147483647  0  266646  0  0  0  205  520594  2147483647  0  29014  205  2147483647  0  647807  0  1487601292  46267233793  11028467  205  498774  106466  4770696  1243  25920785533  
1436686518  2053614430  0  114022018694  612312  341527  0  1562976  154  6362326  1866  520846545  2147483647  0  266646  0  0  0  205  522341  2147483647  0  29014  205  2147483647  0  647807  0  1487601292  46527866523  11089981  205  498774  106466  4796691  1243  26076421922  
1436686528  2056498458  0  114325024733  612312  341527  0  1564832  154  6378852  1866  521123914  2147483647  0  266646  0  0  0  205  522505  2147483647  0  29014  205  2147483647  0  647807  0  1487601292  46678855664  11120873  205  498774  106466  4811269  1243  26153855913  
1436686538  2067209508  0  114918283105  612312  341527  0  1573077  154  6412199  1866  522488534  2147483647  0  266646  0  0  0  205  523477  2147483647  0  29156  205  2147483647  0  647807  0  1499763518  46931410194  11179060  205  498774  106466  4836484  1243  26294582494  
#type:T;
#time  gt  cn  Pt  Px  gx  cx  gn  gm  Pn  Pm  Ft  cm  pt  Fx  px  ct  pn  Fm  Fn  pm  dn  On  Om  dm  dx  Ox  dt  Ot  Gt  Cn  Cm  Gx  Cx  Gn  Gm  Ct  
1436686558  2085515676  0  116033000874  612312  341527  0  1588116  154  6477126  1866  526504091  2147483647  0  266646  0  0  0  205  526575  2147483647  0  29631  205  2147483647  0  647807  0  1522579934  47426630875  11293246  205  498774  106466  4886315  1243  26580525006  
1436686573  2090623999  0  116315864992  612312  341527  0  1592348  154  6494219  1866  527677168  2147483647  0  266646  0  0  0  205  527447  2147483647  0  29631  205  2147483647  0  647807  0  1522579934  47542943330  11323159  205  498774  106466  4899275  1243  26646440145  
1436686583  2102934098  0  116916052280  612312  341527  0  1601404  154  6527697  1857  530753494  2147483647  0  266646  0  0  0  205  529512  2147483647  0  29631  205  2147483647  0  647807  0  1522579934  47800477054  11380677  205  498774  106466  4923653  1243  26799346047  
1436686593  2113701441  0  117481935885  612312  341527  0  1609061  154  6558925  1857  533068335  2147483647  0  266646  0  0  0  205  531135  2147483647  0  29766  205  2147483647  0  647807  0  1530372114  48037136468  11435158  205  498774  106466  4947218  1243  26934154628  
1436686603  2120869985  0  117832371386  612312  341527  0  1615033  154  6578819  1857  534570623  2147483647  0  266646  0  0  0  205  532175  2147483647  0  30260  205  2147483647  0  647807  0  1550949690  48179310668  11469155  205  498774  106466  4961464  1243  27017050594  
1436686614  2123769221  0  117966568980  612312  341527  0  1617554  154  6586721  1857  535594391  2147483647  0  266646  0  0  0  205  532927  2147483647  0  30260  205  2147483647  0  647807  0  1550949690  48226542944  11482062  205  498774  106466  4966477  1243  27050716440  
1436686624  2133413426  0  118322134296  612312  341527  0  1625092  154  6605195  1857  537985875  2147483647  0  266646  0  0  0  205  534633  2147483647  0  30260  205  2147483647  0  647807  0  1550949690  48331714578  11511460  205  498774  106466  4977463  1243  27123788191  
1436686634  2145361206  0  118747813761  612312  341527  0  1634611  154  6628893  1857  540048622  2147483647  0  266646  0  0  0  205  536174  2147483647  0  30260  205  2147483647  0  647807  0  1550949690  48467110072  11549150  205  498774  106466  4991558  1243  27215664983  
1436686644  2156440290  0  119706094359  612312  341527  0  1643435  154  6682963  1857  541990883  2147483647  0  266646  0  0  0  205  537688  2147483647  0  30260  205  2147483647  0  647807  0  1550949690  48886353581  11647859  205  498774  106466  5036863  1243  27429173055  
#type:T;
#time  gt  cn  Pt  Px  gx  cx  gn  gm  Pn  Pm  Ft  cm  pt  Fx  px  ct  pn  Fm  Fn  pm  dn  On  Om  dm  dx  Ox  dt  Ot  Gt  Cn  Cm  Gx  Cx  Gn  Gm  Ct  
1436686674  2182902658  0  121074056893  612312  341527  0  1663459  154  6763568  1857  547990162  2147483647  0  266646  0  0  0  205  542558  2147483647  0  30874  205  2147483647  0  647807  0  1592912195  49472857964  11788459  205  498774  106466  5097507  1243  27777458481  
1436686684  2191396415  0  121652677658  612312  341527  0  1669993  154  6794401  1857  549527189  2147483647  0  266646  0  0  0  205  543610  2147483647  0  30874  205  2147483647  0  647807  0  1592912195  49711005157  11843265  205  498774  106466  5121727  1243  27916735298  
1436686698  2199766641  0  122147088120  612312  341527  0  1676626  154  6822882  1857  551801833  2147483647  0  266646  0  0  0  205  545549  2147483647  0  30874  205  2147483647  0  647807  0  1592912195  49912658776  11893324  205  498774  106466  5143580  1243  28030655901  
1436686708  2210969646  0  122704349721  612312  341527  0  1685246  154  6853145  1857  553830162  2147483647  0  266646  0  0  0  205  547062  2147483647  0  30874  205  2147483647  0  647807  0  1592912195  50129382566  11944823  205  498774  106466  5165082  1243  28155940359  
1436686718  2221230561  0  123210731321  612312  341527  0  1693127  154  6880472  1857  555716866  2147483647  0  266646  0  0  0  205  548504  2147483647  0  31006  205  2147483647  0  647807  0  1596138760  50323142385  11991576  205  498774  106466  5184664  1243  28272827411  
1436686728  2227887643  0  123594810690  612312  341527  0  1698192  154  6908580  1857  557398416  2147483647  0  266646  0  0  0  205  549820  2147483647  0  31501  205  2147483647  0  647807  0  1624605133  50509650217  12045726  205  498774  106466  5210826  1243  28384672303  
1436686738  2227887643  0  123672741578  612312  341527  0  1698192  154  6913524  1857  558241489  2147483647  0  266646  0  0  0  205  550511  2147483647  0  31501  205  2147483647  0  647807  0  1624605133  50528927584  12052340  205  498774  106466  5212508  1243  28407951335  
1436686748  2227887643  0  123839438521  612312  341527  0  1698192  154  6927225  1857  562352287  2147483647  0  266646  0  0  0  205  554334  2147483647  0  31501  205  2147483647  0  647807  0  1624605133  50672360334  12079993  205  498774  106466  5226521  1243  28495363616  
1436686758  2227887643  0  124074692085  612312  341527  0  1698192  154  6947749  1857  568076903  2147483647  0  266646  0  0  0  205  559572  2147483647  0  31501  205  2147483647  0  647807  0  1624605133  50867842302  12120638  205  498774  106466  5246741  1243  28615145663  
