#Type:X;CI:7;ww:0;ca:0;co:0;fr:0;Type:X;CI:7;PI:0;PT:EP;U0:0;U1:0;
#time  Pp  gt  gs  cn  cm  cb  Nc  Pc  cp  Tc  Nm  pr  ps  pt  px  pd  Pm  Om  fs  ft  Oc  Em  Gp  Ec  Ge  ot  os  Total_cycles_diff  Successful_get_diff  Total_get_diff  succ_put_diff  total_put_diff  get_hit  
1439887476  0  0  0  0  0  0  0  0  0  948821  0  0  0  0  0  0  0  0  0  0  0  0  0  0  0  0  0  948821  0  0  0  0  
1439887486  0  0  0  0  0  0  0  0  0  3728792  0  0  0  0  0  0  0  0  0  21  0  0  0  0  0  46  0  2779971  0  0  0  0  0 
1439887496  0  0  0  0  0  0  0  0  0  3728792  0  0  0  0  0  0  0  0  0  21  0  0  0  0  0  46  0  0  0  0  0  0  0 
1439887506  0  0  0  0  0  0  0  0  0  3728792  0  0  0  0  0  0  0  0  0  21  0  0  0  0  0  46  0  0  0  0  0  0  0 
1439887516  0  0  0  0  0  0  0  0  0  3731790  0  0  0  0  0  0  0  0  0  21  0  0  0  0  0  46  0  2998  0  0  0  0  0 
1439887526  0  0  0  0  0  0  0  0  0  3731790  0  0  0  0  0  0  0  0  0  21  0  0  0  0  0  46  0  0  0  0  0  0  0 
1439887536  0  0  0  0  0  0  0  0  0  3731790  0  0  0  0  0  0  0  0  0  21  0  0  0  0  0  46  0  0  0  0  0  0  0 
1439887546  0  0  0  0  0  0  0  0  0  3731790  0  0  0  0  0  0  0  0  0  21  0  0  0  0  0  46  0  0  0  0  0  0  0 
1439887556  0  0  0  0  0  0  0  0  0  3731790  0  0  0  0  0  0  0  0  0  21  0  0  0  0  0  46  0  0  0  0  0  0  0 
1439887566  0  0  0  0  0  0  0  0  0  3731790  0  0  0  0  0  0  0  0  0  21  0  0  0  0  0  46  0  0  0  0  0  0  0 
1439887576  0  0  0  0  0  0  0  0  0  3731790  0  0  0  0  0  0  0  0  0  21  0  0  0  0  0  46  0  0  0  0  0  0  0 
1439887586  0  0  0  0  0  0  0  0  0  3731790  0  0  0  0  0  0  0  0  0  21  0  0  0  0  0  46  0  0  0  0  0  0  0 
1439887596  0  0  0  0  0  0  0  0  0  3731790  0  0  0  0  0  0  0  0  0  21  0  0  0  0  0  46  0  0  0  0  0  0  0 
1439887606  0  0  0  0  0  0  0  0  0  3731790  0  0  0  0  0  0  0  0  0  21  0  0  0  0  0  46  0  0  0  0  0  0  0 
1439887616  0  0  0  0  0  0  0  0  0  3731790  0  0  0  0  0  0  0  0  0  21  0  0  0  0  0  46  0  0  0  0  0  0  0 
1439887626  0  0  0  0  0  0  0  0  0  3816479  0  0  0  0  0  0  0  0  0  21  0  0  0  0  0  47  0  84689  0  0  0  0  0 
1439887636  0  0  0  0  0  0  0  0  0  3816479  0  0  0  0  0  0  0  0  0  21  0  0  0  0  0  47  0  0  0  0  0  0  0 
1439887646  0  0  0  0  0  0  0  0  0  3816479  0  0  0  0  0  0  0  0  0  21  0  0  0  0  0  47  0  0  0  0  0  0  0 
1439887656  0  0  0  0  0  0  0  0  0  3816479  0  0  0  0  0  0  0  0  0  21  0  0  0  0  0  47  0  0  0  0  0  0  0 
1439887666  0  0  0  0  0  0  0  0  0  3816479  0  0  0  0  0  0  0  0  0  21  0  0  0  0  0  47  0  0  0  0  0  0  0 
1439887676  0  0  0  0  0  0  0  0  0  3816479  0  0  0  0  0  0  0  0  0  21  0  0  0  0  0  47  0  0  0  0  0  0  0 
1439887686  0  0  0  0  0  0  0  0  0  3816479  0  0  0  0  0  0  0  0  0  21  0  0  0  0  0  47  0  0  0  0  0  0  0 
1439887696  0  0  0  0  0  0  0  0  0  3816479  0  0  0  0  0  0  0  0  0  21  0  0  0  0  0  47  0  0  0  0  0  0  0 
1439887706  0  0  0  0  0  0  0  0  0  3816479  0  0  0  0  0  0  0  0  0  21  0  0  0  0  0  47  0  0  0  0  0  0  0 
1439887716  0  0  0  0  0  0  0  0  0  3816479  0  0  0  0  0  0  0  0  0  21  0  0  0  0  0  47  0  0  0  0  0  0  0 
1439887726  0  0  0  0  0  0  0  0  0  3816479  0  0  0  0  0  0  0  0  0  21  0  0  0  0  0  47  0  0  0  0  0  0  0 
1439887736  0  0  0  0  0  0  0  0  0  3816479  0  0  0  0  0  0  0  0  0  21  0  0  0  0  0  47  0  0  0  0  0  0  0 
1439887746  0  0  0  0  0  0  0  0  0  3816479  0  0  0  0  0  0  0  0  0  21  0  0  0  0  0  47  0  0  0  0  0  0  0 
1439887756  0  0  0  0  0  0  0  0  0  3816479  0  0  0  0  0  0  0  0  0  21  0  0  0  0  0  47  0  0  0  0  0  0  0 
1439887766  0  0  0  0  0  0  0  0  0  3816479  0  0  0  0  0  0  0  0  0  21  0  0  0  0  0  47  0  0  0  0  0  0  0 
1439887776  0  0  0  0  0  0  0  0  0  3816479  0  0  0  0  0  0  0  0  0  21  0  0  0  0  0  47  0  0  0  0  0  0  0 
1439887786  0  0  0  0  0  0  0  0  0  3816479  0  0  0  0  0  0  0  0  0  21  0  0  0  0  0  47  0  0  0  0  0  0  0 
1439887796  0  0  0  0  0  0  0  0  0  3816479  0  0  0  0  0  0  0  0  0  21  0  0  0  0  0  47  0  0  0  0  0  0  0 
1439887806  0  0  0  0  0  0  0  0  0  3816479  0  0  0  0  0  0  0  0  0  21  0  0  0  0  0  47  0  0  0  0  0  0  0 
1439887816  0  0  0  0  0  0  0  0  0  3816479  0  0  0  0  0  0  0  0  0  21  0  0  0  0  0  47  0  0  0  0  0  0  0 
