#Type:X;CI:4;ww:0;ca:0;co:0;fr:0;Type:X;CI:4;PI:0;PT:EP;U0:0;U1:0;
#time  Pp  gt  gs  cn  cm  cb  Nc  Pc  cp  Tc  Nm  pr  ps  pt  px  pd  Pm  Om  fs  ft  Oc  Em  Gp  Ec  Ge  ot  os  Total_cycles_diff  Successful_get_diff  Total_get_diff  succ_put_diff  total_put_diff  get_hit  
1439080344  0  0  0  0  0  0  0  0  0  2310180  0  0  0  0  0  0  0  0  0  0  0  0  0  0  0  0  0  2310180  0  0  0  0  
1439080354  0  0  0  0  0  0  0  0  0  3149909  0  0  0  0  0  0  0  0  0  0  0  0  0  0  0  0  0  839729  0  0  0  0  0 
1439080364  0  0  0  0  0  0  0  0  0  3149909  0  0  0  0  0  0  0  0  0  0  0  0  0  0  0  0  0  0  0  0  0  0  0 
1439080374  0  0  0  0  0  0  0  0  0  3149909  0  0  0  0  0  0  0  0  0  0  0  0  0  0  0  0  0  0  0  0  0  0  0 
1439080384  0  0  0  0  0  0  0  0  0  3149909  0  0  0  0  0  0  0  0  0  0  0  0  0  0  0  0  0  0  0  0  0  0  0 
1439080394  0  0  0  0  0  0  0  0  0  3149909  0  0  0  0  0  0  0  0  0  0  0  0  0  0  0  0  0  0  0  0  0  0  0 
1439080404  0  0  0  0  0  0  0  0  0  3149909  0  0  0  0  0  0  0  0  0  0  0  0  0  0  0  0  0  0  0  0  0  0  0 
1439080414  0  0  0  0  0  0  0  0  0  3149909  0  0  0  0  0  0  0  0  0  0  0  0  0  0  0  0  0  0  0  0  0  0  0 
1439080424  0  0  0  0  0  0  0  0  0  3149909  0  0  0  0  0  0  0  0  0  0  0  0  0  0  0  0  0  0  0  0  0  0  0 
1439080434  0  0  0  0  0  0  0  0  0  3149909  0  0  0  0  0  0  0  0  0  0  0  0  0  0  0  0  0  0  0  0  0  0  0 
1439080444  0  0  0  0  0  0  0  0  0  3149909  0  0  0  0  0  0  0  0  0  0  0  0  0  0  0  0  0  0  0  0  0  0  0 
1439080454  0  0  0  0  0  0  0  0  0  3149909  0  0  0  0  0  0  0  0  0  0  0  0  0  0  0  0  0  0  0  0  0  0  0 
1439080464  0  0  0  0  0  0  0  0  0  3149909  0  0  0  0  0  0  0  0  0  0  0  0  0  0  0  0  0  0  0  0  0  0  0 
1439080474  0  0  0  0  0  0  0  0  0  4151501  0  0  0  0  0  0  0  0  0  0  0  0  0  0  0  0  0  1001592  0  0  0  0  0 
1439080484  0  0  0  0  0  0  0  0  0  4154090  0  0  0  0  0  0  0  0  0  0  0  0  0  0  0  0  0  2589  0  0  0  0  0 
1439080494  0  0  0  0  0  0  0  0  0  4154090  0  0  0  0  0  0  0  0  0  0  0  0  0  0  0  0  0  0  0  0  0  0  0 
1439080504  0  0  0  0  0  0  0  0  0  4154090  0  0  0  0  0  0  0  0  0  0  0  0  0  0  0  0  0  0  0  0  0  0  0 
1439080514  0  0  0  0  0  0  0  0  0  4154090  0  0  0  0  0  0  0  0  0  0  0  0  0  0  0  0  0  0  0  0  0  0  0 
1439080524  0  0  0  0  0  0  0  0  0  4154090  0  0  0  0  0  0  0  0  0  0  0  0  0  0  0  0  0  0  0  0  0  0  0 
1439080534  0  0  0  0  0  0  0  0  0  4154090  0  0  0  0  0  0  0  0  0  0  0  0  0  0  0  0  0  0  0  0  0  0  0 
1439080544  0  0  0  0  0  0  0  0  0  4154090  0  0  0  0  0  0  0  0  0  0  0  0  0  0  0  0  0  0  0  0  0  0  0 
1439080554  0  0  0  0  0  0  0  0  0  4154090  0  0  0  0  0  0  0  0  0  0  0  0  0  0  0  0  0  0  0  0  0  0  0 
1439080564  0  0  0  0  0  0  0  0  0  4154090  0  0  0  0  0  0  0  0  0  0  0  0  0  0  0  0  0  0  0  0  0  0  0 
1439080574  0  0  0  0  0  0  0  0  0  4154090  0  0  0  0  0  0  0  0  0  0  0  0  0  0  0  0  0  0  0  0  0  0  0 
1439080584  0  0  0  0  0  0  0  0  0  4154090  0  0  0  0  0  0  0  0  0  0  0  0  0  0  0  0  0  0  0  0  0  0  0 
1439080594  0  0  0  0  0  0  0  0  0  4154090  0  0  0  0  0  0  0  0  0  0  0  0  0  0  0  0  0  0  0  0  0  0  0 
1439080604  0  0  0  0  0  0  0  0  0  4154090  0  0  0  0  0  0  0  0  0  0  0  0  0  0  0  0  0  0  0  0  0  0  0 
1439080614  0  0  0  0  0  0  0  0  0  4154090  0  0  0  0  0  0  0  0  0  0  0  0  0  0  0  0  0  0  0  0  0  0  0 
1439080624  0  0  0  0  0  0  0  0  0  4154090  0  0  0  0  0  0  0  0  0  0  0  0  0  0  0  0  0  0  0  0  0  0  0 
1439080634  0  0  0  0  0  0  0  0  0  4154090  0  0  0  0  0  0  0  0  0  0  0  0  0  0  0  0  0  0  0  0  0  0  0 
1439080644  0  0  0  0  0  0  0  0  0  4154090  0  0  0  0  0  0  0  0  0  0  0  0  0  0  0  0  0  0  0  0  0  0  0 
1439080654  0  0  0  0  0  0  0  0  0  4154090  0  0  0  0  0  0  0  0  0  0  0  0  0  0  0  0  0  0  0  0  0  0  0 
1439080664  0  0  0  0  0  0  0  0  0  4154090  0  0  0  0  0  0  0  0  0  0  0  0  0  0  0  0  0  0  0  0  0  0  0 
