#Type:X;CI:1;ww:0;ca:0;co:0;fr:0;Type:X;CI:1;PI:0;PT:EP;U0:0;U1:0;
#time  Pp  gt  gs  cn  cm  cb  Nc  Pc  cp  Tc  Nm  pr  ps  pt  px  pd  Pm  Om  fs  ft  Oc  Em  Gp  Ec  Ge  ot  os  Total_cycles_diff  Successful_get_diff  Total_get_diff  succ_put_diff  total_put_diff  get_hit  
1438456218  0  0  0  0  0  0  0  0  0  2441347  0  0  0  0  0  0  0  0  0  21  0  0  0  0  0  46  0  2441347  0  0  0  0  
1438456228  0  0  0  0  0  0  0  0  0  2441347  0  0  0  0  0  0  0  0  0  21  0  0  0  0  0  46  0  0  0  0  0  0  0 
1438456238  0  31424  0  0  0  0  758  31604  0  581983291  758  0  31604  31604  0  0  31604  273  0  63  273  31604  0  31604  0  46  0  579541944  0  31424  31604  31604  0.0  
1438456248  0  221962  85364  0  0  0  2841  134760  0  4019679064  2843  0  220124  220124  0  0  135834  273  0  63  273  135834  0  134760  85364  46  0  3437695773  85364  190538  188520  188520  38.4588352961  
1438456258  0  1918248  1751977  0  0  0  3766  164080  0  32338381369  3800  0  1916057  1916055  0  0  164561  334  0  74  334  164561  0  164080  1751977  46  0  28318702305  1666613  1696286  1695933  1695931  91.3321426635  
1438456268  0  3907232  3740976  0  0  0  3386  163830  0  64449227063  3907  0  3904806  3904796  0  0  164561  334  0  74  334  164561  0  163830  3740976  46  0  32110845694  1988999  1988984  1988749  1988741  95.7449160941  
1438456278  0  5917568  5751344  0  0  0  3662  164068  0  97755576467  3907  0  5915412  5915395  0  0  164561  334  0  74  334  164561  0  164068  5751344  46  0  33306349404  2010368  2010336  2010606  2010599  97.191008198  
1438456288  0  7994928  7828720  0  0  0  3692  164196  0  131953690058  3907  0  7992916  7992892  0  0  164584  334  0  74  334  164584  0  164196  7828720  46  0  34198113591  2077376  2077360  2077504  2077497  97.921081966  
1438456298  0  9993769  9827575  0  0  0  3713  164064  0  165150648043  3907  0  9991639  9991598  0  0  164584  334  0  74  334  164584  0  164064  9827575  46  0  33196957985  1998855  1998841  1998723  1998706  98.3370237995  
1438456308  0  12065610  11899434  0  0  0  3634  164256  0  199272935486  3907  0  12063690  12063639  0  0  164584  334  0  74  334  164584  0  164256  11899434  46  0  34122287443  2071859  2071841  2072051  2072041  98.6227302225  
1438456318  0  14157121  13990957  0  0  0  3703  164234  0  233712744968  3907  0  14155191  14155135  0  0  164584  334  0  74  334  164584  0  164234  13990957  46  0  34439809482  2091523  2091511  2091501  2091496  98.8262867853  
1438456328  0  16202274  16036131  0  0  0  3611  164096  0  267395495506  3907  0  16200227  16200164  0  0  164584  334  0  74  334  164584  0  164096  16036131  46  0  33682750538  2045174  2045153  2045036  2045029  98.9745698659  
1438456338  0  18211984  18045862  0  0  0  3655  163975  0  300623912270  3907  0  18209837  18209766  0  0  164629  334  0  74  334  164629  0  163975  18045862  46  0  33228416764  2009731  2009710  2009610  2009602  99.087842379  
1438456348  0  20260347  20094257  0  0  0  3449  164111  0  334414340248  3907  0  20258368  20258290  0  0  164629  334  0  74  334  164629  0  164111  20094257  46  0  33790427978  2048395  2048363  2048531  2048524  99.1802213457  
1438456358  0  22515209  22349140  0  0  0  3572  164216  0  371689884493  3907  0  22513356  22513268  0  0  164629  334  0  74  334  164629  0  164216  22349140  46  0  37275544245  2254883  2254862  2254988  2254978  99.2624141308  
1438456368  0  24575055  24408999  0  0  0  3626  164342  0  405639851259  3907  0  24573341  24573244  0  0  164629  334  0  74  334  164629  0  164342  24408999  46  0  33949966766  2059859  2059846  2059985  2059976  99.3242904238  
1438456378  0  26619100  26453064  0  0  0  3630  164213  0  439514722700  3907  0  26617277  26617172  0  0  164629  334  0  74  334  164629  0  164213  26453064  46  0  33874871441  2044065  2044045  2043936  2043928  99.3762523902  
1438456388  0  28715941  28549932  0  0  0  3659  164051  0  474022251182  3907  0  28713983  28713866  0  0  164629  334  0  74  334  164629  0  164051  28549932  46  0  34507528482  2096868  2096841  2096706  2096694  99.42189253  
1438456398  0  30785262  30619270  0  0  0  3724  164106  0  508085047254  3907  0  30783376  30783249  0  0  164629  334  0  74  334  164629  0  164106  30619270  46  0  34062796072  2069338  2069321  2069393  2069383  99.4608069277  
1438456408  0  32866339  32700363  0  0  0  3739  164084  0  542298053801  3907  0  32864447  32864312  0  0  164629  334  0  74  334  164629  0  164084  32700363  46  0  34213006547  2081093  2081077  2081071  2081063  99.4949969937  
1438456418  0  34833089  34667149  0  0  0  3545  163814  0  575090264769  3907  0  34830963  34830818  0  0  164629  334  0  74  334  164629  0  163814  34667149  46  0  32792210968  1966786  1966750  1966516  1966506  99.5236138833  
1438456428  0  36931068  36765147  0  0  0  3705  164119  0  609664038213  3907  0  36929266  36929109  0  0  164629  334  0  74  334  164629  0  164119  36765147  46  0  34573773444  2097998  2097979  2098303  2098291  99.5507278587  
1438456438  0  38969619  38803709  0  0  0  3552  164080  0  643325909476  3907  0  38967789  38967620  0  0  164629  334  0  74  334  164629  0  164080  38803709  46  0  33661871263  2038562  2038551  2038523  2038511  99.5742580906  
1438456448  0  41252438  41086558  0  0  0  3762  164117  0  681001658394  3907  0  41250675  41250492  0  0  164629  334  0  74  334  164629  0  164117  41086558  46  0  37675748918  2282849  2282819  2282886  2282872  99.5978904326  
1438456458  0  43282984  43117130  0  0  0  3578  164166  0  714496742628  3907  0  43281297  43281106  0  0  164629  334  0  74  334  164629  0  164166  43117130  46  0  33495084234  2030572  2030546  2030622  2030614  99.6168147741  
1438456468  0  45291769  45125935  0  0  0  3510  164059  0  747873241557  3907  0  45289995  45289797  0  0  164629  334  0  74  334  164629  0  164059  45125935  46  0  33376498929  2008805  2008785  2008698  2008691  99.6338540012  
1438456478  0  47321418  47155602  0  0  0  3580  164156  0  781502885475  3907  0  47319759  47319547  0  0  164629  334  0  74  334  164629  0  164156  47155602  46  0  33629643918  2029667  2029649  2029764  2029750  99.6495962991  
1438456488  0  49367787  49201988  0  0  0  3576  163812  0  815422300156  3907  0  49365801  49365575  0  0  164642  334  0  74  334  164642  0  163812  49201988  46  0  33919414681  2046386  2046369  2046042  2046028  99.6641554948  
1438456498  0  51408027  51242250  0  0  0  3569  164218  0  849203969591  3907  0  51406469  51406234  0  0  164642  334  0  74  334  164642  0  164218  51242250  46  0  33781669435  2040262  2040240  2040668  2040659  99.6775270134  
1438456508  0  53463742  53297983  0  0  0  3576  164027  0  883166356272  3907  0  53462011  53461771  0  0  164642  334  0  74  334  164642  0  164027  53297983  46  0  33962386681  2055733  2055715  2055542  2055537  99.6899599732  
1438456518  0  55415592  55249860  0  0  0  3507  163843  0  915727901527  3907  0  55413704  55413455  0  0  164642  334  0  74  334  164642  0  163843  55249860  46  0  32561545255  1951877  1951850  1951693  1951684  99.7009289371  
1438456528  0  57418133  57252422  0  0  0  3438  163909  0  948977002565  3907  0  57416332  57416075  0  0  164642  334  0  74  334  164642  0  163909  57252422  46  0  33249101038  2002562  2002541  2002628  2002620  99.7113960497  
1438456538  0  59678023  59512333  0  0  0  3534  164247  0  986489937817  3907  0  59676581  59676317  0  0  164642  334  0  74  334  164642  0  164247  59512333  46  0  37512935252  2259911  2259890  2260249  2260242  99.7223601057  
1438456548  0  61724495  61558815  0  0  0  3747  164280  0  1020121426988  3907  0  61723096  61722824  0  0  164642  334  0  74  334  164642  0  164280  61558815  46  0  33631489171  2046482  2046472  2046515  2046507  99.731581441  
1438456558  0  63837826  63672161  0  0  0  3510  164132  0  1054865336359  3907  0  63836294  63836009  0  0  164642  334  0  74  334  164642  0  164132  63672161  46  0  34743909371  2113346  2113331  2113198  2113185  99.7404908494  
1438456568  0  65819446  65653796  0  0  0  3494  164380  0  1087731678379  3907  0  65818177  65817882  0  0  164642  334  0  74  334  164642  0  164380  65653796  46  0  32866342020  1981635  1981620  1981883  1981873  99.7483266571  
1438456578  0  67912945  67747308  0  0  0  3659  164196  0  1122115975633  3907  0  67911506  67911202  0  0  164642  334  0  74  334  164642  0  164196  67747308  46  0  34384297254  2093512  2093499  2093329  2093320  99.7561039357  
1438456588  0  70013093  69847462  0  0  0  3673  163877  0  1156587871364  3907  0  70011341  70011029  0  0  164642  334  0  74  334  164642  0  163877  69847462  46  0  34471895731  2100154  2100148  2099835  2099827  99.7634285347  
1438456598  0  72138597  71972984  0  0  0  3631  164331  0  1190929104563  3907  0  72137317  72136992  0  0  164642  334  0  74  334  164642  0  164331  71972984  46  0  34341233199  2125522  2125504  2125976  2125963  99.7704238689  
1438456608  0  74235943  74070350  0  0  0  3523  164071  0  1224090037043  3907  0  74234423  74234090  0  0  164642  334  0  74  334  164642  0  164071  74070350  46  0  33160932480  2097366  2097346  2097106  2097098  99.7769368943  
1438456618  0  76600086  76434511  0  0  0  3698  164086  0  1261201020643  3907  0  76598599  76598255  0  0  164642  334  0  74  334  164642  0  164086  76434511  46  0  37110983600  2364161  2364143  2364176  2364165  99.7838448902  
1438456628  0  78777216  78611656  0  0  0  3708  164160  0  1295222478493  3907  0  78775818  78775471  0  0  164642  334  0  74  334  164642  0  164160  78611656  46  0  34021457850  2177145  2177130  2177219  2177216  99.7898377115  
1438456638  0  80918009  80752465  0  0  0  3611  164335  0  1328791544779  3907  0  80916802  80916449  0  0  164642  334  0  74  334  164642  0  164335  80752465  46  0  33569066286  2140809  2140793  2140984  2140978  99.795417606  
1438456648  0  83096996  82931467  0  0  0  3662  164074  0  1362890438387  3907  0  83095543  83095180  0  0  164642  334  0  74  334  164642  0  164074  82931467  46  0  34098893608  2179002  2178987  2178741  2178731  99.80080026  
1438456658  0  85286333  85120818  0  0  0  3576  164077  0  1397078837364  3907  0  85284897  85284521  0  0  164642  334  0  74  334  164642  0  164077  85120818  46  0  34188398977  2189351  2189337  2189354  2189341  99.8059302186  
1438456668  0  87449287  87283784  0  0  0  3774  164033  0  1430889896488  3907  0  87447819  87447437  0  0  164642  334  0  74  334  164642  0  164033  87283784  46  0  33811059124  2162966  2162954  2162922  2162916  99.8107440258  
1438456678  0  89650116  89484628  0  0  0  3596  163971  0  1465167320270  3907  0  89648601  89648212  0  0  164642  334  0  74  334  164642  0  163971  89484628  46  0  34277423782  2200844  2200829  2200782  2200775  99.81540682  
1438456688  0  92037935  91872463  0  0  0  3423  164064  0  1502651955223  3907  0  92036529  92036125  0  0  164642  334  0  74  334  164642  0  164064  91872463  46  0  37484634953  2387835  2387819  2387928  2387913  99.8202132632  
1438456698  0  94150067  93984611  0  0  0  3746  164082  0  1535976472592  3907  0  94148695  94148282  0  0  164647  334  0  74  334  164647  0  164082  93984611  46  0  33324517369  2112148  2112132  2112166  2112157  99.8242635345  
1438456708  0  96359255  96193809  0  0  0  3704  164138  0  1570466876320  3907  0  96357949  96357524  0  0  164647  334  0  74  334  164647  0  164138  96193809  46  0  34490403728  2209198  2209188  2209254  2209242  99.8283029482  
1438456718  0  98553788  98388356  0  0  0  3611  164071  0  1604817976622  3907  0  98552429  98551998  0  0  164647  334  0  74  334  164647  0  164071  98388356  46  0  34351100302  2194547  2194533  2194480  2194474  99.8321403942  
1438456728  0  100735240  100569819  0  0  0  3718  164259  0  1638809935872  3907  0  100734080  100733639  0  0  164647  334  0  74  334  164647  0  164259  100569819  46  0  33991959250  2181463  2181452  2181651  2181641  99.8357863643  
1438456738  0  102925967  102760558  0  0  0  3613  164123  0  1673000393620  3907  0  102924683  102924229  0  0  164647  334  0  74  334  164647  0  164123  102760558  46  0  34190457748  2190739  2190727  2190603  2190590  99.8392932271  
1438456748  0  105086544  104921143  0  0  0  3659  164177  0  1706934626720  3907  0  105085322  105084860  0  0  164647  334  0  74  334  164647  0  164177  104921143  46  0  33934233100  2160585  2160577  2160639  2160631  99.8426049676  
1438456758  0  107235168  107069778  0  0  0  3679  164192  0  1740600320660  3907  0  107233972  107233501  0  0  164647  334  0  74  334  164647  0  164192  107069778  46  0  33665693940  2148635  2148624  2148650  2148641  99.8457688806  
1438456768  0  109669142  109503768  0  0  0  3750  164068  0  1778706040222  3907  0  109667838  109667357  0  0  164647  334  0  74  334  164647  0  164068  109503768  46  0  38105719562  2433990  2433974  2433866  2433856  99.8492064431  
1438456778  0  111802035  111636676  0  0  0  3550  164018  0  1812274800234  3907  0  111800696  111800208  0  0  164647  334  0  74  334  164647  0  164018  111636676  46  0  33568760012  2132908  2132893  2132858  2132851  99.8520966099  
1438456788  0  113920523  113755180  0  0  0  3534  164271  0  1845676850175  3907  0  113919453  113918957  0  0  164647  334  0  74  334  164647  0  164271  113755180  46  0  33402049941  2118504  2118488  2118757  2118749  99.8548610947  
1438456798  0  116008538  115843221  0  0  0  3574  164211  0  1878587155899  3907  0  116007434  116006929  0  0  164647  334  0  74  334  164647  0  164211  115843221  46  0  32910305724  2088041  2088015  2087981  2087972  99.8574958336  
1438456808  0  118056192  117890899  0  0  0  3568  164195  0  1911179753996  3907  0  118055096  118054579  0  0  164647  334  0  74  334  164647  0  164195  117890899  46  0  32592598097  2047678  2047654  2047662  2047650  99.8599878607  
1438456818  0  120211706  120046436  0  0  0  3567  164033  0  1944982845044  3907  0  120210471  120209941  0  0  164647  334  0  74  334  164647  0  164033  120046436  46  0  33803091048  2155537  2155514  2155375  2155362  99.8625175488  
1438456828  0  122416146  122250886  0  0  0  3676  164168  0  1979344016809  3907  0  122415056  122414517  0  0  164647  334  0  74  334  164647  0  164168  122250886  46  0  34361171765  2204450  2204440  2204585  2204576  99.865001468  
1438456839  0  124795291  124630051  0  0  0  3449  164070  0  2016536728912  3907  0  124794123  124793576  0  0  164647  334  0  74  334  164647  0  164070  124630051  46  0  37192712103  2379165  2379145  2379067  2379059  99.8675911577  
1438456849  0  126776683  126611447  0  0  0  3147  163729  0  2047587271054  3907  0  126775178  126774623  0  0  164647  334  0  74  334  164647  0  163729  126611447  46  0  31050542142  1981396  1981392  1981055  1981047  99.8696637299  
