#Type:X;CI:6;ww:0;ca:0;co:0;fr:0;Type:X;CI:6;PI:0;PT:EP;U0:0;U1:0;
#time  Pp  gt  gs  cn  cm  cb  Nc  Pc  cp  Tc  Nm  pr  ps  pt  px  pd  Pm  Om  fs  ft  Oc  Em  Gp  Ec  Ge  ot  os  Total_cycles_diff  Successful_get_diff  Total_get_diff  succ_put_diff  total_put_diff  get_hit  
1439898266  0  0  0  0  0  0  0  0  0  608390  0  0  0  0  0  0  0  0  0  0  0  0  0  0  0  0  0  608390  0  0  0  0  
1439898276  0  0  0  0  0  0  0  0  0  1317677  0  0  0  0  0  0  0  0  0  13  0  0  0  0  0  39  0  709287  0  0  0  0  0 
1439898286  0  0  0  0  0  0  0  0  0  1317677  0  0  0  0  0  0  0  0  0  13  0  0  0  0  0  39  0  0  0  0  0  0  0 
1439898296  0  0  0  0  0  0  0  0  0  1317677  0  0  0  0  0  0  0  0  0  13  0  0  0  0  0  39  0  0  0  0  0  0  0 
1439898306  0  0  0  0  0  0  0  0  0  1317677  0  0  0  0  0  0  0  0  0  13  0  0  0  0  0  39  0  0  0  0  0  0  0 
1439898316  0  0  0  0  0  0  0  0  0  1317677  0  0  0  0  0  0  0  0  0  13  0  0  0  0  0  39  0  0  0  0  0  0  0 
1439898326  0  0  0  0  0  0  0  0  0  1320634  0  0  0  0  0  0  0  0  0  13  0  0  0  0  0  39  0  2957  0  0  0  0  0 
1439898336  0  0  0  0  0  0  0  0  0  1320634  0  0  0  0  0  0  0  0  0  13  0  0  0  0  0  39  0  0  0  0  0  0  0 
1439898346  0  0  0  0  0  0  0  0  0  1320634  0  0  0  0  0  0  0  0  0  13  0  0  0  0  0  39  0  0  0  0  0  0  0 
1439898356  0  0  0  0  0  0  0  0  0  1320634  0  0  0  0  0  0  0  0  0  13  0  0  0  0  0  39  0  0  0  0  0  0  0 
1439898366  0  0  0  0  0  0  0  0  0  1320634  0  0  0  0  0  0  0  0  0  13  0  0  0  0  0  39  0  0  0  0  0  0  0 
1439898376  0  0  0  0  0  0  0  0  0  1320634  0  0  0  0  0  0  0  0  0  13  0  0  0  0  0  39  0  0  0  0  0  0  0 
1439898386  0  0  0  0  0  0  0  0  0  1320634  0  0  0  0  0  0  0  0  0  13  0  0  0  0  0  39  0  0  0  0  0  0  0 
1439898396  0  0  0  0  0  0  0  0  0  1320634  0  0  0  0  0  0  0  0  0  13  0  0  0  0  0  39  0  0  0  0  0  0  0 
1439898406  0  0  0  0  0  0  0  0  0  1320634  0  0  0  0  0  0  0  0  0  13  0  0  0  0  0  39  0  0  0  0  0  0  0 
1439898416  0  0  0  0  0  0  0  0  0  1320634  0  0  0  0  0  0  0  0  0  13  0  0  0  0  0  39  0  0  0  0  0  0  0 
1439898426  0  0  0  0  0  0  0  0  0  1320634  0  0  0  0  0  0  0  0  0  13  0  0  0  0  0  39  0  0  0  0  0  0  0 
1439898436  0  0  0  0  0  0  0  0  0  1320634  0  0  0  0  0  0  0  0  0  13  0  0  0  0  0  39  0  0  0  0  0  0  0 
1439898446  0  0  0  0  0  0  0  0  0  1320634  0  0  0  0  0  0  0  0  0  13  0  0  0  0  0  39  0  0  0  0  0  0  0 
1439898456  0  0  0  0  0  0  0  0  0  1320634  0  0  0  0  0  0  0  0  0  13  0  0  0  0  0  39  0  0  0  0  0  0  0 
1439898466  0  0  0  0  0  0  0  0  0  1320634  0  0  0  0  0  0  0  0  0  13  0  0  0  0  0  39  0  0  0  0  0  0  0 
1439898476  0  0  0  0  0  0  0  0  0  1320634  0  0  0  0  0  0  0  0  0  13  0  0  0  0  0  39  0  0  0  0  0  0  0 
1439898486  0  0  0  0  0  0  0  0  0  1320634  0  0  0  0  0  0  0  0  0  13  0  0  0  0  0  39  0  0  0  0  0  0  0 
1439898496  0  0  0  0  0  0  0  0  0  1320634  0  0  0  0  0  0  0  0  0  13  0  0  0  0  0  39  0  0  0  0  0  0  0 
1439898506  0  0  0  0  0  0  0  0  0  1320634  0  0  0  0  0  0  0  0  0  13  0  0  0  0  0  39  0  0  0  0  0  0  0 
1439898516  0  0  0  0  0  0  0  0  0  1320634  0  0  0  0  0  0  0  0  0  13  0  0  0  0  0  39  0  0  0  0  0  0  0 
1439898526  0  0  0  0  0  0  0  0  0  1320634  0  0  0  0  0  0  0  0  0  13  0  0  0  0  0  39  0  0  0  0  0  0  0 
1439898536  0  0  0  0  0  0  0  0  0  1320634  0  0  0  0  0  0  0  0  0  13  0  0  0  0  0  39  0  0  0  0  0  0  0 
1439898546  0  0  0  0  0  0  0  0  0  1320634  0  0  0  0  0  0  0  0  0  13  0  0  0  0  0  39  0  0  0  0  0  0  0 
1439898556  0  0  0  0  0  0  0  0  0  1320634  0  0  0  0  0  0  0  0  0  13  0  0  0  0  0  39  0  0  0  0  0  0  0 
1439898566  0  0  0  0  0  0  0  0  0  1320634  0  0  0  0  0  0  0  0  0  13  0  0  0  0  0  39  0  0  0  0  0  0  0 
1439898576  0  0  0  0  0  0  0  0  0  1320634  0  0  0  0  0  0  0  0  0  13  0  0  0  0  0  39  0  0  0  0  0  0  0 
1439898586  0  0  0  0  0  0  0  0  0  1320634  0  0  0  0  0  0  0  0  0  13  0  0  0  0  0  39  0  0  0  0  0  0  0 
1439898596  0  0  0  0  0  0  0  0  0  1320634  0  0  0  0  0  0  0  0  0  13  0  0  0  0  0  39  0  0  0  0  0  0  0 
1439898606  0  0  0  0  0  0  0  0  0  1320634  0  0  0  0  0  0  0  0  0  13  0  0  0  0  0  39  0  0  0  0  0  0  0 
1439898616  0  0  0  0  0  0  0  0  0  1320634  0  0  0  0  0  0  0  0  0  13  0  0  0  0  0  39  0  0  0  0  0  0  0 
