#type:G;
#time  Rt  Nm  Tt  Nc  Rx  Gz  Pc  Pf  Ra  Te  Pm  Fp  Fc  Ta  Fm  Om  Lm  Oc  Sm  Sc  Em  Af  Ea  Cf  Ec  Gd  Zt  Et  Ep  dedup_put_diff  total_eph_put_diff  dedup_factor  dedup_curr  compression_saving  tze_saving  
1439171992  0  0  17296  0  0  0  0  0  0  17004  0  0  0  0  0  0  0  0  0  0  0  0  0  0  0  0  0  0  0  0  0  0 0 0 0 
1439172002  0  0  17309  0  0  0  0  0  0  17008  0  0  0  0  0  0  0  0  0  0  0  0  0  0  0  0  0  0  0  0  0  0 0 0 0 
1439172012  0  0  119854  0  0  0  0  0  0  119544  0  0  0  0  0  0  0  0  0  0  0  0  0  0  0  0  0  0  0  0  0  0 0 0 0 
1439172022  0  807  291811  807  0  102116429  28669  0  0  232546  28669  0  23336  0  23336  472  0  472  26167  26167  28669  10  0  0  28669  2502  0  0  28669  2502  28669  8.72719662353  8.72719662353  4.72439026702  100.0  
1439172032  0  2373  508207  2373  0  281902157  108154  0  0  289762  108154  0  67229  1  67230  544  0  544  70060  70060  108154  10  0  0  108154  38094  0  0  108154  35592  79485  35.2219982617  35.2219982617  1.764532117  100.0  
1439172042  0  3027  839133  2973  0  372264417  150039  0  0  325735  150039  0  87945  394  88484  933  0  933  93520  93002  150039  15  0  0  150039  125760  0  0  252403  87666  144249  49.8250813184  38.0147828231  2.276437677  100.0  
1439172052  0  3917  1091528  3917  0  434114937  204638  0  0  327308  204638  0  103045  1  103046  1268  0  1266  108103  108103  204638  20  0  0  204638  215323  0  0  376515  89563  124112  57.1884254279  47.1735454803  1.95915743225  100.0  
1439172062  0  5349  1501371  5332  0  465187489  269061  0  0  327308  269110  0  110659  88  110747  1268  0  1265  115769  115678  269110  20  0  0  269061  375737  0  0  581456  160414  204941  64.6200228392  57.0067754152  1.82129332575  100.0  
1439172072  0  6019  1877888  6019  0  468983638  310775  0  0  327308  310842  0  111558  3  112483  1268  0  1266  117533  116614  310841  20  19773  0  310775  526986  0  19774  769122  151249  187666  68.5178684266  62.476389671  1.81456900879  100.0  
1439172082  0  6215  2305243  5550  0  471077241  289530  0  0  327308  313673  0  112069  2  112483  1268  0  586  117533  117127  313673  20  74374  0  289530  708365  0  74382  981762  181379  212640  72.1524157586  59.5458156322  1.80821497945  100.0  
1439172092  0  6215  2970447  5511  0  468085983  293233  0  0  327308  313673  0  112165  272  112483  1268  0  458  117533  115738  313673  20  90942  0  293233  1000491  0  90954  1314363  292126  332601  76.1198390399  60.5303632265  1.26077481609  100.0  
1439172102  0  6215  3676055  5532  0  468293113  287636  0  0  327308  313673  0  112824  18  112842  1268  0  230  117533  115331  313673  20  120079  0  287636  1311011  0  120091  1667370  310520  353007  78.6274792038  59.9038367937  0.868480034843  100.0  
1439172112  0  6215  4350496  5519  0  467076882  282243  0  0  327308  313673  0  112953  57  113010  1268  0  222  117533  114745  313673  20  144898  0  282243  1607316  0  144914  2004981  296305  337611  80.1661462129  59.3453159157  0.62099272776  100.0  
1439172122  0  6215  5013901  5482  0  463793699  295845  0  0  327308  313673  0  112938  275  113207  1268  0  33  117533  113442  313673  20  151782  0  295845  1903304  0  151799  2336767  295988  331786  81.4503114774  61.654920651  0.186100787255  100.0  
1439172132  0  6215  5683216  5692  0  465313374  301501  0  0  327308  313673  0  113220  89  113309  1268  0  36  117533  113868  313673  20  159895  0  301501  2200010  0  159913  2671627  296706  334860  82.3471989166  62.2329610847  0.233693443971  100.0  
1439172142  0  6215  6392105  5979  0  465604190  307593  0  0  327308  313673  0  113291  68  113359  1268  0  36  117533  113939  313673  20  165695  0  307593  2514956  0  165714  3026279  314946  354652  83.1039041675  62.9578696524  0.233547820133  100.0  
1439172152  0  6215  7112083  5857  0  464361013  308700  0  0  327308  313673  0  113055  378  113412  1268  0  28  117533  113554  313673  20  176869  0  308700  2834887  0  176889  3386295  319931  360016  83.7164806965  63.2154195011  0.162576448691  100.0  
1439172162  0  6215  7803230  5708  0  465980238  305791  0  0  327308  313673  0  113481  1  113482  1268  0  24  117533  113933  313673  20  190146  0  305791  3142789  0  190167  3731852  307902  345557  84.2152636278  62.7415456962  0.147712653078  100.0  
1439172172  0  6215  8532776  5935  0  465554254  306684  0  0  327308  313673  0  113377  153  113529  1268  0  24  117533  113829  313673  20  200488  0  306684  3467094  0  200511  4096852  324305  365000  84.628246273  62.88394569  0.147847610917  100.0  
1439172182  0  6215  9270121  5710  0  466000818  304863  0  0  327308  313673  0  113498  92  113589  1268  0  21  117533  113933  313673  20  215066  0  304863  3798100  0  215090  4465947  331006  369095  85.0457920795  62.6281313246  0.143302680495  100.0  
1439172192  0  6215  9857270  5539  0  464771918  310628  0  0  327308  313673  0  113186  444  113629  1268  0  24  117533  113638  313673  20  220349  0  310628  4059414  0  220373  4759494  261314  293547  85.2908733575  63.4166913479  0.148096109604  100.0  
1439172202  0  6215  10549116  5816  0  466680654  305758  0  0  327308  313673  0  113652  28  113680  1268  0  24  117533  114104  313673  20  237909  0  305758  4367094  0  237933  5105657  307680  346163  85.5344179995  62.681597865  0.147491286047  100.0  
1439172212  0  6215  11231998  5535  0  462117710  308807  0  0  327308  313673  0  112538  1173  113706  1268  0  24  117533  112990  313673  20  246060  0  308807  4672260  0  246084  5447231  305166  341574  85.7731203248  63.4108035116  0.148945443872  100.0  
1439172222  0  6215  11826298  5794  0  467082062  309543  0  0  327308  313673  0  113750  1  113751  1268  0  23  117533  114202  313673  20  257472  0  309543  4936125  0  257497  5744969  263865  297738  85.9208291637  63.1062566429  0.147364719559  100.0  
1439172232  0  6215  12503634  5678  0  466639694  308926  0  0  327308  313673  0  113642  162  113803  1268  0  24  117533  114094  313673  20  271657  0  308926  5238382  0  271684  6083391  302257  338422  86.1095727695  63.0675307355  0.14750421322  100.0  
1439172242  0  6215  13211849  5629  0  467475278  306528  0  0  327308  313673  0  113846  2  113848  1268  0  23  117533  114298  313673  20  286962  0  306528  5555081  0  286992  6437748  316699  354357  86.2891961599  62.7120524063  0.147240946501  100.0  
1439172252  0  6215  13901307  5625  0  467651406  305794  0  0  327308  313673  0  113889  7  113896  1268  0  23  117533  114341  313673  20  301148  0  305794  5864040  0  301178  6782569  308959  344821  86.4575059981  62.6084880671  0.147185573881  100.0  
1439172262  0  6215  14449838  5806  0  467180366  307068  0  0  327308  313673  0  113774  146  113920  1268  0  24  117533  114226  313673  20  313032  0  307068  6109115  0  313062  7057228  245075  274659  86.5653624908  62.8010733779  0.14733375679  100.0  
1439172272  0  6215  15226515  5876  0  467024718  301631  0  0  327308  313673  0  113736  220  113955  1268  0  24  117533  114188  313673  20  331480  0  301631  6455298  0  331511  7445657  346183  388429  86.6988366507  62.1431484164  0.147382787185  100.0  
1439172282  0  6215  15889564  5667  0  467412881  304576  0  0  327308  313673  0  113829  153  113982  1268  0  24  117533  114287  313673  20  340560  0  304576  6752936  0  340592  7777263  297638  331606  86.8292097104  62.4766889052  0.150959513864  100.0  
1439172292  0  6215  16570477  5756  0  466139025  307495  0  0  327308  313673  0  113518  478  113996  1268  0  24  117533  113976  313673  20  350596  0  307495  7059759  0  350630  8117642  306823  340379  86.9680998497  62.9340314477  0.15137142873  100.0  
1439172302  0  6215  17215519  5711  0  467232657  305516  0  0  327308  313673  0  113785  225  114007  1268  0  22  117533  114243  313673  20  364510  0  305516  7348408  0  364545  8440425  288649  322783  87.0620614483  62.606541065  0.151017655007  100.0  
1439172312  0  6215  17853946  5711  0  467970800  307437  0  0  327308  313673  0  113964  62  114025  1268  0  24  117533  114424  313673  20  374535  0  307437  7633834  0  374571  8759760  285426  319335  87.1466113227  62.7813177984  0.151468578489  100.0  
1439172322  0  6215  18650382  5819  0  467807917  303489  0  0  327308  313673  0  113926  112  114038  1268  0  24  117533  114380  313673  20  392728  0  303489  7988320  0  392767  9158145  354486  398385  87.2263979223  62.3116488571  0.147825462207  100.0  
1439172332  0  6215  19304562  5636  0  468283053  304519  0  0  327308  313673  0  114042  2  114044  1268  0  24  117533  114496  313673  20  403146  0  304519  8280072  0  403187  9485438  291752  327293  87.292458187  62.4010324479  0.147675694934  100.0  
1439172342  0  6215  19917192  5524  0  466664270  309470  0  0  327308  313673  0  113648  398  114046  1268  0  24  117533  114100  313673  20  412185  0  309470  8552739  0  412227  9791968  272667  306530  87.3444337236  63.1305134585  0.147496456644  100.0  
1439172352  0  6215  20606094  5761  0  467598158  303869  0  0  327308  313673  0  113876  172  114047  1268  0  24  117533  114328  313673  20  429453  0  303869  8859688  0  429495  10136475  306949  344507  87.4040334534  62.375892243  0.147202310048  100.0  
1439172362  0  6215  21345130  5702  0  468306766  303560  0  0  327308  313673  0  114049  3  114052  1268  0  21  117533  114501  313673  20  442807  0  303560  9191319  0  442849  10506245  331631  369770  87.4843390764  62.2806035051  0.146979901513  100.0  
1439172372  0  6215  22000779  5621  0  465943374  308715  0  0  327308  313673  0  113472  584  114056  1268  0  24  117533  113924  313673  20  451333  0  308715  9483367  0  451375  10834073  292048  327828  87.5327958377  63.0973551658  0.147724322383  100.0  
1439172382  0  6215  22734229  5723  0  467938126  305693  0  0  327308  313673  0  113959  104  114063  1268  0  24  117533  114411  313673  20  467834  0  305693  9810464  0  467877  11201073  327097  367000  87.585037612  62.5732352393  0.147095521437  100.0  
1439172392  0  6215  23487773  5502  0  463002446  304818  0  0  327308  313673  0  112754  1320  114074  1268  0  24  117533  113206  313673  20  481223  0  304818  10146050  0  481267  11577811  335586  376738  87.6335777117  62.8611171256  0.148661252081  100.0  
1439172402  0  6215  24217875  5815  0  468417358  308629  0  0  327308  313673  0  114076  3  114079  1268  0  23  117533  114528  313673  20  490125  0  308629  10473580  0  490169  11943375  327530  365564  87.6936376862  62.8913679531  0.14694525097  100.0  
1439172412  0  6215  24908418  5717  0  467532622  308427  0  0  327308  313673  0  113860  225  114085  1268  0  24  117533  114312  313673  20  502283  0  308427  10781177  0  502329  12288661  307597  345286  87.7327236873  62.9370969468  0.147222913632  100.0  
1439172422  0  6215  25666838  5785  0  468126135  304466  0  0  327308  313673  0  114026  67  114093  1268  0  21  117533  114449  313673  20  518836  0  304466  11120306  0  518884  12668054  339129  379393  87.7822750045  62.4099242608  0.140143489472  100.0  
1439172432  0  6215  26338208  5809  0  468355918  309491  0  0  327308  313673  0  114061  39  114099  1268  0  23  117533  114513  313673  20  526793  0  309491  11421832  0  526842  13004061  301526  336007  87.8328085357  62.9995702621  0.146964499254  100.0  
1439172442  0  6215  27012987  5726  0  468360014  306072  0  0  327308  313673  0  114062  46  114107  1268  0  24  117533  114514  313673  20  543193  0  306072  11723616  0  543245  13341471  301784  337410  87.8734886131  62.5859274942  0.146963215879  100.0  
1439172452  0  6215  27635503  5714  0  467086158  307601  0  0  327308  313673  0  113751  360  114111  1268  0  24  117533  114203  313673  20  553300  0  307601  12003910  0  553352  13652925  280294  311454  87.9218921953  62.873007565  0.147363429184  100.0  
1439172462  0  6215  28371312  5806  0  468556622  307123  0  0  327308  313673  0  114110  3  114113  1268  0  22  117533  114562  313673  20  569252  0  307123  12332400  0  569306  14020944  328490  368019  87.9569877749  62.6983325899  0.146901640187  100.0  
1439172472  0  6215  29137822  5886  0  467004238  305283  0  0  327308  313673  0  113731  386  114115  1268  0  24  117533  114183  313673  20  582856  0  305283  12675154  0  582910  14404427  342754  383483  87.994850472  62.5976552903  0.147389240983  100.0  
1439172482  0  6215  29905000  5758  0  468165574  305016  0  0  327308  313673  0  114016  107  114123  1268  0  21  117533  114466  313673  20  599107  0  305016  13017832  0  599162  14788228  342678  383801  88.0283425438  62.4721326094  0.146562437891  100.0  
1439172492  0  6215  30658016  5842  0  468254381  296729  0  0  327308  313673  0  114035  100  114135  1268  0  24  117533  114489  313673  20  623210  0  296729  13353894  0  623268  15165053  336062  376825  88.0570216273  61.4163091575  0.14768472401  100.0  
1439172502  0  6215  31357952  5679  0  468168872  302453  0  0  327308  313673  0  113924  221  114145  1268  0  28  117533  114512  313673  20  631149  0  302453  13667698  0  631207  15514882  313804  349829  88.0941150568  62.138910839  0.185970888968  100.0  
1439172512  0  6215  32056735  5664  0  468779176  305241  0  0  327308  313673  0  114073  77  114150  1268  0  28  117533  114661  313673  20  639915  0  305241  13981054  0  639974  15864433  313356  349551  88.1282930187  62.4359112963  0.185729222992  100.0  
1439172522  0  6215  32847013  5740  0  468933961  307379  0  0  327308  313673  0  114112  46  114158  1268  0  28  117533  114698  313673  20  655023  0  307379  14335986  0  655084  16259841  354932  395408  88.1680577319  62.6851541582  0.184981148524  100.0  
1439172532  0  6215  33592811  5791  0  468199401  304818  0  0  327308  313673  0  113915  247  114162  1268  0  28  117533  114525  313673  20  672334  0  304818  14668966  0  672396  16632970  332980  373129  88.1921027934  62.4283998976  0.190792940611  100.0  
1439172542  0  6215  34350842  5897  0  467633774  305156  0  0  327308  313673  0  113817  354  114171  1268  0  25  117533  114364  313673  20  685926  0  305156  15010320  0  685992  17012215  341354  379245  88.2326022802  62.5227752363  0.171031220079  100.0  
1439172552  0  6215  35123505  5923  0  468334569  303347  0  0  327308  313673  0  113948  235  114183  1268  0  28  117533  114558  313673  20  703705  0  303347  15354807  0  703773  17398887  344487  386672  88.2516623046  62.2353278589  0.190737980093  100.0  
1439172562  0  6215  35885374  5797  0  468634953  297162  0  0  327308  313673  0  114039  150  114188  1268  0  28  117533  114625  313673  20  725564  0  297162  15696088  0  725637  17779749  341281  380862  88.2807063249  61.4267638527  0.185098955493  100.0  
1439172573  0  6215  36703678  5885  0  469077321  298448  0  0  327308  313673  0  114147  51  114198  1268  0  28  117533  114733  313673  20  741709  0  298448  16063330  0  741782  18189039  367242  409290  88.3132418376  61.556787112  0.184924718899  100.0  
1439172583  0  6215  37578356  5744  0  468294478  291452  0  0  327308  313673  0  114046  163  114209  1268  0  24  117533  114498  313673  20  770117  0  291452  16454610  0  770191  18626665  391280  437626  88.3390021778  60.714628824  0.146983752582  100.0  
1439172593  0  6215  38370882  5772  0  466359514  292012  0  0  327308  313673  0  113673  543  114216  1268  0  20  117533  113965  313673  20  788996  0  292012  16810281  0  789073  19023005  355671  396340  88.3681679104  60.9724942811  0.0944998704372  100.0  
1439172603  0  6215  39173186  5660  0  468398230  292994  0  0  327308  313673  0  114158  66  114224  1268  0  20  117533  114474  313673  20  805077  0  292994  17170727  0  805160  19424594  360446  401589  88.3968385646  60.9295753497  0.103921745467  100.0  
1439172613  0  6215  39970949  5746  0  467041965  294101  0  0  327308  313673  0  113739  488  114227  1268  0  24  117533  114193  313673  20  822661  0  294101  17527058  0  822746  19823373  356331  398779  88.4161237343  61.1721823455  0.148067538003  100.0  
1439172623  0  6215  40751358  5742  0  468520621  291721  0  0  327308  313673  0  114100  136  114236  1268  0  24  117533  114554  313673  20  843166  0  291721  17879086  0  843252  20213774  352028  390401  88.4500143318  60.7316579883  0.147600925041  100.0  
1439172633  0  6215  41609584  5630  0  466234190  293782  0  0  327308  313673  0  113543  705  114248  1268  0  24  117533  113995  313673  20  863907  0  293782  18262988  0  863996  20642970  383902  429196  88.4707384645  61.197418494  0.147632314603  100.0  
1439172643  0  6611  42146110  6584  0  470710363  294750  0  0  327311  313673  0  114246  2  114249  1268  0  44  117533  115345  313673  23  882112  0  294750  18503405  0  882202  20911492  240417  268522  88.4843845671  60.866836302  0.36887405887  100.0  
1439172653  0  7059  42580912  6873  0  470796975  287164  0  0  327317  313673  0  114152  8  114255  1268  0  47  117533  115433  313673  29  916313  0  287164  18694646  0  916405  21129075  191241  217583  88.4782982691  59.8024125587  0.426509122513  100.0  
1439172663  0  7059  42883222  6135  0  469995721  278850  0  0  327317  313673  0  114125  22  114255  1268  0  40  117533  115149  313673  29  942837  0  278850  18826538  0  942930  21279982  131892  150907  88.4706481425  58.7057557827  0.350807152241  100.0  
1439172673  0  7059  43143917  6259  0  469434652  278356  0  0  327317  313673  0  114005  220  114255  1268  0  40  117533  114998  313673  29  972019  0  278356  18944112  0  972112  21410660  117574  130678  88.4798133266  58.6867177284  0.339076039638  100.0  
1439172683  0  7059  43317523  6528  0  469945864  283362  0  0  327320  313673  0  114268  1  114269  1268  0  27  117533  115044  313673  32  994169  0  283362  19021662  0  994262  21497566  77550  86906  88.4828635949  59.4003430241  0.270438307843  100.0  
