#Type:X;CI:1;ww:0;ca:0;co:0;fr:0;Type:X;CI:1;PI:0;PT:EP;U0:0;U1:0;
#time  Pp  gt  gs  cn  cm  cb  Nc  Pc  cp  Tc  Nm  pr  ps  pt  px  pd  Pm  Om  fs  ft  Oc  Em  Gp  Ec  Ge  ot  os  Total_cycles_diff  Successful_get_diff  Total_get_diff  succ_put_diff  total_put_diff  get_hit  
1438719396  0  0  0  0  0  0  0  0  0  2401263  0  0  0  0  0  0  0  0  0  21  0  0  0  0  0  46  0  2401263  0  0  0  0  
1438719406  0  0  0  0  0  0  0  0  0  2401263  0  0  0  0  0  0  0  0  0  21  0  0  0  0  0  46  0  0  0  0  0  0  0 
1438719416  0  0  0  0  0  0  0  0  0  8629006  0  0  0  0  0  0  0  0  0  21  0  0  0  0  0  1507  0  6227743  0  0  0  0  0 
1438719426  0  488  317  0  0  0  190  2760  0  32433066  232  0  3417  3417  0  0  3417  350  0  71  200  3417  0  2760  317  2591  113  23804060  317  488  3417  3417  64.9590163934  
1438719436  0  488  317  0  0  0  217  3158  0  59329583  232  0  3815  3815  0  0  3417  350  0  30805  236  3417  0  3158  317  2591  113  26896517  0  0  398  398  64.9590163934  
1438719446  0  570  399  0  0  0  132  2894  0  109904562  232  0  4568  4568  0  0  3417  350  0  94705  93  3417  0  2894  399  2866  253  50574979  82  82  753  753  70.0  
1438719456  0  17644  433  0  0  0  227  4429  0  198646639  232  0  6522  6522  0  0  4429  350  0  133253  141  4429  0  4429  433  3640  291  88742077  34  17074  1954  1954  2.45409204262  
1438719466  0  31536  443  0  0  0  398  8962  0  302670602  398  0  11082  11082  0  0  8962  350  0  162172  240  8962  0  8962  443  4004  293  104023963  10  13892  4560  4560  1.40474378488  
1438719476  0  45672  2754  0  0  0  742  21091  0  604456757  746  0  28552  28552  0  0  21091  420  4  177561  420  21091  0  21091  2754  4367  343  301786155  2311  14136  17470  17470  6.02995270625  
1438719486  0  57271  6323  0  0  0  1011  29582  0  864538838  1012  0  43112  43112  0  0  29631  548  14  192931  547  29631  0  29582  6323  4726  391  260082081  3569  11599  14560  14560  11.0404916974  
1438719496  0  69582  10516  0  0  0  1174  34773  0  1136518573  1178  0  57121  57121  0  0  34844  645  82  212243  644  34844  0  34773  10516  5159  465  271979735  4193  12311  14009  14009  15.1131039637  
1438719506  0  81003  14827  0  0  0  1299  38745  0  1371117414  1301  0  69427  69427  0  0  38825  705  142  229488  704  38825  0  38745  14827  5514  537  234598841  4311  11421  12306  12306  18.304260336  
1438719516  0  94147  20254  0  0  0  1434  42673  0  1656849475  1434  0  83225  83225  0  0  42673  784  213  246925  783  42673  0  42673  20254  5949  614  285732061  5427  13144  13798  13798  21.5131655815  
1438719526  0  105047  24782  0  0  0  0  0  0  2024154576  1493  0  95050  96858  1808  0  44631  809  258  262834  0  44631  0  0  24782  6335  674  367305101  4528  10900  11825  13633  23.5913448266  
1438719536  0  105154  24782  0  0  0  0  0  0  2161031076  1493  0  95050  107535  12485  0  44631  809  258  278632  0  44631  0  0  24782  6739  674  136876500  0  107  0  10677  23.5673393309  
1438719546  0  105216  24782  0  0  0  0  0  0  2311789810  1493  0  95050  119506  24456  0  44631  809  258  292497  0  44631  0  0  24782  7100  674  150758734  0  62  0  11971  23.5534519465  
1438719556  0  105302  24782  0  0  0  0  0  0  2460843026  1493  0  95050  130933  35883  0  44631  809  258  306452  0  44631  0  0  24782  7438  674  149053216  0  86  0  11427  23.5342158743  
1438719567  0  105343  24782  0  0  0  0  0  0  2567223492  1493  0  95050  138824  43774  0  44631  809  258  316982  0  44631  0  0  24782  7733  674  106380466  0  41  0  7891  23.5250562448  
1438719577  0  105428  24782  0  0  0  0  0  0  2699038305  1493  0  95050  148587  53537  0  44631  809  258  332781  0  44631  0  0  24782  8109  674  131814813  0  85  0  9763  23.5060894639  
1438719587  0  105469  24782  0  0  0  0  0  0  2811588391  1493  0  95050  157765  62715  0  44631  809  258  345529  0  44631  0  0  24782  8401  674  112550086  0  41  0  9178  23.4969517109  
1438719597  0  105476  24782  0  0  0  0  0  0  2916308621  1493  0  95050  166065  71015  0  44631  809  258  359378  0  44631  0  0  24782  8719  674  104720230  0  7  0  8300  23.4953923167  
1438719607  0  105540  24782  0  0  0  0  0  0  3040258351  1493  0  95050  176043  80993  0  44631  809  258  373638  0  44631  0  0  24782  9064  674  123949730  0  64  0  9978  23.4811445897  
1438719617  0  105585  24782  0  0  0  0  0  0  3110559095  1493  0  95050  182156  87106  0  44631  809  258  384104  0  44631  0  0  24782  9287  674  70300744  0  45  0  6113  23.4711369986  
1438719627  0  105631  24782  0  0  0  0  0  0  3267810201  1493  0  95050  194375  99325  0  44631  809  258  401227  0  44631  0  0  24782  9657  674  157251106  0  46  0  12219  23.4609158296  
1438719637  0  105702  24782  0  0  0  0  0  0  3382727746  1493  0  95050  202759  107709  0  44631  809  258  415569  0  44631  0  0  24782  9977  674  114917545  0  71  0  8384  23.4451571399  
1438719647  0  105758  24782  0  0  0  0  0  0  3483991201  1493  0  95050  210188  115138  0  44631  809  258  428606  0  44631  0  0  24782  10268  674  101263455  0  56  0  7429  23.4327426767  
1438719657  0  105795  24782  0  0  0  0  0  0  3576933728  1493  0  95050  217640  122590  0  44631  809  258  437923  0  44631  0  0  24782  10506  674  92942527  0  37  0  7452  23.4245474739  
1438719667  0  105849  24782  0  0  0  0  0  0  3700338642  1493  0  95050  227166  132116  0  44631  809  258  450387  0  44631  0  0  24782  10816  674  123404914  0  54  0  9526  23.4125971903  
1438719677  0  105947  24782  0  0  0  0  0  0  3833999096  1493  0  95050  237433  142383  0  44631  809  258  464325  0  44631  0  0  24782  11131  674  133660454  0  98  0  10267  23.3909407534  
1438719687  0  106007  24782  0  0  0  0  0  0  3951087045  1493  0  95050  245717  150667  0  44631  809  258  476539  0  44631  0  0  24782  11422  674  117087949  0  60  0  8284  23.3777014725  
1438719697  0  106081  24782  0  0  0  0  0  0  4052330444  1493  0  95050  253482  158432  0  44631  809  258  487414  0  44631  0  0  24782  11716  674  101243399  0  74  0  7765  23.361393652  
1438719707  0  106121  24782  0  0  0  0  0  0  4150091498  1493  0  95050  260970  165920  0  44631  809  258  500466  0  44631  0  0  24782  12041  674  97761054  0  40  0  7488  23.3525880834  
1438719717  0  106178  24782  0  0  0  0  0  0  4272225516  1493  0  95050  270796  175746  0  44631  809  258  511580  0  44631  0  0  24782  12315  674  122134018  0  57  0  9826  23.3400516114  
1438719727  0  106216  24782  0  0  0  0  0  0  4362213535  1493  0  95050  278111  183061  0  44631  809  258  521393  0  44631  0  0  24782  12547  674  89988019  0  38  0  7315  23.3317014386  
1438719737  0  106221  24782  0  0  0  0  0  0  4439803932  1493  0  95050  284275  189225  0  44631  809  258  531921  0  44631  0  0  24782  12794  674  77590397  0  5  0  6164  23.3306031764  
1438719747  0  106255  24782  0  0  0  0  0  0  4539291201  1493  0  95050  292364  197314  0  44631  809  258  544450  0  44631  0  0  24782  13089  674  99487269  0  34  0  8089  23.3231377347  
1438719757  0  106281  24782  0  0  0  0  0  0  4630784045  1493  0  95050  299856  204806  0  44631  809  258  555378  0  44631  0  0  24782  13386  674  91492844  0  26  0  7492  23.3174320904  
1438719767  0  106291  24782  0  0  0  0  0  0  4714584227  1493  0  95050  306305  211255  0  44631  809  258  565822  0  44631  0  0  24782  13613  674  83800182  0  10  0  6449  23.3152383551  
1438719777  0  106327  24782  0  0  0  0  0  0  4804360949  1493  0  95050  312911  217861  0  44631  809  258  576841  0  44631  0  0  24782  13857  674  89776722  0  36  0  6606  23.3073443246  
1438719787  0  106359  24782  0  0  0  0  0  0  4905639160  1493  0  95050  320708  225658  0  44631  809  258  586553  0  44631  0  0  24782  14091  674  101278211  0  32  0  7797  23.3003318948  
1438719797  0  106390  24782  0  0  0  0  0  0  5000648175  1493  0  95050  327905  232855  0  44631  809  258  598757  0  44631  0  0  24782  14379  674  95009015  0  31  0  7197  23.2935426262  
1438719807  0  106445  24782  0  0  0  0  0  0  5105230897  1493  0  95050  336321  241271  0  44631  809  258  609997  0  44631  0  0  24782  14684  674  104582722  0  55  0  8416  23.2815068815  
1438719817  0  106495  24782  0  0  0  0  0  0  5202782433  1493  0  95050  343585  248535  0  44631  809  258  620415  0  44631  0  0  24782  14942  674  97551536  0  50  0  7264  23.2705760834  
1438719827  0  106509  24782  0  0  0  0  0  0  5268349828  1493  0  95050  349069  254019  0  44631  809  258  631712  0  44631  0  0  24782  15185  674  65567395  0  14  0  5484  23.267517299  
1438719837  0  106521  24782  0  0  0  0  0  0  5327589798  1493  0  95050  353516  258466  0  44631  809  258  638797  0  44631  0  0  24782  15382  674  59239970  0  12  0  4447  23.2648961238  
1438719847  0  106545  24782  0  0  0  0  0  0  5410738483  1493  0  95050  359910  264860  0  44631  809  258  648616  0  44631  0  0  24782  15615  674  83148685  0  24  0  6394  23.2596555446  
1438719857  0  106619  24782  0  0  0  0  0  0  5500524282  1493  0  95050  366690  271640  0  44631  809  258  658635  0  44631  0  0  24782  15892  674  89785799  0  74  0  6780  23.2435119444  
1438719867  0  106640  24782  0  0  0  0  0  0  5603937658  1493  0  95050  374611  279561  0  44631  809  258  669350  0  44631  0  0  24782  16125  674  103413376  0  21  0  7921  23.2389347337  
1438719877  0  106653  24782  0  0  0  0  0  0  5691237904  1493  0  95050  381561  286511  0  44631  809  258  681951  0  44631  0  0  24782  16424  674  87300246  0  13  0  6950  23.2361021256  
1438719887  0  106684  24782  0  0  0  0  0  0  5793954330  1493  0  95050  389697  294647  0  44631  809  258  690243  0  44631  0  0  24782  16622  674  102716426  0  31  0  8136  23.2293502306  
1438719897  0  106722  24782  0  0  0  0  0  0  5878823966  1493  0  95050  395828  300778  0  44631  809  258  702995  0  44631  0  0  24782  16902  674  84869636  0  38  0  6131  23.2210790652  
1438719907  0  106725  24782  0  0  0  0  0  0  5949978817  1493  0  95050  401443  306393  0  44631  809  258  712677  0  44631  0  0  24782  17115  674  71154851  0  3  0  5615  23.2204263294  
1438719917  0  106767  24782  0  0  0  0  0  0  6052550543  1493  0  95050  409196  314146  0  44631  809  258  723744  0  44631  0  0  24782  17351  674  102571726  0  42  0  7753  23.2112918786  
1438719927  0  106794  24782  0  0  0  0  0  0  6151502453  1493  0  95050  417142  322092  0  44631  809  258  733600  0  44631  0  0  24782  17601  674  98951910  0  27  0  7946  23.2054235257  
1438719937  0  106832  24782  0  0  0  0  0  0  6226761715  1493  0  95050  422923  327873  0  44631  809  258  742465  0  44631  0  0  24782  17846  674  75259262  0  38  0  5781  23.1971693874  
1438719947  0  106840  24782  0  0  0  0  0  0  6322264967  1493  0  95050  430489  335439  0  44631  809  258  753103  0  44631  0  0  24782  18113  674  95503252  0  8  0  7566  23.1954324223  
1438719957  0  106846  24782  0  0  0  0  0  0  6386164352  1493  0  95050  434908  339858  0  44631  809  258  762620  0  44631  0  0  24782  18309  674  63899385  0  6  0  4419  23.1941298692  
1438719967  0  106901  24782  0  0  0  0  0  0  6481271633  1493  0  95050  442846  347796  0  44631  809  258  772182  0  44631  0  0  24782  18548  674  95107281  0  55  0  7938  23.1821966118  
1438719977  0  106931  24782  0  0  0  0  0  0  6572402325  1493  0  95050  450870  355820  0  44631  809  258  781828  0  44631  0  0  24782  18774  674  91130692  0  30  0  8024  23.1756927364  
1438719987  0  106942  24782  0  0  0  0  0  0  6639090938  1493  0  95050  455544  360494  0  44631  809  258  790692  0  44631  0  0  24782  18999  674  66688613  0  11  0  4674  23.1733088964  
1438719997  0  106957  24782  0  0  0  0  0  0  6725205659  1493  0  95050  462157  367107  0  44631  809  258  800733  0  44631  0  0  24782  19228  674  86114721  0  15  0  6613  23.1700589957  
1438720007  0  106983  24782  0  0  0  0  0  0  6817618920  1493  0  95050  469787  374737  0  44631  809  258  811278  0  44631  0  0  24782  19495  674  92413261  0  26  0  7630  23.1644279932  
1438720017  0  106987  24782  0  0  0  0  0  0  6888901890  1493  0  95050  475306  380256  0  44631  809  258  819853  0  44631  0  0  24782  19700  674  71282970  0  4  0  5519  23.1635619281  
1438720027  0  107057  24782  0  0  0  0  0  0  6969715312  1493  0  95050  481627  386577  0  44631  809  258  830053  0  44631  0  0  24782  19966  674  80813422  0  70  0  6321  23.1484162642  
1438720038  0  107078  24782  0  0  0  0  0  0  7055823027  1493  0  95050  488345  393295  0  44631  809  258  840648  0  44631  0  0  24782  20221  674  86107715  0  21  0  6718  23.1438764265  
1438720048  0  107109  24782  0  0  0  0  0  0  7120750325  1493  0  95050  493558  398508  0  44631  809  258  849178  0  44631  0  0  24782  20423  674  64927298  0  31  0  5213  23.1371780149  
