#type:G;
#time  Rt  Nm  Tt  Nc  Rx  Gz  Pc  Pf  Ra  Te  Pm  Fp  Fc  Ta  Fm  Om  Lm  Oc  Sm  Sc  Em  Af  Ea  Cf  Ec  Gd  Zt  Et  Ep  dedup_put_diff  total_eph_put_diff  dedup_factor  dedup_curr  compression_saving  tze_saving  
1439926117  0  0  19880  0  0  0  0  0  0  19588  0  0  0  0  0  0  0  0  0  0  0  0  0  0  0  0  0  0  0  0  0  0 0 0 0 
1439926127  0  0  19893  0  0  0  0  0  0  19592  0  0  0  0  0  0  0  0  0  0  0  0  0  0  0  0  0  0  0  0  0  0 0 0 0 
1439926137  0  802  54362  742  0  6833728  10868  0  0  20064  11682  0  9  159  13  945  0  776  3422  2871  11682  20  0  0  10868  8714  0  0  13644  8714  13644  63.866901202  73.5829959514  41.8881704981  100.0  
1439926147  0  802  59810  762  0  7579504  11074  0  0  20076  11682  0  25  115  25  945  0  807  3422  3164  11682  32  0  0  11074  8723  0  0  14045  9  401  62.10751157  71.4285714286  41.5150175806  100.0  
1439926157  0  802  77106  762  0  7578828  11072  0  0  20076  11682  0  25  115  25  945  0  805  3422  3163  11682  32  0  0  11072  8723  0  0  14045  0  0  62.10751157  71.4324421965  41.5017450304  100.0  
1439926167  0  819  120377  819  0  7715358  11882  0  0  20102  11882  0  30  52  31  945  0  867  3422  3204  11882  58  0  0  11882  9492  0  0  14855  769  810  63.8976775496  73.0348426191  41.2099773964  100.0  
1439926177  0  819  215484  721  0  9392662  11665  0  0  20115  12169  0  35  6  35  945  0  720  3883  3877  12169  71  0  0  11665  9899  0  0  16008  407  1153  61.8378310845  66.7638234033  40.8529695359  100.0  
1439926187  0  819  305389  699  0  9339984  11611  0  0  20115  12169  0  35  8  35  945  0  676  3883  3866  12169  71  0  0  11611  10374  0  0  16493  475  485  62.8994118717  66.703987598  41.0173426992  100.0  
1439926197  0  819  411926  625  0  9201226  12008  0  0  20116  12583  0  35  21  36  945  0  521  3883  3818  12583  72  0  0  12008  12295  0  0  18464  1921  1971  66.5890381282  68.2045303131  41.1630941224  100.0  
1439926207  0  819  487695  654  0  9283946  13196  0  0  20117  13196  0  35  21  36  945  0  543  3883  3865  13196  73  0  0  13196  13649  0  0  19868  1354  1404  68.6984095027  70.710821461  41.3560574668  100.0  
1439926217  0  819  593718  757  0  7337330  18299  0  0  20119  18299  0  35  119  36  945  0  518  3896  3060  18299  75  0  0  18299  19756  0  0  26061  6107  6193  75.8067610606  83.2777747418  41.4594662735  100.0  
1439926227  0  971  663310  968  0  7207827  23823  0  0  20119  23899  0  35  130  36  945  0  624  3896  3090  23899  75  0  0  23823  27234  0  0  33662  7478  7601  80.9042837621  87.0293413928  43.0510230203  100.0  
1439926237  0  1257  744927  1257  0  7261264  32679  0  0  20119  32679  0  35  0  36  945  0  789  3896  3233  32679  75  0  0  32679  39288  0  0  45932  12054  12270  85.535138901  90.1067964136  45.1664234071  100.0  
1439926247  0  1434  825159  1431  0  6769559  37520  0  0  20120  37638  0  35  0  36  945  0  870  3896  3091  37638  76  0  0  37520  46848  0  0  53604  7560  7672  87.3964629505  91.7617270789  46.531078446  100.0  
1439926257  0  1719  901931  1719  0  6810057  46795  0  0  20120  46795  0  35  0  36  1019  0  1019  3896  3235  46795  76  0  0  46795  59900  0  0  66870  13052  13266  89.5767907881  93.0868682552  48.6055155405  100.0  
1439926267  0  1948  977538  1946  0  6716874  54451  0  0  20120  54479  0  35  0  36  1119  0  1118  3896  3268  54479  76  0  0  54451  74790  0  0  81953  14890  15083  91.2596244189  93.9982736773  49.8206298529  100.0  
1439926277  0  2317  1071079  2314  0  6758752  64978  0  0  20121  65109  0  35  1  36  1332  0  1330  3896  3405  65109  77  0  0  64978  92498  0  0  99887  17708  17934  92.6026409843  94.7597648435  51.5393263583  100.0  
1439926287  0  2641  1138189  2641  0  6791477  75120  0  0  20121  75120  0  35  0  36  1504  0  1504  3896  3538  75120  77  0  0  75120  111326  0  0  118934  18828  19047  93.6031748701  95.2902023429  53.1352334807  100.0  
1439926297  0  2879  1204050  2876  0  6817779  82894  0  0  20121  82967  0  35  0  36  1630  0  1628  3896  3622  82967  77  0  0  82894  127476  0  0  135274  16150  16340  94.2354036992  95.6305643352  54.0448142967  100.0  
1439926307  0  3166  1269834  3163  0  6863717  90430  0  0  20121  90457  0  35  0  36  1820  0  1819  3896  3752  90457  77  0  0  90430  142563  0  0  150574  15087  15300  94.6796923772  95.8509344244  55.3381620948  100.0  
1439926317  0  3464  1346962  3464  0  6868968  100111  0  0  20121  100111  0  35  0  36  2011  0  2011  3896  3861  100111  77  0  0  100111  163886  0  0  172140  21323  21566  95.2050656442  96.1432809581  56.5658083236  100.0  
1439926327  0  3683  1408349  3683  0  6899207  106883  0  0  20121  106883  0  35  0  36  2126  0  2126  3933  3933  106883  77  0  0  106883  179542  0  0  187979  15656  15839  95.5117326935  96.3202754414  57.173233944  100.0  
1439926337  0  3978  1476829  3975  0  6972094  115730  0  0  20121  115763  0  35  0  36  2311  0  2309  4055  4054  115763  77  0  0  115730  198002  0  0  206670  18460  18691  95.8058740988  96.4970189234  58.0125459616  100.0  
1439926347  0  4120  1542669  4107  0  6992374  119625  0  0  20121  119914  0  35  4  36  2420  0  2411  4118  4115  119914  77  0  0  119625  214908  0  0  223742  16906  17072  96.0517024072  96.5600835946  58.5146401314  100.0  
1439926357  0  4448  1609609  4448  0  7079816  127840  0  0  20123  127840  0  35  0  36  2656  0  2656  4323  4323  127840  79  0  0  127840  235284  0  0  244426  20376  20684  96.2598086947  96.6184292866  60.0168701567  100.0  
1439926367  0  4903  1681870  4900  0  7205063  137979  0  0  20123  138065  0  35  2  36  3019  0  3018  4644  4644  138065  79  0  0  137979  259281  0  0  268868  23997  24442  96.4343097728  96.6342704325  62.1221235145  100.0  
1439926377  0  5269  1755817  5254  0  7307095  146904  0  0  20123  147038  0  35  4  36  3343  0  3339  4937  4931  147038  79  0  0  146904  284636  0  0  294633  25355  25765  96.6069652754  96.6433861569  63.8215627614  100.0  
1439926387  0  5583  1811486  5574  0  7382386  155518  0  0  20123  155756  0  35  7  36  3577  0  3575  5145  5144  155756  79  0  0  155518  303262  0  0  313555  18626  18922  96.7173223198  96.6923442946  64.9622797039  100.0  
1439926397  0  6003  1885065  6001  0  7496582  166309  0  0  20123  166346  0  35  0  36  3941  0  3941  5468  5468  166346  79  0  0  166309  327080  0  0  337791  23818  24236  96.829104387  96.7121442616  66.5285256978  100.0  
1439926407  0  6478  1956337  6473  0  7613853  179004  0  0  20123  179090  0  35  1  36  4299  0  4295  5782  5781  179090  79  0  0  179004  352700  0  0  363808  25620  26017  96.9467411382  96.7704632299  67.8455140966  100.0  
1439926417  0  6794  2020156  6794  0  7781060  185865  0  0  20123  185865  0  35  0  36  4560  0  4560  6048  6048  185865  79  0  0  185865  372442  0  0  383920  19742  20112  97.0103146489  96.746025341  68.590065285  100.0  
1439926427  0  7297  2094267  7292  0  7913855  199718  0  0  20123  199888  0  35  1  36  4957  0  4954  6418  6418  199888  79  0  0  199718  399262  0  0  411200  26820  27280  97.0967898833  96.7864689212  69.8957072942  100.0  
1439926437  0  7750  2173036  7750  0  8193827  210694  0  0  20123  210694  0  35  0  36  5322  0  5322  6791  6791  210694  79  0  0  210694  426809  0  0  439243  27547  28043  97.1692206819  96.7768422452  70.5426881914  100.0  
1439926447  0  8093  2242102  8093  0  8377020  219818  0  0  20123  219818  0  35  0  36  5619  0  5619  7138  7138  219818  79  0  0  219818  448548  0  0  461424  21739  22181  97.209507958  96.7527681991  71.3481241463  100.0  
1439926457  0  8394  2310743  8209  0  8332286  221124  0  0  20123  225203  0  35  161  36  5903  0  5732  7345  7158  225203  79  0  0  221124  470177  0  0  483428  21629  22004  97.2589506607  96.762902263  71.580755634  100.0  
1439926467  0  8595  2382538  8455  0  8392684  227469  0  0  20123  230193  0  35  113  36  6057  0  5894  7483  7311  230193  79  0  0  227469  495507  0  0  509246  25330  25818  97.3020897562  96.785935666  71.9738049899  100.0  
1439926477  0  8860  2456029  8852  0  8500858  236547  0  0  20123  236840  0  35  0  36  6240  0  6236  7616  7614  236840  79  0  0  236547  520297  0  0  534419  24790  25173  97.3575041307  96.7811893619  72.7422539381  100.0  
1439926487  0  8876  2525584  8873  0  8502214  236767  0  0  20123  236902  0  35  1  36  6255  0  6243  7624  7614  236902  79  0  0  236767  540210  0  0  554625  19913  20206  97.4009465855  96.7841802278  72.7379059648  100.0  
1439926497  0  9019  2590754  8755  0  8464606  235443  0  0  20123  240662  0  35  206  36  6374  0  6134  7729  7508  240662  79  0  0  235443  561443  0  0  576250  21233  21625  97.4304555315  96.8111177652  72.4753036865  100.0  
1439926507  0  9019  2661142  8890  0  8507270  238370  0  0  20123  240662  0  35  68  36  6374  0  6275  7729  7629  240662  79  0  0  238370  585798  0  0  600997  24355  24747  97.4710356291  96.7995133616  72.7753281578  100.0  
1439926518  0  9027  2732739  8858  0  8501922  236878  0  0  20123  241131  0  35  159  36  6423  0  6252  7767  7604  241131  79  0  0  236878  607816  0  0  623361  22018  22364  97.5062604173  96.7899087294  72.7029911786  100.0  
1439926528  0  9144  2801028  8982  0  8528048  239766  0  0  20123  243710  0  35  142  36  6479  0  6346  7811  7665  243710  79  0  0  239766  630702  0  0  646614  22886  23253  97.5391810261  96.8031330547  72.8370128017  100.0  
1439926538  0  9213  2873308  9210  0  8613072  243363  0  0  20123  243710  0  35  0  36  6605  0  6603  7897  7896  243710  79  0  0  243363  651240  0  0  667478  20538  20864  97.5672606438  96.7554640599  73.368784432  100.0  
1439926548  0  9226  2944965  9069  0  8533200  241342  0  0  20123  243710  0  35  108  36  6627  0  6468  7926  7729  243710  79  0  0  241342  673371  0  0  689932  22131  22454  97.5996185131  96.7974906978  73.0456620358  100.0  
1439926558  0  9226  2999400  8902  0  8478918  237781  0  0  20123  245108  0  35  227  36  6627  0  6324  7926  7577  245108  79  0  0  237781  690626  0  0  707465  17255  17533  97.6198115808  96.8134543971  72.6798424199  100.0  
1439926568  0  9226  3083011  9146  0  8541598  244351  0  0  20123  245108  0  35  19  36  6627  0  6552  7926  7776  245108  79  0  0  244351  718082  0  0  735393  27456  27928  97.6460205632  96.8176925816  73.1822135517  100.0  
1439926578  0  9427  3154238  8994  0  8471907  241160  0  0  20123  250778  0  35  238  36  6778  0  6380  7982  7576  250778  79  0  0  241160  739692  0  0  757326  21610  21933  97.6715443547  96.858517167  72.6988295945  100.0  
1439926588  0  9427  3221947  9000  0  8480807  241037  0  0  20123  250778  0  35  272  36  6778  0  6399  7982  7594  250778  79  0  0  241037  762220  0  0  780285  22528  22959  97.68482029  96.8494463506  72.7349286083  100.0  
1439926598  0  9427  3286283  9141  0  8555295  243091  0  0  20123  250778  0  35  227  36  6778  0  6513  7982  7736  250778  79  0  0  243091  783733  0  0  802251  21513  21966  97.6917448529  96.8176526486  73.0003222808  100.0  
1439926608  0  9471  3354804  9281  0  8630084  244693  0  0  20123  250778  0  35  112  36  6819  0  6644  8012  7878  250778  79  0  0  244693  805646  0  0  824641  21913  22390  97.696573418  96.7804555096  73.255215771  100.0  
1439926618  0  9513  3422404  9151  0  8564836  241215  0  0  20123  250778  0  35  213  36  6875  0  6556  8079  7748  250778  79  0  0  241215  826242  0  0  845618  20596  20977  97.7086580465  96.7879277823  73.0120751928  100.0  
1439926628  0  9513  3481535  9167  0  8548141  242165  0  0  20123  250778  0  35  157  36  6875  0  6567  8079  7709  250778  79  0  0  242165  847355  0  0  867108  21113  21490  97.7219677364  96.8166332872  72.9284150171  100.0  
1439926638  0  9513  3548210  9262  0  8573125  243241  0  0  20123  250778  0  35  190  36  6875  0  6655  8079  7781  250778  79  0  0  243241  868674  0  0  888787  21319  21679  97.7370281068  96.8011149436  73.1005256946  100.0  
1439926648  0  9621  3613292  9433  0  8601067  249497  0  0  20123  252944  0  35  94  36  6941  0  6750  8079  7889  252944  79  0  0  249497  892284  0  0  912801  23610  24014  97.7523030759  96.8380381327  73.3823060838  100.0  
1439926658  0  9737  3686302  9517  0  8624462  251310  0  0  20123  256933  0  35  107  36  7025  0  6826  8173  7965  256933  79  0  0  251310  915452  0  0  936354  23168  23553  97.7677245999  96.8306076161  73.5645757317  100.0  
1439926668  0  9768  3744324  9767  0  8697310  258487  0  0  20123  258535  0  35  0  36  7035  0  7034  8173  8169  258535  79  0  0  258487  934780  0  0  955937  19328  19583  97.7867788358  96.8396863285  74.0070180044  100.0  
1439926678  0  9894  3813593  9727  0  9396021  257235  0  0  20123  260685  0  36  0  36  7135  0  6989  8400  8400  260685  79  0  0  257235  955716  0  0  977446  20936  21509  97.7768592843  96.7345034696  72.691066197  100.0  
1439926688  0  9894  3876954  9359  0  10368995  249495  0  0  20123  260743  0  37  165  37  7135  0  6689  8947  8499  260743  79  0  0  249495  972728  0  0  995078  17012  17632  97.7539449169  96.5935189082  70.2142261452  100.0  
1439926698  0  9894  3952550  9790  0  10487692  258608  0  0  20123  260743  0  37  79  38  7135  0  7064  8947  8817  260743  79  0  0  258608  999013  0  0  1021746  26285  26668  97.7750830441  96.5905927117  70.9598312387  100.0  
1439926708  0  9894  4019613  9861  0  10544264  261021  0  0  20123  261385  0  37  2  38  7135  0  7124  8947  8891  261385  79  0  0  261021  1021502  0  0  1044610  22489  22864  97.787882559  96.5937606553  71.0461904946  100.0  
1439926718  0  9955  4085462  9887  0  10582811  261143  0  0  20123  262670  0  37  33  38  7232  0  7178  9027  8974  262670  79  0  0  261143  1042053  0  0  1065531  20551  20921  97.7965915586  96.5635686195  71.2091141988  100.0  
1439926728  0  10036  4149566  10036  0  10634499  264670  0  0  20123  264782  0  37  1  38  7335  0  7335  9115  9115  264782  79  0  0  264670  1061033  0  0  1084709  18980  19178  97.8172947768  96.5560887142  71.5160369455  100.0  
1439926738  0  10067  4222898  9992  0  10641390  264860  0  0  20123  265343  0  37  13  38  7357  0  7331  9137  9131  265343  79  0  0  264860  1083654  0  0  1107662  22621  22953  97.8325518073  96.5525183116  71.5475237601  100.0  
1439926748  0  10175  4307992  9824  0  10555771  260746  0  0  20123  268064  0  37  152  38  7475  0  7134  9233  8891  268064  79  0  0  260746  1113482  0  0  1137978  29828  30316  97.8474100554  96.5901682097  71.0145930796  100.0  
1439926758  0  10175  4374738  9887  0  10581208  263289  0  0  20123  269799  0  37  108  38  7475  0  7195  9233  8954  269799  79  0  0  263289  1137295  0  0  1162261  23813  24283  97.8519454752  96.5991742914  71.1491765203  100.0  
1439926768  0  10211  4438839  10028  0  10595917  265361  0  0  20123  269799  0  37  72  38  7476  0  7302  9233  9031  269799  79  0  0  265361  1158820  0  0  1184177  21525  21916  97.8586815991  96.5967116494  71.3554003009  100.0  
1439926778  0  10276  4517339  9988  0  10617008  264118  0  0  20123  270848  0  37  50  38  7550  0  7271  9303  9019  270848  79  0  0  264118  1183282  0  0  1208998  24462  24821  97.8729493349  96.5852384162  71.2601954901  100.0  
1439926788  0  10384  4582967  10376  0  10677440  272795  0  0  20123  272953  0  37  0  38  7603  0  7597  9303  9257  272953  79  0  0  272795  1204415  0  0  1230459  21133  21461  97.8833914824  96.6066093587  71.8397226423  100.0  
1439926798  0  10415  4648018  10281  0  10630581  271340  0  0  20123  273854  0  37  103  38  7634  0  7493  9303  9161  273854  79  0  0  271340  1225578  0  0  1251963  21163  21504  97.8925096029  96.6237930272  71.669504536  100.0  
1439926808  0  10415  4728873  10164  0  10614533  269101  0  0  20123  273854  0  37  155  38  7634  0  7396  9303  9060  273854  79  0  0  269101  1252137  0  0  1278857  26559  26894  97.9106342617  96.6332343618  71.3969236125  100.0  
1439926818  0  10415  4781634  9986  0  10572532  264926  0  0  20123  273854  0  37  142  38  7634  0  7249  9303  8927  273854  79  0  0  264926  1267876  0  0  1294869  15739  16012  97.9153875797  96.6303798042  71.0856438858  100.0  
1439926828  0  10415  4864472  10086  0  10591415  267788  0  0  20123  273854  0  37  98  38  7634  0  7339  9303  8975  273854  79  0  0  267788  1294491  0  0  1321856  26615  26987  97.9298047594  96.6484681913  71.1889172397  100.0  
1439926838  0  10415  4934949  10318  0  10643623  271630  0  0  20123  273854  0  37  69  38  7634  0  7566  9303  9170  273854  79  0  0  271630  1314481  0  0  1342121  19990  20265  97.9405731674  96.6240842322  71.6625870067  100.0  
1439926848  0  10415  5000361  10338  0  10634154  272721  0  0  20123  273854  0  37  44  38  7634  0  7543  9303  9151  273854  79  0  0  272721  1336381  0  0  1364348  21900  22227  97.9501564117  96.6445561581  71.6290131799  100.0  
1439926858  0  10442  5063062  10182  0  10582388  269713  0  0  20123  274907  0  37  155  38  7634  0  7380  9303  8978  274907  79  0  0  269713  1357629  0  0  1385864  21248  21516  97.962642799  96.671276505  71.2230917764  100.0  
1439926868  0  10442  5123718  10062  0  10511979  267568  0  0  20123  274907  0  37  118  38  7634  0  7273  9303  8871  274907  79  0  0  267568  1376909  0  0  1405474  19280  19610  97.9675895819  96.6845811158  71.0697652683  100.0  
1439926878  0  10442  5190652  10093  0  10525435  268913  0  0  20123  274907  0  37  91  38  7634  0  7328  9303  8895  274907  79  0  0  268913  1398281  0  0  1427182  21372  21708  97.9749604465  96.6922387538  71.1108906206  100.0  
1439926888  0  10472  5256927  10172  0  10536398  272338  0  0  20123  278796  0  37  101  38  7634  0  7355  9303  8922  278796  79  0  0  272338  1421095  0  0  1450335  22814  23153  97.9839140612  96.7239239474  71.1683165998  100.0  
1439926898  0  10472  5319175  10126  0  10542684  270525  0  0  20123  278796  0  37  101  38  7658  0  7376  9303  8944  278796  79  0  0  270525  1439650  0  0  1469241  18555  18906  97.985966904  96.6938360595  71.222076689  100.0  
1439926908  0  10472  5383228  10284  0  10610778  273433  0  0  20123  278796  0  37  111  38  7658  0  7553  9303  9125  278796  79  0  0  273433  1459399  0  0  1489247  19749  20006  97.9957656453  96.6628022221  71.6107181079  100.0  
1439926918  0  10472  5449172  10358  0  10623198  274969  0  0  20123  278796  0  37  124  38  7658  0  7574  9303  9151  278796  79  0  0  274969  1482277  0  0  1512572  22878  23325  97.9971201371  96.6719884787  71.6582428235  100.0  
1439926928  0  10472  5504994  10350  0  10606018  275040  0  0  20123  278796  0  37  121  38  7658  0  7536  9303  9080  278796  79  0  0  275040  1501238  0  0  1531866  18961  19294  98.0006084083  96.6986620128  71.482820889  100.0  
1439926938  0  10472  5560132  10450  0  10608715  278491  0  0  20123  278796  0  37  16  38  7658  0  7598  9303  9116  278796  79  0  0  278491  1520338  0  0  1551301  19100  19435  98.0040623967  96.7266446672  71.5882151103  100.0  
1439926948  0  10510  5629930  10484  0  10675394  277139  0  0  20123  278956  0  37  36  38  7676  0  7666  9303  9200  278956  79  0  0  277139  1542476  0  0  1573876  22138  22575  98.0049254198  96.68036617  71.6706808339  100.0  
1439926958  0  10510  5695688  10093  0  10553845  268839  0  0  20123  278956  0  37  113  38  7677  0  7331  9303  8888  278956  79  0  0  268839  1563181  0  0  1594965  20705  21089  98.0072289988  96.693932056  71.0100999724  100.0  
1439926969  0  10510  5754537  10145  0  10553237  270672  0  0  20123  278956  0  37  130  38  7677  0  7390  9303  8926  278956  79  0  0  270672  1583544  0  0  1615721  20363  20756  98.0085051813  96.7022817284  71.1351795098  100.0  
1439926979  0  10510  5809389  9937  0  10521302  265234  0  0  20123  278956  0  37  161  38  7677  0  7241  9303  8831  278956  79  0  0  265234  1601298  0  0  1633879  17754  18158  98.0059110864  96.6704871924  70.9129515786  100.0  
1439926989  0  10510  5873885  9930  0  10573683  263702  0  0  20123  278956  0  37  209  38  7677  0  7310  9303  8945  278956  79  0  0  263702  1621811  0  0  1654811  20513  20932  98.0058145613  96.6079134781  71.1406866834  100.0  
1439926999  0  10510  5939076  9811  0  10551615  260438  0  0  20123  278956  0  37  323  38  7677  0  7255  9303  8882  278956  79  0  0  260438  1641480  0  0  1674805  19669  19994  98.0102161147  96.5895913807  70.9966462412  100.0  
1439927009  0  10510  6006476  9839  0  10556496  261452  0  0  20123  278956  0  37  364  38  7677  0  7269  9303  8890  278956  79  0  0  261452  1663420  0  0  1697096  21940  22291  98.0156691195  96.599758273  71.0093416057  100.0  
1439927019  0  10510  6076089  10111  0  10630410  267904  0  0  20123  278956  0  37  366  38  7677  0  7507  9303  9098  278956  79  0  0  267904  1685738  0  0  1719675  22318  22579  98.0265457136  96.6040074056  71.4737860914  100.0  
1439927029  0  10510  6140384  10045  0  10602091  265548  0  0  20123  278956  0  37  435  38  7677  0  7437  9303  9023  278956  79  0  0  265548  1704662  0  0  1738844  18924  19169  98.0342112346  96.6021208972  71.3132979824  100.0  
1439927039  0  10510  6201588  9953  0  10566615  263484  0  0  20123  278956  0  37  366  38  7677  0  7373  9303  8918  278956  79  0  0  263484  1724138  0  0  1758560  19476  19716  98.0426030388  96.615354253  71.0726621414  100.0  
1439927049  0  10510  6279277  10137  0  10598763  265635  0  0  20123  278956  0  37  282  38  7692  0  7512  9303  9010  278956  79  0  0  265635  1748186  0  0  1783037  24048  24477  98.0454135276  96.608127694  71.2809253824  100.0  
1439927059  0  10510  6339845  10133  0  10593529  267006  0  0  20123  278956  0  37  234  38  7696  0  7514  9303  9004  278956  79  0  0  267006  1767852  0  0  1803033  19666  19996  98.0487877926  96.6277911358  71.2759796644  100.0  
1439927069  0  10510  6410110  10031  0  10560118  265995  0  0  20123  278956  0  37  169  38  7704  0  7394  9303  8898  278956  79  0  0  265995  1790753  0  0  1826224  22901  23191  98.0576862422  96.6548243388  71.0254685481  100.0  
1439927079  0  10510  6476345  10034  0  10551145  265277  0  0  20123  278956  0  37  222  38  7704  0  7387  9303  8892  278956  79  0  0  265277  1810834  0  0  1846619  20081  20395  98.0621340948  96.6480320571  71.03055404  100.0  
1439927089  0  10510  6526279  10180  0  10618858  267461  0  0  20123  278956  0  37  232  38  7704  0  7532  9303  9056  278956  79  0  0  267461  1824883  0  0  1860863  14049  14244  98.0664885056  96.6140857919  71.3726299812  100.0  
1439927099  0  10510  6598888  10201  0  10623673  266470  0  0  20123  278956  0  37  224  38  7705  0  7536  9303  9063  278956  79  0  0  266470  1849959  0  0  1886594  25076  25731  98.0581407552  96.5988666642  71.3817702084  100.0  
1439927109  0  10510  6669700  10262  0  10599967  266845  0  0  20123  278956  0  37  259  38  7719  0  7587  9303  9071  278956  79  0  0  266845  1874953  0  0  1912288  24994  25694  98.0476267173  96.6006483164  71.4708128281  100.0  
1439927119  0  10510  6775678  10028  0  9206330  262006  0  0  20123  278956  0  35  355  38  7726  0  7380  9303  8368  278956  79  0  0  262006  1920072  0  0  1958935  45119  46647  98.0161158997  96.8061800111  73.1400673978  100.0  
1439927129  0  10510  6877439  10089  0  8917140  263700  0  0  20123  278956  0  35  504  38  7726  0  7438  9303  8296  278956  79  0  0  263700  1967652  0  0  2008474  47580  49539  97.9675116531  96.8540007584  73.7580022564  100.0  
1439927139  0  10510  6963086  10086  0  8926531  265232  0  0  20123  278956  0  35  608  38  7726  0  7415  9303  8306  278956  79  0  0  265232  2008164  0  0  2050673  40512  42199  97.9270707714  96.8684020028  73.7619930481  100.0  
1439927149  0  10510  7057010  9978  0  8893982  262786  0  0  20123  278956  0  35  641  38  7726  0  7341  9303  8240  278956  79  0  0  262786  2051831  0  0  2096143  43667  45470  97.8860220891  96.8643687259  73.6482727643  100.0  
1439927159  0  10510  7165314  10223  0  9025678  267742  0  0  20123  278956  0  35  656  38  7726  0  7573  9303  8523  278956  79  0  0  267742  2102779  0  0  2149253  50948  53110  97.8376673198  96.8167116104  74.1460205565  100.0  
1439927169  0  10510  7294238  10181  0  8990310  265659  0  0  20123  278956  0  35  669  38  7726  0  7524  9303  8440  278956  79  0  0  265659  2163684  0  0  2212695  60905  63442  97.7850087789  96.8229948919  73.9940769864  100.0  
