#type:T;
#time  gt  cn  Pt  Px  gx  cx  gn  gm  Pn  Pm  Ft  cm  pt  Fx  px  ct  pn  Fm  Fn  pm  dn  On  Om  dm  dx  Ox  dt  Ot  Gt  Cn  Cm  Gx  Cx  Gn  Gm  Ct  
1438640450  2259721  0  0  0  11501  0  2483  157  0  2147483647  29120  2147483647  0  2092  0  0  0  353  21  2147483647  0  46  257  2147483647  0  11299  0  98917  0  0  2147483647  0  0  0  2147483647  0  
1438640460  2259721  0  0  0  11501  0  2483  157  0  2147483647  29120  2147483647  0  2092  0  0  0  353  21  2147483647  0  46  257  2147483647  0  11299  0  98917  0  0  2147483647  0  0  0  2147483647  0  
1438640470  2422744  0  15598946  25057  11501  0  2597  157  3418  2852  44764  2147483647  0  2092  0  0  0  208  72  2147483647  0  2610  248  2147483647  0  49107  0  9873252  2128018  3602  784  39711  21062  184  2906  6413113  
1438640480  2422744  0  15598946  25057  11501  0  2597  157  3418  2852  44764  2147483647  0  2092  0  0  0  208  72  2147483647  0  5834  248  2147483647  0  49107  0  20898264  2128018  3602  784  39711  21062  184  2906  6413113  
1438640490  2422744  0  15598946  25057  11501  0  2597  157  3418  2852  44764  2147483647  0  2092  0  0  0  208  72  2147483647  0  8605  248  2147483647  0  49107  0  31027450  2128018  3602  784  39711  21062  184  2906  6413113  
1438640500  2634528  0  20239156  46035  11501  0  2803  157  3833  2852  16052955  2147483647  0  30267  0  0  0  208  16886  2147483647  0  8736  248  2147483647  0  124294  0  32365994  3441867  4164  784  39711  31790  331  2870  8078491  
1438640510  2634528  0  20510854  46035  11501  0  2803  157  3864  2852  33304459  2147483647  0  30267  0  0  0  205  41900  2147483647  0  9116  205  2147483647  0  124294  0  33570164  3441867  4195  784  39711  31790  331  2870  8159721  
1438640520  2650352  0  31276379  46035  11501  0  2816  157  4651  2852  80953785  2147483647  0  31728  0  0  0  205  92487  2147483647  0  11082  205  2147483647  0  124294  0  35705306  3441867  4982  784  39711  31790  331  2870  11182252  
1438640530  2696759  0  31276379  46035  11501  0  2852  157  4651  2852  112995891  2147483647  0  31728  0  0  0  205  126082  2147483647  0  12331  205  2147483647  0  124294  0  37118661  3517243  4986  784  39711  31790  335  2870  11196714  
1438640540  8140260  0  31841427  58342  11501  0  7837  157  4695  2852  132589375  2147483647  0  31728  0  0  0  205  169821  2147483647  0  14737  205  2147483647  0  124294  0  38464839  5564127  5240  784  39711  31790  545  2870  11952099  
1438640550  41772219  0  107852006  64464  38223  0  37881  157  8565  2852  158346191  2147483647  0  31728  0  0  0  205  196316  2147483647  0  15506  205  2147483647  0  124294  0  39115441  5986936  9141  784  39711  38088  576  2870  21437676  
1438640560  77532136  0  438273766  69130  38223  0  68396  157  25232  2852  173471894  2147483647  0  31728  0  0  0  205  210505  2147483647  0  16261  205  2147483647  0  124294  0  40259611  6018230  25809  784  39711  38088  577  2870  62519469  
1438640570  139244716  0  1425813250  73951  38223  0  116082  157  73011  2852  174084459  2147483647  0  31728  0  0  0  205  210900  2147483647  0  17212  205  2147483647  0  124294  0  42110318  6303071  73611  784  39711  44709  600  2870  182924470  
1438640580  195506345  0  2246719158  73951  125488  0  155792  157  112978  2852  174097743  2147483647  0  31728  0  0  0  205  210909  2147483647  0  18437  205  2147483647  0  155884  0  75941206  7030764  113623  784  47058  44709  648  2870  282721308  
1438640590  242315644  0  2983307732  96890  125488  0  191832  157  149064  2852  174674744  2147483647  0  31728  0  0  0  205  211390  2147483647  0  19798  205  2147483647  0  200818  0  119015903  7359008  149735  784  47058  73120  674  2870  372308725  
1438640600  279068023  0  3565732755  96890  125488  0  220287  157  177726  2852  174943563  2147483647  0  31728  0  0  0  205  211519  2147483647  0  20586  205  2147483647  0  200818  0  145301677  8056072  178450  784  47058  73120  727  2870  442072681  
1438640610  331489070  0  4370264722  96890  125488  0  258905  157  216430  2852  175231362  2147483647  0  31728  0  0  0  205  211677  2147483647  0  22453  205  2147483647  0  200818  0  200899600  8116444  217156  784  47058  73120  729  2870  538903040  
1438640620  393622552  0  5314511012  133564  125488  0  304160  157  262216  2852  175277634  2147483647  0  31728  0  0  0  205  211703  2147483647  0  24197  205  2147483647  0  200818  0  261152529  8116444  262942  784  47058  73120  729  2870  653373662  
1438640630  451906416  0  6177191243  133564  125488  0  345869  157  303762  2852  175997211  2147483647  0  31728  0  0  0  205  212343  2147483647  0  25765  205  2147483647  0  200818  0  315944535  9091777  304555  784  47058  73120  797  2870  758125865  
1438640640  510363724  0  7026960938  133564  125488  0  385858  157  343965  2852  176234727  2147483647  0  31728  0  0  0  205  212456  2147483647  0  27450  205  2147483647  0  200818  0  373410326  9491737  344786  784  47058  73120  825  2870  859468843  
1438640650  548987695  0  7646023871  133564  125488  0  415920  157  374214  2852  176300664  2147483647  0  31728  0  0  0  205  212501  2147483647  0  28858  205  2147483647  0  212179  0  411466984  9927021  375070  784  47058  73120  860  2870  933990647  
1438640660  598036712  0  8402742309  133564  125488  0  452595  157  410813  2852  176785467  2147483647  0  31728  0  0  0  205  213026  2147483647  0  30114  205  2147483647  0  212179  0  455314251  10209383  411690  784  47058  73120  881  2870  1025091763  
1438640670  654928926  0  9258342873  133564  125488  0  494150  157  452326  2852  177240596  2147483647  0  31728  0  0  0  205  213255  2147483647  0  31983  205  2147483647  0  212179  0  505160914  10209383  453203  784  47058  73120  881  2870  1129019551  
1438640680  722024745  0  10236896630  133564  125488  0  541095  157  499655  2852  177306463  2147483647  0  31728  0  0  0  205  213287  2147483647  0  33797  205  2147483647  0  212179  0  568689057  10406152  500548  784  47058  73120  897  2870  1248728478  
1438640690  779550987  0  11067593010  133564  125488  0  581197  157  540192  2852  177306463  2147483647  0  31728  0  0  0  205  213287  2147483647  0  35472  205  2147483647  0  212179  0  626516359  11271147  541156  784  47058  73120  968  2870  1349267612  
1438640700  816959157  0  11634223526  133564  125488  0  609746  157  568458  2852  178117953  2147483647  0  31728  0  0  0  205  213909  2147483647  0  36858  205  2147483647  0  212179  0  669438629  11494316  569438  784  47058  73120  984  2870  1418316606  
1438640710  863213775  0  12326794247  133564  125488  0  643306  157  602117  2852  178434110  2147483647  0  31728  0  0  0  205  214069  2147483647  0  38262  205  2147483647  0  212179  0  717470013  11858826  603122  784  47058  73120  1009  2870  1501881460  
1438640720  913457031  0  13082291467  133564  137035  0  679090  157  638128  2852  178504184  2147483647  0  31728  0  0  0  205  214105  2147483647  0  39481  205  2147483647  0  212179  0  760332068  11858826  639133  784  47058  73120  1009  2870  1592770605  
1438640730  990623313  0  14210970239  133564  137035  0  734300  157  693099  2852  179287599  2147483647  0  31728  0  0  0  205  214654  2147483647  0  41908  205  2147483647  0  212179  0  845296388  12217599  694144  327  47058  73120  1049  1413  1730608094  
1438640740  1045857054  0  15006391185  133564  137035  0  773081  157  732130  2852  179572664  2147483647  0  31728  0  0  0  205  214791  2147483647  0  43551  205  2147483647  0  212179  0  901776341  12947515  733234  327  47058  73120  1108  1413  1827628254  
1438640750  1088447580  0  15682683541  133564  137035  0  804970  157  764580  2852  179603354  2147483647  0  31728  0  0  0  205  214807  2147483647  0  44923  205  2147483647  0  212179  0  937384508  13012847  765688  327  47058  73120  1112  1413  1909264740  
1438640760  1125487182  0  16275361999  133564  137035  0  833874  157  793880  2852  179631424  2147483647  0  31728  0  0  0  205  214820  2147483647  0  46026  205  2147483647  0  212179  0  960395576  13333439  795021  327  47058  73120  1145  1413  1981042144  
1438640770  1182000328  0  17087115658  133564  137035  0  874075  157  833544  2852  180453179  2147483647  0  31728  0  0  0  205  215399  2147483647  0  47598  205  2147483647  0  212179  0  1000131911  13407467  834689  327  47058  73120  1149  1413  2080206581  
1438640780  1252668774  0  18143877933  133564  137035  0  923695  157  883428  2852  180680151  2147483647  0  31728  0  0  0  205  215513  2147483647  0  50060  205  2147483647  0  212179  0  1086754444  13407467  884573  327  47058  73120  1149  1413  2207862728  
1438640790  1305386896  0  18908744829  133564  137035  0  960728  157  920812  2852  180680151  2147483647  0  31728  0  0  0  205  215513  2147483647  0  51310  205  2147483647  0  212179  0  1131147450  14007660  922014  327  47058  73120  1206  1413  2301129098  
1438640800  1355718896  0  19645656382  133564  137035  0  996537  157  956373  2852  181369298  2147483647  0  31728  0  0  0  205  216086  2147483647  0  53032  205  2147483647  0  212179  0  1190541592  14056702  957578  327  47058  73120  1209  1413  2389925607  
1438640810  1393292229  0  20241079050  133564  137035  0  1025613  157  985746  2852  181644511  2147483647  0  31728  0  0  0  205  216219  2147483647  0  54141  205  2147483647  0  212179  0  1223377426  14712735  987009  327  47058  73120  1267  1413  2462081784  
1438640821  1447192241  0  21051444352  133564  137035  0  1064639  157  1024967  2852  181847085  2147483647  0  31728  0  0  0  205  216343  2147483647  0  55697  205  2147483647  0  212179  0  1263083649  14766861  1026232  327  47058  85979  1269  1413  2560239324  
1438640831  1508875833  0  21931243949  133564  151389  0  1107197  157  1067796  2852  181851812  2147483647  0  31728  0  0  0  205  216344  2147483647  0  57362  205  2147483647  0  212179  0  1322116464  15040296  1069086  327  47058  85979  1294  1413  2665063561  
1438640841  1566519909  0  22812657381  133564  151389  0  1149322  157  1109545  2852  182564540  2147483647  0  31728  0  0  0  205  216960  2147483647  0  59037  205  2147483647  0  212179  0  1372723704  15688804  1110908  327  47058  85979  1367  1413  2766859617  
1438640851  1622080703  0  23635697059  133564  151389  0  1188600  157  1149256  2852  182782939  2147483647  0  31728  0  0  0  205  217059  2147483647  0  60752  205  2147483647  0  212179  0  1431785044  15849058  1150631  327  47058  85979  1379  1413  2862236783  
1438640861  1660027156  0  24230369351  133564  151389  0  1217476  157  1178448  2852  182822634  2147483647  0  31728  0  0  0  205  217080  2147483647  0  62249  205  2147483647  0  224409  0  1481011489  16109772  1179840  327  47058  85979  1396  1413  2931229801  
1438640871  1714446403  0  25041239885  133564  151389  0  1257444  157  1218136  2852  183469972  2147483647  0  31728  0  0  0  205  217603  2147483647  0  63804  205  2147483647  0  224409  0  1527612501  16376882  1219548  327  47058  85979  1416  1413  3025811949  
1438640881  1758663894  0  25691768122  133564  151389  0  1289799  157  1250660  2852  183889226  2147483647  0  31728  0  0  0  205  217799  2147483647  0  65139  205  2147483647  0  224409  0  1573741604  16376882  1252072  327  47058  85979  1416  1413  3102842655  
1438640891  1835342397  0  26800413709  133564  151389  0  1342942  157  1303933  2852  183954698  2147483647  0  31728  0  0  0  205  217832  2147483647  0  67184  205  2147483647  0  224409  0  1644664332  16710938  1305373  327  47058  85979  1444  1413  3232226202  
1438640901  1891683407  0  27591943342  133564  151389  0  1380763  157  1342132  2852  183967192  2147483647  0  31728  0  0  0  205  217840  2147483647  0  68916  205  2147483647  0  224409  0  1702717051  17130503  1343611  327  47058  85979  1483  1413  3324233523  
1438640911  1930961978  0  28197579867  133564  151389  0  1410488  157  1371351  2852  184753080  2147483647  0  31728  0  0  0  205  218450  2147483647  0  70379  205  2147483647  0  224409  0  1746598765  17277235  1372843  327  47058  85979  1496  1413  3394277723  
1438640921  1977995150  0  28929142929  133564  151389  0  1446926  157  1408132  2852  185002444  2147483647  0  31728  0  0  0  205  218585  2147483647  0  71588  205  2147483647  0  224409  0  1774355329  17673136  1409656  327  47058  85979  1528  1413  3480219147  
1438640931  2020930056  0  29567778033  133564  151389  0  1477938  157  1439676  2852  185048795  2147483647  0  31728  0  0  0  205  218625  2147483647  0  72972  205  2147483647  0  224409  0  1805144207  17673136  1441200  327  47058  85979  1528  1413  3555614071  
1438640941  2091432935  0  30576559994  133564  151389  0  1527458  157  1488843  2852  185732895  2147483647  0  31728  0  0  0  205  219150  2147483647  0  75018  205  2147483647  0  224409  0  1872649197  17994156  1490380  327  57660  85979  1542  1413  3673988980  
1438640951  2149977870  0  31454380385  133564  151389  0  1569921  157  1531469  2852  186104677  2147483647  0  31728  0  0  0  205  219320  2147483647  0  76751  205  2147483647  0  224409  0  1924672800  19039753  1533091  327  57660  85979  1627  1413  3776657059  
1438640961  2194637798  0  32130244574  133564  151389  0  1602381  157  1564241  2852  186110707  2147483647  0  31728  0  0  0  205  219321  2147483647  0  78539  205  2147483647  0  224409  0  1971240585  19400977  1565905  327  57660  85979  1669  1413  3854998346  
1438640971  2230596192  0  32708850744  133564  151389  0  1630855  157  1592797  2852  186164287  2147483647  0  31728  0  0  0  205  219355  2147483647  0  79434  205  2147483647  0  224409  0  2001636099  19905655  1594498  327  57660  85979  1706  1413  3922166318  
1438640981  2285652568  0  33510382843  133564  151389  0  1669763  157  1631549  2852  186893353  2147483647  0  31728  0  0  0  205  219966  2147483647  0  81182  205  2147483647  0  224409  0  2062653585  19931028  1633251  327  57660  85979  1707  1413  4015377410  
1438640991  2351413565  0  34422477900  133564  151389  0  1714222  157  1676285  2852  187100203  2147483647  0  31728  0  0  0  205  220082  2147483647  0  83206  205  2147483647  0  224409  0  2133635091  20107340  1678004  327  57660  85979  1724  1413  4122528977  
1438641001  2407941561  0  35275919372  133564  151389  0  1755888  157  1718227  2852  187100203  2147483647  0  31728  0  0  0  205  220082  2147483647  0  84928  205  2147483647  0  224409  0  2186525953  20710009  1719986  327  57660  85979  1766  1413  4223144215  
1438641011  2465683673  0  36129695379  133564  151389  0  1797172  157  1759306  2852  187841757  2147483647  0  31728  0  0  0  205  220689  2147483647  0  86656  205  2147483647  0  224409  0  2238864293  20884786  1761076  327  57660  85979  1777  1413  4322417104  
1438641021  2502783461  0  36719844378  133564  151389  0  1826119  157  1788316  2852  188066209  2147483647  0  31728  0  0  0  205  220796  2147483647  0  87934  205  2147483647  0  224409  0  2260099142  21367083  1790122  327  57660  85979  1813  1413  4390988388  
1438641031  2556525915  0  37515274436  133564  151389  0  1865221  157  1827618  2852  188259840  2147483647  0  31728  0  0  0  205  220894  2147483647  0  89662  205  2147483647  0  224409  0  2305477835  21393232  1829425  327  57660  85979  1814  1413  4484448439  
1438641041  2608832936  0  38288605022  133564  151419  0  1902494  157  1865209  2852  188264676  2147483647  0  31728  0  0  0  205  220895  2147483647  0  91024  205  2147483647  0  224409  0  2353431111  21393232  1867016  327  57660  85979  1814  1413  4575236004  
1438641051  2676324865  0  39253016663  133564  151419  0  1951220  157  1913771  2852  189101620  2147483647  0  31728  0  0  0  205  221494  2147483647  0  93002  205  2147483647  0  224409  0  2423039505  21683237  1915620  327  57660  85979  1856  1413  4690250109  
1438641061  2733861747  0  40055562380  133564  151419  0  1990721  157  1953511  2852  189234362  2147483647  0  31728  0  0  0  205  221555  2147483647  0  94726  205  2147483647  0  224409  0  2476711650  22134507  1955396  327  57660  85979  1892  1413  4784882295  
1438641071  2771130442  0  40648883171  133564  151419  0  2020174  157  1983130  2852  189285793  2147483647  0  31728  0  0  0  205  221575  2147483647  0  96029  205  2147483647  0  224409  0  2510313353  22278191  1985033  327  57660  85979  1910  1413  4854166742  
1438641081  2823139853  0  41420183846  133564  151419  0  2058089  157  2020916  2852  189941920  2147483647  0  31728  0  0  0  205  222091  2147483647  0  97706  205  2147483647  0  224409  0  2569027016  22615967  2022844  327  57660  85979  1935  1413  4944307351  
1438641091  2865473188  0  42039969292  133564  151419  0  2087759  157  2050808  2852  190309965  2147483647  0  31728  0  0  0  205  222264  2147483647  0  99083  205  2147483647  0  224409  0  2616734136  22615967  2052736  327  57660  85979  1935  1413  5017082561  
1438641101  2947840105  0  43236081023  133564  151419  0  2145311  157  2108668  2852  190357117  2147483647  0  31728  0  0  0  205  222281  2147483647  0  101382  205  2147483647  0  224409  0  2698181306  22967522  2110625  327  57660  85979  1964  1413  5157690828  
1438641111  2998751607  0  43996084131  133564  151419  0  2183223  157  2146909  2852  190361426  2147483647  0  31728  0  0  0  205  222282  2147483647  0  103103  205  2147483647  0  224409  0  2758134625  23239543  2148896  327  57660  85979  1994  1413  5248023598  
1438641121  3039937333  0  44628880337  133564  151419  0  2215105  157  2178423  2852  191229814  2147483647  0  31728  0  0  0  205  222945  2147483647  0  104442  205  2147483647  0  238250  0  2797630819  23410151  2180422  327  57660  85979  2006  1413  5321973831  
1438641131  3080861916  0  45258544732  133564  151419  0  2246506  157  2209978  2852  191530431  2147483647  0  31728  0  0  0  205  223105  2147483647  0  105736  205  2147483647  0  238250  0  2842784101  23810179  2212013  327  57660  85979  2042  1413  5396376094  
1438641141  3131389018  0  46006944462  133564  151419  0  2283066  157  2246685  2852  191572978  2147483647  0  31728  0  0  0  205  223133  2147483647  0  107439  205  2147483647  0  238250  0  2895275176  23810179  2248720  327  57660  85979  2042  1413  5484642929  
1438641151  3205690644  0  47052666561  133564  151419  0  2332938  157  2296468  2852  192335118  2147483647  0  31728  0  0  0  205  223684  2147483647  0  109384  205  2147483647  0  238250  0  2964205981  23810179  2298503  327  57660  85979  2042  1413  5606497842  
1438641161  3261678938  0  47875200888  133564  151419  0  2372602  157  2336344  2852  192578481  2147483647  0  31728  0  0  0  205  223811  2147483647  0  111088  205  2147483647  0  238250  0  3012916606  24358786  2338424  327  57660  85979  2087  1413  5703157443  
1438641171  3308397324  0  48588223518  133564  151419  0  2407057  157  2370964  2852  192583302  2147483647  0  31728  0  0  0  205  223812  2147483647  0  112435  205  2147483647  0  238250  0  3059146532  24358786  2373044  327  57660  85979  2087  1413  5786304537  
1438641181  3344243716  0  49172176015  133564  151419  0  2435578  157  2399808  2852  192627335  2147483647  0  31728  0  0  0  205  223839  2147483647  0  113699  205  2147483647  0  238250  0  3102244460  24847064  2401925  327  57660  85979  2124  1413  5854824721  
1438641191  3399635859  0  49974628257  133564  151419  0  2475956  157  2439768  2852  193633521  2147483647  0  31728  0  0  0  205  224546  2147483647  0  115408  205  2147483647  0  238250  0  3163316092  24977915  2441891  327  57660  85979  2130  1413  5950188431  
1438641201  3460270195  0  50874329595  133564  151419  0  2520954  157  2485100  2852  193801875  2147483647  0  31728  0  0  0  205  224618  2147483647  0  117043  205  2147483647  0  238250  0  3204334135  24977915  2487223  327  57660  85979  2130  1413  6057494339  
1438641211  3514136243  0  51661730957  133564  151419  0  2560397  157  2525186  2852  193801875  2147483647  0  31728  0  0  0  205  224618  2147483647  0  119012  205  2147483647  0  238250  0  3250452844  25543694  2527394  327  57660  85979  2215  1413  6151789145  
1438641221  3568115541  0  52452340962  133564  151419  0  2599925  157  2564410  2852  194505373  2147483647  0  31728  0  0  0  205  225269  2147483647  0  120368  205  2147483647  0  238250  0  3293714756  26009190  2566661  327  57660  85979  2258  1413  6245012815  
1438641231  3606107454  0  53033090154  133564  151419  0  2628928  157  2593365  2852  194784631  2147483647  0  31728  0  0  0  205  225416  2147483647  0  121678  205  2147483647  0  238250  0  3338898196  26281963  2595648  327  57660  85979  2290  1413  6312750555  
1438641241  3655350667  0  53766733599  133564  151419  0  2664819  157  2629223  2852  194906285  2147483647  0  31728  0  0  0  205  225505  2147483647  0  123360  205  2147483647  0  238250  0  3390063935  26308065  2631507  327  57660  85979  2291  1413  6398724875  
1438641251  3705771028  0  54506268917  133564  151419  0  2701875  157  2666480  2852  195564702  2147483647  0  31728  0  0  0  205  225963  2147483647  0  124701  205  2147483647  0  238250  0  3437065677  26401329  2668769  327  57660  85979  2296  1413  6486410705  
1438641261  3779205987  0  55572977344  133564  171818  0  2753695  157  2718553  2852  195935610  2147483647  0  31728  0  0  0  205  226146  2147483647  0  126984  205  2147483647  0  238250  0  3516390229  26639455  2720864  327  57660  85979  2318  1413  6611662405  
1438641271  3837383730  0  56432903830  133564  171818  0  2793999  157  2759308  2852  195940787  2147483647  0  31728  0  0  0  205  226147  2147483647  0  128686  205  2147483647  0  238250  0  3560362593  26893488  2761655  327  57660  85979  2354  1413  6711409615  
1438641281  3873140178  0  56995926310  133564  171818  0  2822391  157  2787694  2852  196022509  2147483647  0  31728  0  0  0  205  226199  2147483647  0  129652  205  2147483647  0  238250  0  3583380613  27202433  2790064  327  57660  85979  2377  1413  6777838313  
1438641291  3919028698  0  57687666843  133564  171818  0  2856165  157  2821051  2852  196909278  2147483647  0  31728  0  0  0  205  226875  2147483647  0  131335  205  2147483647  0  238250  0  3643297836  27509395  2823451  327  57660  85979  2407  1413  6857854535  
1438641301  3966865321  0  58394542491  133564  171818  0  2890493  157  2855636  2852  197279097  2147483647  0  31728  0  0  0  205  227057  2147483647  0  132703  205  2147483647  0  238250  0  3677490659  27597001  2858041  327  57660  104520  2412  1413  6941697082  
1438641311  4038110609  0  59459555079  133564  171818  0  2941874  157  2907359  2852  197279097  2147483647  0  31728  0  0  0  205  227057  2147483647  0  134651  205  2147483647  0  238250  0  3743137942  27597001  2909764  327  57660  104520  2412  1413  7066486730  
1438641321  4096590395  0  60241039435  133564  171818  0  2979971  157  2945334  2852  198115223  2147483647  0  31728  0  0  0  205  227707  2147483647  0  136323  205  2147483647  0  238250  0  3802361591  28083366  2947789  327  57660  104520  2462  1413  7158452345  
1438641331  4139815198  0  60922195710  133564  171818  0  3013666  157  2979107  2852  198390705  2147483647  0  31728  0  0  0  205  227850  2147483647  0  137661  205  2147483647  0  238250  0  3849434040  28229591  2981572  327  57660  104520  2472  1413  7238624267  
1438641341  4176825557  0  61523394812  133564  171818  0  3042851  157  3008457  2852  198411552  2147483647  0  31728  0  0  0  205  227861  2147483647  0  138965  205  2147483647  0  238250  0  3894297311  28786042  3010965  327  57660  104520  2515  1413  7308752058  
1438641351  4229494015  0  62300248282  133564  171818  0  3081854  157  3047770  2852  198542605  2147483647  0  31728  0  0  0  205  227966  2147483647  0  140640  205  2147483647  0  238250  0  3953273594  28827132  3050280  327  57660  104520  2517  1413  7401623862  
1438641361  4290260099  0  63203817189  133564  171818  0  3126566  157  3092315  2852  199317973  2147483647  0  31728  0  0  0  205  228615  2147483647  0  142276  205  2147483647  0  238250  0  4011363603  29207287  3094869  327  57660  104520  2561  1413  7508654931  
1438641372  4345098172  0  63975297231  133564  171818  0  3163608  157  3129771  2852  199437223  2147483647  0  31728  0  0  0  205  228681  2147483647  0  143948  205  2147483647  0  238250  0  4063192919  29385539  3132337  327  57660  104520  2573  1413  7598972430  
1438641382  4409511375  0  64884535855  133564  171818  0  3207396  157  3173782  2852  199492262  2147483647  0  31728  0  0  0  205  228714  2147483647  0  145976  205  2147483647  0  238250  0  4133540813  29806925  3176383  327  57660  104520  2608  1413  7705578562  
1438641392  4445208942  0  65442621301  133564  171818  0  3235537  157  3201605  2852  200310726  2147483647  0  31728  0  0  0  205  229356  2147483647  0  146965  205  2147483647  0  238250  0  4159686751  30666305  3204290  327  57660  104520  2692  1413  7771034735  
1438641402  4495159746  0  66169110878  133564  171818  0  3271251  157  3237204  2852  200794702  2147483647  0  31728  0  0  0  205  229615  2147483647  0  148659  205  2147483647  0  238250  0  4212640096  30691617  3239890  327  57660  104520  2693  1413  7857058877  
1438641412  4540985476  0  66845574445  133564  172546  0  3303683  157  3270170  2852  200837480  2147483647  0  31728  0  0  0  205  229636  2147483647  0  149954  205  2147483647  0  238250  0  4251278807  30720633  3272857  327  57660  104520  2694  1413  7936996276  
1438641422  4612229030  0  67911772547  133564  172546  0  3355728  157  3322586  2852  200837480  2147483647  0  31728  0  0  0  205  229636  2147483647  0  151956  205  2147483647  0  238250  0  4313427647  31070109  3325312  327  57660  104520  2733  1413  8063529530  
1438641432  4672682581  0  68768273747  133564  172546  0  3397145  157  3363751  2852  201784993  2147483647  0  31728  0  0  0  205  230354  2147483647  0  153656  205  2147483647  0  238250  0  4372234193  31862380  3366528  327  57660  104520  2786  1413  8163868894  
1438641442  4710267442  0  69350794540  133564  172546  0  3426176  157  3392910  2852  201869425  2147483647  0  31728  0  0  0  205  230405  2147483647  0  154978  205  2147483647  0  238250  0  4410112215  32081843  3395702  327  57660  104520  2801  1413  8232188186  
1438641452  4755491116  0  70059957881  133564  172546  0  3460362  157  3427406  2852  201936509  2147483647  0  31728  0  0  0  205  230436  2147483647  0  156275  205  2147483647  0  238250  0  4448317635  33125270  3430279  327  57660  104520  2884  1413  8314856561  
1438641462  4796741116  0  70671372820  133564  172546  0  3491187  157  3457797  2852  202701735  2147483647  0  31728  0  0  0  205  231017  2147483647  0  157650  205  2147483647  0  238250  0  4489218747  33218347  3460681  327  57660  104520  2895  1413  8388006207  
1438641472  4867854250  0  71730907073  133564  172546  0  3541572  157  3508610  2852  203083401  2147483647  0  31728  0  0  0  205  231217  2147483647  0  159599  205  2147483647  0  238250  0  4553857268  34208737  3511539  327  57660  104520  2942  1413  8512270672  
1438641482  4932636174  0  72661992961  133564  172546  0  3585156  157  3552584  2852  203089198  2147483647  0  31728  0  0  0  205  231218  2147483647  0  161618  205  2147483647  0  238250  0  4624489678  34632396  3555543  327  57660  104520  2972  1413  8620418833  
1438641492  4977937884  0  73348312419  133564  172546  0  3618159  157  3585329  2852  203508712  2147483647  0  31728  0  0  0  205  231707  2147483647  0  162963  205  2147483647  0  238250  0  4671926789  34860104  3588303  327  57660  104520  2987  1413  8700047039  
1438641502  5014440597  0  73918563813  133564  172546  0  3646552  157  3613642  2852  203850659  2147483647  0  31728  0  0  0  205  231887  2147483647  0  163899  205  2147483647  0  238250  0  4697201499  35245248  3616645  327  57660  104520  3016  1413  8767105375  
1438641512  5069238505  0  74711684420  133564  172546  0  3684545  157  3652262  2852  204014811  2147483647  0  31728  0  0  0  205  231981  2147483647  0  165610  205  2147483647  0  238250  0  4758228473  35272761  3655266  327  57660  104520  3017  1413  8860439669  
1438641522  5129963690  0  75524978078  133564  172546  0  3725524  157  3693325  2852  204014811  2147483647  0  31728  0  0  0  205  231981  2147483647  0  167297  205  2147483647  0  238250  0  4818700699  35520979  3696360  327  57660  104520  3048  1413  8958153949  
1438641532  5190361265  0  76388479910  133564  172546  0  3767326  157  3735057  2852  204845318  2147483647  0  31728  0  0  0  205  232599  2147483647  0  169336  205  2147483647  0  238250  0  4881794404  35649907  3738100  327  57660  104520  3056  1413  9059630811  
1438641542  5252198649  0  77285712961  133564  172546  0  3810726  157  3778633  2852  205004583  2147483647  0  31728  0  0  0  205  232679  2147483647  0  171032  205  2147483647  0  238250  0  4941082596  36155303  3781719  327  57660  104520  3099  1413  9165070302  
1438641552  5287230148  0  77848927455  133564  172546  0  3839093  157  3807197  2852  205004583  2147483647  0  31728  0  0  0  205  232679  2147483647  0  171953  205  2147483647  0  238250  0  4963275941  36424787  3810300  327  57660  104520  3116  1413  9231966155  
1438641562  5334357513  0  78556849117  133564  172546  0  3874986  157  3842700  2852  205859245  2147483647  0  31728  0  0  0  205  233275  2147483647  0  173672  205  2147483647  0  238250  0  5017084979  36628179  3845818  327  57660  104520  3131  1413  9316414109  
1438641572  5383180493  0  79276646840  133564  172546  0  3909305  157  3877312  2852  206209172  2147483647  0  31728  0  0  0  205  233423  2147483647  0  175039  205  2147483647  0  238250  0  5058059596  36628179  3880430  327  57660  104520  3131  1413  9400558159  
1438641582  5457598509  0  80368583051  133564  172546  0  3961829  157  3930274  2852  206246558  2147483647  0  31728  0  0  0  205  233451  2147483647  0  177359  205  2147483647  0  238250  0  5141254203  37049756  3933450  327  57660  104520  3189  1413  9529131334  
1438641592  5517961160  0  81256097671  133564  172546  0  4003826  157  3972642  2852  206282812  2147483647  0  31728  0  0  0  205  233465  2147483647  0  179081  205  2147483647  0  238250  0  5190996446  37640852  3975865  327  57660  104520  3236  1413  9632808404  
1438641602  5554676758  0  81812339988  133564  172546  0  4032880  157  4001026  2852  207219936  2147483647  0  31728  0  0  0  205  234181  2147483647  0  180335  205  2147483647  0  238250  0  5228953954  37806863  4004259  327  57660  104520  3246  1413  9698853863  
1438641612  5597730066  0  82487157805  133564  172546  0  4065521  157  4033944  2852  207481589  2147483647  0  31728  0  0  0  205  234323  2147483647  0  181704  205  2147483647  0  238250  0  5277741416  38192658  4037207  327  57660  104520  3276  1413  9777614003  
1438641622  5643292986  0  83152919402  133564  172546  0  4098492  157  4067060  2852  207499570  2147483647  0  31728  0  0  0  205  234332  2147483647  0  183080  205  2147483647  0  238250  0  5326286181  38192658  4070323  327  57660  104520  3276  1413  9856644560  
1438641632  5718158380  0  84191149943  136850  172546  0  4149108  157  4117564  2852  208297119  2147483647  0  31728  0  0  0  205  234968  2147483647  0  185067  205  2147483647  0  238250  0  5397500747  38369529  4120843  327  57660  104520  3292  1413  9979252874  
1438641642  5776367116  0  85035494490  136850  172546  0  4190257  157  4159049  2852  208541133  2147483647  0  31728  0  0  0  205  235079  2147483647  0  186789  205  2147483647  0  238250  0  5451245358  38803051  4162359  327  57660  104520  3323  1413  10079341282  
1438641652  5818553648  0  85695870297  136850  172546  0  4222550  157  4191668  2852  208603724  2147483647  0  31728  0  0  0  205  235123  2147483647  0  188057  205  2147483647  0  238250  0  5489237964  38908357  4194985  327  57660  104520  3330  1413  10156663705  
1438641662  5855238401  0  86278330966  136850  172546  0  4251158  157  4220265  2852  208675057  2147483647  0  31728  0  0  0  205  235174  2147483647  0  189467  205  2147483647  0  238250  0  5526811331  39325379  4223615  327  57660  104520  3363  1413  10225029631  
1438641672  5907715491  0  87057124245  136850  187054  0  4288595  157  4257612  2852  209615544  2147483647  0  31728  0  0  0  205  235814  2147483647  0  191150  205  2147483647  0  238250  0  5586906124  39353853  4260963  327  57660  104520  3364  1413  10316613149  
1438641682  5972245349  0  88002087479  136850  187054  0  4333962  157  4303116  2852  209846805  2147483647  0  31728  0  0  0  205  235915  2147483647  0  192833  205  2147483647  0  238250  0  5647456320  39353853  4306467  327  57660  104520  3364  1413  10427557270  
1438641692  6032155699  0  88865280905  136850  187054  0  4375547  157  4345045  2852  209903737  2147483647  0  31728  0  0  0  205  235945  2147483647  0  194808  205  2147483647  0  238250  0  5708286309  39625091  4348414  327  57660  104520  3382  1413  10529371013  
1438641702  6088653944  0  89679453377  136850  187054  0  4414932  157  4384148  2852  210678619  2147483647  0  31728  0  0  0  205  236555  2147483647  0  196123  205  2147483647  0  238250  0  5754085084  39917682  4387534  327  57660  104520  3399  1413  10624256054  
1438641712  6125503289  0  90269145527  136850  187054  0  4444026  157  4413315  2852  211003425  2147483647  0  31728  0  0  0  205  236722  2147483647  0  197522  205  2147483647  0  238250  0  5793060707  40118996  4416716  327  57660  104520  3414  1413  10693283149  
1438641722  6175544218  0  91024555238  136850  187054  0  4480231  157  4449691  2852  211119800  2147483647  0  31728  0  0  0  205  236789  2147483647  0  198861  205  2147483647  0  238250  0  5831535298  40387286  4453111  327  57660  104520  3433  1413  10781742573  
1438641732  6223708278  0  91709439260  136850  187054  0  4513958  157  4483791  2852  211125116  2147483647  0  31728  0  0  0  205  236790  2147483647  0  200437  205  2147483647  0  238250  0  5879850554  40411110  4487212  327  57660  104520  3434  1413  10863137293  
