#Type:X;CI:1;ww:0;ca:0;co:0;fr:0;Type:X;CI:1;PI:0;PT:EP;U0:0;U1:0;
#time  Pp  gt  gs  cn  cm  cb  Nc  Pc  cp  Tc  Nm  pr  ps  pt  px  pd  Pm  Om  fs  ft  Oc  Em  Gp  Ec  Ge  ot  os  Total_cycles_diff  Successful_get_diff  Total_get_diff  succ_put_diff  total_put_diff  get_hit  
1438640450  0  0  0  0  0  0  0  0  0  2387758  0  0  0  0  0  0  0  0  0  21  0  0  0  0  0  46  0  2387758  0  0  0  0  
1438640460  0  0  0  0  0  0  0  0  0  2387758  0  0  0  0  0  0  0  0  0  21  0  0  0  0  0  46  0  0  0  0  0  0  0 
1438640470  0  185  184  0  0  0  182  2735  0  30067724  232  0  3418  3418  0  0  3418  350  0  72  187  3418  0  2735  184  2610  129  27679966  184  185  3418  3418  99.4594594595  
1438640480  0  185  184  0  0  0  182  2735  0  41092736  232  0  3418  3418  0  0  3418  350  0  72  187  3418  0  2735  184  5834  129  11025012  0  0  0  0  99.4594594595  
1438640490  0  185  184  0  0  0  182  2735  0  51221922  232  0  3418  3418  0  0  3418  350  0  72  187  3418  0  2735  184  8605  129  10129186  0  0  0  0  99.4594594595  
1438640500  0  538  331  0  0  0  167  2706  0  74734500  232  0  3833  3833  0  0  3418  350  0  16886  160  3418  0  2706  331  8736  176  23512578  147  353  415  415  61.5241635688  
1438640510  0  538  331  0  0  0  110  1888  0  93461872  232  0  3864  3864  0  0  3418  350  0  41900  76  3418  0  1888  331  9116  276  18727372  0  0  31  31  61.5241635688  
1438640520  0  551  331  0  0  0  108  2639  0  154027689  232  0  4651  4651  0  0  3418  350  0  92487  60  3418  0  2639  331  11082  294  60565817  0  13  787  787  60.0725952813  
1438640530  0  591  335  0  0  0  106  2626  0  187604933  232  0  4651  4651  0  0  3418  350  0  126082  56  3418  0  2626  335  12331  297  33577244  4  40  0  0  56.6835871404  
1438640540  0  5787  545  0  0  0  110  2460  0  216599368  232  0  4695  4695  0  0  3418  350  0  169823  55  3418  0  2460  545  14737  297  28994435  210  5196  44  44  9.41766027303  
1438640550  0  35862  576  0  0  0  364  6299  0  353007251  364  0  8565  8565  0  0  6299  350  0  196318  291  6299  0  6299  576  15506  297  136407883  31  30075  3870  3870  1.60615693492  
1438640560  0  66382  577  0  0  0  1127  22965  0  735446531  1127  0  25232  25232  0  0  22965  1002  0  210507  1002  22965  0  22965  577  16261  297  382439280  1  30520  16667  16667  0.869211533247  
1438640570  0  114095  600  0  0  0  3275  70721  0  1787382613  3275  0  73011  73011  0  0  70721  2968  0  210902  2968  70721  0  70721  600  17212  297  1051936082  23  47713  47779  47779  0.525877558175  
1438640580  0  153854  648  0  0  0  3976  88169  0  2699019418  4436  0  112978  112978  0  0  98911  4035  0  210911  3610  98911  0  88169  648  18437  1223  911636805  48  39759  39967  39967  0.421178519895  
1438640590  0  189920  674  0  0  0  4220  94375  0  3526356682  4553  0  149064  149064  0  0  101748  4133  0  211392  3823  101748  0  94375  674  19798  2410  827337264  26  36066  36086  36086  0.354886267902  
1438640600  0  218428  727  0  0  0  4638  104852  0  4172747787  4642  0  177726  177726  0  0  104998  4216  0  211521  4206  104998  0  104852  727  20586  3163  646391105  53  28508  28662  28662  0.332832787005  
1438640610  0  257047  729  0  0  0  4405  98268  0  5085593747  4847  0  216430  216430  0  0  108351  4401  0  211679  3980  108351  0  98268  729  22453  4934  912845960  2  38619  38704  38704  0.283605721911  
1438640620  0  302303  729  0  0  0  4562  102295  0  6152163393  4847  0  262216  262216  0  0  108351  4401  0  211705  4143  108351  0  102295  729  24197  6595  1066569646  0  45256  45786  45786  0.24114878119  
1438640630  0  344079  797  0  0  0  4777  105538  0  7129554492  4949  0  303762  303762  0  0  110424  4497  0  212345  4339  110424  0  105538  797  25765  8078  977391099  68  41776  41546  41546  0.231632851758  
1438640640  0  384097  825  0  0  0  4754  106370  0  8095787900  4949  0  343965  343965  0  0  110602  4497  0  212458  4305  110602  0  106370  825  27450  9675  966233408  28  40018  40203  40203  0.214789493279  
1438640650  0  414194  860  0  0  0  4609  103911  0  8792013593  4949  0  374214  374214  0  0  110602  4497  0  212503  4163  110602  0  103911  860  28858  11013  696225693  35  30097  30249  30249  0.207632172364  
1438640660  0  450894  881  0  0  0  4910  109692  0  9642324297  5026  0  410813  410813  0  0  112967  4554  0  213028  4435  112967  0  109692  881  30114  12209  850310704  21  36700  36599  36599  0.195389603765  
1438640670  0  492451  881  0  0  0  4726  106526  0  10605001163  5026  0  452326  452326  0  0  112967  4554  0  213257  4285  112967  0  106526  881  31983  13984  962676866  0  41557  41513  41513  0.178901048023  
1438640680  0  539410  897  0  0  0  4944  110324  0  11714334724  5056  0  499655  499655  0  0  112967  4592  0  213289  4482  112967  0  110324  897  33797  15703  1109333561  16  46959  47329  47329  0.166292801394  
1438640690  0  579584  968  0  0  0  4914  110625  0  12661150337  5056  0  540192  540192  0  0  113049  4592  0  213289  4459  113049  0  110625  968  35472  17295  946815613  71  40174  40537  40537  0.167016342756  
1438640700  0  608149  984  0  0  0  4738  106428  0  13309114281  5056  0  568458  568458  0  0  113342  4592  0  213911  4298  113342  0  106428  984  36858  18604  647963944  16  28565  28266  28266  0.161802453017  
1438640710  0  641734  1009  0  0  0  4752  106920  0  14096516495  5099  0  602117  602117  0  0  114936  4626  0  214071  4307  114936  0  106920  1009  38262  19942  787402214  25  33585  33659  33659  0.15723025428  
1438640720  0  677518  1009  0  0  0  5006  113030  0  14945098290  5112  0  638128  638128  0  0  114950  4647  0  214107  4538  114950  0  113030  1009  39481  21099  848581795  0  35784  36011  36011  0.148925932595  
1438640730  0  732773  1049  0  0  0  4930  109737  0  16236907415  5119  0  693099  693099  0  0  115205  4647  0  214656  4469  115205  0  109737  1049  41908  23405  1291809125  40  55255  54971  54971  0.143154837856  
1438640740  0  771614  1108  0  0  0  4859  109775  0  17144995260  5119  0  732130  732130  0  0  115205  4647  0  214793  4400  115205  0  109775  1108  43551  24962  908087845  59  38841  39031  39031  0.143595113619  
1438640750  0  803510  1112  0  0  0  4872  109833  0  17899511307  5119  0  764580  764580  0  0  115205  4647  0  214809  4422  115205  0  109833  1112  44923  26263  754516047  4  31896  32450  32450  0.138392801583  
1438640760  0  832447  1145  0  0  0  5007  112998  0  18552575363  5171  0  793880  793880  0  0  116656  4677  0  214822  4537  116656  0  112998  1145  46026  27314  653064056  33  28937  29300  29300  0.137546294239  
1438640770  0  872652  1149  0  0  0  5085  114748  0  19461326588  5171  0  833544  833544  0  0  116656  4677  0  215401  4615  116656  0  114748  1149  47598  28809  908751225  4  40205  39664  39664  0.131667606331  
1438640780  0  922275  1149  0  0  0  4700  105588  0  20675539914  5171  0  883428  883428  0  0  116656  4677  0  215515  4264  116656  0  105588  1149  50060  31145  1214213326  0  49623  49884  49884  0.124583231683  
1438640790  0  959365  1206  0  0  0  5014  112489  0  21538073597  5171  0  920812  920812  0  0  116656  4677  0  215515  4561  116656  0  112489  1206  51310  32330  862533683  57  37090  37384  37384  0.125708150704  
1438640800  0  995179  1209  0  0  0  4788  107652  0  22385313569  5171  0  956373  956373  0  0  116656  4677  0  216088  4340  116656  0  107652  1209  53032  33957  847239972  3  35814  35561  35561  0.121485682475  
1438640810  0  1024313  1267  0  0  0  4966  111057  0  23052049275  5234  0  985746  985746  0  0  116656  4761  0  216221  4504  116656  0  111057  1267  54141  35012  666735706  58  29134  29373  29373  0.123692660349  
1438640821  0  1063341  1269  0  0  0  5023  112833  0  23956153577  5234  0  1024967  1024967  0  0  116954  4761  0  216345  4549  116954  0  112833  1269  55697  36493  904104302  2  39028  39221  39221  0.119340832339  
1438640831  0  1105924  1294  0  0  0  5136  115296  0  24956872061  5254  0  1067796  1067796  0  0  118142  4765  0  216346  4664  118142  0  115296  1294  57362  38071  1000718484  25  42583  42829  42829  0.117006231893  
1438640841  0  1148124  1367  0  0  0  5199  116880  0  25947774042  5296  0  1109545  1109545  0  0  118809  4814  0  216962  4724  118809  0  116880  1367  59037  39667  990901981  73  42200  41749  41749  0.119063794503  
1438640851  0  1187413  1379  0  0  0  5173  115758  0  26885744275  5296  0  1149256  1149256  0  0  118809  4814  0  217061  4683  118809  0  115758  1379  60752  41295  937970233  12  39289  39711  39711  0.116134824193  
1438640861  0  1216306  1396  0  0  0  4863  110136  0  27567787437  5305  0  1178448  1178448  0  0  119147  4826  0  217082  4409  119147  0  110136  1396  62249  42712  682043162  17  28893  29192  29192  0.114773749369  
1438640871  0  1256295  1416  0  0  0  4983  112078  0  28480548240  5305  0  1218136  1218136  0  0  119147  4826  0  217605  4514  119147  0  112078  1416  63804  44190  912760803  20  39989  39688  39688  0.112712380452  
1438640881  0  1288650  1416  0  0  0  4991  112504  0  29221803450  5305  0  1250660  1250660  0  0  119147  4826  0  217801  4542  119147  0  112504  1416  65139  45458  741255210  0  32355  32524  32524  0.109882435107  
1438640891  0  1341821  1444  0  0  0  5251  116813  0  30478356421  5305  0  1303933  1303933  0  0  119301  4826  0  217834  4755  119301  0  116813  1444  67184  47398  1256552971  28  53171  53273  53273  0.107614950131  
1438640901  0  1379681  1483  0  0  0  5065  113809  0  31384605414  5322  0  1342132  1342132  0  0  119301  4828  0  217842  4581  119301  0  113809  1483  68916  49042  906248993  39  37860  38199  38199  0.107488615122  
1438640911  0  1409420  1496  0  0  0  4806  108145  0  32074295961  5322  0  1371351  1371351  0  0  119301  4828  0  218452  4362  119301  0  108145  1496  70379  50429  689690547  13  29739  29219  29219  0.10614295242  
1438640921  0  1445890  1528  0  0  0  5171  116987  0  32881235405  5322  0  1408132  1408132  0  0  120019  4828  0  218587  4679  120019  0  116987  1528  71588  51578  806939444  32  36470  36781  36781  0.105678855238  
1438640931  0  1476901  1528  0  0  0  5097  114485  0  33593591691  5322  0  1439676  1439676  0  0  120353  4828  0  218627  4625  120353  0  114485  1528  72972  52897  712356286  0  31011  31544  31544  0.103459879843  
1438640941  0  1526438  1542  0  0  0  5158  114495  0  34741299715  5337  0  1488843  1488843  0  0  120353  4851  0  219152  4683  120353  0  114495  1542  75018  54837  1147708024  14  49537  49167  49167  0.10101949768  
1438640951  0  1568985  1627  0  0  0  5118  115427  0  35731004656  5337  0  1531469  1531469  0  0  120353  4851  0  219322  4632  120353  0  115427  1627  76751  56483  989704941  85  42547  42626  42626  0.103697613425  
1438640961  0  1601487  1669  0  0  0  4700  106145  0  36498430593  5337  0  1564241  1564241  0  0  120353  4851  0  219323  4254  120353  0  106145  1669  78539  58173  767425937  42  32502  32772  32772  0.104215644585  
1438640971  0  1629998  1706  0  0  0  5050  113878  0  37143935661  5337  0  1592797  1592797  0  0  120353  4851  0  219357  4566  120353  0  113878  1706  79434  59030  645505068  37  28511  28556  28556  0.104662705108  
1438640981  0  1668908  1707  0  0  0  4906  110127  0  38062210254  5337  0  1631549  1631549  0  0  120353  4851  0  219968  4430  120353  0  110127  1707  81182  60688  918274593  1  38910  38752  38752  0.10228245056  
1438640991  0  1713384  1724  0  0  0  4757  106620  0  39111282421  5337  0  1676285  1676285  0  0  120353  4851  0  220084  4311  120353  0  106620  1724  83206  62609  1049072167  17  44476  44736  44736  0.100619592572  
1438641001  0  1755094  1766  0  0  0  4793  106501  0  40074661243  5337  0  1718227  1718227  0  0  120353  4851  0  220084  4350  120353  0  106501  1766  84928  64243  963378822  42  41710  41942  41942  0.100621391219  
1438641011  0  1796388  1777  0  0  0  4767  107203  0  41039339791  5337  0  1759306  1759306  0  0  120353  4851  0  220691  4320  120353  0  107203  1777  86656  65876  964678548  11  41294  41079  41079  0.09892072314  
1438641021  0  1825371  1813  0  0  0  4695  106398  0  41688521558  5337  0  1788316  1788316  0  0  120353  4851  0  220798  4260  120353  0  106398  1813  87934  67096  649181767  36  28983  29010  29010  0.0993222747595  
1438641031  0  1864475  1814  0  0  0  4577  103374  0  42583255306  5337  0  1827618  1827618  0  0  120353  4851  0  220896  4139  120353  0  103374  1814  89662  68737  894733748  1  39104  39302  39302  0.0972928036042  
1438641041  0  1901749  1814  0  0  0  4816  108484  0  43456787708  5337  0  1865209  1865209  0  0  120353  4851  0  220897  4378  120353  0  108484  1814  91024  70026  873532402  0  37274  37591  37591  0.0953858789988  
1438641051  0  1950516  1856  0  0  0  4902  109797  0  44559318024  5337  0  1913771  1913771  0  0  120353  4851  0  221496  4453  120353  0  109797  1856  93002  71902  1102530316  42  48767  48562  48562  0.0951543078857  
1438641061  0  1990054  1892  0  0  0  4837  108178  0  45473581465  5337  0  1953511  1953511  0  0  120353  4851  0  221557  4395  120353  0  108178  1892  94726  73540  914263441  36  39538  39740  39740  0.0950727970196  
1438641071  0  2019527  1910  0  0  0  4808  107749  0  46137890688  5337  0  1983130  1983130  0  0  120353  4851  0  221577  4359  120353  0  107749  1910  96029  74775  664309223  18  29473  29619  29619  0.0945766013527  
1438641081  0  2057467  1935  0  0  0  4682  105254  0  47020876084  5337  0  2020916  2020916  0  0  120353  4851  0  222093  4207  120353  0  105254  1935  97706  76376  882985396  25  37940  37786  37786  0.0940476809592  
1438641091  0  2087140  1935  0  0  0  4541  101969  0  47731048086  5337  0  2050808  2050808  0  0  120353  4851  0  222266  4103  120353  0  101969  1935  99083  77675  710172002  0  29673  29892  29892  0.0927105991932  
1438641101  0  2144724  1964  0  0  0  4688  104566  0  49091303885  5337  0  2108668  2108668  0  0  120353  4851  0  222283  4255  120353  0  104566  1964  101382  79857  1360255799  29  57584  57860  57860  0.0915735544527  
1438641111  0  2182666  1994  0  0  0  4542  101840  0  49962382647  5337  0  2146909  2146909  0  0  120353  4851  0  222284  4100  120353  0  101840  1994  103103  81489  871078762  30  37942  38241  38241  0.0913561671827  
1438641121  0  2214561  2006  0  0  0  4536  102151  0  50676845520  5337  0  2178423  2178423  0  0  120353  4851  0  222947  4106  120353  0  102151  2006  104442  82761  714462873  12  31895  31514  31514  0.0905822869634  
1438641131  0  2245998  2042  0  0  0  4588  102912  0  51393240848  5337  0  2209978  2209978  0  0  120353  4851  0  223107  4157  120353  0  102912  2042  105736  83994  716395328  36  31437  31555  31555  0.0909172670679  
1438641141  0  2282557  2042  0  0  0  4365  98287  0  52244622409  5337  0  2246685  2246685  0  0  120353  4851  0  223135  3951  120353  0  98287  2042  107439  85611  851381561  0  36559  36707  36707  0.0894610736994  
1438641151  0  2332426  2042  0  0  0  4529  101142  0  53434256484  5337  0  2296468  2296468  0  0  120353  4851  0  223686  4106  120353  0  101142  2042  109384  87461  1189634075  0  49869  49783  49783  0.0875483295076  
1438641161  0  2372136  2087  0  0  0  4456  100404  0  54362216283  5337  0  2336344  2336344  0  0  120353  4851  0  223813  4027  120353  0  100404  2087  111088  89072  927959799  45  39710  39876  39876  0.0879797785624  
1438641171  0  2406592  2087  0  0  0  4604  103134  0  55168105647  5337  0  2370964  2370964  0  0  120353  4851  0  223814  4164  120353  0  103134  2087  112435  90344  805889364  0  34456  34620  34620  0.0867201420099  
1438641181  0  2435150  2124  0  0  0  4560  102655  0  55831517426  5337  0  2399808  2399808  0  0  120353  4851  0  223841  4117  120353  0  102655  2124  113699  91557  663411779  37  28558  28844  28844  0.0872225530255  
1438641191  0  2475533  2130  0  0  0  4537  100957  0  56751489549  5337  0  2439768  2439768  0  0  120353  4851  0  224548  4091  120353  0  100957  2130  115408  93174  919972123  6  40383  39960  39960  0.0860420765952  
1438641201  0  2520535  2130  0  0  0  4768  106705  0  57752922567  5337  0  2485100  2485100  0  0  120353  4851  0  224620  4336  120353  0  106705  2130  117043  94729  1001433018  0  45002  45332  45332  0.0845058687937  
1438641211  0  2560066  2215  0  0  0  4424  99666  0  58640810009  5337  0  2525186  2525186  0  0  120353  4851  0  224620  4027  120353  0  99666  2215  119012  96597  887887442  85  39531  40086  40086  0.0865212068751  
1438641221  0  2599641  2258  0  0  0  4758  106676  0  59529787791  5337  0  2564410  2564410  0  0  120353  4851  0  225271  4316  120353  0  106676  2258  120368  97873  888977782  43  39575  39224  39224  0.0868581469518  
1438641231  0  2628677  2290  0  0  0  4675  104971  0  60194244184  5337  0  2593365  2593365  0  0  120353  4851  0  225418  4236  120353  0  104971  2290  121678  99128  664456393  32  29036  28955  28955  0.087116066371  
1438641241  0  2664570  2291  0  0  0  4471  100506  0  61028375674  5337  0  2629223  2629223  0  0  120353  4851  0  225507  4039  120353  0  100506  2291  123360  100726  834131490  1  35893  35858  35858  0.0859801018551  
1438641251  0  2701631  2296  0  0  0  4693  105560  0  61866036168  5337  0  2666480  2666480  0  0  120353  4851  0  225965  4250  120353  0  105560  2296  124701  101999  837660494  5  37061  37257  37257  0.0849856993794  
1438641261  0  2753472  2318  0  0  0  4598  102203  0  63086017534  5337  0  2718553  2718553  0  0  120353  4851  0  226148  4185  120353  0  102203  2318  126984  104166  1219981366  22  51841  52073  52073  0.0841846221788  
1438641271  0  2793810  2354  0  0  0  4593  102835  0  64048305441  5337  0  2759308  2759308  0  0  120353  4851  0  226149  4167  120353  0  102835  2354  128686  105778  962287907  36  40338  40755  40755  0.0842576982687  
1438641281  0  2822226  2377  0  0  0  4874  109339  0  64670433427  5337  0  2787694  2787694  0  0  120353  4851  0  226201  4419  120353  0  109339  2377  129652  106690  622127986  23  28416  28386  28386  0.0842242967076  
1438641291  0  2856030  2407  0  0  0  4546  101519  0  65469112752  5337  0  2821051  2821051  0  0  120353  4851  0  226877  4103  120353  0  101519  2407  131335  108298  798679325  30  33804  33357  33357  0.0842778262133  
1438641301  0  2890360  2412  0  0  0  4618  103248  0  66258373122  5337  0  2855636  2855636  0  0  120353  4851  0  227059  4194  120353  0  103248  2412  132703  109594  789260370  5  34330  34585  34585  0.0834498124801  
1438641311  0  2941745  2412  0  0  0  4879  108632  0  67460155578  5337  0  2907359  2907359  0  0  120353  4851  0  227059  4432  120353  0  108632  2412  134651  111441  1201782456  0  51385  51723  51723  0.0819921509172  
1438641321  0  2979893  2462  0  0  0  4767  106901  0  68360613461  5337  0  2945334  2945334  0  0  120353  4851  0  227709  4317  120353  0  106901  2462  136323  113028  900457883  50  38148  37975  37975  0.0826204162364  
1438641331  0  3013600  2472  0  0  0  4879  108553  0  69132403964  5337  0  2979107  2979107  0  0  120353  4851  0  227852  4415  120353  0  108553  2472  137661  114296  771790503  10  33707  33773  33773  0.0820281391027  
1438641341  0  3042828  2515  0  0  0  4760  106922  0  69816022454  5337  0  3008457  3008457  0  0  120353  4851  0  227863  4322  120353  0  106922  2515  138965  115538  683618490  43  29228  29350  29350  0.0826533737694  
1438641351  0  3081834  2517  0  0  0  4752  106074  0  70704636684  5337  0  3047770  3047770  0  0  120353  4851  0  227968  4302  120353  0  106074  2517  140640  117127  888614230  2  39006  39313  39313  0.0816721471695  
1438641361  0  3126592  2561  0  0  0  4963  111444  0  71728130628  5337  0  3092315  3092315  0  0  120353  4851  0  228617  4508  120353  0  111444  2561  142276  118681  1023493944  44  44758  44545  44545  0.0819102716312  
1438641372  0  3163645  2573  0  0  0  4840  108022  0  72606529834  5337  0  3129771  3129771  0  0  120353  4851  0  228683  4401  120353  0  108022  2573  143948  120271  878399206  12  37053  37456  37456  0.0813302377479  
1438641382  0  3207468  2608  0  0  0  4666  104531  0  73650947905  5337  0  3173782  3173782  0  0  120353  4851  0  228716  4229  120353  0  104531  2608  145976  122190  1044418071  35  43823  44011  44011  0.0813102422222  
1438641392  0  3235693  2692  0  0  0  4835  109063  0  74272536275  5337  0  3201605  3201605  0  0  120353  4851  0  229358  4376  120353  0  109063  2692  146965  123133  621588370  84  28225  27823  27823  0.0831970152916  
1438641402  0  3271410  2693  0  0  0  4619  104139  0  75102400169  5337  0  3237204  3237204  0  0  120353  4851  0  229617  4169  120353  0  104139  2693  148659  124740  829863894  1  35717  35599  35599  0.0823192446071  
1438641412  0  3303845  2694  0  0  0  4693  105626  0  75863366334  5337  0  3270170  3270170  0  0  120353  4851  0  229638  4248  120353  0  105626  2694  149954  125968  760966165  1  32435  32966  32966  0.0815413556023  
1438641422  0  3355928  2733  0  0  0  4935  110081  0  77063194197  5337  0  3322586  3322586  0  0  120353  4851  0  229638  4488  120353  0  110081  2733  151956  127868  1199827863  39  52083  52416  52416  0.081437980791  
1438641432  0  3397399  2786  0  0  0  4938  111020  0  78040636168  5337  0  3363751  3363751  0  0  120353  4851  0  230356  4479  120353  0  111020  2786  153656  129477  977441971  53  41471  41165  41165  0.0820039094613  
1438641442  0  3426445  2801  0  0  0  4876  108758  0  78698902429  5337  0  3392910  3392910  0  0  120353  4851  0  230407  4410  120353  0  108758  2801  154978  130738  658266261  15  29046  29159  29159  0.0817465332145  
1438641452  0  3460713  2884  0  0  0  5031  112524  0  79492529687  5337  0  3427406  3427406  0  0  120353  4851  0  230438  4538  120353  0  112524  2884  156275  131975  793627258  83  34268  34496  34496  0.0833354282774  
1438641462  0  3491549  2895  0  0  0  4892  109635  0  80186906911  5337  0  3457797  3457797  0  0  120353  4851  0  231019  4439  120353  0  109635  2895  157650  133275  694377224  11  30836  30391  30391  0.0829144886696  
1438641472  0  3541982  2942  0  0  0  5079  113618  0  81383441039  5337  0  3508610  3508610  0  0  120353  4851  0  231219  4615  120353  0  113618  2942  159599  135127  1196534128  47  50433  50813  50813  0.0830608399478  
1438641482  0  3585597  2972  0  0  0  4877  109800  0  82450282795  5337  0  3552584  3552584  0  0  120353  4851  0  231220  4421  120353  0  109800  2972  161618  137038  1066841756  30  43615  43974  43974  0.0828871733215  
1438641492  0  3618614  2987  0  0  0  5009  109999  0  83229842862  5337  0  3585329  3585329  0  0  120353  4851  0  231709  4536  120353  0  109999  2987  162963  138314  779560067  15  33017  32745  32745  0.08254541656  
1438641502  0  3647036  3016  0  0  0  5199  116733  0  83862584201  5337  0  3613642  3613642  0  0  120353  4851  0  231889  4708  120353  0  116733  3016  163899  139210  632741339  29  28422  28313  28313  0.0826972917185  
1438641512  0  3685031  3017  0  0  0  5025  113978  0  84771618932  5337  0  3652262  3652262  0  0  120353  4851  0  231983  4552  120353  0  113978  3017  165610  140839  909034731  1  37995  38620  38620  0.0818717671575  
1438641522  0  3726041  3048  0  0  0  5077  114547  0  85706199432  5337  0  3693325  3693325  0  0  120353  4851  0  231983  4615  120353  0  114547  3048  167297  142434  934580500  31  41010  41063  41063  0.0818026425367  
1438641532  0  3767849  3056  0  0  0  4767  107070  0  86694089232  5337  0  3735057  3735057  0  0  120353  4851  0  232601  4336  120353  0  107070  3056  169336  144368  987889800  8  41808  41732  41732  0.0811072842887  
1438641542  0  3811292  3099  0  0  0  4897  110349  0  87713055510  5337  0  3778633  3778633  0  0  120353  4851  0  232681  4439  120353  0  110349  3099  171032  145971  1018966278  43  43443  43576  43576  0.0813110094949  
1438641552  0  3839676  3116  0  0  0  5182  117477  0  88333750861  5337  0  3807197  3807197  0  0  120353  4851  0  232681  4697  120353  0  117477  3116  171953  146853  620695351  17  28384  28564  28564  0.0811526805908  
1438641562  0  3875584  3131  0  0  0  4967  111657  0  89143596124  5337  0  3842700  3842700  0  0  120353  4851  0  233277  4496  120353  0  111657  3131  173672  148492  809845263  15  35908  35503  35503  0.080787824493  
1438641572  0  3909907  3131  0  0  0  5035  113849  0  89953434840  5337  0  3877312  3877312  0  0  120353  4851  0  233425  4556  120353  0  113849  3131  175039  149783  809838716  0  34323  34612  34612  0.0800786310263  
1438641582  0  3962491  3189  0  0  0  4952  110432  0  91203323214  5337  0  3930274  3930274  0  0  120353  4851  0  233453  4507  120353  0  110432  3189  177359  151982  1249888374  58  52584  52962  52962  0.0804796780611  
1438641592  0  4004534  3236  0  0  0  4974  112829  0  92201435306  5337  0  3972642  3972642  0  0  120353  4851  0  233467  4503  120353  0  112829  3236  179081  153614  998112092  47  42043  42368  42368  0.0808084036744  
1438641602  0  4033598  3246  0  0  0  4912  111140  0  92833440023  5337  0  4001026  4001026  0  0  120353  4851  0  234183  4443  120353  0  111140  3246  180335  154809  632004717  10  29064  28384  28384  0.0804740581486  
1438641612  0  4066269  3276  0  0  0  4974  110962  0  93600710981  5340  0  4033944  4033944  0  0  120353  4851  0  234325  4504  120353  0  110962  3276  181704  156110  767270958  30  32671  32918  32918  0.0805652552746  
1438641622  0  4099243  3276  0  0  0  4914  111332  0  94360561930  5340  0  4067060  4067060  0  0  120353  4851  0  234334  4457  120353  0  111332  3276  183080  157417  759850949  0  32974  33116  33116  0.0799171944674  
1438641632  0  4149875  3292  0  0  0  5092  114057  0  95545703983  5340  0  4117564  4117564  0  0  120353  4851  0  234970  4628  120353  0  114057  3292  185067  159305  1185142053  16  50632  50504  50504  0.0793276905931  
1438641642  0  4191056  3323  0  0  0  5081  114636  0  96502616006  5340  0  4159049  4159049  0  0  120353  4851  0  235081  4607  120353  0  114636  3323  186789  160931  956912023  31  41181  41485  41485  0.0792878930752  
1438641652  0  4223356  3330  0  0  0  5202  116491  0  97243196775  5340  0  4191668  4191668  0  0  120353  4851  0  235125  4729  120353  0  116491  3330  188057  162132  740580769  7  32300  32619  32619  0.0788472484915  
1438641662  0  4251997  3363  0  0  0  4983  112813  0  97900391426  5340  0  4220265  4220265  0  0  120353  4851  0  235176  4517  120353  0  112813  3363  189467  163480  657194651  33  28641  28597  28597  0.0790922477133  
1438641672  0  4289436  3364  0  0  0  4850  109292  0  98792590436  5340  0  4257612  4257612  0  0  120353  4851  0  235816  4386  120353  0  109292  3364  191150  165075  892199010  1  37439  37347  37347  0.0784252288646  
1438641682  0  4334801  3364  0  0  0  5083  114238  0  99862754360  5340  0  4303116  4303116  0  0  120353  4851  0  235917  4617  120353  0  114238  3364  192833  166674  1070163924  0  45365  45504  45504  0.0776044851886  
1438641692  0  4376406  3382  0  0  0  4841  108778  0  100846930258  5340  0  4345045  4345045  0  0  120353  4851  0  235947  4389  120353  0  108778  3382  194808  168551  984175898  18  41605  41929  41929  0.0772780221945  
1438641702  0  4415807  3399  0  0  0  5207  116853  0  101764335364  5340  0  4384148  4384148  0  0  120353  4851  0  236557  4730  120353  0  116853  3399  196123  169790  917405106  17  39401  39103  39103  0.076973472799  
1438641712  0  4444916  3414  0  0  0  5048  113478  0  102430366652  5340  0  4413315  4413315  0  0  120353  4851  0  236724  4581  120353  0  113478  3414  197522  171120  666031288  15  29109  29167  29167  0.0768068507931  
1438641722  0  4481144  3433  0  0  0  5203  117033  0  103274584237  5340  0  4449691  4449691  0  0  120353  4851  0  236791  4711  120353  0  117033  3433  198861  172393  844217585  19  36228  36376  36376  0.0766099014002  
1438641732  0  4514874  3434  0  0  0  5031  113468  0  104055938491  5340  0  4483791  4483791  0  0  120353  4851  0  236792  4562  120353  0  113468  3434  200437  173893  781354254  1  33730  34100  34100  0.0760597084215  
