#Type:X;CI:2;ww:0;ca:0;co:0;fr:0;Type:X;CI:2;PI:0;PT:EP;U0:0;U1:0;Type:X;CI:2;PI:1;PT:EP;U0:0;U1:0;
#time  Pp  gt  gs  cn  cm  cb  Nc  Pc  cp  Tc  Nm  pr  ps  pt  px  pd  Pm  Om  fs  ft  Oc  Em  Gp  Ec  Ge  ot  os  Total_cycles_diff  Successful_get_diff  Total_get_diff  succ_put_diff  total_put_diff  get_hit  
1439001531  0  0  0  0  0  0  0  0  0  4335426  0  0  0  0  0  0  0  0  0  21  0  0  0  0  0  46  0  4335426  0  0  0  0  
1439001541  0  0  0  0  0  0  0  0  0  4335426  0  0  0  0  0  0  0  0  0  21  0  0  0  0  0  46  0  0  0  0  0  0  0 
1439001551  0  526  319  0  0  0  174  2582  0  36844798  232  0  3417  3417  0  0  3417  350  0  106  182  3417  0  2582  319  8630  130  32509372  319  526  3417  3417  60.6463878327  
1439001561  0  526  319  0  0  0  169  2734  0  74835880  232  0  3822  3822  0  0  3417  350  0  40901  162  3417  0  2734  319  8724  174  37991082  0  0  405  405  60.6463878327  
1439001571  0  601  344  0  0  0  109  2612  0  155052599  232  0  4638  4638  0  0  3417  350  0  108726  61  3417  0  2612  344  10603  292  80216719  25  75  816  816  57.237936772  
1439001581  0  12956  603  0  0  0  146  2787  0  219825817  232  0  5081  5081  0  0  3417  350  0  169125  91  3417  0  2787  603  14104  295  64773218  259  12355  443  443  4.65421426366  
1439001591  0  65926  603  0  0  0  747  13948  0  477844246  747  0  16242  16242  0  0  13948  651  0  210239  651  13948  0  13948  603  15710  295  258018429  0  52970  11161  11161  0.914661893638  
1439001601  0  131003  622  0  0  0  3646  79072  0  1499357422  3646  0  81393  81393  0  0  79072  3305  0  210995  3305  79072  0  79072  622  17353  297  1021513176  19  65077  65151  65151  0.474798287062  
1439001611  0  149921  638  0  0  0  0  0  0  2472199890  4122  0  100665  137745  37080  0  89259  3742  0  211137  0  89259  0  0  638  19558  707  972842468  16  18918  19272  56352  0.425557460262  
1439001621  0  149921  638  0  0  0  0  0  0  2904189995  4122  0  100665  177153  76488  0  89259  3742  0  211162  0  89259  0  0  638  20733  707  431990105  0  0  0  39408  0.425557460262  
1439001631  0  149921  638  0  0  0  0  0  0  3508153666  4122  0  100665  233417  132752  0  89259  3742  0  211907  0  89259  0  0  638  23050  707  603963671  0  0  0  56264  0.425557460262  
1439001641  0  149921  638  0  0  0  0  0  0  4199150728  4122  0  100665  296661  195996  0  89259  3742  0  212189  0  89259  0  0  638  25195  707  690997062  0  0  0  63244  0.425557460262  
1439001651  0  149921  638  0  0  0  0  0  0  4697729232  4122  0  100665  341854  241189  0  89259  3742  0  212191  0  89259  0  0  638  26819  707  498578504  0  0  0  45193  0.425557460262  
1439001661  0  149921  638  0  0  0  0  0  0  5215040270  4122  0  100665  387893  287228  0  89259  3742  0  212221  0  89259  0  0  638  28862  707  517311038  0  0  0  46039  0.425557460262  
1439001671  0  149921  638  0  0  0  0  0  0  5919436671  4122  0  100665  451380  350715  0  89259  3742  0  213110  0  89259  0  0  638  31276  707  704396401  0  0  0  63487  0.425557460262  
1439001681  0  149921  638  0  0  0  0  0  0  6556611262  4122  0  100665  509341  408676  0  89259  3742  0  213201  0  89259  0  0  638  33603  707  637174591  0  0  0  57961  0.425557460262  
1439001691  0  149921  638  0  0  0  0  0  0  7107131819  4122  0  100665  558692  458027  0  89259  3742  0  213234  0  89259  0  0  638  35708  707  550520557  0  0  0  49351  0.425557460262  
1439001701  0  149921  638  0  0  0  0  0  0  7563345142  4122  0  100665  600546  499881  0  89259  3742  0  214070  0  89259  0  0  638  37670  707  456213323  0  0  0  41854  0.425557460262  
1439001711  0  149921  638  0  0  0  0  0  0  8297222884  4122  0  100665  667679  567014  0  89259  3742  0  214346  0  89259  0  0  638  40394  707  733877742  0  0  0  67133  0.425557460262  
1439001721  0  149921  638  0  0  0  0  0  0  9040444463  4122  0  100665  733521  632856  0  89259  3742  0  214349  0  89259  0  0  638  43026  707  743221579  0  0  0  65842  0.425557460262  
1439001731  0  149921  638  0  0  0  0  0  0  9482196498  4122  0  100665  773186  672521  0  89259  3742  0  214375  0  89259  0  0  638  44732  707  441752035  0  0  0  39665  0.425557460262  
1439001741  0  149921  638  0  0  0  0  0  0  10057428798  4122  0  100665  825353  724688  0  89259  3742  0  215273  0  89259  0  0  638  46752  707  575232300  0  0  0  52167  0.425557460262  
1439001751  0  149921  638  0  0  0  0  0  0  10680792717  4122  0  100665  881687  781022  0  89259  3742  0  215413  0  89259  0  0  638  49133  707  623363919  0  0  0  56334  0.425557460262  
1439001761  0  149921  638  0  0  0  0  0  0  11302978631  4122  0  100665  939694  839029  0  89259  3742  0  215414  0  89259  0  0  638  51793  707  622185914  0  0  0  58007  0.425557460262  
1439001771  0  149921  638  0  0  0  0  0  0  11751263447  4122  0  100665  979430  878765  0  89259  3742  0  216143  0  89259  0  0  638  53464  707  448284816  0  0  0  39736  0.425557460262  
1439001781  0  149921  638  0  0  0  0  0  0  12436090414  4122  0  100665  1041244  940579  0  89259  3742  0  216491  0  89259  0  0  638  55850  707  684826967  0  0  0  61814  0.425557460262  
1439001791  0  149921  638  0  0  0  0  0  0  13136897017  4122  0  100665  1104573  1003908  0  89259  3742  0  216491  0  89259  0  0  638  58568  707  700806603  0  0  0  63329  0.425557460262  
1439001801  0  149921  638  0  0  0  0  0  0  13700747927  4122  0  100665  1155281  1054616  0  89259  3742  0  216492  0  89259  0  0  638  60862  707  563850910  0  0  0  50708  0.425557460262  
1439001811  0  149921  638  0  0  0  0  0  0  14163948661  4122  0  100665  1196781  1096116  0  89259  3742  0  217436  0  89259  0  0  638  62573  707  463200734  0  0  0  41500  0.425557460262  
1439001821  0  149921  638  0  0  0  0  0  0  14813754337  4122  0  100665  1255841  1155176  0  89259  3742  0  217641  0  89259  0  0  638  64934  707  649805676  0  0  0  59060  0.425557460262  
1439001831  0  149921  638  0  0  0  0  0  0  15513563997  4122  0  100665  1320496  1219831  0  89259  3742  0  217672  0  89259  0  0  638  67558  707  699809660  0  0  0  64655  0.425557460262  
1439001841  0  149921  638  0  0  0  0  0  0  15997550423  4122  0  100665  1363874  1263209  0  89259  3742  0  218454  0  89259  0  0  638  69611  707  483986426  0  0  0  43378  0.425557460262  
1439001851  0  149921  638  0  0  0  0  0  0  16495033735  4122  0  100665  1408817  1308152  0  89259  3742  0  218707  0  89259  0  0  638  71285  707  497483312  0  0  0  44943  0.425557460262  
1439001861  0  149921  638  0  0  0  0  0  0  17160887425  4122  0  100665  1469731  1369066  0  89259  3742  0  218809  0  89259  0  0  638  73999  707  665853690  0  0  0  60914  0.425557460262  
1439001871  0  149921  638  0  0  0  0  0  0  17816747313  4122  0  100665  1529462  1428797  0  89259  3742  0  219535  0  89259  0  0  638  76299  707  655859888  0  0  0  59731  0.425557460262  
1439001881  0  149921  638  0  0  0  0  0  0  18288749164  4122  0  100665  1572015  1471350  0  89259  3742  0  219700  0  89259  0  0  638  78079  707  472001851  0  0  0  42553  0.425557460262  
1439001891  0  149921  638  0  0  0  0  0  0  18881023572  4122  0  100665  1626246  1525581  0  89259  3742  0  219854  0  89259  0  0  638  80337  707  592274408  0  0  0  54231  0.425557460262  
1439001901  0  149921  638  0  0  0  0  0  0  19533513242  4122  0  100665  1684859  1584194  0  89259  3742  0  219855  0  89259  0  0  638  82733  707  652489670  0  0  0  58613  0.425557460262  
1439001911  0  149921  638  0  0  0  0  0  0  20137633937  4122  0  100665  1739947  1639282  0  89259  3742  0  220758  0  89259  0  0  638  85037  707  604120695  0  0  0  55088  0.425557460262  
1439001921  0  149921  638  0  0  0  0  0  0  20578237735  4122  0  100665  1779795  1679130  0  89259  3742  0  220894  0  89259  0  0  638  86799  707  440603798  0  0  0  39848  0.425557460262  
1439001931  0  149921  638  0  0  0  0  0  0  21112584592  4122  0  100665  1828394  1727729  0  89259  3742  0  220959  0  89259  0  0  638  88741  707  534346857  0  0  0  48599  0.425557460262  
1439001941  0  149921  638  0  0  0  0  0  0  21722588640  4122  0  100665  1884639  1783974  0  89259  3742  0  221623  0  89259  0  0  638  91483  707  610004048  0  0  0  56245  0.425557460262  
1439001951  0  149921  638  0  0  0  0  0  0  22455254257  4122  0  100665  1951713  1851048  0  89259  3742  0  221884  0  89259  0  0  638  94189  707  732665617  0  0  0  67074  0.425557460262  
1439001961  0  149921  638  0  0  0  0  0  0  22893357591  4122  0  100665  1992403  1891738  0  89259  3742  0  221927  0  89259  0  0  638  95913  707  438103334  0  0  0  40690  0.425557460262  
1439001971  0  149921  638  0  0  0  0  0  0  23555453356  4122  0  100665  2052867  1952202  0  89259  3742  0  222023  0  89259  0  0  638  98535  707  662095765  0  0  0  60464  0.425557460262  
1439001981  0  149921  638  0  0  0  0  0  0  24308519591  4122  0  100665  2121562  2020897  0  89259  3742  0  223046  0  89259  0  0  638  101612  707  753066235  0  0  0  68695  0.425557460262  
1439001992  0  149921  638  0  0  0  0  0  0  24848351554  4122  0  100665  2169529  2068864  0  89259  3742  0  223157  0  89259  0  0  638  103653  707  539831963  0  0  0  47967  0.425557460262  
1439002002  0  149921  638  0  0  0  0  0  0  25359307927  4122  0  100665  2215226  2114561  0  89259  3742  0  223161  0  89259  0  0  638  105622  707  510956373  0  0  0  45697  0.425557460262  
1439002012  0  149921  638  0  0  0  0  0  0  26162518568  4122  0  100665  2286405  2185740  0  89259  3742  0  224036  0  89259  0  0  638  108799  707  803210641  0  0  0  71179  0.425557460262  
1439002022  0  149921  638  0  0  0  0  0  0  26801881251  4122  0  100665  2344224  2243559  0  89259  3742  0  224171  0  89259  0  0  638  111345  707  639362683  0  0  0  57819  0.425557460262  
1439002032  0  149921  638  0  0  0  0  0  0  27220405576  4122  0  100665  2382557  2281892  0  89259  3742  0  224184  0  89259  0  0  638  112927  707  418524325  0  0  0  38333  0.425557460262  
1439002042  0  149921  638  0  0  0  0  0  0  27761903510  4122  0  100665  2431474  2330809  0  89259  3742  0  225030  0  89259  0  0  638  114986  707  541497934  0  0  0  48917  0.425557460262  
1439002052  0  149921  638  0  0  0  0  0  0  28397054540  4122  0  100665  2489384  2388719  0  89259  3742  0  225269  0  89259  0  0  638  117401  707  635151030  0  0  0  57910  0.425557460262  
1439002062  0  149921  638  0  0  0  0  0  0  29080694341  4122  0  100665  2552285  2451620  0  89259  3742  0  225321  0  89259  0  0  638  120088  707  683639801  0  0  0  62901  0.425557460262  
1439002072  0  149921  638  0  0  0  0  0  0  29549162072  4122  0  100665  2593998  2493333  0  89259  3742  0  226002  0  89259  0  0  638  121756  707  468467731  0  0  0  41713  0.425557460262  
1439002082  0  149921  638  0  0  0  0  0  0  30194937021  4122  0  100665  2653250  2552585  0  89259  3742  0  226410  0  89259  0  0  638  124123  707  645774949  0  0  0  59252  0.425557460262  
1439002092  0  149921  638  0  0  0  0  0  0  30863488153  4122  0  100665  2714575  2613910  0  89259  3742  0  226410  0  89259  0  0  638  126720  707  668551132  0  0  0  61325  0.425557460262  
1439002102  0  149921  638  0  0  0  0  0  0  31455498281  4122  0  100665  2768399  2667734  0  89259  3742  0  226452  0  89259  0  0  638  129107  707  592010128  0  0  0  53824  0.425557460262  
1439002112  0  149921  638  0  0  0  0  0  0  31899758284  4122  0  100665  2808491  2707826  0  89259  3742  0  227439  0  89259  0  0  638  130795  707  444260003  0  0  0  40092  0.425557460262  
1439002122  0  149921  638  0  0  0  0  0  0  32658120582  4122  0  100665  2876549  2775884  0  89259  3742  0  227620  0  89259  0  0  638  133478  707  758362298  0  0  0  68058  0.425557460262  
1439002132  0  149921  638  0  0  0  0  0  0  33389661136  4122  0  100665  2942898  2842233  0  89259  3742  0  227651  0  89259  0  0  638  136448  707  731540554  0  0  0  66349  0.425557460262  
1439002142  0  149921  638  0  0  0  0  0  0  33847981345  4122  0  100665  2984824  2884159  0  89259  3742  0  227863  0  89259  0  0  638  138131  707  458320209  0  0  0  41926  0.425557460262  
1439002152  0  149921  638  0  0  0  0  0  0  34428399551  4122  0  100665  3037379  2936714  0  89259  3742  0  228829  0  89259  0  0  638  140191  707  580418206  0  0  0  52555  0.425557460262  
1439002162  0  149921  638  0  0  0  0  0  0  35077926227  4122  0  100665  3096450  2995785  0  89259  3742  0  228851  0  89259  0  0  638  142753  707  649526676  0  0  0  59071  0.425557460262  
1439002172  0  149921  638  0  0  0  0  0  0  35770670781  4122  0  100665  3159748  3059083  0  89259  3742  0  228882  0  89259  0  0  638  145539  707  692744554  0  0  0  63298  0.425557460262  
1439002182  0  149921  638  0  0  0  0  0  0  36259743236  4122  0  100665  3203106  3102441  0  89259  3742  0  229900  0  89259  0  0  638  147147  707  489072455  0  0  0  43358  0.425557460262  
1439002192  0  149921  638  0  0  0  0  0  0  36846682723  4122  0  100665  3255262  3154597  0  89259  3742  0  230095  0  89259  0  0  638  149144  707  586939487  0  0  0  52156  0.425557460262  
1439002202  0  149921  638  0  0  0  0  0  0  37496127533  4122  0  100665  3314799  3214134  0  89259  3742  0  230124  0  89259  0  0  638  151887  707  649444810  0  0  0  59537  0.425557460262  
1439002212  0  149921  638  0  0  0  0  0  0  38071028115  4122  0  100665  3367938  3267273  0  89259  3742  0  230388  0  89259  0  0  638  153928  707  574900582  0  0  0  53139  0.425557460262  
1439002222  0  149921  638  0  0  0  0  0  0  38475165556  4122  0  100665  3403474  3302809  0  89259  3742  0  231059  0  89259  0  0  638  155624  707  404137441  0  0  0  35536  0.425557460262  
1439002232  0  149921  638  0  0  0  0  0  0  38858093012  4122  0  100895  3440371  3339476  0  89259  3742  0  231204  0  89259  0  0  638  156889  707  382927456  0  0  230  36897  0.425557460262  
1439002242  0  149921  638  0  0  0  0  0  0  39094820029  4122  0  100895  3462352  3361457  0  89259  3742  0  231228  0  89259  0  0  638  157954  707  236727017  0  0  0  21981  0.425557460262  
1439002252  0  149921  638  0  0  0  0  0  0  39251900069  4122  0  100895  3476463  3375568  0  89259  3742  0  231601  0  89259  0  0  638  158576  707  157080040  0  0  0  14111  0.425557460262  
1439002262  0  149921  638  0  0  0  0  0  0  39459480952  4122  0  100895  3495634  3394739  0  89259  3742  0  231709  0  89259  0  0  638  159197  707  207580883  0  0  0  19171  0.425557460262  
1439002272  0  149921  638  0  0  0  0  0  0  39605914894  4122  0  100895  3509173  3408278  0  89259  3742  0  231759  0  89259  0  0  638  159957  707  146433942  0  0  0  13539  0.425557460262  
1439002282  0  149921  638  0  0  0  0  0  0  39946070560  4122  0  100895  3540697  3439802  0  89259  3742  0  231944  0  89259  0  0  638  161228  707  340155666  0  0  0  31524  0.425557460262  
1439002292  0  149921  638  0  0  0  0  0  0  40090046697  4122  0  100895  3568215  3467320  0  89259  3742  0  232050  0  89259  0  0  638  162294  707  143976137  0  0  0  27518  0.425557460262  
1439002302  0  149921  638  0  0  0  0  0  0  40390720786  4122  0  100895  3596221  3495326  0  89259  3742  0  232149  0  89259  0  0  638  163678  707  300674089  0  0  0  28006  0.425557460262  
1439002312  0  149921  638  0  0  0  0  0  0  40573856544  4122  0  100895  3613247  3512352  0  89259  3742  0  232406  0  89259  0  0  638  164325  707  183135758  0  0  0  17026  0.425557460262  
1439002322  0  149921  638  0  0  0  0  0  0  41108853875  4122  0  100895  3661782  3560886  0  89259  3742  0  232682  0  89259  0  0  638  166331  707  534997331  0  0  0  48535  0.425557460262  
1439002332  0  149921  638  0  0  0  0  0  0  41558255047  4122  0  100895  3701156  3600260  0  89259  3742  0  232713  0  89259  0  0  638  168023  707  449401172  0  0  0  39374  0.425557460262  
1439002342  0  149921  638  0  0  0  0  0  0  41961790988  4122  0  100895  3737208  3636312  0  89259  3742  0  232713  0  89259  0  0  638  169307  707  403535941  0  0  0  36052  0.425557460262  
1439002352  0  149921  638  0  0  0  0  0  0  42253759709  4122  0  100895  3764701  3663805  0  89259  3742  0  233360  0  89259  0  0  638  170679  707  291968721  0  0  0  27493  0.425557460262  
1439002362  0  149921  638  0  0  0  0  0  0  42631844574  4122  0  100895  3798253  3697356  0  89259  3742  0  233504  0  89259  0  0  638  172082  707  378084865  0  0  0  33552  0.425557460262  
1439002372  0  149921  638  0  0  0  0  0  0  43158004191  4122  0  100895  3845452  3744555  0  89259  3742  0  233575  0  89259  0  0  638  174079  707  526159617  0  0  0  47199  0.425557460262  
1439002382  0  149921  638  0  0  0  0  0  0  43715828315  4122  0  100895  3895720  3794823  0  89259  3742  0  234248  0  89259  0  0  638  176076  707  557824124  0  0  0  50268  0.425557460262  
1439002392  0  149921  638  0  0  0  0  0  0  43835269501  4122  0  100895  3906982  3806085  0  89259  3742  0  234299  0  89259  0  0  638  176363  707  119441186  0  0  0  11262  0.425557460262  
1439002402  0  149921  638  0  0  0  0  0  0  43974963097  4122  0  100895  3919891  3818994  0  89259  3742  0  234382  0  89259  0  0  638  176961  707  139693596  0  0  0  12909  0.425557460262  
1439002412  0  149921  638  0  0  0  0  0  0  44338560867  4122  0  100895  3955663  3854766  0  89259  3742  0  234567  0  89259  0  0  638  178356  707  363597770  0  0  0  35772  0.425557460262  
1439002422  0  149921  638  0  0  0  0  0  0  44550039679  4122  0  100895  3976656  3875759  0  89259  3742  0  234670  0  89259  0  0  638  179311  707  211478812  0  0  0  20993  0.425557460262  
1439002432  0  149921  638  0  0  0  0  0  0  44766475872  4122  0  100895  3996688  3895791  0  89259  3742  0  234751  0  89259  0  0  638  180093  707  216436193  0  0  0  20032  0.425557460262  
1439002442  0  149921  638  0  0  0  0  0  0  45064107953  4122  0  100895  4024743  3923846  0  89259  3742  0  235038  0  89259  0  0  638  181343  707  297632081  0  0  0  28055  0.425557460262  
1439002452  0  149921  638  0  0  0  0  0  0  45479193674  4122  0  100895  4062711  3961814  0  89259  3742  0  235263  0  89259  0  0  638  182709  707  415085721  0  0  0  37968  0.425557460262  
1439002462  0  149921  638  0  0  0  0  0  0  45859779189  4122  0  100895  4099405  3998508  0  89259  3742  0  235330  0  89259  0  0  638  184435  707  380585515  0  0  0  36694  0.425557460262  
1439002472  0  149921  638  0  0  0  0  0  0  46132554961  4122  0  100895  4123897  4023000  0  89259  3742  0  235330  0  89259  0  0  638  185383  707  272775772  0  0  0  24492  0.425557460262  
1439002482  0  149921  638  0  0  0  0  0  0  46313311325  4122  0  100895  4140561  4039664  0  89259  3742  0  236153  0  89259  0  0  638  186176  707  180756364  0  0  0  16664  0.425557460262  
1439002492  0  149921  638  0  0  0  0  0  0  46313717439  4122  0  100895  4140561  4039664  0  89259  3742  0  236153  0  89259  0  0  638  186176  707  406114  0  0  0  0  0.425557460262  
1439002502  0  149921  638  0  0  0  0  0  0  46313726707  4122  0  100895  4140561  4039664  0  89259  3742  0  236153  0  89259  0  0  638  186176  707  9268  0  0  0  0  0.425557460262  
1439002512  0  149921  638  0  0  0  0  0  0  46313726707  4122  0  100895  4140561  4039664  0  89259  3742  0  236153  0  89259  0  0  638  186176  707  0  0  0  0  0  0.425557460262  
1439002522  0  149921  638  0  0  0  0  0  0  46313726707  4122  0  100895  4140561  4039664  0  89259  3742  0  236153  0  89259  0  0  638  186176  707  0  0  0  0  0  0.425557460262  
1439002532  0  149921  638  0  0  0  0  0  0  46313726707  4122  0  100895  4140561  4039664  0  89259  3742  0  236153  0  89259  0  0  638  186176  707  0  0  0  0  0  0.425557460262  
1439002542  0  149921  638  0  0  0  0  0  0  46313726707  4122  0  100895  4140561  4039664  0  89259  3742  0  236153  0  89259  0  0  638  186176  707  0  0  0  0  0  0.425557460262  
1439002552  0  149921  638  0  0  0  0  0  0  46313726707  4122  0  100895  4140561  4039664  0  89259  3742  0  236153  0  89259  0  0  638  186176  707  0  0  0  0  0  0.425557460262  
1439002562  0  149921  638  0  0  0  0  0  0  46313726707  4122  0  100895  4140561  4039664  0  89259  3742  0  236153  0  89259  0  0  638  186176  707  0  0  0  0  0  0.425557460262  
1439002572  0  149921  638  0  0  0  0  0  0  46313726707  4122  0  100895  4140561  4039664  0  89259  3742  0  236153  0  89259  0  0  638  186176  707  0  0  0  0  0  0.425557460262  
1439002582  0  149921  638  0  0  0  0  0  0  46313726707  4122  0  100895  4140561  4039664  0  89259  3742  0  236153  0  89259  0  0  638  186176  707  0  0  0  0  0  0.425557460262  
1439002592  0  149921  638  0  0  0  0  0  0  46313726707  4122  0  100895  4140561  4039664  0  89259  3742  0  236153  0  89259  0  0  638  186176  707  0  0  0  0  0  0.425557460262  
1439002602  0  149921  638  0  0  0  0  0  0  46313726707  4122  0  100895  4140561  4039664  0  89259  3742  0  236153  0  89259  0  0  638  186176  707  0  0  0  0  0  0.425557460262  
1439002612  0  149921  638  0  0  0  0  0  0  46313726707  4122  0  100895  4140561  4039664  0  89259  3742  0  236153  0  89259  0  0  638  186176  707  0  0  0  0  0  0.425557460262  
1439002622  0  149921  638  0  0  0  0  0  0  46313726707  4122  0  100895  4140561  4039664  0  89259  3742  0  236153  0  89259  0  0  638  186176  707  0  0  0  0  0  0.425557460262  
1439002632  0  149921  638  0  0  0  0  0  0  46313726707  4122  0  100895  4140561  4039664  0  89259  3742  0  236153  0  89259  0  0  638  186176  707  0  0  0  0  0  0.425557460262  
1439002642  0  149921  638  0  0  0  0  0  0  46313726707  4122  0  100895  4140561  4039664  0  89259  3742  0  236153  0  89259  0  0  638  186176  707  0  0  0  0  0  0.425557460262  
1439002652  0  149921  638  0  0  0  0  0  0  46313726707  4122  0  100895  4140561  4039664  0  89259  3742  0  236153  0  89259  0  0  638  186176  707  0  0  0  0  0  0.425557460262  
1439002662  0  149921  638  0  0  0  0  0  0  46313726707  4122  0  100895  4140561  4039664  0  89259  3742  0  236153  0  89259  0  0  638  186176  707  0  0  0  0  0  0.425557460262  
1439002672  0  149921  638  0  0  0  0  0  0  46313726707  4122  0  100895  4140561  4039664  0  89259  3742  0  236153  0  89259  0  0  638  186176  707  0  0  0  0  0  0.425557460262  
1439002682  0  149921  638  0  0  0  0  0  0  46313726707  4122  0  100895  4140561  4039664  0  89259  3742  0  236153  0  89259  0  0  638  186176  707  0  0  0  0  0  0.425557460262  
1439002693  0  149921  638  0  0  0  0  0  0  46313726707  4122  0  100895  4140561  4039664  0  89259  3742  0  236153  0  89259  0  0  638  186176  707  0  0  0  0  0  0.425557460262  
1439002703  0  149921  638  0  0  0  0  0  0  46313726707  4122  0  100895  4140561  4039664  0  89259  3742  0  236153  0  89259  0  0  638  186176  707  0  0  0  0  0  0.425557460262  
1439002713  0  149921  638  0  0  0  0  0  0  46313726707  4122  0  100895  4140561  4039664  0  89259  3742  0  236153  0  89259  0  0  638  186176  707  0  0  0  0  0  0.425557460262  
1439002723  0  149921  638  0  0  0  0  0  0  46313726707  4122  0  100895  4140561  4039664  0  89259  3742  0  236153  0  89259  0  0  638  186176  707  0  0  0  0  0  0.425557460262  
1439002733  0  149921  638  0  0  0  0  0  0  46313726707  4122  0  100895  4140561  4039664  0  89259  3742  0  236153  0  89259  0  0  638  186176  707  0  0  0  0  0  0.425557460262  
1439002743  0  149921  638  0  0  0  0  0  0  46313726707  4122  0  100895  4140561  4039664  0  89259  3742  0  236153  0  89259  0  0  638  186176  707  0  0  0  0  0  0.425557460262  
1439002753  0  149921  638  0  0  0  0  0  0  46313726707  4122  0  100895  4140561  4039664  0  89259  3742  0  236153  0  89259  0  0  638  186176  707  0  0  0  0  0  0.425557460262  
1439002763  0  149921  638  0  0  0  0  0  0  46313726707  4122  0  100895  4140561  4039664  0  89259  3742  0  236153  0  89259  0  0  638  186176  707  0  0  0  0  0  0.425557460262  
1439002773  0  149921  638  0  0  0  0  0  0  46313726707  4122  0  100895  4140561  4039664  0  89259  3742  0  236153  0  89259  0  0  638  186176  707  0  0  0  0  0  0.425557460262  
1439002783  0  149921  638  0  0  0  0  0  0  46313726707  4122  0  100895  4140561  4039664  0  89259  3742  0  236153  0  89259  0  0  638  186176  707  0  0  0  0  0  0.425557460262  
1439002793  0  149921  638  0  0  0  0  0  0  46313726707  4122  0  100895  4140561  4039664  0  89259  3742  0  236153  0  89259  0  0  638  186176  707  0  0  0  0  0  0.425557460262  
1439002803  0  149921  638  0  0  0  0  0  0  46313726707  4122  0  100895  4140561  4039664  0  89259  3742  0  236153  0  89259  0  0  638  186176  707  0  0  0  0  0  0.425557460262  
1439002813  0  149921  638  0  0  0  0  0  0  46313726707  4122  0  100895  4140561  4039664  0  89259  3742  0  236153  0  89259  0  0  638  186176  707  0  0  0  0  0  0.425557460262  
1439002823  0  149921  638  0  0  0  0  0  0  46313726707  4122  0  100895  4140561  4039664  0  89259  3742  0  236153  0  89259  0  0  638  186176  707  0  0  0  0  0  0.425557460262  
1439002833  0  149921  638  0  0  0  0  0  0  46313726707  4122  0  100895  4140561  4039664  0  89259  3742  0  236153  0  89259  0  0  638  186176  707  0  0  0  0  0  0.425557460262  
1439002843  0  149921  638  0  0  0  0  0  0  46313726707  4122  0  100895  4140561  4039664  0  89259  3742  0  236153  0  89259  0  0  638  186176  707  0  0  0  0  0  0.425557460262  
1439002853  0  149921  638  0  0  0  0  0  0  46313726707  4122  0  100895  4140561  4039664  0  89259  3742  0  236153  0  89259  0  0  638  186176  707  0  0  0  0  0  0.425557460262  
1439002863  0  149921  638  0  0  0  0  0  0  46313726707  4122  0  100895  4140561  4039664  0  89259  3742  0  236153  0  89259  0  0  638  186176  707  0  0  0  0  0  0.425557460262  
1439002873  0  149921  638  0  0  0  0  0  0  46313726707  4122  0  100895  4140561  4039664  0  89259  3742  0  236153  0  89259  0  0  638  186176  707  0  0  0  0  0  0.425557460262  
1439002883  0  149921  638  0  0  0  0  0  0  46313726707  4122  0  100895  4140561  4039664  0  89259  3742  0  236153  0  89259  0  0  638  186176  707  0  0  0  0  0  0.425557460262  
1439002893  0  149921  638  0  0  0  0  0  0  46313726707  4122  0  100895  4140561  4039664  0  89259  3742  0  236153  0  89259  0  0  638  186176  707  0  0  0  0  0  0.425557460262  
1439002903  0  149921  638  0  0  0  0  0  0  46313726707  4122  0  100895  4140561  4039664  0  89259  3742  0  236153  0  89259  0  0  638  186176  707  0  0  0  0  0  0.425557460262  
1439002913  0  149921  638  0  0  0  0  0  0  46313726707  4122  0  100895  4140561  4039664  0  89259  3742  0  236153  0  89259  0  0  638  186176  707  0  0  0  0  0  0.425557460262  
1439002923  0  149921  638  0  0  0  0  0  0  46313726707  4122  0  100895  4140561  4039664  0  89259  3742  0  236153  0  89259  0  0  638  186176  707  0  0  0  0  0  0.425557460262  
1439002933  0  149921  638  0  0  0  0  0  0  46313726707  4122  0  100895  4140561  4039664  0  89259  3742  0  236153  0  89259  0  0  638  186176  707  0  0  0  0  0  0.425557460262  
1439002943  0  149921  638  0  0  0  0  0  0  46313726707  4122  0  100895  4140561  4039664  0  89259  3742  0  236153  0  89259  0  0  638  186176  707  0  0  0  0  0  0.425557460262  
1439002953  0  149921  638  0  0  0  0  0  0  46313726707  4122  0  100895  4140561  4039664  0  89259  3742  0  236153  0  89259  0  0  638  186176  707  0  0  0  0  0  0.425557460262  
1439002963  0  149921  638  0  0  0  0  0  0  46313726707  4122  0  100895  4140561  4039664  0  89259  3742  0  236153  0  89259  0  0  638  186176  707  0  0  0  0  0  0.425557460262  
1439002973  0  149921  638  0  0  0  0  0  0  46313726707  4122  0  100895  4140561  4039664  0  89259  3742  0  236153  0  89259  0  0  638  186176  707  0  0  0  0  0  0.425557460262  
1439002983  0  149921  638  0  0  0  0  0  0  46313726707  4122  0  100895  4140561  4039664  0  89259  3742  0  236153  0  89259  0  0  638  186176  707  0  0  0  0  0  0.425557460262  
1439002993  0  149921  638  0  0  0  0  0  0  46313726707  4122  0  100895  4140561  4039664  0  89259  3742  0  236153  0  89259  0  0  638  186176  707  0  0  0  0  0  0.425557460262  
1439003003  0  149921  638  0  0  0  0  0  0  46313726707  4122  0  100895  4140561  4039664  0  89259  3742  0  236153  0  89259  0  0  638  186176  707  0  0  0  0  0  0.425557460262  
1439003013  0  149921  638  0  0  0  0  0  0  46313726707  4122  0  100895  4140561  4039664  0  89259  3742  0  236153  0  89259  0  0  638  186176  707  0  0  0  0  0  0.425557460262  
1439003023  0  149921  638  0  0  0  0  0  0  46313726707  4122  0  100895  4140561  4039664  0  89259  3742  0  236153  0  89259  0  0  638  186176  707  0  0  0  0  0  0.425557460262  
1439003033  0  149921  638  0  0  0  0  0  0  46313726707  4122  0  100895  4140561  4039664  0  89259  3742  0  236153  0  89259  0  0  638  186176  707  0  0  0  0  0  0.425557460262  
1439003043  0  149921  638  0  0  0  0  0  0  46313726707  4122  0  100895  4140561  4039664  0  89259  3742  0  236153  0  89259  0  0  638  186176  707  0  0  0  0  0  0.425557460262  
1439003053  0  149921  638  0  0  0  0  0  0  46313726707  4122  0  100895  4140561  4039664  0  89259  3742  0  236153  0  89259  0  0  638  186176  707  0  0  0  0  0  0.425557460262  
1439003063  0  149921  638  0  0  0  0  0  0  46313726707  4122  0  100895  4140561  4039664  0  89259  3742  0  236153  0  89259  0  0  638  186176  707  0  0  0  0  0  0.425557460262  
1439003073  0  149921  638  0  0  0  0  0  0  46313726707  4122  0  100895  4140561  4039664  0  89259  3742  0  236153  0  89259  0  0  638  186176  707  0  0  0  0  0  0.425557460262  
1439003083  0  149921  638  0  0  0  0  0  0  46313726707  4122  0  100895  4140561  4039664  0  89259  3742  0  236153  0  89259  0  0  638  186176  707  0  0  0  0  0  0.425557460262  
1439003093  0  149921  638  0  0  0  0  0  0  46313726707  4122  0  100895  4140561  4039664  0  89259  3742  0  236153  0  89259  0  0  638  186176  707  0  0  0  0  0  0.425557460262  
1439003103  0  149921  638  0  0  0  0  0  0  46313726707  4122  0  100895  4140561  4039664  0  89259  3742  0  236153  0  89259  0  0  638  186176  707  0  0  0  0  0  0.425557460262  
1439003113  0  149921  638  0  0  0  0  0  0  46313726707  4122  0  100895  4140561  4039664  0  89259  3742  0  236153  0  89259  0  0  638  186176  707  0  0  0  0  0  0.425557460262  
1439003123  0  149921  638  0  0  0  0  0  0  46313726707  4122  0  100895  4140561  4039664  0  89259  3742  0  236153  0  89259  0  0  638  186176  707  0  0  0  0  0  0.425557460262  
1439003133  0  149921  638  0  0  0  0  0  0  46313726707  4122  0  100895  4140561  4039664  0  89259  3742  0  236153  0  89259  0  0  638  186176  707  0  0  0  0  0  0.425557460262  
1439003143  0  149921  638  0  0  0  0  0  0  46313726707  4122  0  100895  4140561  4039664  0  89259  3742  0  236153  0  89259  0  0  638  186176  707  0  0  0  0  0  0.425557460262  
1439003153  0  149921  638  0  0  0  0  0  0  46313726707  4122  0  100895  4140561  4039664  0  89259  3742  0  236153  0  89259  0  0  638  186176  707  0  0  0  0  0  0.425557460262  
1439003163  0  149921  638  0  0  0  0  0  0  46313726707  4122  0  100895  4140561  4039664  0  89259  3742  0  236153  0  89259  0  0  638  186176  707  0  0  0  0  0  0.425557460262  
1439003173  0  149921  638  0  0  0  0  0  0  46313726707  4122  0  100895  4140561  4039664  0  89259  3742  0  236153  0  89259  0  0  638  186176  707  0  0  0  0  0  0.425557460262  
1439003183  0  149921  638  0  0  0  0  0  0  46313726707  4122  0  100895  4140561  4039664  0  89259  3742  0  236153  0  89259  0  0  638  186176  707  0  0  0  0  0  0.425557460262  
1439003193  0  149921  638  0  0  0  0  0  0  46313726707  4122  0  100895  4140561  4039664  0  89259  3742  0  236153  0  89259  0  0  638  186176  707  0  0  0  0  0  0.425557460262  
