#Type:X;CI:1;ww:0;ca:0;co:1;fr:0;Type:X;CI:1;PI:0;PT:EP;U0:0;U1:0;Type:X;CI:1;PI:1;PT:EP;U0:0;U1:0;
#time  Pp  gt  gs  cn  cm  cb  Nc  Pc  cp  Tc  Nm  pr  ps  pt  px  pd  Pm  Om  fs  ft  Oc  Em  Gp  Ec  Ge  ot  os  Total_cycles_diff  Successful_get_diff  Total_get_diff  succ_put_diff  total_put_diff  get_hit  
1439878902  0  0  0  0  0  0  0  0  0  1322755  0  0  0  0  0  0  0  0  0  21  0  0  0  0  0  46  0  1322755  0  0  0  0  
1439878912  0  0  0  0  0  0  0  0  0  1326151  0  0  0  0  0  0  0  0  0  21  0  0  0  0  0  46  0  3396  0  0  0  0  0 
1439878922  0  185  184  13  5  6595019  184  2779  2770  239164930  233  0  3396  3401  5  0  3396  351  0  95  191  3396  0  2779  184  7570  125  237838779  184  185  3396  3401  99.4594594595  
1439878932  0  541  329  13  5  6221520  176  2634  2628  253739440  233  0  3396  3401  5  0  3396  351  0  95  186  3396  0  2634  329  7570  125  14574510  145  356  0  0  60.8133086876  
1439878942  0  541  329  13  5  6221520  176  2634  2628  253739440  233  0  3396  3401  5  0  3396  351  0  95  186  3396  0  2634  329  7570  125  0  0  0  0  0  60.8133086876  
1439878953  0  541  329  37  19  6661871  170  2774  2744  326626380  233  0  3802  3821  19  0  3396  351  0  20522  165  3396  0  2774  329  7667  172  72886940  0  0  406  420  60.8133086876  
1439878963  0  541  329  37  19  4526096  112  1873  1843  369232668  233  0  3833  3852  19  0  3396  351  0  59545  78  3396  0  1873  329  7923  274  42606288  0  0  31  31  60.8133086876  
1439878973  0  541  329  39  20  6352158  113  2614  2582  463048124  233  0  4574  4594  20  0  3396  351  0  78373  78  3396  0  2614  329  8335  274  93815456  0  0  741  742  60.8133086876  
1439878983  0  580  352  42  20  6312689  107  2587  2552  490005212  233  0  4621  4641  20  0  3396  351  0  99680  61  3396  0  2587  352  9668  293  26957088  23  39  47  47  60.6896551724  
1439878993  0  1296  554  42  20  5789928  107  2389  2354  507959381  233  0  4642  4662  20  0  3396  351  0  131984  56  3396  0  2389  554  11337  298  17954169  202  716  21  21  42.7469135802  
1439879003  0  13216  554  42  20  5822084  164  3218  3183  554369524  233  0  5471  5491  20  0  3396  351  0  143101  113  3396  0  3218  554  11741  298  46410143  0  11920  829  829  4.19188861985  
1439879013  0  24534  554  42  20  5856855  218  4032  3997  600976833  233  0  6285  6305  20  0  4032  351  0  153472  164  4032  0  4032  554  12134  298  46607309  0  11318  814  814  2.25809081275  
1439879023  0  42162  554  42  20  5966811  372  6973  6938  652349237  372  0  9226  9246  20  0  6973  351  0  167692  312  6973  0  6973  554  12764  298  51372404  0  17628  2941  2941  1.31397941274  
1439879033  0  62008  554  42  20  6121111  573  10121  10086  781532110  573  0  12374  12394  20  0  10121  498  0  184073  498  10121  0  10121  554  13133  298  129182873  0  19846  3148  3148  0.893433105406  
1439879043  0  74990  554  42  22  7031889  1156  22689  22654  1147676437  1156  0  24942  24964  22  0  22689  1034  0  184927  1034  22689  0  22689  554  13404  298  366144327  0  12982  12568  12570  0.738765168689  
1439879053  0  96730  554  42  22  7860197  2098  44389  44354  1754720600  2098  0  46642  46664  22  0  44389  1898  0  185029  1898  44389  0  44389  554  14159  298  607044163  0  21740  21700  21700  0.57272821255  
1439879063  0  110017  554  42  22  8364685  2665  57669  57634  2087964458  2665  0  59922  59944  22  0  57669  2418  0  185107  2418  57669  0  57669  554  14642  298  333243858  0  13287  13280  13280  0.503558540953  
1439879073  0  118799  554  42  22  8710480  3048  66677  66642  2315493671  3048  0  68930  68952  22  0  66677  2771  0  185197  2771  66677  0  66677  554  14952  298  227529213  0  8782  9008  9008  0.466333891699  
1439879083  0  136414  565  42  22  9450627  3839  84396  84361  2803982428  3839  0  86660  86682  22  0  84396  3489  0  185261  3489  84396  0  84396  565  15132  298  488488757  11  17615  17730  17730  0.414180362719  
1439879093  0  159638  570  42  22  9815005  4222  93934  93899  3414827737  4222  0  109884  109906  22  0  93934  3840  0  185375  3840  93934  0  93934  570  15938  873  610845309  5  23224  23224  23224  0.357057843371  
1439879103  0  167381  570  42  22  9925841  4354  96839  96804  3642319900  4400  0  117818  117840  22  0  97866  4006  0  185403  3949  97866  0  96839  570  16161  1082  227492163  0  7743  7934  7934  0.340540443658  
1439879113  0  175893  570  42  22  10016409  4447  99264  99229  3894741992  4551  0  126179  126201  22  0  101637  4120  0  185485  4031  101637  0  99264  570  16410  1318  252422092  0  8512  8361  8361  0.324060650509  
1439879123  0  203713  608  42  22  10052492  4537  100951  100916  4723316348  4699  0  154147  154169  22  0  104539  4263  0  185592  4124  104539  0  100951  608  17495  2347  828574356  38  27820  27968  27968  0.298459106684  
1439879133  0  233026  608  42  22  10303915  4803  107714  107679  5585152126  4803  0  183737  183759  22  0  107714  4358  0  185740  4358  107714  0  107714  608  18480  3290  861835778  0  29313  29590  29590  0.26091509102  
1439879143  0  247384  608  42  22  10038495  4502  100143  100108  5985448421  4877  0  197823  197845  22  0  109908  4429  0  185869  4076  109908  0  100143  608  19362  4129  400296295  0  14358  14086  14086  0.245771755651  
1439879153  0  278925  608  42  22  10379924  4867  108505  108470  6922124697  5100  0  229696  229718  22  0  114296  4621  0  186004  4414  114296  0  108505  608  20341  5056  936676276  0  31541  31873  31873  0.217979743659  
1439879163  0  290756  608  42  22  10568540  5066  113645  113610  7231750347  5182  0  241337  241359  22  0  115985  4700  0  186040  4600  115985  0  113645  608  20623  5324  309625650  0  11831  11641  11641  0.209110044161  
1439879173  0  304905  622  42  22  10482412  4979  111156  111121  7669841612  5282  0  255618  255640  22  0  118239  4808  0  186088  4526  118239  0  111156  622  21325  5992  438091265  14  14149  14281  14281  0.20399796658  
1439879183  0  323552  1035  42  22  10691305  5216  116077  116042  8242790224  5412  0  274299  274321  22  0  120368  4920  0  186246  4737  120368  0  116077  1035  21856  6502  572948612  413  18647  18681  18681  0.319886756997  
1439879193  0  341499  1067  42  22  10641485  5156  115401  115366  8755895852  5466  0  292409  292431  22  0  122233  4979  0  186338  4705  122233  0  115401  1067  22636  7246  513105628  32  17947  18110  18110  0.312446010091  
1439879203  0  357309  1087  42  22  10663094  5205  116871  116836  9224386085  5466  0  308320  308342  22  0  122233  4979  0  186409  4720  122233  0  116871  1087  23283  7859  468490233  20  15810  15911  15911  0.304218477564  
1439879213  0  367500  1119  42  22  10675965  5242  117524  117489  9523274190  5486  0  318315  318337  22  0  123260  4979  0  186490  4751  123260  0  117524  1119  23668  8224  298888105  32  10191  9995  9995  0.304489795918  
1439879223  0  378360  1134  42  22  10752712  5291  119277  119242  9854928447  5486  0  329602  329624  22  0  123260  4979  0  186537  4801  123260  0  119277  1134  24071  8602  331654257  15  10860  11287  11287  0.299714557564  
1439879233  0  393223  1144  42  22  10684248  5237  117511  117476  10257035103  5486  0  344138  344160  22  0  123260  4979  0  186631  4750  123260  0  117511  1144  24744  9241  402106656  10  14863  14536  14536  0.290929065696  
1439879243  0  409136  6410  42  22  10791492  5339  120488  120453  10751565662  5486  0  360370  360392  22  0  123260  4979  0  186720  4845  123260  0  120488  6410  25085  9567  494530559  5266  15913  16232  16232  1.56671620195  
1439879253  0  445631  17768  42  22  10677030  5206  116919  116884  11812611409  5570  0  396999  397021  22  0  125305  5055  0  186950  4705  125305  0  116919  17768  26273  10712  1061045747  11358  36495  36629  36629  3.98715529216  
1439879263  0  464169  17928  42  22  10709434  5214  117359  117324  12311918248  5570  0  415602  415624  22  0  125305  5055  0  187039  4716  125305  0  117359  17928  27023  11422  499306839  160  18538  18603  18603  3.86238632912  
1439879273  0  469298  17928  42  22  10910004  5447  122491  122456  12454518015  5570  0  420734  420756  22  0  125305  5055  0  187081  4935  125305  0  122491  17928  27023  11422  142599767  0  5129  5132  5132  3.82017396196  
1439879283  0  482949  18284  42  22  10824753  5364  120188  120153  12865282672  5570  0  434047  434069  22  0  125305  5055  0  187213  4876  125305  0  120188  18284  27637  12008  410764657  356  13651  13313  13313  3.78590700053  
1439879293  0  487675  18284  42  22  10742433  5268  118125  118090  13018802930  5570  0  439033  439055  22  0  125305  5055  0  187234  4782  125305  0  118125  18284  27939  12296  153520258  0  4726  4986  4986  3.74921822935  
1439879303  0  495964  19841  42  22  10756449  5281  118171  118136  13297053337  5570  0  447291  447313  22  0  125305  5055  0  187264  4801  125305  0  118171  19841  28211  12560  278250407  1557  8289  8258  8258  4.00049197119  
1439879313  0  504217  21922  42  22  10739169  5268  118366  118331  13549692545  5570  0  455610  455632  22  0  125305  5055  0  187303  4795  125305  0  118366  21922  28475  12815  252639208  2081  8253  8319  8319  4.34773123477  
1439879323  0  528038  24404  42  22  10596397  5091  114841  114806  14230112675  5570  0  479450  479472  22  0  125305  5055  0  187437  4637  125305  0  114841  24404  29537  13821  680420130  2482  23821  23840  23840  4.62163707915  
1439879333  0  551434  27723  42  22  10849517  5423  122014  121979  14991990387  5570  0  503135  503157  22  0  125305  5055  0  187529  4926  125305  0  122014  27723  30087  14344  761877712  3319  23396  23685  23685  5.02743755372  
1439879343  0  572094  34248  42  22  10842658  5390  121863  121828  15605912882  5570  0  523749  523771  22  0  125305  5055  0  187665  4894  125305  0  121863  34248  30688  14925  613922495  6525  20660  20614  20614  5.98642880366  
1439879353  0  591874  38620  42  22  10690627  5240  117887  117852  16144459776  5604  0  543413  543435  22  0  126052  5085  0  187858  4752  126052  0  117887  38620  31505  15710  538546894  4372  19780  19664  19664  6.52503742351  
1439879363  0  598311  38620  42  22  10952620  5517  124263  124228  16338420000  5604  0  549789  549811  22  0  126052  5085  0  187883  5005  126052  0  124263  38620  31505  15710  193960224  0  6437  6376  6376  6.45483703291  
1439879373  0  606159  39613  42  22  10943750  5506  124100  124065  16556391580  5604  0  557926  557948  22  0  126052  5085  0  187924  4993  126052  0  124100  39613  31821  16013  217971580  993  7848  8137  8137  6.53508402911  
1439879383  0  616778  42241  42  22  10794842  5368  120003  119968  16872180203  5604  0  568308  568330  22  0  126052  5085  0  187974  4861  126052  0  120003  42241  32307  16480  315788623  2628  10619  10382  10382  6.84865543194  
1439879393  0  626722  45653  42  22  10748700  5308  118164  118129  17191081256  5604  0  578301  578323  22  0  126052  5085  0  188030  4800  126052  0  118164  45653  32647  16804  318901053  3412  9944  9993  9993  7.28440999359  
1439879403  0  641694  48898  42  22  10729731  5285  117702  117667  17606209595  5604  0  593469  593491  22  0  126052  5085  0  188117  4783  126052  0  117702  48898  33190  17319  415128339  3245  14972  15168  15168  7.62014293417  
1439879413  0  653984  49009  42  22  10924395  5510  122907  122872  17967701585  5604  0  605568  605590  22  0  126052  5085  0  188177  4991  126052  0  122907  49009  33478  17595  361491990  111  12290  12099  12099  7.4939142242  
1439879423  0  664204  50492  42  22  10767914  5303  118024  117989  18291617401  5608  0  615737  615759  22  0  126052  5085  0  188249  4815  126052  0  118024  50492  34036  18129  323915816  1483  10220  10169  10169  7.60188134971  
1439879433  0  673956  53262  42  22  10840265  5393  120012  119977  18595724326  5608  0  625859  625881  22  0  126052  5085  0  188295  4891  126052  0  120012  53262  34248  18333  304106925  2770  9752  10122  10122  7.9028898029  
1439879443  0  704005  59442  42  22  10688604  5203  117363  117328  19550202302  5608  0  655968  655990  22  0  126052  5085  0  188453  4729  126052  0  117363  59442  35379  19411  954477976  6180  30049  30109  30109  8.44340594172  
1439879453  0  725769  64348  42  22  10832593  5396  121463  121428  20227230852  5608  0  677775  677797  22  0  126052  5085  0  188540  4895  126052  0  121463  64348  35918  19926  677028550  4906  21764  21807  21807  8.86618193943  
1439879463  0  740234  67894  42  22  10749431  5325  119159  119124  20608322311  5608  0  692292  692314  22  0  126052  5085  0  188681  4840  126052  0  119159  67894  36444  20427  381091459  3546  14465  14517  14517  9.17196454094  
1439879473  0  764859  68503  42  22  10830702  5396  121599  121564  21308126072  5608  0  716809  716831  22  0  126052  5085  0  188821  4887  126052  0  121599  68503  37373  21319  699803761  609  24625  24517  24517  8.95629129029  
1439879483  0  784119  72917  42  22  10749170  5307  118806  118771  21862009295  5608  0  736276  736298  22  0  126052  5085  0  188938  4805  126052  0  118806  72917  38101  22013  553883223  4414  19260  19467  19467  9.2992262654  
1439879493  0  797433  76586  42  22  10917395  5516  123047  123012  22254027789  5608  0  749649  749671  22  0  126052  5085  0  189067  4998  126052  0  123047  76586  38309  22215  392018494  3669  13314  13373  13373  9.60406705015  
1439879503  0  808682  78214  42  22  10772314  5340  118680  118645  22622659581  5608  0  760768  760790  22  0  126052  5085  0  189112  4834  126052  0  118680  78214  38890  22767  368631792  1628  11249  11119  11119  9.67178693232  
1439879513  0  822074  78214  42  22  10954654  5534  123448  123413  22979168973  5628  0  774378  774400  22  0  126052  5099  0  189175  5027  126052  0  123448  78214  39262  23119  356509392  0  13392  13610  13610  9.51422864608  
1439879523  0  837528  82030  42  22  10879326  5442  121185  121150  23449266951  5628  0  789840  789862  22  0  126052  5099  0  189243  4937  126052  0  121185  82030  39824  23657  470097978  3816  15454  15462  15462  9.79429941447  
1439879533  0  849296  85557  42  22  10698198  5235  116569  116534  23800475362  5628  0  801637  801659  22  0  126052  5099  0  189334  4749  126052  0  116569  85557  40367  24181  351208411  3527  11768  11797  11797  10.0738729489  
1439879543  0  865709  86761  42  22  10697239  5225  116992  116957  24255869894  5628  0  818171  818193  22  0  126052  5099  0  189408  4758  126052  0  116992  86761  40973  24766  455394532  1204  16413  16534  16534  10.0219588799  
1439879553  0  884401  88139  42  22  10804315  5365  120073  120038  24810937672  5628  0  836707  836729  22  0  126052  5099  0  189531  4877  126052  0  120073  88139  41587  25347  555067778  1378  18692  18536  18536  9.96595435781  
1439879564  0  914771  94962  42  22  10779859  5358  119885  119850  25682908247  5628  0  867295  867317  22  0  126052  5099  0  189756  4870  126052  0  119885  94962  42564  26285  871970575  6823  30370  30588  30588  10.3809587317  
1439879574  0  934060  96217  42  22  10922263  5498  123887  123852  26248163587  5641  0  886450  886472  22  0  126486  5120  0  189884  4982  126486  0  123887  96217  43170  26867  565255340  1255  19289  19155  19155  10.3009442648  
1439879584  0  952614  100938  42  22  10807973  5355  120193  120158  26820939889  5641  0  905247  905269  22  0  126581  5120  0  189964  4874  126581  0  120193  100938  43894  27564  572776302  4721  18554  18797  18797  10.595897184  
1439879594  0  983443  106107  42  22  10938562  5520  123060  123025  27656370537  5641  0  935900  935922  22  0  126581  5120  0  190026  5016  126581  0  123060  106107  44797  28433  835430648  5169  30829  30653  30653  10.7893390873  
1439879604  0  991867  106594  42  22  10975003  5572  123938  123903  27911526503  5641  0  944528  944550  22  0  126581  5120  0  190197  5065  126581  0  123938  106594  45094  28708  255155966  487  8424  8628  8628  10.7468037549  
1439879614  0  1017540  115380  42  22  10981369  5605  123421  123386  28676329237  5641  0  970126  970148  22  0  126581  5120  0  190281  5099  126581  0  123421  115380  45789  29375  764802734  8786  25673  25598  25598  11.3391119759  
1439879624  0  1039003  120822  42  22  10999994  5585  124890  124855  29318567037  5641  0  991952  991974  22  0  126581  5120  0  190394  5081  126581  0  124890  120822  46413  29975  642237800  5442  21463  21826  21826  11.628647848  
1439879634  0  1063244  126723  42  22  10876486  5485  122901  122866  30082956163  5697  0  1015922  1015944  22  0  127248  5181  0  190577  4968  127248  0  122901  126723  47279  30810  764389126  5901  24241  23970  23970  11.9185248165  
1439879644  0  1095649  135348  42  22  10940446  5512  124200  124165  31059979802  5697  0  1048370  1048392  22  0  127248  5181  0  190770  5018  127248  0  124200  135348  48207  31695  977023639  8625  32405  32448  32448  12.3532262613  
1439879654  0  1123840  146079  42  22  11049934  5621  126907  126872  31938488347  5697  0  1076647  1076669  22  0  127399  5181  0  190842  5101  127399  0  126907  146079  48851  32315  878508545  10731  28191  28277  28277  12.9982025911  
1439879664  0  1133747  151369  42  22  10808056  5504  124200  124165  32241313748  5697  0  1086993  1087015  22  0  127399  5181  0  190843  4990  127399  0  124200  151369  49183  32637  302825401  5290  9907  10346  10346  13.3512150418  
1439879674  0  1150045  157734  42  22  10782752  5473  122747  122712  32747681017  5697  0  1102925  1102947  22  0  127435  5181  0  191096  4944  127435  0  122747  157734  49659  33091  506367269  6365  16298  15932  15932  13.715463308  
1439879684  0  1153917  157734  42  22  10938564  5652  126810  126775  32845939296  5697  0  1106988  1107010  22  0  127435  5181  0  191112  5104  127435  0  126810  157734  49659  33091  98258279  0  3872  4063  4063  13.6694406963  
1439879694  0  1170498  164676  42  22  10897784  5630  125400  125365  33324598798  5713  0  1123444  1123466  22  0  127507  5186  0  191186  5104  127507  0  125400  164676  50101  33511  478659502  6942  16581  16456  16456  14.0688835009  
1439879704  0  1189571  176100  42  22  10757899  5456  121045  121010  33886969042  5726  0  1142810  1142832  22  0  127507  5196  0  191322  4962  127507  0  121045  176100  50588  33984  562370244  11424  19073  19366  19366  14.803656108  
1439879714  0  1217673  186510  42  22  10985934  5572  124564  124529  34736799125  5726  0  1170990  1171012  22  0  127675  5199  0  191471  5079  127675  0  124564  186510  51192  34561  849830083  10410  28102  28180  28180  15.3169200598  
1439879724  0  1249643  201658  42  22  11034544  5646  126795  126760  35754541316  5726  0  1203186  1203208  22  0  127708  5199  0  191570  5126  127708  0  126795  201658  51781  35125  1017742191  15148  31970  32196  32196  16.1372487983  
1439879734  0  1282286  215597  42  22  10939817  5549  124282  124247  36794587983  5736  0  1235442  1235464  22  0  127969  5222  0  191917  5028  127969  0  124282  215597  52644  35956  1040046667  13939  32643  32256  32256  16.8134877867  
1439879744  0  1314756  229519  42  22  11032904  5637  126200  126165  37779450795  5736  0  1268021  1268043  22  0  127969  5222  0  192115  5131  127969  0  126200  229519  53309  36596  984862812  13922  32470  32579  32579  17.4571555483  
1439879754  0  1335890  237684  42  22  10971715  5546  124080  124045  38402497834  5736  0  1289400  1289422  22  0  127969  5222  0  192206  5024  127969  0  124080  237684  53928  37188  623047039  8165  21134  21379  21379  17.7921834882  
1439879764  0  1362777  251999  42  22  11101488  5680  126737  126702  39337531914  5736  0  1316274  1316296  22  0  127969  5222  0  192207  5162  127969  0  126737  251999  54323  37567  935034080  14315  26887  26874  26874  18.4915800604  
1439879774  0  1370964  253892  42  22  11058894  5649  125463  125428  39599868782  5739  0  1324539  1324561  22  0  127969  5222  0  192432  5139  127969  0  125463  253892  54629  37858  262336868  1893  8187  8265  8265  18.5192317231  
1439879784  0  1388072  260507  42  22  10876609  5624  125198  125163  40104118361  5767  0  1341682  1341704  22  0  127969  5245  0  192508  5122  127969  0  125198  260507  55078  38294  504249579  6615  17108  17143  17143  18.7675423177  
1439879794  0  1419607  276249  42  22  10856394  5631  125853  125818  41059128440  5767  0  1373438  1373460  22  0  127969  5245  0  192656  5109  127969  0  125853  276249  55750  38946  955010079  15742  31535  31756  31756  19.459540563  
1439879804  0  1446272  285633  42  22  11030775  5640  126816  126781  41873873543  5767  0  1400074  1400096  22  0  128287  5245  0  192899  5125  128287  0  126816  285633  56432  39596  814745103  9384  26665  26636  26636  19.7496045004  
1439879814  0  1482703  304245  42  22  11009659  5610  125725  125690  43001245292  5767  0  1436542  1436564  22  0  128287  5245  0  193164  5100  128287  0  125725  304245  57235  40368  1127371749  18612  36431  36468  36468  20.5196185615  
1439879824  0  1500952  310863  42  22  11029413  5621  125435  125400  43568113470  5767  0  1454684  1454706  22  0  128287  5245  0  193236  5099  128287  0  125435  310863  57709  40824  566868178  6618  18249  18142  18142  20.7110553835  
1439879834  0  1527744  327138  42  22  11064966  5656  126567  126532  44372359342  5767  0  1481493  1481515  22  0  128287  5245  0  193452  5135  128287  0  126567  327138  58106  41205  804245872  16275  26792  26809  26809  21.413142516  
1439879844  0  1546231  332749  42  22  10911851  5495  122800  122765  44840982017  5767  0  1500233  1500255  22  0  128354  5245  0  193524  4970  128354  0  122800  332749  58813  41883  468622675  5611  18487  18740  18740  21.520005743  
1439879854  0  1559914  337190  42  22  11065668  5662  127356  127321  45229336491  5767  0  1513722  1513744  22  0  128413  5245  0  193612  5133  128413  0  127356  337190  59004  42070  388354474  4441  13683  13489  13489  21.6159352375  
1439879864  0  1589646  353625  42  22  11040737  5704  127551  127516  46149702248  5767  0  1543882  1543904  22  0  128413  5245  0  193729  5173  128413  0  127551  353625  59563  42602  920365757  16435  29732  30160  30160  22.2455188136  
1439879874  0  1617210  362770  42  22  10975374  5594  124975  124940  47024406356  5767  0  1571389  1571411  22  0  128602  5245  0  193961  5076  128602  0  124975  362770  60441  43442  874704108  9145  27564  27507  27507  22.4318424942  
1439879884  0  1662369  384924  42  22  11053009  5629  126878  126843  48357833869  5767  0  1616642  1616664  22  0  128658  5245  0  194157  5114  128658  0  126878  384924  61334  44303  1333427513  22154  45159  45253  45253  23.1551478643  
1439879894  0  1699404  406768  42  22  10273984  5594  124171  124136  49521801589  5768  0  1653706  1653728  22  0  128744  5245  0  194520  5108  128744  0  124171  406768  62064  44999  1163967720  21844  37035  37064  37064  23.9359210641  
1439879904  0  1699818  407165  42  22  9295658  5585  123774  123739  49532600161  5768  0  1653706  1653728  22  0  128744  5245  0  194520  5103  128744  0  123774  407165  62064  44999  10798572  397  414  0  0  23.9534467808  
1439879914  0  1699818  407165  42  22  9295658  5585  123774  123739  49532600161  5768  0  1653706  1653728  22  0  128744  5245  0  194520  5103  128744  0  123774  407165  62064  44999  0  0  0  0  0  23.9534467808  
1439879924  0  1699818  407165  42  22  9295658  5585  123774  123739  49532600161  5768  0  1653706  1653728  22  0  128744  5245  0  194520  5103  128744  0  123774  407165  62064  44999  0  0  0  0  0  23.9534467808  
