#type:T;
#time  gt  cn  Pt  Px  gx  cx  gn  gm  Pn  Pm  Ft  cm  pt  Fx  px  ct  pn  Fm  Fn  pm  dn  On  Om  dm  dx  Ox  dt  Ot  Gt  Cn  Cm  Gx  Cx  Gn  Gm  Ct  
1438721843  2278817  0  0  0  30660  0  2508  157  0  2147483647  19577  2147483647  0  2232  0  0  0  357  21  2147483647  0  46  217  2147483647  0  3736  0  45359  0  0  2147483647  0  0  0  2147483647  0  
1438721853  2278817  0  0  0  30660  0  2508  157  0  2147483647  19577  2147483647  0  2232  0  0  0  357  21  2147483647  0  46  217  2147483647  0  3736  0  45359  0  0  2147483647  0  0  0  2147483647  0  
1438721863  2420426  0  0  0  30660  0  2608  157  0  2147483647  19577  2147483647  0  2232  0  0  0  357  21  2147483647  0  1498  217  2147483647  0  32988  0  5849177  0  0  2147483647  0  0  0  2147483647  0  
1438721873  2420426  0  0  0  30660  0  2608  157  0  2147483647  19577  2147483647  0  2232  0  0  0  357  21  2147483647  0  3008  217  2147483647  0  32988  0  11864611  0  0  2147483647  0  0  0  2147483647  0  
1438721883  2619611  0  15084167  34196  30660  0  2828  157  3857  2555  10228492  2147483647  0  30816  0  0  0  205  12244  2147483647  0  3265  211  2147483647  0  32988  0  12608858  2211195  4183  1107  26505  32860  327  2558  8269408  
1438721893  2619611  0  15084167  34196  30660  0  2828  157  3857  2555  47815435  2147483647  0  31171  0  0  0  205  52105  2147483647  0  3265  211  2147483647  0  32988  0  12608858  2211195  4183  1107  26505  32860  327  2558  8269408  
1438721903  2666464  0  21451579  34196  30660  0  2853  157  4645  2555  106080927  2147483647  0  33820  0  0  0  205  110563  2147483647  0  3882  211  2147483647  0  75904  0  15602903  2211195  4971  1107  26505  32860  327  2558  11006680  
1438721913  14004586  0  31088092  34196  30660  0  13582  157  5798  2528  137467003  2147483647  0  36339  0  0  0  205  160266  2147483647  0  5394  205  2147483647  0  75904  0  16900310  3996294  6344  1107  38752  37537  547  2523  15662781  
1438721923  32064927  0  64289199  90101  64774  0  30459  157  9436  2528  170606872  2147483647  0  49739  0  0  0  205  196344  2147483647  0  6225  205  2147483647  0  75904  0  18851321  4178947  10020  1107  38752  37537  585  2523  27990567  
1438721933  43308631  0  171074634  90101  64774  0  40744  157  21197  2528  183326374  2147483647  0  49739  0  0  0  205  208515  2147483647  0  6494  205  2147483647  0  75904  0  19927457  4225197  21788  1107  38752  37537  592  2523  68507998  
1438721943  57822975  0  329580254  90101  64774  0  53351  157  38234  2241  202035718  2147483647  0  49739  0  0  0  205  226068  2147483647  0  6868  205  2147483647  0  172918  0  24395016  21306738  40880  1082  43524  72571  2659  2301  136808441  
1438721953  67246786  0  444890468  90101  64774  0  61878  157  50993  2241  217229965  2147483647  0  49739  0  0  0  205  240395  2147483647  0  7219  205  2147483647  0  266243  0  30316761  44635211  56299  1082  43524  72571  5326  2301  191719956  
1438721963  79477397  0  593066688  90101  64774  0  72314  157  67471  2241  235902731  2147483647  0  49739  0  0  0  205  257015  2147483647  0  7603  205  2147483647  0  281356  0  38988829  71796026  75719  1082  43524  72571  8292  2301  260488687  
1438721973  90329450  0  725380257  190790  64774  0  81799  157  82293  2241  256200045  2147483647  0  49739  0  0  0  205  275046  2147483647  0  7991  205  2147483647  0  324306  0  48057059  106159741  94308  1082  43524  72571  12143  2301  325444091  
1438721983  100764318  0  859364900  190790  64774  0  91105  157  98493  2241  277791469  2147483647  0  49739  0  0  0  205  296065  2147483647  0  8483  205  2147483647  0  324306  0  58030250  150133095  115902  1082  43524  72571  17589  2301  396740082  
1438721993  109881190  0  961421534  190790  64774  0  98601  157  110341  2241  293929633  2147483647  0  49739  0  0  0  205  310425  2147483647  0  8853  205  2147483647  0  324306  0  64850643  186126997  131938  1082  63504  101525  21792  2301  452362112  
1438722003  115881040  0  1046218232  190790  64774  0  103669  157  120706  2241  309560531  2147483647  0  61861  0  0  0  205  324498  2147483647  0  9171  205  2147483647  0  324306  0  71249196  222290062  146325  1082  63504  101525  25816  2168  501848708  
1438722013  123150374  0  1134279447  190790  64774  0  109743  157  131743  2241  330864725  2147483647  0  65270  0  0  0  205  344591  2147483647  0  9589  205  2147483647  0  324306  0  79852621  266641067  162921  1082  63504  101525  31389  2168  556010138  
1438722023  129738725  0  1207982367  190790  64774  0  114948  157  140497  2241  347581613  2147483647  0  65270  0  0  0  205  359146  2147483647  0  9930  205  2147483647  0  411277  0  88463828  305597444  175925  1082  84863  101525  35658  2168  601967677  
1438722033  136886680  0  1301031863  190790  64774  0  120893  157  151978  2241  367717204  2147483647  0  65270  0  0  0  205  377354  2147483647  0  10324  205  2147483647  0  411277  0  98138899  356622718  193254  1082  84863  101525  41516  2168  661347954  
1438722043  143363552  0  1389341508  190790  64774  0  125928  157  162097  2241  384775235  2147483647  0  107368  0  0  0  205  392290  2147483647  0  10647  205  2147483647  0  411277  0  106233187  404039016  208381  1082  84863  101525  46569  2168  715903172  
1438722053  150908651  0  1492557996  190790  64774  0  132030  157  174709  2241  404186187  2147483647  0  107368  0  0  0  205  410513  2147483647  0  11066  205  2147483647  0  712426  0  116867028  462289199  227742  1082  84863  101525  53362  2168  782341279  
1438722063  157904649  0  1593254709  190790  64774  0  137642  157  186346  2241  421120919  2147483647  0  107368  0  0  0  205  425170  2147483647  0  11405  205  2147483647  0  712426  0  124370845  514404905  245238  1082  84863  101525  59260  2168  843760617  
1438722073  165835669  0  1707749183  318246  64774  0  144033  157  199563  2241  440032942  2147483647  0  107368  0  0  0  205  441680  2147483647  0  11778  205  2147483647  0  712426  0  135762098  571351052  264412  1082  84863  101525  65293  2168  912175131  
1438722083  171256037  0  1792976704  318246  64774  0  148646  157  209607  2241  456041475  2147483647  0  107368  0  0  0  205  456785  2147483647  0  12116  205  2147483647  0  712426  0  143392201  616539389  279439  1082  84863  101525  70305  2168  965224101  
1438722093  178797632  0  1888308035  318246  64774  0  154762  157  220242  2241  472614311  2147483647  0  107368  0  0  0  205  471254  2147483647  0  12438  205  2147483647  0  712426  0  150381491  659661492  294810  1082  84863  101525  75058  2168  1020586227  
1438722103  185251082  0  1970771466  318246  64774  0  159838  157  229884  2241  489691698  2147483647  0  107368  0  0  0  205  486063  2147483647  0  12785  205  2147483647  0  712426  0  159913950  696979509  308621  1082  84863  101525  79242  2168  1069220261  
1438722113  191460497  0  2051266578  318246  64774  0  164827  157  239537  2241  504346968  2147483647  0  329251  0  0  0  205  498400  2147483647  0  13103  205  2147483647  0  712426  0  168239250  734272808  322597  1082  84863  101525  83575  2168  1117769737  
1438722123  197998356  0  2131646002  318246  64774  0  169944  157  249200  2241  520659672  2147483647  0  329251  0  0  0  205  512114  2147483647  0  13434  205  2147483647  0  712426  0  176994514  774445470  336709  1082  84863  101525  88051  2168  1166466133  
1438722133  205559598  0  2201112739  318246  64774  0  176114  157  257833  2241  535509068  2147483647  0  329251  0  0  0  205  525754  2147483647  0  13688  205  2147483647  0  723137  0  184510514  808680881  349075  1082  84863  101525  91796  2168  1208992843  
1438722143  213186673  0  2303533252  318246  64774  0  182220  157  269916  2241  553174213  2147483647  0  329251  0  0  0  205  541269  2147483647  0  14143  205  2147483647  0  723137  0  195690420  854161438  366189  1082  174297  101525  96830  2168  1269353354  
1438722153  219249454  0  2386570694  318246  64774  0  187161  157  279673  2241  570203139  2147483647  0  329251  0  0  0  205  556417  2147483647  0  14536  205  2147483647  0  723137  0  206483396  898664741  380959  1082  174297  101525  101851  2168  1322274380  
1438722163  225515138  0  2477604898  318246  64774  0  192145  157  290264  2241  586728398  2147483647  0  329251  0  0  0  205  570740  2147483647  0  14892  205  2147483647  0  723137  0  215473865  945989407  396840  1082  174297  101525  107163  2168  1378692580  
1438722173  230355519  0  2560172948  318246  64774  0  196536  157  300434  2241  602456259  2147483647  0  329251  0  0  0  205  585482  2147483647  0  15203  205  2147483647  0  723137  0  223195962  995698044  412658  1082  174297  101525  112878  2168  1432051324  
1438722183  236178074  0  2657292282  318246  64774  0  201209  157  311276  2241  618219748  2147483647  0  329251  0  0  0  205  599003  2147483647  0  15536  205  2147483647  0  723137  0  231942533  1045501778  428898  1082  174297  101525  118310  2168  1491400099  
1438722193  242350216  0  2723730246  318246  64774  0  206135  157  319233  2241  633078317  2147483647  0  329251  0  0  0  205  612329  2147483647  0  15836  205  2147483647  0  723137  0  237874640  1076585815  440180  1082  174297  101525  121643  2168  1531083033  
1438722203  248091628  0  2805610284  318246  64774  0  210690  157  328461  2241  649639009  2147483647  0  329251  0  0  0  205  626173  2147483647  0  16157  205  2147483647  0  723137  0  247026148  1118764532  454081  1082  174297  101525  126368  2168  1580813082  
1438722214  253923724  0  2879236195  318246  64774  0  215415  157  337107  2241  662869256  2147483647  0  329251  0  0  0  205  637550  2147483647  0  16424  205  2147483647  0  740543  0  254162016  1151905132  466323  1082  174297  101525  129999  2168  1624111315  
1438722224  257677098  0  2933420518  318246  64774  0  218389  157  343505  2241  675160124  2147483647  0  329251  0  0  0  205  648462  2147483647  0  16671  205  2147483647  0  740543  0  261483410  1187961087  476669  1082  174297  101525  133959  2168  1660932077  
1438722234  264368582  0  3006947339  318246  64774  0  224005  157  352559  2241  690735122  2147483647  0  329251  0  0  0  205  662881  2147483647  0  17009  205  2147483647  0  740543  0  269352287  1217284258  489304  1074  174297  101525  137541  2168  1703021017  
1438722244  270833298  0  3084060644  318246  64774  0  229634  157  362003  2241  706169958  2147483647  0  329251  0  0  0  205  676736  2147483647  0  17395  205  2147483647  0  740543  0  279203621  1249246178  502452  1074  174297  101525  141259  2168  1747098021  
1438722254  274762292  0  3121643094  318246  64774  0  232946  157  366620  2241  714259879  2147483647  0  329251  0  0  0  205  684316  2147483647  0  17558  205  2147483647  0  740543  0  282753602  1265192299  508992  1074  174297  101525  143187  2168  1768796859  
1438722264  281688174  0  3198060563  318246  64774  0  238781  157  375893  2241  729776634  2147483647  0  329251  0  0  0  205  698274  2147483647  0  17870  205  2147483647  0  740543  0  292928425  1297036758  521823  1074  174297  101525  146763  2168  1812905542  
1438722274  289726820  0  3278718512  318246  64774  0  245057  157  385138  2241  745156303  2147483647  0  329251  0  0  0  205  711092  2147483647  0  18186  205  2147483647  0  740543  0  302060323  1326131824  534087  1074  174297  101525  149815  2168  1856498850  
1438722284  295427388  0  3371176405  318246  64774  0  249616  157  395938  2241  762700477  2147483647  0  329251  0  0  0  205  726116  2147483647  0  18547  205  2147483647  0  740543  0  312240306  1374437639  550546  1074  174297  101525  155494  2168  1913177903  
1438722294  302805189  0  3450565228  318246  64774  0  255489  157  405844  2241  777042068  2147483647  0  329251  0  0  0  205  739666  2147483647  0  18832  205  2147483647  0  740543  0  320654066  1407975566  564467  1074  174297  101525  159518  2168  1959625537  
1438722304  308741070  0  3524358828  318246  64774  0  260427  157  414583  2241  790053970  2147483647  0  329251  0  0  0  205  751243  2147483647  0  19160  205  2147483647  0  740543  0  331277999  1431696040  575945  1074  174297  101525  162259  2168  1999503894  
1438722314  314859191  0  3570777925  318246  64774  0  265576  157  420585  2241  802161391  2147483647  0  329251  0  0  0  205  762336  2147483647  0  19423  205  2147483647  0  740543  0  341373222  1450259955  584240  1074  174297  101525  164568  2168  2025782860  
1438722324  324132845  0  3656914249  318246  242312  0  272366  157  431181  2241  819989304  2147483647  0  329251  0  0  0  205  778222  2147483647  0  19844  205  2147483647  0  740543  0  351480763  1488019059  599079  1074  174297  101525  168829  2168  2076159765  
1438722334  329439352  0  3736800122  318246  242312  0  276539  157  440747  2241  835025874  2147483647  0  329251  0  0  0  205  791644  2147483647  0  20149  205  2147483647  0  740543  0  357215359  1533247538  613656  1074  174297  101525  173879  2168  2125769544  
1438722344  336590118  0  3819834835  318246  242312  0  281943  157  450328  2241  849553229  2147483647  0  329251  0  0  0  205  804065  2147483647  0  20441  205  2147483647  0  740543  0  366933022  1566102511  626734  1074  174297  101525  177414  2168  2172078355  
1438722354  341201314  0  3889471342  681225  242312  0  285549  157  458517  2241  863384457  2147483647  0  329251  0  0  0  205  816018  2147483647  0  20699  205  2147483647  0  740543  0  373928185  1599670827  639097  1074  174297  101525  181607  2168  2213664267  
1438722364  348242963  0  3943154853  681225  243893  0  290252  157  465523  2241  874124469  2147483647  0  329251  0  0  0  205  826161  2147483647  0  21000  205  2147483647  0  740543  0  383464846  1618933277  648306  1074  174297  101525  183839  2168  2243312768  
1438722374  354062964  0  4011363485  681225  243893  0  294835  157  473215  2241  889765760  2147483647  0  329251  0  0  0  205  839826  2147483647  0  21306  205  2147483647  0  746728  0  391621666  1659416867  660558  1074  174297  101525  188413  2168  2286903140  
1438722384  359978018  0  4085869200  681225  243893  0  299778  157  482058  2241  902654258  2147483647  0  329251  0  0  0  205  851572  2147483647  0  21624  205  2147483647  0  746728  0  398825256  1692791952  673453  1074  174297  101525  192512  2168  2330250649  
1438722394  365632459  0  4153902749  681225  243893  0  304410  157  490068  2241  914073972  2147483647  0  329251  0  0  0  205  861711  2147483647  0  21852  205  2147483647  0  746728  0  404721500  1718769588  684404  1074  174297  101525  195466  2168  2368468966  
1438722404  372390888  0  4230523072  681225  243893  0  309657  157  499079  2241  928312111  2147483647  0  329251  0  0  0  205  874313  2147483647  0  22241  205  2147483647  0  746728  0  415430102  1747272181  696531  1074  174297  101525  198613  2168  2410616519  
1438722414  378673881  0  4291074198  681225  243893  0  314642  157  506591  2241  940219633  2147483647  0  329251  0  0  0  205  885239  2147483647  0  22469  205  2147483647  0  746728  0  420927169  1769144310  706611  1074  174297  101525  201194  2168  2444182982  
1438722424  384959121  0  4360691315  681225  243893  0  319398  157  515087  2241  953234196  2147483647  0  329251  0  0  0  205  897423  2147483647  0  22774  205  2147483647  0  746728  0  429391109  1798519785  718581  1074  174297  101525  204673  2168  2484866372  
1438722434  390986737  0  4435630430  681225  243893  0  323859  157  524107  2241  966351180  2147483647  0  329251  0  0  0  205  908883  2147483647  0  23083  205  2147483647  0  746728  0  438052076  1834915210  731733  1074  174297  101525  208816  2168  2530351529  
1438722444  395396175  0  4504705827  681225  243893  0  327409  157  531995  2241  980332835  2147483647  0  329251  0  0  0  205  921054  2147483647  0  23345  205  2147483647  0  746728  0  443696409  1872617262  743939  1074  174297  101525  213138  2168  2573778427  
1438722454  400567656  0  4569867076  681225  243893  0  331571  157  539573  2241  994204850  2147483647  0  329251  0  0  0  205  933082  2147483647  0  23601  205  2147483647  0  746728  0  449767680  1906245356  755122  1074  174297  101525  216756  2168  2613490958  
1438722464  406343814  0  4643403457  681225  243893  0  336259  157  548748  2241  1007635655  2147483647  0  329251  0  0  0  205  946641  2147483647  0  23918  205  2147483647  0  746728  0  456782108  1944163092  769005  1074  174297  101525  221481  2168  2658593036  
1438722474  412531195  0  4699733554  681225  243893  0  341114  157  555457  2241  1020585637  2147483647  0  329251  0  0  0  205  958689  2147483647  0  24180  205  2147483647  0  746728  0  462541183  1969773808  778704  1074  174297  101525  224474  2168  2691619927  
1438722484  418568491  0  4756284155  681225  243893  0  345930  157  562679  2241  1030469189  2147483647  0  329251  0  0  0  205  968230  2147483647  0  24388  205  2147483647  0  746728  0  469570006  1989119968  788302  1074  174297  101525  226861  2168  2722909968  
1438722494  423849737  0  4830808705  681225  243893  0  349850  157  571254  2241  1043067733  2147483647  0  329251  0  0  0  205  978830  2147483647  0  24666  205  2147483647  0  746728  0  476125842  2027522746  800955  1074  174297  101525  230969  2168  2767968700  
1438722504  429393564  0  4915897281  681225  243893  0  354250  157  580910  2241  1057365281  2147483647  0  329251  0  0  0  205  990964  2147483647  0  24947  205  2147483647  0  746728  0  483200861  2065865977  814868  1074  174297  101525  235250  2168  2817154165  
