#Type:X;CI:1;ww:0;ca:0;co:0;fr:0;Type:X;CI:1;PI:0;PT:EP;U0:0;U1:0;
#time  Pp  gt  gs  cn  cm  cb  Nc  Pc  cp  Tc  Nm  pr  ps  pt  px  pd  Pm  Om  fs  ft  Oc  Em  Gp  Ec  Ge  ot  os  Total_cycles_diff  Successful_get_diff  Total_get_diff  succ_put_diff  total_put_diff  get_hit  
1439120908  0  0  0  0  0  0  0  0  0  2179578  0  0  0  0  0  0  0  0  0  21  0  0  0  0  0  46  0  2179578  0  0  0  0  
1439120918  0  0  0  0  0  0  0  0  0  2181795  0  0  0  0  0  0  0  0  0  21  0  0  0  0  0  46  0  2217  0  0  0  0  0 
1439120928  0  185  184  0  0  0  180  2695  0  25320870  232  0  3402  3402  0  0  3402  350  0  73  185  3402  0  2695  184  534  131  23139075  184  185  3402  3402  99.4594594595  
1439120938  0  185  184  0  0  0  180  2695  0  25435041  232  0  3402  3402  0  0  3402  350  0  73  185  3402  0  2695  184  557  131  114171  0  0  0  0  99.4594594595  
1439120948  0  186  185  0  0  0  180  2694  0  25930584  232  0  3402  3402  0  0  3402  350  0  73  184  3402  0  2694  185  703  131  495543  1  1  0  0  99.4623655914  
1439120958  0  186  185  0  0  0  180  2694  0  27309769  232  0  3402  3402  0  0  3402  350  0  73  184  3402  0  2694  185  1135  131  1379185  0  0  0  0  99.4623655914  
1439120968  0  186  185  0  0  0  180  2694  0  27704647  232  0  3402  3402  0  0  3402  350  0  73  184  3402  0  2694  185  1228  131  394878  0  0  0  0  99.4623655914  
1439120978  0  186  185  0  0  0  180  2694  0  28471737  232  0  3402  3402  0  0  3402  350  0  73  184  3402  0  2694  185  1414  131  767090  0  0  0  0  99.4623655914  
1439120988  0  186  185  0  0  0  180  2694  0  28601563  232  0  3402  3402  0  0  3402  350  0  73  184  3402  0  2694  185  1443  131  129826  0  0  0  0  99.4623655914  
1439120998  0  186  185  0  0  0  180  2694  0  29267347  232  0  3402  3402  0  0  3402  350  0  73  184  3402  0  2694  185  1617  131  665784  0  0  0  0  99.4623655914  
1439121008  0  186  185  0  0  0  180  2694  0  30287524  232  0  3402  3402  0  0  3402  350  0  73  184  3402  0  2694  185  1890  131  1020177  0  0  0  0  99.4623655914  
1439121018  0  186  185  0  0  0  180  2694  0  31394979  232  0  3402  3402  0  0  3402  350  0  73  184  3402  0  2694  185  2200  131  1107455  0  0  0  0  99.4623655914  
1439121028  0  186  185  0  0  0  180  2694  0  31535411  232  0  3402  3402  0  0  3402  350  0  73  184  3402  0  2694  185  2226  131  140432  0  0  0  0  99.4623655914  
1439121038  0  186  185  0  0  0  180  2694  0  32506214  232  0  3402  3402  0  0  3402  350  0  73  184  3402  0  2694  185  2495  131  970803  0  0  0  0  99.4623655914  
1439121048  0  186  185  0  0  0  180  2694  0  33194743  232  0  3402  3402  0  0  3402  350  0  73  184  3402  0  2694  185  2683  131  688529  0  0  0  0  99.4623655914  
1439121058  0  186  185  0  0  0  180  2694  0  33371945  232  0  3402  3402  0  0  3402  350  0  73  184  3402  0  2694  185  2725  131  177202  0  0  0  0  99.4623655914  
1439121068  0  186  185  0  0  0  180  2694  0  33851151  232  0  3402  3402  0  0  3402  350  0  73  184  3402  0  2694  185  2838  131  479206  0  0  0  0  99.4623655914  
1439121078  0  186  185  0  0  0  180  2694  0  34712288  232  0  3402  3402  0  0  3402  350  0  73  184  3402  0  2694  185  3065  131  861137  0  0  0  0  99.4623655914  
1439121088  0  186  185  0  0  0  180  2694  0  34996484  232  0  3402  3402  0  0  3402  350  0  73  184  3402  0  2694  185  3137  131  284196  0  0  0  0  99.4623655914  
1439121098  0  186  185  0  0  0  180  2694  0  35482866  232  0  3402  3402  0  0  3402  350  0  73  184  3402  0  2694  185  3259  131  486382  0  0  0  0  99.4623655914  
1439121108  0  186  185  0  0  0  180  2694  0  35802496  232  0  3402  3402  0  0  3402  350  0  73  184  3402  0  2694  185  3359  131  319630  0  0  0  0  99.4623655914  
1439121118  0  186  185  0  0  0  180  2694  0  35917939  232  0  3402  3402  0  0  3402  350  0  73  184  3402  0  2694  185  3390  131  115443  0  0  0  0  99.4623655914  
1439121128  0  186  185  0  0  0  180  2694  0  36846530  232  0  3402  3402  0  0  3402  350  0  73  184  3402  0  2694  185  3621  131  928591  0  0  0  0  99.4623655914  
1439121138  0  186  185  0  0  0  180  2694  0  37654132  232  0  3402  3402  0  0  3402  350  0  73  184  3402  0  2694  185  3847  131  807602  0  0  0  0  99.4623655914  
1439121148  0  186  185  0  0  0  180  2694  0  37731562  232  0  3402  3402  0  0  3402  350  0  73  184  3402  0  2694  185  3868  131  77430  0  0  0  0  99.4623655914  
1439121158  0  186  185  0  0  0  180  2694  0  37927075  232  0  3402  3402  0  0  3402  350  0  73  184  3402  0  2694  185  3910  131  195513  0  0  0  0  99.4623655914  
1439121168  0  186  185  0  0  0  180  2694  0  38512483  232  0  3402  3402  0  0  3402  350  0  73  184  3402  0  2694  185  4080  131  585408  0  0  0  0  99.4623655914  
1439121178  0  186  185  0  0  0  180  2694  0  38729458  232  0  3402  3402  0  0  3402  350  0  73  184  3402  0  2694  185  4142  131  216975  0  0  0  0  99.4623655914  
1439121188  0  186  185  0  0  0  180  2694  0  39367790  232  0  3402  3402  0  0  3402  350  0  73  184  3402  0  2694  185  4300  131  638332  0  0  0  0  99.4623655914  
1439121198  0  186  185  0  0  0  180  2694  0  40014528  232  0  3402  3402  0  0  3402  350  0  73  184  3402  0  2694  185  4486  131  646738  0  0  0  0  99.4623655914  
1439121208  0  186  185  0  0  0  180  2694  0  40313507  232  0  3402  3402  0  0  3402  350  0  73  184  3402  0  2694  185  4568  131  298979  0  0  0  0  99.4623655914  
1439121218  0  186  185  0  0  0  180  2694  0  40375382  232  0  3402  3402  0  0  3402  350  0  73  184  3402  0  2694  185  4585  131  61875  0  0  0  0  99.4623655914  
1439121228  0  186  185  0  0  0  180  2694  0  40969475  232  0  3402  3402  0  0  3402  350  0  73  184  3402  0  2694  185  4736  131  594093  0  0  0  0  99.4623655914  
1439121238  0  186  185  0  0  0  180  2694  0  41525857  232  0  3402  3402  0  0  3402  350  0  73  184  3402  0  2694  185  4873  131  556382  0  0  0  0  99.4623655914  
1439121248  0  186  185  0  0  0  180  2694  0  41596938  232  0  3402  3402  0  0  3402  350  0  73  184  3402  0  2694  185  4890  131  71081  0  0  0  0  99.4623655914  
1439121258  0  186  185  0  0  0  180  2694  0  42113429  232  0  3402  3402  0  0  3402  350  0  73  184  3402  0  2694  185  5024  131  516491  0  0  0  0  99.4623655914  
1439121268  0  186  185  0  0  0  180  2694  0  42506135  232  0  3402  3402  0  0  3402  350  0  73  184  3402  0  2694  185  5119  131  392706  0  0  0  0  99.4623655914  
1439121278  0  186  185  0  0  0  180  2694  0  42641832  232  0  3402  3402  0  0  3402  350  0  73  184  3402  0  2694  185  5144  131  135697  0  0  0  0  99.4623655914  
1439121288  0  186  185  0  0  0  180  2694  0  43114059  232  0  3402  3402  0  0  3402  350  0  73  184  3402  0  2694  185  5266  131  472227  0  0  0  0  99.4623655914  
1439121298  0  186  185  0  0  0  180  2694  0  43663836  232  0  3402  3402  0  0  3402  350  0  73  184  3402  0  2694  185  5424  131  549777  0  0  0  0  99.4623655914  
1439121308  0  186  185  0  0  0  180  2694  0  43804931  232  0  3402  3402  0  0  3402  350  0  73  184  3402  0  2694  185  5455  131  141095  0  0  0  0  99.4623655914  
1439121319  0  186  185  0  0  0  180  2694  0  44386344  232  0  3402  3402  0  0  3402  350  0  73  184  3402  0  2694  185  5611  131  581413  0  0  0  0  99.4623655914  
1439121329  0  186  185  0  0  0  180  2694  0  44782818  232  0  3402  3402  0  0  3402  350  0  73  184  3402  0  2694  185  5706  131  396474  0  0  0  0  99.4623655914  
1439121339  0  186  185  0  0  0  180  2694  0  45416732  232  0  3402  3402  0  0  3402  350  0  73  184  3402  0  2694  185  5890  131  633914  0  0  0  0  99.4623655914  
1439121349  0  186  185  0  0  0  180  2694  0  45592053  232  0  3402  3402  0  0  3402  350  0  73  184  3402  0  2694  185  5931  131  175321  0  0  0  0  99.4623655914  
1439121359  0  186  185  0  0  0  180  2694  0  46430545  232  0  3402  3402  0  0  3402  350  0  73  184  3402  0  2694  185  6174  131  838492  0  0  0  0  99.4623655914  
1439121369  0  186  185  0  0  0  180  2694  0  47140955  232  0  3402  3402  0  0  3402  350  0  73  184  3402  0  2694  185  6347  131  710410  0  0  0  0  99.4623655914  
1439121379  0  186  185  0  0  0  180  2694  0  47255236  232  0  3402  3402  0  0  3402  350  0  73  184  3402  0  2694  185  6369  131  114281  0  0  0  0  99.4623655914  
1439121389  0  186  185  0  0  0  180  2694  0  48040886  232  0  3402  3402  0  0  3402  350  0  73  184  3402  0  2694  185  6567  131  785650  0  0  0  0  99.4623655914  
1439121399  0  186  185  0  0  0  180  2694  0  48464091  232  0  3402  3402  0  0  3402  350  0  73  184  3402  0  2694  185  6685  131  423205  0  0  0  0  99.4623655914  
1439121409  0  186  185  0  0  0  180  2694  0  49005682  232  0  3402  3402  0  0  3402  350  0  73  184  3402  0  2694  185  6840  131  541591  0  0  0  0  99.4623655914  
1439121419  0  186  185  0  0  0  180  2694  0  49273554  232  0  3402  3402  0  0  3402  350  0  73  184  3402  0  2694  185  6913  131  267872  0  0  0  0  99.4623655914  
1439121429  0  186  185  0  0  0  180  2694  0  50091960  232  0  3402  3402  0  0  3402  350  0  73  184  3402  0  2694  185  7134  131  818406  0  0  0  0  99.4623655914  
1439121439  0  186  185  0  0  0  180  2694  0  50482804  232  0  3402  3402  0  0  3402  350  0  73  184  3402  0  2694  185  7235  131  390844  0  0  0  0  99.4623655914  
1439121449  0  186  185  0  0  0  180  2694  0  50581112  232  0  3402  3402  0  0  3402  350  0  73  184  3402  0  2694  185  7257  131  98308  0  0  0  0  99.4623655914  
1439121459  0  186  185  0  0  0  180  2694  0  50970653  232  0  3402  3402  0  0  3402  350  0  73  184  3402  0  2694  185  7354  131  389541  0  0  0  0  99.4623655914  
1439121469  0  366  274  0  0  0  177  2605  0  52356177  232  0  3402  3402  0  0  3402  350  0  73  182  3402  0  2605  274  7576  131  1385524  89  180  0  0  74.8633879781  
1439121479  0  527  320  0  0  0  173  2559  0  52994210  232  0  3402  3402  0  0  3402  350  0  73  180  3402  0  2559  320  7576  131  638033  46  161  0  0  60.7210626186  
1439121489  0  527  320  0  0  0  168  2689  0  69334896  232  0  3807  3807  0  0  3402  350  0  16066  161  3402  0  2689  320  7672  175  16340686  0  0  405  405  60.7210626186  
1439121499  0  527  320  0  0  0  116  1971  0  98578389  232  0  3828  3828  0  0  3402  350  0  45624  76  3402  0  1971  320  7863  268  29243493  0  0  21  21  60.7210626186  
1439121509  0  527  320  0  0  0  112  2139  0  114543798  232  0  4105  4105  0  0  3402  350  0  65892  77  3402  0  2139  320  8365  274  15965409  0  0  277  277  60.7210626186  
1439121519  0  553  320  0  0  0  109  2626  0  161614911  232  0  4628  4628  0  0  3402  350  0  106373  62  3402  0  2626  320  9873  292  47071113  0  26  523  523  57.8661844485  
1439121529  0  3455  524  0  0  0  114  2501  0  182504306  232  0  4724  4724  0  0  3402  350  0  140939  59  3402  0  2501  524  11613  297  20889395  204  2902  96  96  15.1664254703  
1439121539  0  31817  567  0  0  0  330  5880  0  301032451  330  0  8146  8146  0  0  5880  350  0  166055  262  5880  0  5880  567  12522  297  118528145  43  28362  3422  3422  1.78206619103  
1439121549  0  52086  593  0  0  0  481  8434  0  389016146  481  0  10726  10726  0  0  8434  397  0  183726  397  8434  0  8434  593  13227  297  87983695  26  20269  2580  2580  1.13850170871  
1439121559  0  72718  593  0  0  0  1362  28427  0  784199859  1362  0  30719  30719  0  0  28427  1214  0  184155  1214  28427  0  28427  593  13902  297  395183713  0  20632  19993  19993  0.815478973569  
1439121569  0  88584  593  0  0  0  2054  44330  0  1094311318  2054  0  46622  46622  0  0  44330  1842  0  184235  1842  44330  0  44330  593  14398  297  310111459  0  15866  15903  15903  0.669421114422  
1439121579  0  121106  593  0  0  0  3487  76305  0  1709305804  3487  0  78601  78601  0  0  76305  3156  0  185036  3156  76305  0  76305  593  15265  298  614994486  0  32522  31979  31979  0.489653691807  
1439121589  0  143262  635  0  0  0  3972  88167  0  2119910751  4055  0  100959  100959  0  0  89501  3682  0  185281  3609  89501  0  88167  635  15735  736  410604947  42  22156  22358  22358  0.443243846938  
1439121599  0  166558  635  0  0  0  4130  92936  0  2597687408  4315  0  124290  124290  0  0  97092  3920  0  185392  3754  97092  0  92936  635  16563  1470  477776657  0  23296  23331  23331  0.38124857407  
1439121609  0  190638  639  0  0  0  4398  99171  0  3095012892  4452  0  148678  148678  0  0  99923  4048  0  185427  3978  99923  0  99171  639  17340  2203  497325484  4  24080  24388  24388  0.335190255878  
1439121619  0  211469  657  0  0  0  4433  100681  0  3534232317  4650  0  169263  169263  0  0  105277  4206  0  185652  4008  105277  0  100681  657  18159  2983  439219425  18  20831  20585  20585  0.310683835456  
1439121629  0  226453  659  0  0  0  4560  103338  0  3846231467  4650  0  184494  184494  0  0  105277  4206  0  185794  4110  105277  0  103338  659  18684  3494  311999150  2  14984  15231  15231  0.291009613474  
1439121639  0  237126  659  0  0  0  4641  105184  0  4059277661  4762  0  195062  195062  0  0  108139  4305  0  185859  4193  108139  0  105184  659  19059  3842  213046194  0  10673  10568  10568  0.277911321407  
1439121649  0  256466  659  0  0  0  4367  97602  0  4471445591  4762  0  214361  214361  0  0  108139  4305  0  185969  3963  108139  0  97602  659  20150  4881  412167930  0  19340  19299  19299  0.25695413817  
1439121659  0  284719  676  0  0  0  4385  98030  0  5060700845  4762  0  242787  242787  0  0  108139  4305  0  186156  3974  108139  0  98030  676  21335  6004  589255254  17  28253  28426  28426  0.237427077224  
1439121669  0  306038  752  0  0  0  4452  98537  0  5517788593  4762  0  263919  263919  0  0  108139  4305  0  186247  4038  108139  0  98537  752  22175  6806  457087748  76  21319  21132  21132  0.2457211196  
1439121679  0  327417  769  0  0  0  4527  100932  0  5962077454  4882  0  285746  285746  0  0  109021  4448  0  186277  4111  109021  0  100932  769  22997  7587  444288861  17  21379  21827  21827  0.234868684277  
1439121689  0  350819  769  0  0  0  4330  97423  0  6454932560  4882  0  308853  308853  0  0  109021  4448  0  186519  3928  109021  0  97423  769  24119  8647  492855106  0  23402  23107  23107  0.219201354545  
1439121699  0  368538  770  0  0  0  4128  93692  0  6837972976  4882  0  326843  326843  0  0  109021  4448  0  186630  3736  109021  0  93692  770  25054  9539  383040416  1  17719  17990  17990  0.208933678481  
1439121709  0  388914  788  0  0  0  4465  101423  0  7238794600  4882  0  347209  347209  0  0  109021  4448  0  186772  4043  109021  0  101423  788  25577  10038  400821624  18  20376  20366  20366  0.202615488257  
1439121719  0  413128  789  0  0  0  4605  104371  0  7737974582  4882  0  371548  371548  0  0  109021  4448  0  186963  4162  109021  0  104371  789  26484  10897  499179982  1  24214  24339  24339  0.190981971689  
1439121729  0  433692  792  0  0  0  4526  101677  0  8157581353  4882  0  391883  391883  0  0  109351  4448  0  187097  4100  109351  0  101677  792  27420  11788  419606771  3  20564  20335  20335  0.18261807919  
1439121739  0  460823  792  0  0  0  4704  104938  0  8731445093  4882  0  419086  419086  0  0  109351  4448  0  187237  4274  109351  0  104938  792  28427  12741  573863740  0  27131  27203  27203  0.171866421598  
1439121749  0  479308  820  0  0  0  4355  96195  0  9120508301  4882  0  437927  437927  0  0  109351  4448  0  187254  3956  109351  0  96195  820  29575  13837  389063208  28  18485  18841  18841  0.171079973629  
1439121759  0  501023  824  0  0  0  4624  103127  0  9561416091  4882  0  459434  459434  0  0  109351  4448  0  187502  4205  109351  0  103127  824  30183  14417  440907790  4  21715  21507  21507  0.164463507663  
1439121769  0  531432  837  0  0  0  4632  104411  0  10183929534  4882  0  489987  489987  0  0  109351  4448  0  187668  4197  109351  0  104411  837  31449  15608  622513443  13  30409  30553  30553  0.157498983878  
1439121779  0  551924  856  0  0  0  4439  101435  0  10619542475  4882  0  510677  510677  0  0  109351  4448  0  187742  4009  109351  0  101435  856  32458  16569  435612941  19  20492  20690  20690  0.155093817265  
1439121789  0  578881  905  0  0  0  4415  100949  0  11185629771  4882  0  537581  537581  0  0  109351  4448  0  187968  3990  109351  0  100949  905  33609  17668  566087296  49  26957  26904  26904  0.156336103621  
1439121799  0  596016  905  0  0  0  4647  104286  0  11517430699  4882  0  554929  554929  0  0  109351  4448  0  188090  4201  109351  0  104286  905  34189  18217  331800928  0  17135  17348  17348  0.1518415613  
1439121809  0  610000  905  0  0  0  4712  105571  0  11804155678  4882  0  568908  568908  0  0  109351  4448  0  188136  4259  109351  0  105571  905  34683  18693  286724979  0  13984  13979  13979  0.148360655738  
1439121819  0  628266  905  0  0  0  4743  106424  0  12169809176  4892  0  586952  586952  0  0  109723  4448  0  188220  4280  109723  0  106424  905  35423  19387  365653498  0  18266  18044  18044  0.144047266604  
1439121829  0  651881  932  0  0  0  4742  105638  0  12672019225  4892  0  610656  610656  0  0  109723  4448  0  188404  4294  109723  0  105638  932  36433  20349  502210049  27  23615  23704  23704  0.142970879654  
1439121839  0  675012  937  0  0  0  4527  101316  0  13160626823  4892  0  633879  633879  0  0  109723  4448  0  188486  4100  109723  0  101316  937  37583  21444  488607598  5  23131  23223  23223  0.13881234704  
1439121849  0  705133  969  0  0  0  4643  105279  0  13783451886  4892  0  663963  663963  0  0  109723  4448  0  188559  4200  109723  0  105279  969  38702  22502  622825063  32  30121  30084  30084  0.13742088372  
1439121859  0  735145  988  0  0  0  4482  101692  0  14397861481  4928  0  694124  694124  0  0  111608  4463  0  188852  4069  111608  0  101692  988  40108  23844  614409595  19  30012  30161  30161  0.134395255358  
1439121869  0  766686  989  0  0  0  4660  105485  0  15044995081  4928  0  725680  725680  0  0  111608  4463  0  189034  4216  111608  0  105485  989  41304  24980  647133600  1  31541  31556  31556  0.128996747039  
1439121879  0  800419  989  0  0  0  4678  104882  0  15723449296  4928  0  759654  759654  0  0  111608  4463  0  189119  4241  111608  0  104882  989  42727  26328  678454215  0  33733  33974  33974  0.123560285301  
1439121890  0  845958  1031  0  0  0  4881  109215  0  16652848995  4953  0  805422  805422  0  0  111608  4493  0  189122  4433  111608  0  109215  1031  44445  27964  929399699  42  45539  45768  45768  0.121873662759  
1439121900  0  876014  1045  0  0  0  4687  105590  0  17283359013  4953  0  835460  835460  0  0  111608  4493  0  189640  4234  111608  0  105590  1045  45895  29333  630510018  14  30056  30038  30038  0.119290330976  
1439121910  0  903975  1067  0  0  0  4562  103313  0  17870399674  4953  0  863472  863472  0  0  111608  4493  0  189832  4128  111608  0  103313  1067  47166  30542  587040661  22  27961  28012  28012  0.118034237673  
1439121920  0  937461  1068  0  0  0  4696  106129  0  18574452901  4953  0  897229  897229  0  0  111608  4493  0  189869  4238  111608  0  106129  1068  48474  31792  704053227  1  33486  33757  33757  0.113924739269  
1439121930  0  966686  1068  0  0  0  4770  107255  0  19176269278  4953  0  926454  926454  0  0  111608  4493  0  190156  4306  111608  0  107255  1068  49616  32869  601816377  0  29225  29225  29225  0.11048054901  
1439121940  0  1013084  1096  0  0  0  4838  107175  0  20152483576  4984  0  972680  972680  0  0  111608  4523  0  190452  4383  111608  0  107175  1096  51553  34714  976214298  28  46398  46226  46226  0.108184513821  
1439121950  0  1046094  1113  0  0  0  4636  104605  0  20855078198  4984  0  1005812  1005812  0  0  111608  4523  0  190471  4193  111608  0  104605  1113  53091  36167  702594622  17  33010  33132  33132  0.106395792348  
1439121960  0  1076069  1113  0  0  0  4726  107061  0  21475648753  4984  0  1036189  1036189  0  0  111608  4523  0  190473  4271  111608  0  107061  1113  54245  37261  620570555  0  29975  30377  30377  0.103432028987  
1439121970  0  1105790  1143  0  0  0  4597  104624  0  22093204776  4984  0  1065608  1065608  0  0  111866  4523  0  191040  4152  111866  0  104624  1143  55620  38573  617556023  30  29721  29419  29419  0.103365015057  
1439121980  0  1136865  1143  0  0  0  4460  99651  0  22748494769  4995  0  1097059  1097059  0  0  112422  4523  0  191184  4033  112422  0  99651  1143  57094  39975  655289993  0  31075  31451  31451  0.10053964191  
1439121990  0  1182672  1174  0  0  0  4995  110976  0  23679261922  5015  0  1142882  1142882  0  0  112422  4555  0  191187  4529  112422  0  110976  1174  58539  41349  930767153  31  45807  45823  45823  0.0992667451331  
1439122000  0  1217977  1190  0  0  0  4707  106053  0  24409807265  5051  0  1178115  1178115  0  0  112422  4583  0  191650  4271  112422  0  106053  1190  60229  42950  730545343  16  35305  35233  35233  0.0977029943915  
1439122010  0  1247601  1190  0  0  0  4821  109301  0  25034526868  5051  0  1207927  1207927  0  0  112422  4583  0  191820  4359  112422  0  109301  1190  61362  44018  624719603  0  29624  29812  29812  0.0953830591672  
1439122020  0  1277524  1209  0  0  0  4838  109848  0  25665482576  5051  0  1237764  1237764  0  0  113053  4583  0  191963  4359  113053  0  109848  1209  62606  45207  630955708  19  29923  29837  29837  0.094636186874  
1439122030  0  1306102  1212  0  0  0  4767  106748  0  26281492754  5051  0  1266938  1266938  0  0  113053  4583  0  191964  4304  113053  0  106748  1212  63943  46478  616010178  3  28578  29174  29174  0.0927952028249  
1439122040  0  1348642  1212  0  0  0  4755  106726  0  27158179458  5051  0  1308966  1308966  0  0  113053  4583  0  192453  4316  113053  0  106726  1212  65702  48147  876686704  0  42540  42028  42028  0.0898681785085  
1439122050  0  1388749  1258  0  0  0  4782  106919  0  28008213267  5051  0  1349202  1349202  0  0  113053  4599  0  192573  4350  113053  0  106919  1258  67372  49732  850033809  46  40107  40236  40236  0.0905851237337  
1439122060  0  1419460  1258  0  0  0  4774  108402  0  28639110678  5051  0  1380204  1380204  0  0  113053  4599  0  192582  4319  113053  0  108402  1258  68624  50916  630897411  0  30711  31002  31002  0.0886252518563  
1439122070  0  1448561  1303  0  0  0  4904  111638  0  29252449361  5051  0  1409213  1409213  0  0  113053  4599  0  193060  4434  113053  0  111638  1303  69728  51969  613338683  45  29101  29009  29009  0.089951337914  
1439122080  0  1479519  1303  0  0  0  4969  111661  0  29886582981  5051  0  1440505  1440505  0  0  113053  4599  0  193210  4506  113053  0  111661  1303  71016  53194  634133620  0  30958  31292  31292  0.0880691630185  
1439122090  0  1521576  1323  0  0  0  4548  101769  0  30757686540  5051  0  1482842  1482842  0  0  113189  4599  0  193285  4129  113189  0  101769  1323  73191  55258  871103559  20  42057  42337  42337  0.0869493209672  
1439122100  0  1561123  1369  0  0  0  4705  105531  0  31567048517  5051  0  1522376  1522376  0  0  113189  4599  0  193285  4267  113189  0  105531  1369  74700  56693  809361977  46  39547  39534  39534  0.0876932823359  
1439122110  0  1592224  1373  0  0  0  4941  111133  0  32207201338  5051  0  1553173  1553173  0  0  113344  4599  0  193909  4483  113344  0  111133  1373  75753  57686  640152821  4  31101  30797  30797  0.0862315855056  
1439122120  0  1621516  1392  0  0  0  4630  105817  0  32814327196  5051  0  1582622  1582622  0  0  115204  4599  0  194090  4190  115204  0  105817  1392  77242  59110  607125858  19  29292  29449  29449  0.0858455914095  
1439122130  0  1653521  1392  0  0  0  4954  111277  0  33469424776  5114  0  1615106  1615106  0  0  115289  4643  0  194091  4491  115289  0  111277  1392  78366  60178  655097580  0  32005  32484  32484  0.084183992825  
1439122140  0  1690565  1392  0  0  0  4840  107679  0  34243504112  5177  0  1651885  1651885  0  0  116195  4672  0  194544  4381  116195  0  107679  1392  80052  61771  774079336  0  37044  36779  36779  0.0823393362574  
1439122150  0  1731400  1448  0  0  0  4785  107391  0  35087539281  5177  0  1692844  1692844  0  0  116195  4691  0  194763  4353  116195  0  107391  1448  81779  63418  844035169  56  40835  40959  40959  0.0836317430981  
1439122160  0  1763391  1463  0  0  0  4683  105698  0  35766030435  5177  0  1724810  1724810  0  0  116195  4691  0  194816  4235  116195  0  105698  1463  83196  64753  678491154  15  31991  31966  31966  0.0829651506671  
1439122170  0  1791236  1481  0  0  0  4937  112399  0  36335687512  5177  0  1752854  1752854  0  0  116195  4691  0  194880  4468  116195  0  112399  1481  84112  65631  569657077  18  27845  28044  28044  0.0826803391625  
1439122180  0  1824968  1482  0  0  0  4960  111663  0  37034013466  5177  0  1786726  1786726  0  0  116195  4691  0  195393  4484  116195  0  111663  1482  85554  67006  698325954  1  33732  33872  33872  0.0812069033539  
1439122190  0  1863572  1482  0  0  0  4891  109569  0  37832172880  5177  0  1825104  1825104  0  0  116195  4691  0  195545  4440  116195  0  109569  1482  87246  68602  798159414  0  38604  38378  38378  0.079524697731  
1439122200  0  1900697  1510  0  0  0  4898  109274  0  38604240274  5177  0  1862666  1862666  0  0  116195  4691  0  195545  4444  116195  0  109274  1510  88812  70094  772067394  28  37125  37562  37562  0.079444540608  
1439122210  0  1934633  1531  0  0  0  4909  110172  0  39324676819  5177  0  1896303  1896303  0  0  116195  4696  0  196042  4445  116195  0  110172  1531  90219  71430  720436545  21  33936  33637  33637  0.0791364563718  
1439122220  0  1964004  1549  0  0  0  5002  113472  0  39929500502  5177  0  1925657  1925657  0  0  116195  4696  0  196254  4536  116195  0  113472  1549  91306  72459  604823683  18  29371  29354  29354  0.0788694931375  
1439122230  0  1996175  1558  0  0  0  5181  117860  0  40600310754  5181  0  1958368  1958368  0  0  117860  4696  0  196350  4695  117860  0  117860  1558  92524  73629  670810252  9  32171  32711  32711  0.0780492692274  
1439122240  0  2031383  1560  0  0  0  4987  112234  0  41321047594  5275  0  1993647  1993647  0  0  118629  4790  0  196350  4507  118629  0  112234  1560  94216  75229  720736840  2  35208  35279  35279  0.0767949717015  
1439122250  0  2073856  1588  0  0  0  5083  113893  0  42221825758  5304  0  2036050  2036050  0  0  118998  4812  0  196890  4620  118998  0  113893  1588  95895  76825  900778164  28  42473  42403  42403  0.0765723367485  
1439122260  0  2106598  1618  0  0  0  4992  112766  0  42915220567  5304  0  2068729  2068729  0  0  119569  4813  0  196995  4514  119569  0  112766  1618  97343  78197  693394809  30  32742  32679  32679  0.0768063009649  
1439122270  0  2135716  1639  0  0  0  4991  113285  0  43525592582  5304  0  2098249  2098249  0  0  120189  4813  0  197039  4514  120189  0  113285  1639  98559  79348  610372015  21  29118  29520  29520  0.0767424133171  
1439122280  0  2168526  1640  0  0  0  4992  113363  0  44218496615  5307  0  2130795  2130795  0  0  120894  4813  0  197491  4517  120894  0  113363  1640  99951  80682  692904033  1  32810  32546  32546  0.0756274077415  
1439122290  0  2202059  1640  0  0  0  4947  111206  0  44935242710  5320  0  2164634  2164634  0  0  120894  4813  0  197644  4485  120894  0  111206  1640  101411  82066  716746095  0  33533  33839  33839  0.0744757520121  
1439122300  0  2245444  1667  0  0  0  5278  117881  0  45817997563  5354  0  2208341  2208341  0  0  120894  4856  0  197699  4797  120894  0  117881  1667  102951  83529  882754853  27  43385  43707  43707  0.0742392150506  
1439122310  0  2280357  1684  0  0  0  4971  112240  0  46573738249  5354  0  2243414  2243414  0  0  120894  4862  0  197731  4502  120894  0  112240  1684  104696  85185  755740686  17  34913  35073  35073  0.0738480860672  
1439122320  0  2309598  1702  0  0  0  5084  115397  0  47178061401  5354  0  2272240  2272240  0  0  120894  4862  0  198329  4606  120894  0  115397  1702  105767  86194  604323152  18  29241  28826  28826  0.0736924780849  
1439122330  0  2343191  1706  0  0  0  5264  119642  0  47891036667  5354  0  2305944  2305944  0  0  121147  4862  0  198506  4768  121147  0  119642  1706  107028  87402  712975266  4  33593  33704  33704  0.0728066982162  
1439122340  0  2371262  1706  0  0  0  5066  113868  0  48474720392  5354  0  2334150  2334150  0  0  121267  4862  0  198507  4580  121267  0  113868  1706  108408  88716  583683725  0  28071  28206  28206  0.0719448125091  
1439122350  0  2416382  1739  0  0  0  5304  117840  0  49390682825  5392  0  2379096  2379096  0  0  121267  4887  0  198940  4809  121267  0  117840  1739  110123  90343  915962433  33  45120  44946  44946  0.0719670979175  
1439122360  0  2452802  1752  0  0  0  5049  113564  0  50157618857  5392  0  2415701  2415701  0  0  121267  4887  0  199177  4580  121267  0  113564  1752  111844  91980  766936032  13  36420  36605  36605  0.0714285131861  
1439122370  0  2482089  1752  0  0  0  4930  112495  0  50778074314  5392  0  2445266  2445266  0  0  121267  4887  0  199228  4463  121267  0  112495  1752  113151  93209  620455457  0  29287  29565  29565  0.0705857042193  
1439122380  0  2512295  1771  0  0  0  5169  117840  0  51390532102  5392  0  2475690  2475690  0  0  121267  4887  0  199239  4678  121267  0  117840  1771  114239  94246  612457788  19  30206  30424  30424  0.0704933138823  
1439122390  0  2542339  1774  0  0  0  4994  111806  0  52016566454  5392  0  2505438  2505438  0  0  121267  4887  0  199750  4522  121267  0  111806  1774  115680  95622  626034352  3  30044  29748  29748  0.069778263245  
1439122400  0  2586278  1847  0  0  0  4860  108061  0  52966940765  5392  0  2549673  2549673  0  0  121267  4887  0  199891  4406  121267  0  108061  1847  117704  97547  950374311  73  43939  44235  44235  0.0714153698868  
1439122410  0  2623301  1862  0  0  0  5100  115202  0  53752560573  5392  0  2587007  2587007  0  0  121267  4887  0  199892  4640  121267  0  115202  1862  118966  98742  785619808  15  37023  37334  37334  0.0709792738233  
1439122420  0  2653457  1862  0  0  0  4885  110986  0  54364434036  5392  0  2616861  2616861  0  0  121267  4887  0  200440  4439  121267  0  110986  1862  120396  100093  611873463  0  30156  29854  29854  0.0701726087892  
