#type:G;
#time  Rt  Nm  Tt  Nc  Rx  Gz  Pc  Pf  Ra  Te  Pm  Fp  Fc  Ta  Fm  Om  Lm  Oc  Sm  Sc  Em  Af  Ea  Cf  Ec  Gd  Zt  Et  Ep  dedup_put_diff  total_eph_put_diff  dedup_factor  dedup_curr  compression_saving  tze_saving  
1438949631  0  0  7510  0  0  0  0  0  0  7364  0  0  0  0  0  0  0  0  0  0  0  0  0  0  0  0  0  0  0  0  0  0 0 0 0 
1438949641  0  0  7521  0  0  0  0  0  0  7366  0  0  0  0  0  0  0  0  0  0  0  0  0  0  0  0  0  0  0  0  0  0 0 0 0 
1438949651  0  242  127852  242  0  0  3853  0  0  119162  3853  0  3500  0  3500  272  0  272  3817  3817  3853  0  0  0  3853  36  14966216  0  3853  36  3853  0.934336880353  0.934336880353  100.0  4.274002407  
1438949661  0  2029  359349  2029  0  0  105165  0  0  147770  105165  0  85326  0  85326  272  0  272  85645  85645  105165  0  0  0  105165  19520  350132920  0  105165  19484  101312  18.5613084201  18.5613084201  100.0  0.190705911758  
1438949671  0  3074  580529  2731  0  0  108702  0  0  162970  120575  0  85783  0  86350  302  0  205  86568  86018  120575  0  96964  0  108702  35675  351883560  96964  208187  16155  103022  17.1360363519  20.8680613052  100.0  0.126633651532  
1438949681  0  3074  785130  2284  0  0  102380  0  0  162970  120575  0  86214  1  86350  302  0  6  86568  86208  120575  0  189922  0  102380  51485  353107968  189922  309465  15810  101278  16.6367763721  15.7960539168  100.0  0.0  
1438949692  0  3074  996970  2887  0  0  114886  0  0  162970  120575  0  86236  1  86350  302  0  36  86568  86232  120575  0  274933  0  114886  73547  353205488  274933  415310  22062  105845  17.7089403096  24.9412461048  100.0  0.000221966613323  
1438949702  0  3183  1200287  3181  0  0  128288  0  0  162970  128411  0  85848  1  86350  302  0  10  86568  85842  128411  0  354619  0  128288  112182  351608832  354619  517182  38635  101872  21.691010128  33.086492891  100.0  0.0  
1438949712  0  3563  1402061  3516  0  0  133000  0  0  162970  136019  0  85596  38  86350  302  0  5  86568  85590  136019  0  433182  0  133000  148957  350576640  433182  617927  36775  100745  24.1059218969  35.6466165414  100.0  0.0  
1438949722  0  3563  1597254  3507  0  0  130706  0  0  162970  136019  0  85954  2  86350  302  0  182  86568  86021  136019  0  500664  0  130706  186449  352142456  500664  714350  37492  96423  26.100510954  34.1874129726  100.0  0.0566381501319  
1438949732  0  3666  1797083  3636  0  0  134561  0  0  162970  136019  0  85893  5  86350  302  0  10  86568  85888  136019  0  564432  0  134561  226088  351793224  564432  814230  39639  99880  27.7670928362  36.1716990807  100.0  0.0011438406704  
1438949742  0  3666  1991620  3586  0  0  126301  0  0  162970  136019  0  85906  0  86350  302  0  7  86568  85901  136019  0  637755  0  126301  259992  351847936  637755  911374  33904  97144  28.5274760965  31.9870784871  100.0  0.000727581751081  
1438949752  0  3699  2192635  3635  0  0  126318  0  0  162970  136019  0  85946  1  86350  302  0  6  86568  85940  136019  0  707728  0  126318  300382  352010240  707728  1012038  40390  100664  29.68090131  31.9653572729  100.0  0.0  
1438949762  0  3699  2394845  3657  0  0  124940  0  0  162970  136019  0  85953  2  86350  302  0  181  86568  86017  136019  0  779122  0  124940  339737  352130120  779123  1112892  39355  100854  30.5274006822  31.1533536097  100.0  0.0554918468152  
1438949772  0  3699  2570394  3553  0  0  123350  0  0  162970  136019  0  85970  1  86350  302  0  29  86568  85966  136019  0  841956  0  123350  373878  352115864  841958  1200831  34141  87939  31.1349390547  30.3072557762  100.0  0.000247645144591  
1438949782  0  3699  2752534  3442  0  0  118170  0  0  162970  136019  0  85987  1  86350  302  0  39  86568  85983  136019  0  910593  0  118170  404861  352185192  910595  1291842  30983  91011  31.3398232911  27.2378776339  100.0  0.000333914116746  
1438949792  0  3699  2935793  3462  0  0  120272  0  0  162970  136019  0  85976  27  86350  302  0  6  86568  85970  136019  0  972667  0  120272  438867  352133120  972669  1383426  34006  91584  31.723200229  28.5203538646  100.0  0.0  
1438949802  0  3699  3130291  3460  0  0  121361  0  0  162970  136019  0  86012  2  86350  302  0  5  86568  86006  136019  0  1038052  0  121361  475387  352280576  1038055  1480741  36520  97315  32.1046692163  29.1320935062  100.0  0.0  
1438949812  0  3699  3322803  3396  0  0  119857  0  0  162970  136019  0  86035  2  86350  302  0  4  86568  86029  136019  0  1106210  0  119857  509550  352374784  1106213  1576922  34163  96181  32.3129488966  28.2236331629  100.0  0.0  
1438949822  0  3699  3517566  3462  0  0  120481  0  0  162970  136019  0  86070  2  86350  302  0  5  86568  86064  136019  0  1175285  0  120481  545952  352518144  1175288  1674370  36402  97448  32.6064131584  28.5663299607  100.0  0.0  
1438949832  0  3699  3695418  3406  0  0  117962  0  0  162970  136019  0  86093  2  86350  302  0  44  86568  86089  136019  0  1239922  0  117962  576003  352619984  1239925  1763296  30051  88926  32.6662681705  27.0197182143  100.0  0.000158810939843  
1438949842  0  3699  3891537  3282  0  0  118460  0  0  162970  136019  0  86101  26  86350  302  0  8  86568  86097  136019  0  1310194  0  118460  609719  352651824  1310198  1861220  33716  97924  32.7591042435  27.3197703866  100.0  0.000421944144391  
1438949852  0  3699  4081806  3244  0  0  118077  0  0  162970  136019  0  86157  2  86350  302  0  6  86568  86151  136019  0  1376337  0  118077  642724  352874496  1376343  1956515  33005  95295  32.8504509293  27.0382885744  100.0  0.0  
1438949862  0  3699  4264205  3328  0  0  119110  0  0  162970  136019  0  86182  11  86350  302  0  6  86568  86177  136019  0  1438232  0  119110  673860  352978432  1438238  2047693  31136  91178  32.9082533368  27.6492318025  100.0  0.000725251517231  
1438949872  0  3699  4445602  3311  0  0  117360  0  0  162970  136019  0  86225  2  86350  302  0  5  86568  86220  136019  0  1502426  0  117360  703494  353154560  1502432  2138403  29634  90710  32.8981019948  26.5337423313  100.0  0.00072488981675  
1438949882  0  3699  4667312  3345  0  0  115828  0  0  162970  136019  0  86247  17  86350  302  0  7  86568  86242  136019  0  1579740  0  115828  740916  353244672  1579746  2249189  37422  110786  32.9414735711  25.5430465863  100.0  0.000724704900168  
1438949892  0  3699  4850778  3311  0  0  116480  0  0  162970  136019  0  86295  1  86350  302  0  4  86568  86289  136019  0  1646109  0  116480  771620  353439744  1646115  2340936  30704  91747  32.9620288637  25.9194711538  100.0  0.0  
1438949902  0  3699  5020684  3291  0  0  117495  0  0  162970  136019  0  86275  46  86350  302  0  7  86568  86271  136019  0  1706353  0  117495  800386  353364528  1706359  2425710  28766  84774  32.9959475782  26.5747478616  100.0  0.000421093125147  
1438949912  0  3699  5207356  3375  0  0  119799  0  0  162970  136019  0  86348  1  86350  302  0  9  86568  86342  136019  0  1770340  0  119799  834938  353656832  1770346  2519311  34552  93601  33.1415216303  27.9276120836  100.0  0.0  
1438949922  0  3699  5394896  3395  0  0  118922  0  0  162970  136019  0  86258  106  86363  302  0  8  86568  86252  136019  0  1837991  0  118922  866966  353288192  1837997  2612869  32028  93558  33.180614872  27.4717882309  100.0  0.0  
1438949932  0  3699  5593419  3307  0  0  118428  0  0  162970  136019  0  86381  2  86383  302  0  4  86568  86375  136019  0  1908420  0  118428  900717  353792000  1908426  2712316  33751  99447  33.2084093446  27.0653899416  100.0  0.0  
1438949942  0  3699  5789901  3424  0  0  121431  0  0  162970  136019  0  86337  1  86388  302  0  5  86568  86331  136019  0  1975991  0  121431  935391  353611776  1975998  2810410  34674  98094  33.283079693  28.9053042469  100.0  0.0  
1438949952  0  3699  5987149  3333  0  0  117952  0  0  162970  136019  0  86338  7  86388  302  0  6  86568  86334  136019  0  2047998  0  117952  967457  353620760  2048005  2909066  32066  98656  33.2566191348  26.8058193163  100.0  0.000934325555402  
1438949962  0  3699  6182678  3360  0  0  118532  0  0  162970  136019  0  86198  155  86388  302  0  7  86568  86193  136019  0  2113431  0  118532  1002659  353045784  2113439  3006832  35202  97766  33.3460266486  27.282927817  100.0  0.000210737095818  
1438949972  0  3699  6364928  3414  0  0  118823  0  0  162970  136019  0  86314  45  86388  302  0  6  86568  86308  136019  0  2175257  0  118823  1033794  353517568  2175265  3097970  31135  91138  33.370045546  27.3642308307  100.0  0.0  
1438949982  0  3699  6550114  3358  0  0  117830  0  0  162970  136019  0  86322  42  86388  302  0  5  86568  86317  136019  0  2239890  0  117830  1064901  353551872  2239898  3190402  31107  92432  33.3782701992  26.744462361  100.0  0.000724075211145  
1438949992  0  3699  6743713  3365  0  0  118373  0  0  162970  136019  0  86373  2  86388  302  0  5  86568  86367  136019  0  2306322  0  118373  1098255  353759232  2306330  3287398  33354  96996  33.4080327359  27.0382604141  100.0  0.0  
1438950002  0  3699  6930624  3386  0  0  117877  0  0  162970  136019  0  86387  1  86388  302  0  5  86568  86381  136019  0  2371509  0  117877  1130228  353816576  2371517  3380789  31973  93391  33.4308943859  26.7193769777  100.0  0.0  
1438950012  0  3699  7114604  3384  0  0  118373  0  0  162970  136019  0  86393  1  86393  302  0  6  86568  86389  136019  0  2436924  0  118373  1161494  353848344  2436932  3472877  31266  92088  33.4447203284  27.0196750948  100.0  0.000282606147772  
1438950022  0  3699  7290798  3407  0  0  118128  0  0  162970  136019  0  86386  2  86393  302  0  8  86568  86381  136019  0  2498612  0  118128  1190447  353815832  2498620  3560850  28953  87973  33.4315402221  26.8750846539  100.0  0.000210278446644  
1438950032  0  3699  7475231  3369  0  0  117878  0  0  162970  136019  0  86377  12  86393  302  0  7  86568  86371  136019  0  2566995  0  117878  1221507  353775616  2567003  3653020  31060  92170  33.4382784655  26.7284819899  100.0  0.0  
1438950042  0  3699  7665146  3449  0  0  119317  0  0  162970  136019  0  86389  4  86393  302  0  5  86568  86383  136019  0  2632825  0  119317  1254435  353824768  2632833  3748104  32928  95084  33.4685216846  27.6021019637  100.0  0.0  
1438950052  0  3699  7852202  3340  0  0  115846  0  0  162970  136019  0  86251  147  86397  302  0  4  86568  86245  136019  0  2703204  0  115846  1284594  353259520  2703212  3841545  30159  93441  33.4395145703  25.5520259655  100.0  0.0  
1438950062  0  3699  8034995  3345  0  0  117843  0  0  162970  136019  0  86399  2  86400  302  0  4  86568  86393  136019  0  2764870  0  117843  1316151  353865728  2764878  3932977  31557  91432  33.4644977583  26.688051051  100.0  0.0  
1438950072  0  3699  8238474  3348  0  0  118982  0  0  162970  136019  0  86402  1  86403  302  0  5  86568  86396  136019  0  2832536  0  118982  1350157  353878016  2832544  4034698  34006  101721  33.4636446148  27.3873358995  100.0  0.0  
1438950082  0  3699  8451869  3397  0  0  120775  0  0  162970  136019  0  86415  2  86417  302  0  8  86568  86412  136019  0  2900645  0  120775  1389958  353941808  2900653  4141473  39801  106775  33.5619234992  28.4520803146  100.0  0.000492733937418  
1438950092  0  3699  8656211  3466  0  0  121659  0  0  162970  136019  0  86384  1  86417  302  0  6  86568  86378  136019  0  2969356  0  121659  1427005  353804288  2969364  4243653  37047  102180  33.6268069043  28.9999095833  100.0  0.0  
1438950102  0  3699  8836535  3409  0  0  120315  0  0  162970  136019  0  86364  2  86417  302  0  5  86568  86358  136019  0  3033209  0  120315  1459608  353722368  3033217  4333769  32603  90116  33.6798754156  28.2234135395  100.0  0.0  
1438950112  0  3699  9011474  3426  0  0  119114  0  0  162970  136019  0  86327  41  86417  302  0  4  86568  86321  136019  0  3095887  0  119114  1490203  353570816  3095895  4421131  30595  87362  33.7063751334  27.5307688433  100.0  0.0  
1438950122  0  3699  9200668  3359  0  0  116985  0  0  162970  136019  0  86339  35  86417  302  0  5  86568  86333  136019  0  3166543  0  116985  1521912  353619968  3166553  4515740  31709  94609  33.7023832196  26.2016497842  100.0  0.0  
1438950132  0  3699  9390015  3358  0  0  118274  0  0  162970  136019  0  86381  1  86417  302  0  7  86568  86376  136019  0  3232651  0  118274  1554035  353795352  3232663  4610425  32123  94685  33.7069792915  26.9695791129  100.0  0.000210290618918  
1438950142  0  3699  9592732  3371  0  0  117400  0  0  162970  136019  0  86384  1  86417  302  0  7  86568  86379  136019  0  3303014  0  117400  1586524  353807640  3303026  4711847  32489  101422  33.6709574823  26.4233390119  100.0  0.000210283315394  
1438950152  0  3699  9776325  3338  0  0  117755  0  0  162970  136019  0  86263  126  86417  302  0  7  86568  86258  136019  0  3369472  0  117755  1616676  353312512  3369484  4803589  30152  91742  33.6555854383  26.7479087937  100.0  7.24570474619e-05  
1438950162  0  3699  9968423  3398  0  0  118733  0  0  162970  136019  0  86391  1  86417  302  0  5  86568  86385  136019  0  3438166  0  118733  1648335  353832960  3438178  4899660  31659  96071  33.6418241266  27.2443212923  100.0  0.0  
1438950172  0  3699  10151568  3318  0  0  116878  0  0  162970  136019  0  86397  1  86417  302  0  4  86568  86391  136019  0  3505842  0  116878  1677857  353857536  3505854  4991229  29522  91569  33.6161093791  26.0844641421  100.0  0.0  
1438950182  0  3699  10329019  3363  0  0  118467  0  0  162970  136019  0  86407  1  86417  302  0  4  86568  86401  136019  0  3568934  0  118467  1708068  353898496  3568947  5080040  30211  88811  33.6231210778  27.0674533836  100.0  0.0  
1438950192  0  3699  10516816  3400  0  0  119912  0  0  162970  136019  0  86411  1  86417  302  0  6  86568  86405  136019  0  3631294  0  119912  1741857  353914880  3631307  5174013  33789  93973  33.6654933028  27.9429915271  100.0  0.0  
1438950202  0  3699  10730172  3377  0  0  120018  0  0  162970  136019  0  86408  1  86417  302  0  8  86568  86407  136019  0  3700354  0  120018  1782006  353916208  3700367  5280661  40149  106648  33.745889009  28.0049659218  100.0  0.00193940450427  
1438950212  0  3699  10910265  3449  0  0  119537  0  0  162970  136019  0  86406  4  86417  302  0  10  86568  86400  136019  0  3763045  0  119537  1814580  353894400  3763058  5370688  32574  90027  33.786732724  27.7211240034  100.0  0.0  
1438950222  0  3699  11074083  3398  0  0  118040  0  0  162970  136019  0  86389  22  86417  302  0  10  86568  86384  136019  0  3821245  0  118040  1844131  353828608  3821258  5452386  29551  81698  33.8224586447  26.8180277872  100.0  7.23513613687e-05  
1438950232  0  3699  11267831  3361  0  0  119042  0  0  162970  136019  0  86365  48  86417  302  0  10  86568  86359  136019  0  3887398  0  119042  1879164  353726464  3887411  5549287  35033  96901  33.8631611593  27.4550158767  100.0  0.0  
1438950242  0  3699  11461382  3345  0  0  118067  0  0  162970  136019  0  86356  57  86417  302  0  9  86568  86350  136019  0  3956807  0  118067  1910299  353689600  3956820  5646120  31135  96833  33.8338363336  26.8635605207  100.0  0.0  
1438950252  0  3699  11643728  3319  0  0  117814  0  0  162970  136019  0  86413  2  86417  302  0  6  86568  86408  136019  0  4021591  0  117814  1941142  353926424  4021604  5737329  30843  91209  33.8335486774  26.6572733291  100.0  0.000210212740714  
1438950262  0  3699  11843143  3424  0  0  120766  0  0  162970  136019  0  86356  2  86417  302  0  6  86568  86352  136019  0  4088022  0  120766  1977380  353696792  4088035  5837037  36238  99708  33.8764342251  28.4964311147  100.0  0.00028272723851  
1438950272  0  3699  12008155  3479  0  0  121859  0  0  162970  136019  0  86361  1  86417  302  0  6  86568  86355  136019  0  4145759  0  121859  2008421  353710080  4145772  5919464  31041  82427  33.9291023647  29.135312123  100.0  0.0  
1438950282  0  3699  12192011  3280  0  0  115104  0  0  162970  136019  0  86353  1  86417  302  0  5  86568  86347  136019  0  4212966  0  115104  2035693  353677312  4212979  6011218  27272  91754  33.8649005909  24.9834931888  100.0  0.0  
1438950292  0  3699  12383899  2682  0  0  101648  0  0  162970  136019  0  86361  5  86417  302  0  4  86568  86355  136019  0  4279610  0  101648  2055826  353710080  4279623  6107250  20133  96032  33.6620573908  15.0450574532  100.0  0.0  
1438950302  0  3699  12585184  2583  0  0  100407  0  0  162970  136019  0  86381  1  86417  302  0  4  86568  86375  136019  0  4333984  0  100407  2074901  353792000  4333997  6208058  19075  100808  33.4227064245  13.9751212565  100.0  0.0  
