#type:T;
#time  gt  cn  Pt  Px  gx  cx  gn  gm  Pn  Pm  Ft  cm  pt  Fx  px  ct  pn  Fm  Fn  pm  dn  On  Om  dm  dx  Ox  dt  Ot  Gt  Cn  Cm  Gx  Cx  Gn  Gm  Ct  
1438575643  2296618  0  0  0  34006  0  2505  157  0  2147483647  33101  2147483647  0  3937  0  0  0  393  21  2147483647  0  46  242  2147483647  0  7502  0  84918  0  0  2147483647  0  0  0  2147483647  0  
1438575653  2296618  0  0  0  34006  0  2505  157  0  2147483647  33101  2147483647  0  3937  0  0  0  393  21  2147483647  0  46  242  2147483647  0  7502  0  84918  0  0  2147483647  0  0  0  2147483647  0  
1438575663  97947921  0  538729290  81886  34006  0  114963  154  34340  3167  92900  2147483647  0  3937  0  0  0  393  65  2147483647  0  46  242  2147483647  0  7502  0  84918  0  34340  1122  0  38665  0  2147483647  115670907  
1438575673  213922201  0  2898881000  511981  38486  0  210602  154  160940  3167  92900  2147483647  0  3937  0  0  0  393  65  2147483647  0  46  242  2147483647  0  7502  0  84918  325861500  193472  544  115739  84987  32856  1827  614719690  
1438575683  275170130  0  6141697617  16516676  38765  0  257570  154  319617  3167  113483  2147483647  0  4185  0  0  0  393  75  2147483647  0  46  242  2147483647  0  7502  0  84918  1594269051  462506  544  16513932  84987  144856  1827  1496398542  
1438575693  343385685  0  10864993227  16516676  38887  0  308785  154  553949  3142  113483  2147483647  0  4185  0  0  0  393  75  2147483647  0  46  242  2147483647  0  7502  0  84918  3691625230  877073  544  16513932  84987  327860  1827  2844103688  
1438575703  379218210  0  17302345339  16516676  50578  0  336856  154  968126  3142  113483  2147483647  0  4185  0  0  0  393  75  2147483647  0  46  242  2147483647  0  7502  0  84918  6757212406  1675473  478  16513932  86320  714340  1754  4805434750  
1438575713  380547990  0  30145252766  16516676  50578  0  339744  154  2020306  3142  113483  2147483647  0  4185  0  0  0  393  75  2147483647  0  46  242  2147483647  0  7502  0  84918  12680309934  3776766  472  16513932  531479  1763703  1618  8848080047  
1438575723  382879807  0  42986815506  16516676  50578  0  343567  154  3079411  3142  113483  2147483647  0  4185  0  0  0  393  75  2147483647  0  46  242  2147483647  0  7502  0  84918  18470244788  5890809  447  16513932  602613  2818883  1618  12884325673  
1438575733  384243732  0  55802321834  16516676  50578  0  346442  154  4130278  3142  113483  2147483647  0  4185  0  0  0  393  75  2147483647  0  46  242  2147483647  0  7502  0  84918  24210433020  7989462  447  16513932  602613  3866930  1618  16907466839  
1438575743  386229131  0  67719280116  16516676  50578  0  350546  154  5109258  3142  113483  2147483647  0  4185  0  0  0  393  75  2147483647  0  46  242  2147483647  0  7502  0  84918  29520034079  9943107  447  16513932  602613  4841825  1618  20650104105  
1438575753  395314769  0  82853765082  16516676  471496  0  369045  154  6349259  3142  113483  2147483647  0  4185  0  0  0  393  75  2147483647  0  46  242  2147483647  0  7502  0  84918  36277820123  12402963  447  16513932  602613  6063031  1618  25362110110  
1438575763  420121098  0  98315169195  16848097  479396  0  419141  154  7612826  3142  113483  2147483647  0  4185  0  0  0  393  75  2147483647  0  46  242  2147483647  0  7502  0  84918  43183494076  14876893  447  16839665  602613  7276635  1618  30136494346  
1438575773  444569376  0  113068472500  16848097  479396  0  468561  154  8797135  3142  113483  2147483647  0  4185  0  0  0  393  75  2147483647  0  46  242  2147483647  0  7502  0  84918  49831291606  17193005  447  16839665  614165  8411611  1618  34672931668  
1438575783  470305811  0  127723737004  21273641  479396  0  516355  154  9953818  3142  113483  2147483647  0  4185  0  0  0  393  75  2147483647  0  46  242  2147483647  0  7502  0  84918  56470643740  19455189  447  21257831  614165  9520163  1618  39130248513  
1438575793  493892322  0  143826625210  21273641  479396  0  566658  154  11262080  3082  113483  2147483647  0  4185  0  0  0  393  75  2147483647  0  46  242  2147483647  0  7502  0  84918  63668909993  22018221  435  21257831  614165  10778284  1618  44063270374  
1438575803  518718524  0  158921993806  21273641  479396  0  617496  154  12488710  3082  113483  2147483647  0  4185  0  0  0  393  75  2147483647  0  46  242  2147483647  0  7502  0  84918  70324591509  24417395  435  21257831  614165  11954139  1618  48741514022  
1438575813  543074177  0  173894224659  23417292  479396  0  664809  154  13661414  3082  113483  2147483647  0  4185  0  0  0  393  75  2147483647  0  46  242  2147483647  0  7502  0  84918  77209118607  26711823  435  23407185  614165  13079541  1618  53246258969  
1438575823  568503804  0  191040177250  23417292  479396  0  716227  154  15028426  3082  113483  2147483647  0  4185  0  0  0  393  75  2147483647  0  46  242  2147483647  0  7502  0  84918  84957414395  29390974  435  23407185  614165  14395116  1618  58420316187  
1438575833  591576277  0  206392054044  23417292  479396  0  764011  154  16283960  3082  113483  2147483647  0  4185  0  0  0  393  75  2147483647  0  46  242  2147483647  0  7502  0  84918  91768830861  31851386  435  23407185  614165  15603023  1618  63196895311  
1438575843  612563437  0  221868226057  23417292  479396  0  809094  154  17507597  3082  113483  2147483647  0  4185  0  0  0  393  75  2147483647  0  46  242  2147483647  0  7502  0  84918  98778316276  34250092  435  23407185  614165  16781309  1618  67840645332  
1438575853  635061661  0  237111676639  23417292  479396  0  856189  154  18743455  3082  113483  2147483647  0  4185  0  0  0  393  75  2147483647  0  46  242  2147483647  0  7502  0  84918  105614985201  36671140  435  23407185  614165  17970057  1618  72559177099  
1438575863  656732278  0  252028694921  23417292  479396  0  902398  154  19930678  3046  113483  2147483647  0  4185  0  0  0  393  75  2147483647  0  46  242  2147483647  0  7502  0  84918  112374038590  38996038  435  23407185  614165  19111112  1618  77067047168  
1438575873  679842790  0  267610596740  23417292  479396  0  952632  154  21189049  3046  113483  2147483647  0  4185  0  0  0  393  75  2147483647  0  46  242  2147483647  0  7502  0  84918  119420030527  41459393  435  23407185  614165  20319419  1618  81820695057  
1438575883  706012846  0  282609315827  23417292  479396  0  1004056  154  22393264  3046  113483  2147483647  0  4185  0  0  0  393  75  2147483647  0  46  242  2147483647  0  7502  0  84918  126148295569  43812919  435  23407185  614165  21471944  1618  86410347802  
1438575893  731132888  0  299616484108  23417292  479396  0  1054808  154  23759201  3046  113483  2147483647  0  4185  0  0  0  393  75  2147483647  0  46  242  2147483647  0  7502  0  84918  133764767929  46490935  435  23407185  614165  22787311  1618  91611615338  
1438575903  754142048  0  313756992658  27758610  479396  0  1101780  154  24892733  3046  113483  2147483647  0  4185  0  0  0  393  75  2147483647  0  46  242  2147483647  0  7502  0  84918  140085563738  48707821  435  27757742  614165  23873771  1618  95976529617  
1438575913  777191565  0  329145531167  27758610  479396  0  1149171  154  26138439  3046  113483  2147483647  0  4185  0  0  0  393  75  2147483647  0  46  242  2147483647  0  7502  0  84918  147043837677  51148767  435  27757742  614165  25072147  1618  100714811939  
1438575923  798499867  0  344917925249  27758610  479396  0  1194412  154  27417100  3046  113483  2147483647  0  4185  0  0  0  393  75  2147483647  0  46  242  2147483647  0  7502  0  84918  154165175223  53657885  435  27757742  614165  26305667  1618  105561896612  
1438575933  822198722  0  359927198178  27758610  479396  0  1242892  154  28642225  3046  113483  2147483647  0  4185  0  0  0  393  75  2147483647  0  46  242  2147483647  0  7502  0  84918  160878787909  56056217  435  27757742  614165  27482086  1618  110204543169  
1438575943  845780460  0  375777150066  27758610  479396  0  1292886  154  29928650  3046  113483  2147483647  0  4185  0  0  0  393  75  2147483647  0  46  242  2147483647  0  7502  0  84918  167971589616  58575972  435  27757742  614165  28718743  1618  115082543994  
1438575953  870218618  0  389144627689  27758610  479396  0  1338950  154  30994175  3046  113483  2147483647  0  4185  0  0  0  393  75  2147483647  0  46  242  2147483647  0  7502  0  84918  174038783858  60658000  435  27757742  614165  29738140  1618  119157775554  
1438575963  898622076  0  401913246106  27758610  479396  0  1384402  154  32008548  3046  113483  2147483647  0  4185  0  0  0  393  75  2147483647  0  46  242  2147483647  0  7502  0  84918  179752222562  62638516  375  27757742  614165  30707017  1618  123061281361  
1438575973  920521149  0  414693697702  27758610  479396  0  1423696  154  32979415  2891  113483  2147483647  0  4185  0  0  0  393  75  2147483647  0  46  242  2147483647  0  7502  0  84918  185381526270  64538579  375  27757742  614165  31638574  1618  126704891659  
1438575983  945455012  0  430382768890  27758610  479396  0  1471453  154  34194822  2891  113483  2147483647  0  4185  0  0  0  393  75  2147483647  0  46  242  2147483647  0  7502  0  84918  192732319553  66918263  375  27757742  614165  32806238  1618  131278881477  
1438575993  970286371  0  446676526126  27758610  479396  0  1522141  154  35493555  2891  113483  2147483647  0  4185  0  0  0  393  75  2147483647  0  46  242  2147483647  0  7502  0  84918  200145189574  69461364  375  27757742  614165  34054336  1618  136144145415  
1438576003  994157294  0  462782828725  36391009  479396  0  1569881  154  36760840  2891  113483  2147483647  0  4185  0  0  0  393  75  2147483647  0  46  242  2147483647  0  7502  0  84918  207619109552  71944294  375  36383765  614165  35273715  1618  140892447694  
1438576013  1015662264  0  477819621593  36391009  479396  0  1612820  154  37957533  2891  113483  2147483647  0  4185  0  0  0  393  75  2147483647  0  46  242  2147483647  0  7502  0  84918  214404617766  74291485  375  36383765  614165  36427422  1618  145400025888  
1438576023  1037708528  0  493302520878  36391009  479396  0  1658849  154  39211217  2891  113483  2147483647  0  4185  0  0  0  393  75  2147483647  0  46  242  2147483647  0  7502  0  84918  221399526351  76749489  335  36383765  614165  37635253  1618  150057437311  
1438576033  1063025822  0  508203286284  36391009  479396  0  1708023  154  40430781  2891  113483  2147483647  0  4185  0  0  0  393  75  2147483647  0  46  242  2147483647  0  7502  0  84918  228199111652  79135878  335  36383765  614165  38805754  1618  154443203197  
1438576043  1090543950  0  525299970750  36391009  479396  0  1761864  154  41830565  2891  113483  2147483647  0  4185  0  0  0  393  75  2147483647  0  46  242  2147483647  0  7502  0  84918  235986944660  81877659  335  36383765  614165  40151645  1618  159489198277  
1438576053  1113712369  0  540527376456  36391009  479396  0  1808037  154  43098840  2891  113483  2147483647  0  4185  0  0  0  393  75  2147483647  0  46  242  2147483647  0  7502  0  84918  242845451475  84364547  335  36383765  614165  41373581  1618  164013947291  
1438576063  1139409919  0  555902424580  36391009  479396  0  1857910  154  44362103  2891  113483  2147483647  0  4185  0  0  0  393  75  2147483647  0  46  242  2147483647  0  7502  0  84918  249800623040  86837859  335  36383765  614165  42587058  1618  168577645676  
1438576073  1164183558  0  571330037707  36391009  479396  0  1907337  154  45622007  2891  113483  2147483647  0  4185  0  0  0  393  75  2147483647  0  46  242  2147483647  0  7502  0  84918  256868166956  89304793  335  36383765  614165  43797428  1618  173090039662  
1438576083  1187209062  0  586293622047  36391009  479396  0  1951997  154  46852849  2891  113483  2147483647  0  4185  0  0  0  393  75  2147483647  0  46  242  2147483647  0  7502  0  84918  263488647674  91718852  335  36383765  614165  44983568  1612  177473103323  
1438576093  1211612228  0  602079546548  36391009  479396  0  2000477  154  48145431  2891  113483  2147483647  0  4185  0  0  0  393  75  2147483647  0  46  242  2147483647  0  7502  0  84918  270630875132  94252238  335  36383765  614165  46227904  1612  182115669827  
1438576103  1237387714  0  617621307445  36391009  479396  0  2050411  154  49403594  2891  113483  2147483647  0  4185  0  0  0  393  75  2147483647  0  46  242  2147483647  0  7502  0  84918  277560076567  96715170  335  36383765  614165  47436115  1612  186629526875  
1438576113  1264032780  0  634377446191  36391009  479396  0  2102523  154  50807152  2891  113483  2147483647  0  4185  0  0  0  393  75  2147483647  0  46  242  2147483647  0  7502  0  84918  284984789408  99466377  335  36383765  654395  48787588  1612  191671806521  
1438576123  1289792915  0  649548476905  36391009  479396  0  2152990  154  52070636  2891  113483  2147483647  0  4185  0  0  0  393  75  2147483647  0  46  242  2147483647  0  7502  0  84918  291799586378  101939494  335  36383765  654395  50000732  1612  196178001446  
1438576133  1314013512  0  665703403259  36391009  479396  0  2202900  154  53423112  2891  113483  2147483647  0  4185  0  0  0  393  75  2147483647  0  46  242  2147483647  0  7502  0  84918  298950916779  104591008  335  36383765  654395  51303091  1612  200969727596  
1438576143  1335670578  0  680362277922  36391009  479396  0  2247141  154  54660120  2891  113483  2147483647  0  4185  0  0  0  393  75  2147483647  0  46  242  2147483647  0  7502  0  84918  305554650417  107017722  335  36383765  654395  52495777  1563  205369692848  
1438576153  1359825445  0  695581550432  36391009  479396  0  2294918  154  55935784  2891  113483  2147483647  0  4185  0  0  0  393  75  2147483647  0  46  242  2147483647  0  7502  0  84918  312353309230  109518024  335  36383765  654395  53723695  1563  209937355203  
1438576163  1384512311  0  710492253554  36391009  479396  0  2342938  154  57139348  2891  113483  2147483647  0  4185  0  0  0  393  75  2147483647  0  46  242  2147483647  0  7502  0  84918  319154084029  111874195  335  36383765  654395  54879323  1563  214280917861  
1438576173  1407050882  0  725522392805  36391009  479396  0  2388024  154  58399457  2888  113483  2147483647  0  4185  0  0  0  393  75  2147483647  0  46  242  2147483647  0  7502  0  84918  325888206319  114345719  335  36383765  654395  56094267  1563  218787994318  
1438576183  1435835691  0  742545978389  36391009  479396  0  2442622  154  59783802  2888  113483  2147483647  0  4185  0  0  0  393  75  2147483647  0  46  242  2147483647  0  7502  0  84918  333676622746  117055949  335  36383765  654395  57423997  1563  223764073137  
1438576193  1460410388  0  757919561016  36391009  479396  0  2490748  154  61053822  2888  113483  2147483647  0  4185  0  0  0  393  75  2147483647  0  46  242  2147483647  0  7502  0  84918  340600735473  119544457  335  36383765  654395  58645982  1563  228311433306  
1438576203  1483795734  0  772757001957  36391009  479396  0  2537642  154  62273285  2888  113483  2147483647  0  4185  0  0  0  393  75  2147483647  0  46  242  2147483647  0  7502  0  84918  347253400177  121933728  335  36383765  654395  59818550  1563  232669354186  
1438576213  1505863448  0  786526071627  36391009  479396  0  2577735  154  63431069  2888  113483  2147483647  0  4185  0  0  0  393  75  2147483647  0  46  242  2147483647  0  7502  0  84918  353440836190  124206705  335  36383765  654395  60936352  1563  236824917611  
1438576223  1531051208  0  802630483249  36391009  479396  0  2629474  154  64773375  2888  113483  2147483647  0  4185  0  0  0  393  75  2147483647  0  46  242  2147483647  0  7502  0  84918  360640330815  126835871  335  36383765  654395  62226738  1563  241620673575  
1438576233  1553934582  0  817882337237  36391009  479396  0  2675142  154  66019704  2888  113483  2147483647  0  4185  0  0  0  393  75  2147483647  0  46  242  2147483647  0  7502  0  84918  367588604665  129279654  335  36383765  654395  63427558  1563  246108716288  
1438576243  1578171638  0  833927339827  36391009  479396  0  2724675  154  67364673  2888  113483  2147483647  0  4185  0  0  0  393  75  2147483647  0  46  242  2147483647  0  7502  0  84918  374784963688  131916519  335  36383765  654395  64722896  1563  250884706447  
1438576253  1605744174  0  850916996879  36391009  479396  0  2779634  154  68755026  2888  113483  2147483647  0  4185  0  0  0  393  75  2147483647  0  46  242  2147483647  0  7502  0  84918  382560572743  134638305  335  36383765  654395  66058117  1563  255854221012  
1438576263  1627500837  0  865243165630  36391009  479396  0  2820654  154  69941002  2888  113483  2147483647  0  4185  0  0  0  393  75  2147483647  0  46  242  2147483647  0  7502  0  84918  389118889549  136966907  335  36383765  654395  67203624  1563  260107894604  
1438576273  1652887628  0  875616250032  36391009  479396  0  2860243  154  70790303  2888  113483  2147483647  0  4185  0  0  0  393  75  2147483647  0  46  242  2147483647  0  7502  0  84918  393732024510  138623443  335  36383765  654395  68013041  1563  263165625246  
