#Type:X;CI:3;ww:0;ca:0;co:0;fr:0;Type:X;CI:3;PI:0;PT:EP;U0:0;U1:0;Type:X;CI:3;PI:1;PT:EP;U0:0;U1:0;
#time  Pp  gt  gs  cn  cm  cb  Nc  Pc  cp  Tc  Nm  pr  ps  pt  px  pd  Pm  Om  fs  ft  Oc  Em  Gp  Ec  Ge  ot  os  Total_cycles_diff  Successful_get_diff  Total_get_diff  succ_put_diff  total_put_diff  get_hit  
1439267977  0  0  0  0  0  0  0  0  0  1269607  0  0  0  0  0  0  0  0  0  21  0  0  0  0  0  46  0  1269607  0  0  0  0  
1439267987  0  0  0  0  0  0  0  0  0  1271933  0  0  0  0  0  0  0  0  0  21  0  0  0  0  0  46  0  2326  0  0  0  0  0 
1439267997  0  532  325  0  0  0  179  2639  0  27071069  223  0  3304  3304  0  0  3304  341  0  142  189  3304  0  2639  325  3265  113  25799136  325  532  3304  3304  61.0902255639  
1439268007  0  533  326  0  0  0  203  2864  0  30638154  223  0  3530  3530  0  0  3304  341  0  221  222  3304  0  2864  326  3265  113  3567085  1  1  226  226  61.1632270169  
1439268017  0  533  326  0  0  0  208  3078  0  52023516  223  0  3744  3744  0  0  3304  341  0  24902  225  3304  0  3078  326  3265  113  21385362  0  0  214  214  61.1632270169  
1439268027  0  533  326  0  0  0  208  3079  0  74072841  223  0  3745  3745  0  0  3304  341  0  50290  226  3304  0  3079  326  3265  113  22049325  0  0  1  1  61.1632270169  
1439268037  0  533  326  0  0  0  208  3079  0  92883851  223  0  3745  3745  0  0  3304  341  0  69581  226  3304  0  3079  326  3265  113  18811010  0  0  0  0  61.1632270169  
1439268047  0  542  326  0  0  0  143  3149  0  123216823  223  0  4519  4519  0  0  3304  341  0  93143  131  3304  0  3149  326  3465  208  30332972  0  9  774  774  60.147601476  
1439268058  0  894  531  0  0  0  114  2489  0  143392832  223  0  4565  4565  0  0  3304  341  0  127405  65  3304  0  2489  531  4222  276  20176009  205  352  46  46  59.3959731544  
1439268068  0  11038  549  0  0  0  165  3595  0  193345442  223  0  5704  5704  0  0  3595  341  0  154522  97  3595  0  3595  549  4944  278  49952610  18  10144  1139  1139  4.97372712448  
1439268078  0  18923  549  0  0  0  228  4830  0  225540230  228  0  6939  6939  0  0  4830  341  0  171238  141  4830  0  4830  549  5128  278  32194788  0  7885  1235  1235  2.90123130582  
1439268088  0  25889  549  0  0  0  285  5885  0  270069056  285  0  7994  7994  0  0  5885  341  0  185772  180  5885  0  5885  549  5340  278  44528826  0  6966  1055  1055  2.12059175712  
1439268098  0  30672  549  0  0  0  327  6687  0  299326529  327  0  8809  8809  0  0  6687  341  0  197238  203  6687  0  6687  549  5504  283  29257473  0  4783  815  815  1.78990610329  
1439268108  0  36588  556  0  0  0  523  13369  0  434276623  523  0  15520  15520  0  0  13369  341  0  204602  309  13369  0  13369  556  5662  285  134950094  7  5916  6711  6711  1.51962392041  
1439268118  0  43340  556  0  0  0  732  20583  0  541614384  732  0  22734  22734  0  0  20583  411  0  212184  411  20583  0  20583  556  5828  285  107337761  0  6752  7214  7214  1.28287955699  
1439268128  0  46457  1168  0  0  0  780  22529  0  627643722  788  0  26355  26355  0  0  22745  445  0  216766  443  22745  0  22529  1168  5945  299  86029338  612  3117  3621  3621  2.51415287255  
1439268138  0  50087  2395  0  0  0  873  25379  0  716954025  873  0  31490  31490  0  0  25379  496  3  220973  496  25379  0  25379  2395  6052  314  89310303  1227  3630  5135  5135  4.78167987701  
1439268148  0  56980  4284  0  0  0  1001  29254  0  887129627  1001  0  39542  39542  0  0  29282  578  6  229594  578  29282  0  29254  4284  6249  351  170175602  1889  6893  8052  8052  7.51842751843  
1439268158  0  61286  5348  0  0  0  1082  31433  0  993430067  1082  0  44236  44236  0  0  31433  624  6  235094  624  31433  0  31433  5348  6384  376  106300440  1064  4306  4694  4694  8.72629964429  
1439268168  0  65193  5742  0  0  0  1196  35126  0  1085862013  1197  0  49544  49544  0  0  35126  680  6  239252  680  35126  0  35126  5742  6492  398  92431946  394  3907  5308  5308  8.80769407759  
1439268178  0  70076  6893  0  0  0  1284  37574  0  1190944096  1284  0  54507  54507  0  0  37574  727  38  245459  727  37574  0  37574  6893  6623  422  105082083  1151  4883  4963  4963  9.83646326845  
1439268188  0  75745  7923  0  0  0  1361  40537  0  1321743921  1361  0  60025  60025  0  0  40537  770  68  253518  770  40537  0  40537  7923  6798  449  130799825  1030  5669  5518  5518  10.460096376  
1439268198  0  79609  8651  0  0  0  1433  43013  0  1398451669  1433  0  63672  63672  0  0  43064  806  80  257944  806  43064  0  43013  8651  6898  462  76707748  728  3864  3647  3647  10.866861787  
1439268208  0  83928  9789  0  0  0  1521  45848  0  1500983311  1521  0  69417  69417  0  0  45848  863  103  263659  863  45848  0  45848  9789  7023  487  102531642  1138  4319  5745  5745  11.6635687732  
1439268218  0  88332  10782  0  0  0  1590  48459  0  1613344268  1599  0  74209  74209  0  0  48567  894  120  269411  887  48567  0  48459  10782  7165  512  112360957  993  4404  4792  4792  12.2062219807  
1439268228  0  91218  11844  0  0  0  1610  49312  0  1675577014  1611  0  77191  77191  0  0  49387  898  138  273237  896  49387  0  49312  11844  7257  530  62232746  1062  2886  2982  2982  12.9842794185  
1439268238  0  95524  12917  0  0  0  1695  51943  0  1803384506  1695  0  82563  82563  0  0  51943  940  154  278234  940  51943  0  51943  12917  7379  555  127807492  1073  4306  5372  5372  13.5222561869  
1439268248  0  98641  14166  0  0  0  1725  52837  0  1879112742  1726  0  86019  86019  0  0  52925  944  170  283081  943  52925  0  52837  14166  7495  574  75728236  1249  3117  3456  3456  14.3611682769  
1439268258  0  103409  15886  0  0  0  1767  54423  0  1981559709  1775  0  90883  90883  0  0  54667  959  186  289037  956  54667  0  54423  15886  7643  600  102446967  1720  4768  4864  4864  15.3622992196  
1439268268  0  107270  18055  0  0  0  1817  55627  0  2077673482  1819  0  95458  95458  0  0  55664  982  207  293546  982  55664  0  55627  18055  7757  626  96113773  2169  3861  4575  4575  16.8313601193  
1439268278  0  110219  19710  0  0  0  1809  55280  0  2138002724  1825  0  97861  97861  0  0  55716  988  215  298328  979  55716  0  55280  19710  7871  647  60329242  1655  2949  2403  2403  17.8825792286  
1439268288  0  114703  20785  0  0  0  1910  57725  0  2235148461  1910  0  103418  103418  0  0  57725  1027  242  303645  1027  57725  0  57725  20785  8024  674  97145737  1075  4484  5557  5557  18.1207117512  
1439268298  0  118490  22429  0  0  0  1926  59166  0  2339362915  1926  0  108229  108229  0  0  59166  1043  266  308003  1043  59166  0  59166  22429  8121  702  104214454  1644  3787  4811  4811  18.9290235463  
1439268308  0  122423  24030  0  0  0  1961  60331  0  2442435207  1963  0  112803  112803  0  0  60438  1060  286  313399  1054  60438  0  60331  24030  8254  728  103072292  1601  3933  4574  4574  19.6286645483  
1439268318  0  127797  26184  0  0  0  1993  61342  0  2554399334  1998  0  117869  117869  0  0  61373  1085  321  320070  1085  61373  0  61342  26184  8403  761  111964127  2154  5374  5066  5066  20.4887438672  
1439268328  0  132778  28741  0  0  0  2069  63700  0  2707405252  2072  0  124853  124853  0  0  63808  1114  351  327016  1113  63808  0  63700  28741  8590  798  153005918  2557  4981  6984  6984  21.6459051951  
1439268338  0  135315  29974  0  0  0  2058  63526  0  2760686139  2072  0  126966  126966  0  0  63808  1114  361  330730  1108  63808  0  63526  29974  8685  815  53280887  1233  2537  2113  2113  22.1512766508  
1439268348  0  140001  31537  0  0  0  2084  64293  0  2863412987  2084  0  131498  131498  0  0  64293  1125  390  336293  1118  64293  0  64293  31537  8828  848  102726848  1563  4686  4532  4532  22.5262676695  
1439268358  0  143747  33520  0  0  0  2146  65841  0  2973575197  2152  0  136506  136506  0  0  65957  1156  406  341378  1152  65957  0  65841  33520  8966  879  110162210  1983  3746  5008  5008  23.3187475217  
1439268368  0  146983  35256  0  0  0  2147  65923  0  3044609718  2154  0  139072  139072  0  0  66283  1156  424  346932  1155  66283  0  65923  35256  9068  891  71034521  1736  3236  2566  2566  23.9864474123  
1439268378  0  150766  37460  0  0  0  2111  64858  0  3135155539  2154  0  142465  142465  0  0  66283  1162  442  353221  1145  66283  0  64858  37460  9201  920  90545821  2204  3783  3393  3393  24.8464507913  
1439268388  0  153268  38481  0  0  0  2132  65712  0  3198171965  2154  0  145448  145448  0  0  66283  1162  456  358215  1134  66283  0  65712  38481  9321  942  63016426  1021  2502  2983  2983  25.1070021139  
1439268398  0  157920  40694  0  0  0  2211  67265  0  3322448696  2211  0  150639  150639  0  0  67265  1185  486  364248  1184  67265  0  67265  40694  9463  965  124276731  2213  4652  5191  5191  25.7687436677  
1439268408  0  161803  42781  0  0  0  2190  66996  0  3402955781  2228  0  154256  154256  0  0  67956  1191  507  370197  1169  67956  0  66996  42781  9615  1000  80507085  2087  3883  3617  3617  26.4401772526  
1439268418  0  165883  45133  0  0  0  2196  66709  0  3498058416  2228  0  158398  158398  0  0  67956  1191  533  377650  1172  67956  0  66709  45133  9789  1029  95102635  2352  4080  4142  4142  27.20773075  
1439268428  0  168951  46873  0  0  0  2210  67620  0  3592814646  2228  0  162319  162319  0  0  67956  1191  557  382285  1172  67956  0  67620  46873  9903  1051  94756230  1740  3068  3921  3921  27.7435469456  
1439268438  0  171526  48099  0  0  0  2223  68196  0  3662571160  2230  0  164930  164930  0  0  68312  1191  568  386271  1178  68312  0  68196  48099  9996  1065  69756514  1226  2575  2611  2611  28.041812903  
1439268448  0  176232  50297  0  0  0  2234  68594  0  3782651422  2250  0  169683  169683  0  0  68812  1191  597  393091  1172  68812  0  68594  50297  10158  1104  120080262  2198  4706  4753  4753  28.5402197104  
1439268458  0  179913  51807  0  0  0  2260  68365  0  3856453467  2265  0  173003  173003  0  0  68883  1202  624  398928  1199  68883  0  68365  51807  10265  1129  73802045  1510  3681  3320  3320  28.7955845325  
1439268468  0  184864  54170  0  0  0  2298  69079  0  3961844272  2308  0  177251  177251  0  0  69274  1227  644  405518  1222  69274  0  69079  54170  10399  1157  105390805  2363  4951  4248  4248  29.3026224684  
1439268478  0  186908  55132  0  0  0  2280  68672  0  4008123261  2308  0  179286  179286  0  0  69274  1227  654  409473  1220  69274  0  68672  55132  10491  1180  46278989  962  2044  2035  2035  29.4968647677  
1439268488  0  190118  56447  0  0  0  2291  68994  0  4063689420  2308  0  181809  181809  0  0  69274  1227  670  413859  1209  69274  0  68994  56447  10594  1204  55566159  1315  3210  2523  2523  29.6905080003  
1439268498  0  195087  59182  0  0  0  2316  69202  0  4191461511  2335  0  186849  186849  0  0  69386  1236  689  420979  1218  69386  0  69202  59182  10760  1240  127772091  2735  4969  5040  5040  30.3362089734  
1439268508  0  199879  61496  0  0  0  2290  69030  0  4316308401  2335  0  191505  191505  0  0  69650  1236  722  427438  1221  69650  0  69030  61496  10906  1282  124846890  2314  4792  4656  4656  30.7666138013  
1439268518  0  201347  62235  0  0  0  2291  69156  0  4358617946  2335  0  193307  193307  0  0  69650  1236  728  429502  1220  69650  0  69156  62235  10960  1297  42309545  739  1468  1802  1802  30.9093256915  
1439268528  0  205932  63947  0  0  0  2296  69741  0  4451298532  2335  0  197092  197092  0  0  69875  1236  746  435709  1218  69875  0  69741  63947  11111  1326  92680586  1712  4585  3785  3785  31.052483344  
1439268539  0  209753  66352  0  0  0  2274  69259  0  4535989360  2335  0  201067  201067  0  0  69875  1236  762  440785  1198  69875  0  69259  66352  11235  1364  84690828  2405  3821  3975  3975  31.6333973769  
1439268549  0  213728  68813  0  0  0  2275  69085  0  4632226409  2335  0  205153  205153  0  0  69875  1236  778  446849  1187  69875  0  69085  68813  11374  1397  96237049  2461  3975  4086  4086  32.1965301692  
1439268559  0  218465  71397  0  0  0  2254  68905  0  4732447564  2335  0  209434  209434  0  0  69875  1236  798  453454  1177  69875  0  68905  71397  11514  1430  100221155  2584  4737  4281  4281  32.6812075161  
1439268569  0  220900  72281  0  0  0  2270  69425  0  4787085065  2335  0  211681  211681  0  0  69875  1236  807  456769  1189  69875  0  69425  72281  11580  1444  54637501  884  2435  2247  2247  32.7211407877  
1439268579  0  224731  74185  0  0  0  2244  68596  0  4871491922  2335  0  215478  215478  0  0  69875  1236  824  461934  1181  69875  0  68596  74185  11699  1478  84406857  1904  3831  3797  3797  33.0105770899  
1439268589  0  227497  75114  0  0  0  2271  69711  0  4942530264  2335  0  218646  218646  0  0  69875  1236  835  466114  1196  69875  0  69711  75114  11790  1504  71038342  929  2766  3168  3168  33.0175782538  
1439268599  0  231415  77098  0  0  0  2307  71058  0  5068510424  2335  0  223771  223771  0  0  71260  1236  859  471542  1204  71260  0  71058  77098  11937  1534  125980160  1984  3918  5125  5125  33.3159043277  
1439268609  0  234693  79144  0  0  0  2288  71104  0  5151823434  2335  0  227336  227336  0  0  71647  1236  874  476483  1189  71647  0  71104  79144  12061  1562  83313010  2046  3278  3565  3565  33.7223521792  
1439268619  0  237448  80657  0  0  0  2269  70434  0  5219205710  2335  0  230118  230118  0  0  71647  1236  883  480527  1179  71647  0  70434  80657  12160  1587  67382276  1513  2755  2782  2782  33.9682793706  
1439268629  0  242507  83839  0  0  0  2296  70585  0  5315770360  2335  0  234800  234800  0  0  71647  1236  909  488997  1200  71647  0  70585  83839  12369  1612  96564650  3182  5059  4682  4682  34.5717855567  
1439268640  0  245464  85354  0  0  0  2282  70163  0  5371095417  2335  0  237486  237486  0  0  71647  1236  924  493341  1199  71647  0  70163  85354  12475  1636  55325057  1515  2957  2686  2686  34.7725124662  
1439268650  0  249283  87400  0  0  0  2308  71103  0  5463093121  2335  0  241985  241985  0  0  71647  1236  950  498996  1216  71647  0  71103  87400  12585  1666  91997704  2046  3819  4499  4499  35.0605536679  
1439268660  0  252266  88627  0  0  0  2319  71408  0  5528206017  2335  0  244568  244568  0  0  71647  1236  958  502957  1217  71647  0  71408  88627  12669  1684  65112896  1227  2983  2583  2583  35.1323602864  
1439268670  0  256742  91510  0  0  0  2293  71347  0  5634766417  2335  0  249280  249280  0  0  71647  1236  984  510205  1203  71647  0  71347  91510  12853  1729  106560400  2883  4476  4712  4712  35.6427853643  
1439268680  0  260547  93778  0  0  0  2269  70553  0  5716339601  2335  0  253209  253209  0  0  71856  1236  996  515870  1194  71856  0  70553  93778  12990  1766  81573184  2268  3805  3929  3929  35.9927383543  
1439268690  0  264316  95595  0  0  0  2272  70722  0  5808959081  2335  0  257373  257373  0  0  71856  1236  1010  520484  1196  71856  0  70722  95595  13118  1797  92619480  1817  3769  4164  4164  36.1669365456  
1439268700  0  267680  97269  0  0  0  2278  70640  0  5882796518  2335  0  261219  261219  0  0  71856  1236  1028  525143  1203  71856  0  70640  97269  13225  1832  73837437  1674  3364  3846  3846  36.3377913927  
1439268710  0  270582  98711  0  0  0  2258  70006  0  5947234774  2335  0  263784  263784  0  0  71856  1236  1038  530776  1187  71856  0  70006  98711  13353  1860  64438256  1442  2902  2565  2565  36.4809928229  
1439268720  0  274861  100600  0  0  0  2251  70485  0  6030688843  2335  0  267691  267691  0  0  71856  1236  1047  536807  1187  71856  0  70485  100600  13487  1889  83454069  1889  4279  3907  3907  36.6003179789  
1439268730  0  277739  102321  0  0  0  2245  70409  0  6094128615  2335  0  270632  270632  0  0  71856  1236  1068  541769  1186  71856  0  70409  102321  13601  1911  63439772  1721  2878  2941  2941  36.8407029621  
1439268740  0  279670  103502  0  0  0  2227  69960  0  6153796329  2335  0  272752  272752  0  0  71856  1236  1075  545020  1166  71856  0  69960  103502  13696  1941  59667714  1181  1931  2120  2120  37.008617299  
1439268750  0  281823  104696  0  0  0  2246  70290  0  6220704025  2335  0  275634  275634  0  0  71856  1236  1089  549171  1178  71856  0  70290  104696  13787  1963  66907696  1194  2153  2882  2882  37.1495584108  
1439268760  0  284550  106246  0  0  0  2232  69698  0  6279297336  2335  0  278707  278707  0  0  71856  1236  1101  552978  1166  71856  0  69698  106246  13892  2000  58593311  1550  2727  3073  3073  37.3382533825  
1439268770  0  287569  107358  0  0  0  2272  70517  0  6353732461  2335  0  282047  282047  0  0  71856  1236  1118  557385  1188  71856  0  70517  107358  14005  2025  74435125  1112  3019  3340  3340  37.3329531347  
1439268780  0  291290  109253  0  0  0  2243  69683  0  6432424584  2335  0  284994  284994  0  0  71856  1236  1138  563827  1167  71856  0  69683  109253  14153  2060  78692123  1895  3721  2947  2947  37.5066085345  
1439268790  0  296005  111260  0  0  0  2266  69267  0  6529837090  2335  0  289189  289189  0  0  71856  1236  1156  569981  1185  71856  0  69267  111260  14282  2091  97412506  2007  4715  4195  4195  37.5872029189  
1439268800  0  298846  112853  0  0  0  2255  68755  0  6594484366  2335  0  291883  291883  0  0  71856  1236  1171  574613  1194  71856  0  68755  112853  14379  2112  64647276  1593  2841  2694  2694  37.7629280633  
1439268810  0  301315  113682  0  0  0  2260  68813  0  6647203290  2335  0  294115  294115  0  0  71856  1236  1189  579004  1199  71856  0  68813  113682  14453  2131  52718924  829  2469  2232  2232  37.7286228698  
1439268820  0  305019  115540  0  0  0  2264  69021  0  6714850465  2335  0  297265  297265  0  0  71856  1236  1200  584154  1212  71856  0  69021  115540  14567  2151  67647175  1858  3704  3150  3150  37.8796074999  
1439268830  0  308472  117137  0  0  0  2274  69788  0  6795542895  2335  0  301516  301516  0  0  71856  1236  1213  588696  1205  71856  0  69788  117137  14700  2180  80692430  1597  3453  4251  4251  37.9733006561  
1439268840  0  310825  118711  0  0  0  2243  68983  0  6860209764  2335  0  303944  303944  0  0  71856  1236  1226  592073  1190  71856  0  68983  118711  14787  2204  64666869  1574  2353  2428  2428  38.1922303547  
1439268850  0  315592  120351  0  0  0  2301  69647  0  6950226795  2335  0  308411  308411  0  0  71856  1242  1248  598447  1222  71856  0  69647  120351  14909  2240  90017031  1640  4767  4467  4467  38.1349970848  
1439268860  0  319612  122282  0  0  0  2268  69408  0  7047904090  2335  0  311974  311974  0  0  71856  1242  1261  604109  1203  71856  0  69408  122282  15029  2272  97677295  1931  4020  3563  3563  38.2595146615  
1439268870  0  322495  123760  0  0  0  2239  68726  0  7104060977  2335  0  314085  314085  0  0  71856  1242  1273  608572  1186  71856  0  68726  123760  15135  2293  56156887  1478  2883  2111  2111  38.3757887719  
1439268881  0  325956  125391  0  0  0  2242  69184  0  7184190349  2335  0  317572  317572  0  0  71856  1242  1292  613678  1194  71856  0  69184  125391  15238  2317  80129372  1631  3461  3487  3487  38.4686890255  
1439268891  0  329623  126997  0  0  0  2259  69828  0  7301272008  2335  0  322254  322254  0  0  71856  1242  1316  618171  1209  71856  0  69828  126997  15351  2348  117081659  1606  3667  4682  4682  38.5279546634  
1439268901  0  332150  128394  0  0  0  2277  70535  0  7392252290  2335  0  326006  326006  0  0  71856  1242  1328  623247  1211  71856  0  70535  128394  15474  2378  90980282  1397  2527  3752  3752  38.655426765  
1439268911  0  334937  130045  0  0  0  2247  69684  0  7468985758  2335  0  328406  328406  0  0  71856  1242  1337  627007  1197  71856  0  69684  130045  15558  2402  76733468  1651  2787  2400  2400  38.8267047236  
1439268921  0  338351  131098  0  0  0  2277  70508  0  7549441198  2335  0  331388  331388  0  0  71856  1242  1351  631200  1206  71856  0  70508  131098  15644  2422  80455440  1053  3414  2982  2982  38.7461541417  
1439268931  0  341127  132273  0  0  0  2274  70102  0  7614065054  2335  0  333646  333646  0  0  71856  1242  1366  635393  1203  71856  0  70102  132273  15733  2443  64623856  1175  2776  2258  2258  38.7752948315  
1439268941  0  345225  134569  0  0  0  2255  69929  0  7723502389  2335  0  337716  337716  0  0  71856  1242  1387  642487  1207  71856  0  69929  134569  15885  2473  109437335  2296  4098  4070  4070  38.9800854515  
1439268951  0  346679  135393  0  0  0  2264  70321  0  7774730107  2335  0  339987  339987  0  0  71856  1242  1398  644574  1207  71856  0  70321  135393  15930  2487  51227718  824  1454  2271  2271  39.0542836457  
1439268961  0  350114  137259  0  0  0  2291  71117  0  7873216670  2335  0  343774  343774  0  0  71856  1242  1422  648838  1212  71856  0  71117  137259  16029  2511  98486563  1866  3435  3787  3787  39.2040878114  
1439268971  0  351566  138691  0  0  0  2246  69605  0  7879505075  2335  0  343774  343774  0  0  71856  1242  1422  649104  1192  71856  0  69605  138691  16031  2512  6288405  1432  1452  0  0  39.4494917028  
1439268981  0  351603  138728  0  0  0  2245  69568  0  7879803119  2335  0  343774  343774  0  0  71856  1242  1422  649104  1192  71856  0  69568  138728  16031  2512  298044  37  37  0  0  39.4558635734  
1439268991  0  351603  138728  0  0  0  2245  69568  0  7879803119  2335  0  343774  343774  0  0  71856  1242  1422  649104  1192  71856  0  69568  138728  16031  2512  0  0  0  0  0  39.4558635734  
1439269001  0  351603  138728  0  0  0  2245  69568  0  7879803119  2335  0  343774  343774  0  0  71856  1242  1422  649104  1192  71856  0  69568  138728  16031  2512  0  0  0  0  0  39.4558635734  
1439269011  0  351603  138728  0  0  0  2245  69568  0  7879803119  2335  0  343774  343774  0  0  71856  1242  1422  649104  1192  71856  0  69568  138728  16031  2512  0  0  0  0  0  39.4558635734  
