#Type:X;CI:1;ww:0;ca:0;co:0;fr:0;Type:X;CI:1;PI:0;PT:EP;U0:0;U1:0;Type:X;CI:1;PI:1;PT:EP;U0:0;U1:0;
#time  Pp  gt  gs  cn  cm  cb  Nc  Pc  cp  Tc  Nm  pr  ps  pt  px  pd  Pm  Om  fs  ft  Oc  Em  Gp  Ec  Ge  ot  os  Total_cycles_diff  Successful_get_diff  Total_get_diff  succ_put_diff  total_put_diff  get_hit  
1439582568  0  0  0  0  0  0  0  0  0  1306762  0  0  0  0  0  0  0  0  0  21  0  0  0  0  0  46  0  1306762  0  0  0  0  
1439582578  0  0  0  0  0  0  0  0  0  1306762  0  0  0  0  0  0  0  0  0  21  0  0  0  0  0  46  0  0  0  0  0  0  0 
1439582588  0  303  236  0  0  0  180  2676  0  30474999  232  0  3392  3392  0  0  3392  350  0  82  186  3392  0  2676  236  7573  126  29168237  236  303  3392  3392  77.8877887789  
1439582598  0  541  334  0  0  0  176  2578  0  31354552  232  0  3392  3392  0  0  3392  350  0  82  184  3392  0  2578  334  7573  126  879553  98  238  0  0  61.7375231054  
1439582608  0  541  334  0  0  0  176  2578  0  31354552  232  0  3392  3392  0  0  3392  350  0  82  184  3392  0  2578  334  7573  126  0  0  0  0  0  61.7375231054  
1439582618  0  541  334  0  0  0  172  2781  0  68865156  232  0  3818  3818  0  0  3392  350  0  37648  165  3392  0  2781  334  7667  171  37510604  0  0  426  426  61.7375231054  
1439582628  0  541  334  0  0  0  155  2551  0  86977131  232  0  3821  3821  0  0  3392  350  0  55016  133  3392  0  2551  334  7755  205  18111975  0  0  3  3  61.7375231054  
1439582638  0  541  334  0  0  0  112  2613  0  119024583  232  0  4587  4587  0  0  3392  350  0  79090  77  3392  0  2613  334  8583  277  32047452  0  0  766  766  61.7375231054  
1439582648  0  584  338  0  0  0  108  2613  0  139077175  232  0  4623  4623  0  0  3392  350  0  105074  62  3392  0  2613  338  9775  291  20052592  4  43  36  36  57.8767123288  
1439582658  0  956  542  0  0  0  104  2409  0  142183339  232  0  4623  4623  0  0  3392  350  0  106921  58  3392  0  2409  542  9775  291  3106164  204  372  0  0  56.6945606695  
1439582668  0  14609  558  0  0  0  209  4121  0  199576543  232  0  6368  6368  0  0  4121  350  0  143627  155  4121  0  4121  558  11465  296  57393204  16  13653  1745  1745  3.81956328291  
1439582678  0  32863  558  0  0  0  369  6904  0  274773066  369  0  9151  9151  0  0  6904  350  0  158782  308  6904  0  6904  558  12266  296  75196523  0  18254  2783  2783  1.69795819006  
1439582688  0  52288  558  0  0  0  519  9480  0  313102897  519  0  11727  11727  0  0  9480  444  0  175244  444  9480  0  9480  558  12671  296  38329831  0  19425  2576  2576  1.06716646267  
1439582698  0  70845  558  0  0  0  927  18199  0  475357973  927  0  20446  20446  0  0  18199  824  0  184917  824  18199  0  18199  558  13498  296  162255076  0  18557  8719  8719  0.787634977768  
1439582708  0  84958  558  0  0  0  1554  32569  0  683292886  1554  0  34816  34816  0  0  32569  1389  0  184979  1389  32569  0  32569  558  13791  296  207934913  0  14113  14370  14370  0.656795122296  
1439582718  0  90194  558  0  0  0  0  0  0  772847326  1785  0  40302  40607  305  0  37824  1604  0  185009  0  37824  0  0  558  14124  296  89554440  0  5236  5486  5791  0.618666430139  
1439582728  0  90194  558  0  0  0  0  0  0  1023905283  1785  0  40302  62833  22529  0  37824  1604  0  185139  0  37824  0  0  558  14545  296  251057957  0  0  0  22226  0.618666430139  
1439582738  0  90194  558  0  0  0  0  0  0  1181295668  1785  0  40302  78377  38073  0  37824  1604  0  185271  0  37824  0  0  558  14825  296  157390385  0  0  0  15544  0.618666430139  
1439582748  0  90194  558  0  0  0  0  0  0  1259056381  1785  0  40302  86180  45876  0  37824  1604  0  185302  0  37824  0  0  558  15113  296  77760713  0  0  0  7803  0.618666430139  
1439582758  0  90194  558  0  0  0  0  0  0  1513346611  1785  0  40302  109621  69317  0  37824  1604  0  185404  0  37824  0  0  558  15983  296  254290230  0  0  0  23441  0.618666430139  
1439582768  0  90194  558  0  0  0  0  0  0  1820644689  1785  0  40302  138687  98383  0  37824  1604  0  185613  0  37824  0  0  558  16967  296  307298078  0  0  0  29066  0.618666430139  
1439582778  0  90194  558  0  0  0  0  0  0  2049586914  1785  0  40302  159208  118904  0  37824  1604  0  185755  0  37824  0  0  558  17640  296  228942225  0  0  0  20521  0.618666430139  
1439582788  0  90194  558  0  0  0  0  0  0  2196876171  1785  0  40302  172834  132530  0  37824  1604  0  185844  0  37824  0  0  558  18316  296  147289257  0  0  0  13626  0.618666430139  
1439582798  0  90194  558  0  0  0  0  0  0  2252944468  1785  0  40302  178780  138476  0  37824  1604  0  185897  0  37824  0  0  558  18586  296  56068297  0  0  0  5946  0.618666430139  
1439582808  0  90194  558  0  0  0  0  0  0  2381435744  1785  0  40302  190262  149958  0  37824  1604  0  186006  0  37824  0  0  558  18861  296  128491276  0  0  0  11482  0.618666430139  
1439582818  0  90194  558  0  0  0  0  0  0  2463243822  1785  0  40302  197810  157506  0  37824  1604  0  186050  0  37824  0  0  558  19140  296  81808078  0  0  0  7548  0.618666430139  
1439582828  0  90194  558  0  0  0  0  0  0  2653613235  1785  0  40302  215006  174701  0  37824  1604  0  186174  0  37824  0  0  558  19937  296  190369413  0  0  0  17196  0.618666430139  
1439582838  0  90194  558  0  0  0  0  0  0  2725143159  1785  0  40302  221661  181356  0  37824  1604  0  186219  0  37824  0  0  558  19937  296  71529924  0  0  0  6655  0.618666430139  
1439582848  0  90194  558  0  0  0  0  0  0  2850740105  1785  0  40302  233150  192845  0  37824  1604  0  186272  0  37824  0  0  558  20442  296  125596946  0  0  0  11489  0.618666430139  
1439582858  0  90194  558  0  0  0  0  0  0  3011685489  1785  0  40302  247619  207314  0  37824  1604  0  186344  0  37824  0  0  558  20708  296  160945384  0  0  0  14469  0.618666430139  
1439582868  0  90194  558  0  0  0  0  0  0  3129506982  1785  0  40302  260136  219831  0  37824  1604  0  186400  0  37824  0  0  558  21444  296  117821493  0  0  0  12517  0.618666430139  
1439582878  0  90194  558  0  0  0  0  0  0  3220667515  1785  0  40302  269520  229215  0  37824  1604  0  186508  0  37824  0  0  558  21697  296  91160533  0  0  0  9384  0.618666430139  
1439582888  0  90194  558  0  0  0  0  0  0  3302052201  1785  0  40302  277063  236758  0  37824  1604  0  186544  0  37824  0  0  558  21965  296  81384686  0  0  0  7543  0.618666430139  
1439582898  0  90194  558  0  0  0  0  0  0  3604700822  1785  0  40302  305668  265363  0  37824  1604  0  186710  0  37824  0  0  558  23414  296  302648621  0  0  0  28605  0.618666430139  
1439582908  0  90194  558  0  0  0  0  0  0  3850690159  1785  0  40302  327123  286818  0  37824  1604  0  186889  0  37824  0  0  558  24074  296  245989337  0  0  0  21455  0.618666430139  
1439582918  0  90194  558  0  0  0  0  0  0  4060630421  1785  0  40302  345473  305168  0  37824  1604  0  186976  0  37824  0  0  558  24787  296  209940262  0  0  0  18350  0.618666430139  
1439582928  0  90194  558  0  0  0  0  0  0  4262961421  1785  0  40302  363765  323460  0  37824  1604  0  187064  0  37824  0  0  558  25725  296  202331000  0  0  0  18292  0.618666430139  
1439582938  0  90194  558  0  0  0  0  0  0  4482704879  1785  0  40302  385044  344739  0  37824  1604  0  187171  0  37824  0  0  558  26407  296  219743458  0  0  0  21279  0.618666430139  
1439582948  0  90194  558  0  0  0  0  0  0  4618719362  1785  0  40302  397358  357053  0  37824  1604  0  187324  0  37824  0  0  558  26998  296  136014483  0  0  0  12314  0.618666430139  
1439582958  0  90194  558  0  0  0  0  0  0  4802027411  1785  0  40302  413693  373388  0  37824  1604  0  187397  0  37824  0  0  558  27700  296  183308049  0  0  0  16335  0.618666430139  
1439582968  0  90194  558  0  0  0  0  0  0  4866441895  1785  0  40302  420014  379709  0  37824  1604  0  187422  0  37824  0  0  558  27700  296  64414484  0  0  0  6321  0.618666430139  
1439582978  0  90194  558  0  0  0  0  0  0  4955736259  1785  0  40302  427812  387507  0  37824  1604  0  187476  0  37824  0  0  558  28035  296  89294364  0  0  0  7798  0.618666430139  
1439582988  0  90194  558  0  0  0  0  0  0  5187806009  1785  0  40302  449842  409536  0  37824  1604  0  187583  0  37824  0  0  558  28810  296  232069750  0  0  0  22030  0.618666430139  
1439582998  0  90194  558  0  0  0  0  0  0  5562796592  1785  0  40302  485253  444947  0  37824  1604  0  187816  0  37824  0  0  558  30471  296  374990583  0  0  0  35411  0.618666430139  
1439583008  0  90194  558  0  0  0  0  0  0  5786716824  1785  0  40302  505708  465402  0  37824  1604  0  187844  0  37824  0  0  558  30862  296  223920232  0  0  0  20455  0.618666430139  
1439583018  0  90194  558  0  0  0  0  0  0  5948347120  1785  0  40302  519929  479623  0  37824  1604  0  188048  0  37824  0  0  558  31533  296  161630296  0  0  0  14221  0.618666430139  
1439583028  0  90194  558  0  0  0  0  0  0  6034804566  1785  0  40302  527713  487406  0  37824  1604  0  188089  0  37824  0  0  558  31851  296  86457446  0  0  0  7784  0.618666430139  
1439583038  0  90194  558  0  0  0  0  0  0  6322485169  1785  0  40302  555948  515641  0  37824  1604  0  188286  0  37824  0  0  558  32678  296  287680603  0  0  0  28235  0.618666430139  
1439583048  0  90194  558  0  0  0  0  0  0  6513669153  1785  0  40302  573027  532720  0  37824  1604  0  188404  0  37824  0  0  558  33659  296  191183984  0  0  0  17079  0.618666430139  
1439583058  0  90194  558  0  0  0  0  0  0  6752180255  1785  0  40306  596113  555802  0  37824  1604  0  188525  0  37824  0  0  558  34216  296  238511102  0  0  4  23086  0.618666430139  
1439583068  0  90194  558  0  0  0  0  0  0  6864674221  1785  0  40306  605994  565683  0  37824  1604  0  188572  0  37824  0  0  558  34794  296  112493966  0  0  0  9881  0.618666430139  
1439583078  0  90194  558  0  0  0  0  0  0  6930268249  1785  0  40306  611865  571554  0  37824  1604  0  188605  0  37824  0  0  558  34794  296  65594028  0  0  0  5871  0.618666430139  
1439583088  0  90194  558  0  0  0  0  0  0  7218152202  1785  0  40306  637878  597567  0  37824  1604  0  188739  0  37824  0  0  558  35729  296  287883953  0  0  0  26013  0.618666430139  
1439583098  0  90194  558  0  0  0  0  0  0  7482265288  1785  0  40306  662283  621972  0  37824  1604  0  188887  0  37824  0  0  558  36826  296  264113086  0  0  0  24405  0.618666430139  
1439583108  0  90194  558  0  0  0  0  0  0  7736518270  1785  0  40306  685076  644764  0  37824  1604  0  188948  0  37824  0  0  558  37840  296  254252982  0  0  0  22793  0.618666430139  
1439583118  0  90194  558  0  0  0  0  0  0  7849925492  1785  0  40306  694713  654401  0  37824  1604  0  189173  0  37824  0  0  558  38132  296  113407222  0  0  0  9637  0.618666430139  
1439583128  0  90194  558  0  0  0  0  0  0  7992901912  1785  0  40306  707324  667012  0  37824  1604  0  189246  0  37824  0  0  558  38390  296  142976420  0  0  0  12611  0.618666430139  
1439583138  0  90194  558  0  0  0  0  0  0  8361373639  1785  0  40306  740524  700212  0  37824  1604  0  189404  0  37824  0  0  558  39681  296  368471727  0  0  0  33200  0.618666430139  
1439583148  0  90194  558  0  0  0  0  0  0  8467030028  1785  0  40306  749781  709469  0  37824  1604  0  189430  0  37824  0  0  558  40013  296  105656389  0  0  0  9257  0.618666430139  
1439583158  0  90194  558  0  0  0  0  0  0  8648734255  1785  0  40306  765867  725555  0  37824  1604  0  189540  0  37824  0  0  558  40575  296  181704227  0  0  0  16086  0.618666430139  
1439583169  0  90194  558  0  0  0  0  0  0  8827787009  1785  0  40306  782293  741981  0  37824  1604  0  189657  0  37824  0  0  558  41077  296  179052754  0  0  0  16426  0.618666430139  
1439583179  0  90194  558  0  0  0  0  0  0  8904424042  1785  0  40306  789612  749300  0  37824  1604  0  189698  0  37824  0  0  558  41446  296  76637033  0  0  0  7319  0.618666430139  
1439583189  0  90194  558  0  0  0  0  0  0  9228584860  1785  0  40306  818856  778544  0  37824  1604  0  189901  0  37824  0  0  558  42596  296  324160818  0  0  0  29244  0.618666430139  
1439583199  0  90194  558  0  0  0  0  0  0  9521638471  1785  0  40306  844355  804042  0  37824  1604  0  190052  0  37824  0  0  558  43504  296  293053611  0  0  0  25499  0.618666430139  
1439583209  0  90194  558  0  0  0  0  0  0  9645593482  1785  0  40306  855306  814993  0  37824  1604  0  190111  0  37824  0  0  558  44190  296  123955011  0  0  0  10951  0.618666430139  
1439583219  0  90194  558  0  0  0  0  0  0  9727574473  1785  0  40306  862422  822109  0  37824  1604  0  190141  0  37824  0  0  558  44190  296  81980991  0  0  0  7116  0.618666430139  
1439583229  0  90194  558  0  0  0  0  0  0  9953406880  1785  0  40306  882137  841824  0  37824  1604  0  190328  0  37824  0  0  558  44922  296  225832407  0  0  0  19715  0.618666430139  
1439583239  0  90194  558  0  0  0  0  0  0  10136376149  1785  0  40306  899133  858820  0  37824  1604  0  190388  0  37824  0  0  558  45554  296  182969269  0  0  0  16996  0.618666430139  
1439583249  0  90194  558  0  0  0  0  0  0  10424672405  1785  0  40306  926731  886418  0  37824  1604  0  190570  0  37824  0  0  558  46727  296  288296256  0  0  0  27598  0.618666430139  
1439583259  0  90194  558  0  0  0  0  0  0  10670270009  1785  0  40306  948812  908498  0  37824  1604  0  190754  0  37824  0  0  558  47415  296  245597604  0  0  0  22081  0.618666430139  
1439583269  0  90194  558  0  0  0  0  0  0  10831842955  1785  0  40306  962955  922641  0  37824  1604  0  190823  0  37824  0  0  558  48028  296  161572946  0  0  0  14143  0.618666430139  
1439583279  0  90194  558  0  0  0  0  0  0  10965748654  1785  0  40306  976311  935997  0  37824  1604  0  190894  0  37824  0  0  558  48611  296  133905699  0  0  0  13356  0.618666430139  
1439583289  0  90194  558  0  0  0  0  0  0  11226171009  1785  0  40306  999240  958926  0  37824  1604  0  191058  0  37824  0  0  558  49371  296  260422355  0  0  0  22929  0.618666430139  
1439583299  0  90194  558  0  0  0  0  0  0  11470016868  1785  0  40306  1021659  981345  0  37824  1604  0  191176  0  37824  0  0  558  50072  296  243845859  0  0  0  22419  0.618666430139  
1439583309  0  90194  558  0  0  0  0  0  0  11713626297  1785  0  40306  1043716  1003402  0  37824  1604  0  191274  0  37824  0  0  558  50893  296  243609429  0  0  0  22057  0.618666430139  
1439583319  0  90194  558  0  0  0  0  0  0  11964560175  1785  0  40306  1066527  1026213  0  37824  1604  0  191357  0  37824  0  0  558  51795  296  250933878  0  0  0  22811  0.618666430139  
1439583329  0  90194  558  0  0  0  0  0  0  12118834458  1785  0  40306  1080860  1040546  0  37824  1604  0  191538  0  37824  0  0  558  52443  296  154274283  0  0  0  14333  0.618666430139  
1439583339  0  90194  558  0  0  0  0  0  0  12262971045  1785  0  40306  1093962  1053647  0  37824  1604  0  191601  0  37824  0  0  558  52712  296  144136587  0  0  0  13102  0.618666430139  
1439583349  0  90194  558  0  0  0  0  0  0  12460964091  1785  0  40306  1111763  1071448  0  37824  1604  0  191692  0  37824  0  0  558  53418  296  197993046  0  0  0  17801  0.618666430139  
1439583359  0  90194  558  0  0  0  0  0  0  12569833569  1785  0  40306  1121972  1081657  0  37824  1604  0  191780  0  37824  0  0  558  53803  296  108869478  0  0  0  10209  0.618666430139  
1439583369  0  90194  558  0  0  0  0  0  0  12640312696  1785  0  40306  1128740  1088425  0  37824  1604  0  191839  0  37824  0  0  558  54124  296  70479127  0  0  0  6768  0.618666430139  
1439583379  0  90194  558  0  0  0  0  0  0  12843460084  1785  0  40306  1146417  1106102  0  37824  1604  0  191930  0  37824  0  0  558  54714  296  203147388  0  0  0  17677  0.618666430139  
1439583389  0  90194  558  0  0  0  0  0  0  13291436208  1785  0  40306  1186699  1146383  0  37824  1604  0  192072  0  37824  0  0  558  56186  296  447976124  0  0  0  40282  0.618666430139  
1439583399  0  90194  558  0  0  0  0  0  0  13527464703  1785  0  40306  1208746  1168430  0  37824  1604  0  192300  0  37824  0  0  558  57003  296  236028495  0  0  0  22047  0.618666430139  
1439583409  0  90194  558  0  0  0  0  0  0  13682133938  1785  0  40306  1222867  1182551  0  37824  1604  0  192397  0  37824  0  0  558  57171  296  154669235  0  0  0  14121  0.618666430139  
1439583419  0  90194  558  0  0  0  0  0  0  13798503572  1785  0  40306  1233679  1193363  0  37824  1604  0  192488  0  37824  0  0  558  57844  296  116369634  0  0  0  10812  0.618666430139  
1439583429  0  90194  558  0  0  0  0  0  0  13852015617  1785  0  40306  1238472  1198156  0  37824  1604  0  192536  0  37824  0  0  558  57844  296  53512045  0  0  0  4793  0.618666430139  
1439583439  0  90194  558  0  0  0  0  0  0  13965282053  1785  0  40306  1248699  1208383  0  37824  1604  0  192617  0  37824  0  0  558  58506  296  113266436  0  0  0  10227  0.618666430139  
1439583449  0  90194  558  0  0  0  0  0  0  14193195250  1785  0  40306  1269425  1229109  0  37824  1604  0  192707  0  37824  0  0  558  59036  296  227913197  0  0  0  20726  0.618666430139  
1439583459  0  90194  558  0  0  0  0  0  0  14402616746  1785  0  40306  1287576  1247260  0  37824  1604  0  192775  0  37824  0  0  558  59690  296  209421496  0  0  0  18151  0.618666430139  
1439583469  0  90194  558  0  0  0  0  0  0  14541460838  1785  0  40306  1300093  1259777  0  37824  1604  0  192889  0  37824  0  0  558  60301  296  138844092  0  0  0  12517  0.618666430139  
1439583479  0  90194  558  0  0  0  0  0  0  14632756952  1785  0  40306  1308349  1268033  0  37824  1604  0  192921  0  37824  0  0  558  60603  296  91296114  0  0  0  8256  0.618666430139  
1439583489  0  90194  558  0  0  0  0  0  0  14850413553  1785  0  40306  1328095  1287779  0  37824  1604  0  193037  0  37824  0  0  558  61088  296  217656601  0  0  0  19746  0.618666430139  
1439583499  0  90194  558  0  0  0  0  0  0  15143212619  1785  0  40306  1355457  1315141  0  37824  1604  0  193185  0  37824  0  0  558  62292  296  292799066  0  0  0  27362  0.618666430139  
1439583509  0  90194  558  0  0  0  0  0  0  15349573074  1785  0  40306  1373523  1333207  0  37824  1604  0  193277  0  37824  0  0  558  62916  296  206360455  0  0  0  18066  0.618666430139  
1439583519  0  90194  558  0  0  0  0  0  0  15481711286  1785  0  40306  1385603  1345287  0  37824  1604  0  193350  0  37824  0  0  558  63525  296  132138212  0  0  0  12080  0.618666430139  
1439583529  0  90194  558  0  0  0  0  0  0  15693576202  1785  0  40306  1404024  1363707  0  37824  1604  0  193458  0  37824  0  0  558  64078  296  211864916  0  0  0  18421  0.618666430139  
1439583539  0  90194  558  0  0  0  0  0  0  15896534467  1785  0  40306  1422561  1382244  0  37824  1604  0  193667  0  37824  0  0  558  64691  296  202958265  0  0  0  18537  0.618666430139  
1439583549  0  90194  558  0  0  0  0  0  0  16151723166  1785  0  40306  1446444  1406127  0  37824  1604  0  193761  0  37824  0  0  558  65383  296  255188699  0  0  0  23883  0.618666430139  
1439583559  0  90194  558  0  0  0  0  0  0  16377767733  1785  0  40306  1466886  1426568  0  37824  1604  0  193846  0  37824  0  0  558  66275  296  226044567  0  0  0  20442  0.618666430139  
1439583569  0  90194  558  0  0  0  0  0  0  16397579573  1785  0  40306  1468710  1428392  0  37824  1604  0  194218  0  37824  0  0  558  66277  296  19811840  0  0  0  1824  0.618666430139  
1439583579  0  90194  558  0  0  0  0  0  0  16397579573  1785  0  40306  1468710  1428392  0  37824  1604  0  194218  0  37824  0  0  558  66277  296  0  0  0  0  0  0.618666430139  
