#type:G;
#time  Rt  Nm  Tt  Nc  Rx  Gz  Pc  Pf  Ra  Te  Pm  Fp  Fc  Ta  Fm  Om  Lm  Oc  Sm  Sc  Em  Af  Ea  Cf  Ec  Gd  Zt  Et  Ep  dedup_put_diff  total_eph_put_diff  dedup_factor  dedup_curr  compression_saving  tze_saving  
1438562019  0  0  2578  0  0  0  0  0  0  2505  0  0  0  0  0  0  0  0  0  0  0  0  0  0  0  0  0  0  0  0  0  0 0 0 0 
1438562029  0  0  2587  0  0  0  0  0  0  2505  0  0  0  0  0  0  0  0  0  0  0  0  0  0  0  0  0  0  0  0  0  0 0 0 0 
1438562039  0  721  136706  721  0  97134832  28227  0  0  80631  28227  0  22117  0  22117  275  0  275  24961  24961  28227  5  0  0  28227  3266  0  0  28227  3266  28227  11.5704821625  11.5704821625  4.99355557169  100.0  
1438562049  0  2308  317482  2284  0  341421730  105026  0  0  80631  105218  0  82891  149  83245  275  0  30  84726  83697  105218  5  7589  0  105026  23725  0  7589  118814  20459  90587  19.9681855674  20.3083046103  0.408718889827  100.0  
1438562059  0  2517  854240  2472  0  340015742  100554  0  0  80631  105218  0  82438  253  83342  275  0  174  84726  83387  105218  5  38626  0  100554  98911  0  38628  387339  75186  268525  25.5360291631  17.0724187998  0.450123206592  100.0  
1438562069  0  2517  1358570  2334  0  339426918  96817  0  0  80631  105218  0  82866  176  83342  275  0  3  84726  82872  105218  5  66119  0  96817  167783  0  66121  640905  68872  253566  26.1790749019  14.4034622019  0.00494750658395  100.0  
1438562079  0  2517  1906553  2275  0  341180216  95062  0  0  80631  105218  0  83136  87  83342  275  0  5  84726  83393  105218  5  92003  0  95062  243746  0  92007  916505  75963  275600  26.595163147  12.2751467463  0.116375269057  100.0  
1438562089  0  2517  2512530  2187  0  340868067  94131  0  0  80631  105218  0  83218  198  83415  275  0  3  84726  83220  105218  5  117849  0  94131  328243  0  117854  1221280  84497  304775  26.8769651513  11.5912929853  0.000308916219804  100.0  
1438562099  0  2517  3043549  2254  0  342414424  94876  0  0  80631  105218  0  83598  1  83599  275  0  2  84726  83598  105218  5  139599  0  94876  403135  0  139608  1488426  74892  267146  27.0846518403  11.8870947342  0.000871451021556  100.0  
1438562109  0  2517  3564488  2249  0  343454047  95434  0  0  80631  105218  0  83596  147  83742  275  0  6  84726  84002  105218  5  159403  0  95434  477280  0  159414  1750362  74145  261936  27.2675023795  11.9789592808  0.179655611343  100.0  
1438562119  0  2517  4066467  2250  0  343083119  94960  0  0  80631  105218  0  83759  42  83801  275  0  2  84726  83760  105218  5  182350  0  94960  548568  0  182364  2002931  71288  252569  27.3882625013  11.7944397641  -0.00062929752791  100.0  
1438562129  0  2517  4628575  2279  0  342660184  95349  0  0  80631  105218  0  83656  217  83872  275  0  2  84726  83656  105218  5  207188  0  95349  628884  0  207202  2285539  80316  282608  27.5157851168  12.2633693064  -0.00151989621187  100.0  
1438562139  0  2517  5139349  2257  0  344273821  95787  0  0  80631  105218  0  83877  0  83941  275  0  5  84726  84152  105218  5  229873  0  95787  702683  0  229887  2542492  73799  256953  27.6375697544  12.146742251  0.119752554808  100.0  
1438562149  0  2517  5636347  2266  0  343694211  95493  0  0  80631  105218  0  83908  1  83941  275  0  2  84726  83909  105218  5  251384  0  95493  773262  0  251400  2792677  70579  250185  27.6889164053  12.1307320955  -0.000857455602943  100.0  
1438562159  0  2517  6225973  2291  0  342674307  95923  0  0  80631  105218  0  83659  306  83964  275  0  2  84726  83660  105218  5  274853  0  95923  857228  0  274870  3088988  83966  296311  27.7510951807  12.784212337  -0.000860007676162  100.0  
1438562169  0  2517  6767641  2265  0  342701946  95778  0  0  80631  105218  0  83423  313  83984  275  0  6  84726  83819  105218  5  297560  0  95778  931975  0  297579  3361407  74747  272419  27.7257410364  12.4861659254  0.180785639108  100.0  
1438562179  0  2517  7305628  2272  0  343391107  94581  0  0  80631  105218  0  83835  140  83984  275  0  2  84726  83836  105218  5  322366  0  94581  1008159  0  322387  3632085  76184  270678  27.7570321179  11.3606326852  0.000334602769847  100.0  
1438562189  0  2517  7830890  2220  0  344107907  94769  0  0  80631  105218  0  84010  1  84011  275  0  2  84726  84011  105218  5  344735  0  94769  1083939  0  344759  3896259  75780  264174  27.8199934861  11.3518133567  0.00033390577201  100.0  
1438562199  0  2517  8421390  2230  0  343197233  95512  0  0  80631  105218  0  83632  248  84030  275  0  4  84726  83873  105218  5  368738  0  95512  1167959  0  368764  4193215  84020  296956  27.8535443568  12.185903342  0.100882330559  100.0  
1438562209  0  2517  8957675  2277  0  342689644  95833  0  0  80631  105218  0  83664  249  84030  275  0  2  84726  83664  105218  5  389842  0  95833  1243990  0  389870  4462795  76031  269580  27.8746839145  12.6981311239  -0.000554440604672  100.0  
1438562219  0  2517  9504661  2275  0  343952259  96494  0  0  80631  105218  0  83972  1  84030  275  0  2  84726  83973  105218  5  411794  0  96494  1321934  0  411824  4738096  77944  275301  27.9001100864  12.9759363276  0.000334056873197  100.0  
1438562229  0  2517  10110259  2263  0  343558305  95609  0  0  80631  105218  0  83726  129  84030  275  0  6  84726  83964  105218  5  436134  0  95609  1408254  0  436169  5042439  86320  304343  27.9280324462  12.1798157077  0.104164514982  100.0  
1438562239  0  2517  10648396  2249  0  343283912  95957  0  0  80631  105218  0  83805  127  84030  275  0  3  84726  83812  105218  5  458304  0  95957  1484815  0  458342  5313038  76561  270599  27.946628652  12.6567108184  0.00292460730563  100.0  
1438562249  0  2517  11201922  2255  0  343570284  96031  0  0  80631  105218  0  83881  90  84030  275  0  2  84726  83881  105218  5  478748  0  96031  1564058  0  478787  5591494  79243  278456  27.9720947568  12.6521644052  0.00183132391424  100.0  
1438562259  0  2517  11737968  2262  0  343147525  95216  0  0  80631  105218  0  83707  264  84030  275  0  5  84726  83817  105218  5  499890  0  95216  1641741  0  499932  5861063  77683  269569  28.0109768484  11.9717274408  0.0486163657693  100.0  
1438562269  0  2517  12353463  2234  0  344056084  94769  0  0  80631  105218  0  83995  1  84030  275  0  4  84726  84000  105218  5  525369  0  94769  1729190  0  525413  6170673  87449  309610  28.0227132438  11.3634205278  0.00230073474702  100.0  
1438562279  0  2517  12873234  2252  0  344185731  95421  0  0  80631  105218  0  84030  1  84031  275  0  2  84726  84031  105218  5  548348  0  95421  1804027  0  548395  6432124  74837  261451  28.0471427479  11.9365758062  0.00152386331012  100.0  
1438562289  0  2517  13394081  2269  0  344164520  95955  0  0  80631  105218  0  83865  1  84043  275  0  4  84726  84113  105218  5  570506  0  95955  1878361  0  570554  6694341  74334  262217  28.0589381389  12.3412016049  0.105166840292  100.0  
1438562299  0  2517  13955773  2220  0  343143219  94554  0  0  80631  105218  0  83775  188  84043  275  0  3  84726  83776  105218  5  595425  0  94554  1960725  0  595476  6976838  82364  282497  28.1033471037  11.3987774182  0.000954985709656  100.0  
1438562309  0  2517  14469279  2286  0  344086380  96521  0  0  80631  105218  0  84006  1  84043  275  0  2  84726  84006  105218  5  615896  0  96521  2033401  0  615952  7235056  72676  258218  28.1048412065  12.9660902809  0.000638207761949  100.0  
1438562319  0  2517  15021488  2287  0  344119148  95232  0  0  80631  105218  0  84014  23  84043  275  0  2  84726  84014  105218  5  639278  0  95232  2111814  0  639335  7512819  78413  277763  28.1094752848  11.7796538978  0.000638146990384  100.0  
1438562329  0  2517  15551711  2239  0  343578631  95736  0  0  80631  105218  0  83766  109  84043  275  0  5  84726  83957  105218  5  661220  0  95736  2188663  0  661279  7779417  76849  266598  28.1340234108  12.3036266399  0.0899249508863  100.0  
1438562339  0  2517  16152361  2241  0  343482518  95917  0  0  80631  105218  0  83858  163  84043  275  0  2  84726  83858  105218  5  685519  0  95917  2274962  0  685580  8081512  86299  302095  28.1502025859  12.5723281587  -4.36703638806e-05  100.0  
1438562349  0  2517  16670185  2286  0  344031755  95552  0  0  80631  105218  0  83909  1  84043  275  0  4  84726  84048  105218  5  708596  0  95552  2348491  0  708660  8342044  73529  260532  28.1524647916  12.0395177495  0.0664766733927  100.0  
1438562359  0  2517  17180837  2294  0  344070774  96072  0  0  80631  105218  0  83840  1  84043  275  0  5  84726  84084  105218  5  728986  0  96072  2420756  0  729054  8598870  72265  256826  28.1520246265  12.478141394  0.0979332469985  100.0  
1438562369  0  2517  17782648  2266  0  343151789  95664  0  0  80631  105218  0  83777  149  84043  275  0  2  84726  83778  105218  5  754477  0  95664  2504118  0  754548  8901394  83362  302524  28.1317510493  12.424736578  0.000844808508049  100.0  
1438562379  0  2517  18330143  2287  0  343983277  96818  0  0  80631  105218  0  83980  2  84043  275  0  2  84726  83981  105218  5  775097  0  96818  2582780  0  775170  9176860  78662  275466  28.1444851507  13.2588981388  0.000842766425591  100.0  
1438562389  0  2517  18870318  2274  0  343897019  95387  0  0  80631  105218  0  83828  1  84043  275  0  5  84726  84043  105218  5  797781  0  95387  2659585  0  797857  9448413  76805  271553  28.1484837718  11.8926059107  0.0996714130899  100.0  
1438562399  0  2517  19405498  2234  0  343430317  95326  0  0  80631  105218  0  83845  162  84043  275  0  2  84726  83846  105218  5  817931  0  95326  2735795  0  818007  9717590  76210  269177  28.1530194215  12.0428844177  0.000844123359345  100.0  
1438562409  0  2517  19979335  2268  0  343877029  95726  0  0  80631  105218  0  83908  1  84043  275  0  4  84726  83968  105218  5  842490  0  95726  2818055  0  842567  10006188  82260  288598  28.1631226597  12.2829743225  0.0162528782356  100.0  
1438562419  0  2517  20507481  2206  0  344210751  94682  0  0  80631  105218  0  83845  1  84043  275  0  5  84726  84139  105218  5  864483  0  94682  2893157  0  864560  10271726  75102  265538  28.1662205553  11.1351682474  0.122621042728  100.0  
1438562429  0  2517  21044998  2272  0  343834774  95656  0  0  80631  105218  0  83939  2  84043  275  0  2  84726  83939  105218  5  885037  0  95656  2970860  0  885122  10542067  77703  270341  28.1810009365  12.2491009451  -0.00600033487861  100.0  
1438562439  0  2517  21651734  2236  0  344060054  95235  0  0  80631  105218  0  83994  1  84043  275  0  2  84726  83994  105218  5  909813  0  95235  3057424  0  909901  10847138  86564  305071  28.1864580316  11.8034336116  -0.00599640580725  100.0  
1438562449  0  2517  22181029  2256  0  343788058  95623  0  0  80631  105218  0  83750  122  84043  275  0  5  84726  84030  105218  5  932374  0  95623  3133535  0  932464  11113076  76111  265938  28.1968286728  12.1236522594  0.115873678857  100.0  
1438562459  0  2517  22693739  2232  0  343822486  95004  0  0  80631  105218  0  83935  41  84043  275  0  2  84726  83935  105218  5  954793  0  95004  3206940  0  954885  11370829  73405  257753  28.203220715  11.6510883752  -0.00719201893578  100.0  
1438562469  0  2517  23237395  2236  0  344131482  96036  0  0  80631  105218  0  83854  34  84043  275  0  4  84726  84096  105218  5  974241  0  96036  3284534  0  974335  11644284  77594  273455  28.2072646115  12.4328376859  0.0945644291569  100.0  
1438562479  0  2517  23820990  2247  0  343910739  94590  0  0  80631  105218  0  83784  83  84043  275  0  5  84726  84062  105218  5  998854  0  94590  3367159  0  998949  11937718  82625  293434  28.2060524465  11.1301406068  0.118266560786  100.0  
1438562489  0  2517  24340128  2245  0  343817677  95004  0  0  80631  105218  0  83935  17  84043  275  0  2  84726  83936  105218  5  1021505  0  95004  3441841  0  1021602  12198791  74682  261073  28.2146074968  11.650035788  -0.00460177853141  100.0  
1438562499  0  2517  24888302  2228  0  343767478  95001  0  0  80631  105218  0  83923  80  84043  275  0  2  84726  83923  105218  5  1040457  0  95001  3519385  0  1040555  12474278  77544  275487  28.2131358625  11.6609298849  -0.00548947677483  100.0  
1438562509  0  2517  25461399  2290  0  344050091  95016  0  0  80631  105218  0  83832  28  84043  275  0  5  84726  84090  105218  5  1065698  0  95016  3601177  0  1065802  12762394  81792  288116  28.2170962595  11.4991159384  0.111066419257  100.0  
1438562519  0  2517  25992119  2273  0  343652790  95358  0  0  80631  105218  0  83896  84  84043  275  0  2  84726  83896  105218  5  1088000  0  95358  3677010  0  1088107  13029097  75833  266703  28.2215260198  12.0199668617  -0.00429929149632  100.0  
1438562529  0  2517  26515459  2254  0  343549477  95725  0  0  80631  105218  0  83799  111  84043  275  0  4  84726  83909  105218  5  1109740  0  95725  3753997  0  1109851  13292268  76987  263171  28.2419599123  12.3436928702  0.0412541763063  100.0  
1438562539  0  2517  27029304  2208  0  343175728  94544  0  0  80631  105218  0  83639  272  84043  275  0  5  84726  83853  105218  5  1131728  0  94544  3827188  0  1131842  13550620  73191  258352  28.2436375605  11.3079624302  0.0833163765757  100.0  
1438562549  0  2517  27615095  2226  0  343500048  95176  0  0  80631  105218  0  83854  103  84043  275  0  3  84726  83857  105218  5  1153180  0  95176  3911183  0  1153294  13845081  83995  294461  28.2496216526  11.892704043  -0.00633984789582  100.0  
1438562559  0  2517  28166409  2194  0  344119734  95133  0  0  80631  105218  0  84007  2  84043  275  0  2  84726  84007  105218  5  1175760  0  95133  3991632  0  1175876  14122400  80449  277319  28.2645442701  11.6952056594  -0.00786474174028  100.0  
1438562569  0  2517  28700195  2259  0  342584604  95294  0  0  80631  105218  0  83557  423  84043  275  0  4  84726  83684  105218  5  1197800  0  95294  4067994  0  1197918  14390687  76362  268287  28.2682404252  12.1833483745  0.053989608602  100.0  
1438562579  0  2517  29283288  2243  0  343634241  94597  0  0  80631  105218  0  83888  88  84043  275  0  3  84726  83890  105218  5  1222246  0  94597  4149930  0  1222367  14683882  81936  293195  28.2618043376  11.3185407571  -0.0060536048881  100.0  
1438562589  0  2517  29804111  2315  0  343759220  96019  0  0  80631  105218  0  83808  71  84043  275  0  3  84726  83969  105218  5  1243175  0  96019  4225175  0  1243298  14945709  75245  261827  28.2701543299  12.5495995584  0.0516966734003  100.0  
1438562599  0  2517  30340427  2290  0  343837518  94889  0  0  80631  105218  0  83935  1  84043  275  0  4  84726  83939  105218  5  1266289  0  94889  4300279  0  1266413  15215459  75104  269750  28.2625650662  11.5397991337  -0.00679844049696  100.0  
1438562609  0  2517  30922066  2227  0  343632231  94396  0  0  80631  105218  0  83886  49  84043  275  0  3  84726  83888  105218  5  1290192  0  94396  4383234  0  1290320  15507727  82955  292268  28.2648385544  11.1318276198  -0.00785290683336  100.0  
1438562619  0  2517  31449483  2238  0  343988662  95160  0  0  80631  105218  0  83974  1  84043  275  0  2  84726  83974  105218  5  1312574  0  95160  4458118  0  1312706  15773001  74884  265274  28.2642345613  11.75493905  -0.00905867720218  100.0  
1438562630  0  2517  31967072  2300  0  342981046  95686  0  0  80631  105218  0  83728  286  84043  275  0  2  84726  83728  105218  5  1335214  0  95686  4531205  0  1335347  16033152  73087  260151  28.261473477  12.4971260163  -0.00908529236785  100.0  
1438562640  0  2517  32506207  2254  0  343896926  95617  0  0  80631  105218  0  83894  15  84043  275  0  5  84726  83973  105218  5  1356570  0  95617  4608186  0  1356704  16304347  76981  271195  28.263542232  12.1777508184  0.0164214101929  100.0  
