#Type:X;CI:1;ww:0;ca:0;co:0;fr:0;Type:X;CI:1;PI:0;PT:EP;U0:0;U1:0;
#time  Pp  gt  gs  cn  cm  cb  Nc  Pc  cp  Tc  Nm  pr  ps  pt  px  pd  Pm  Om  fs  ft  Oc  Em  Gp  Ec  Ge  ot  os  Total_cycles_diff  Successful_get_diff  Total_get_diff  succ_put_diff  total_put_diff  get_hit  
1438893552  0  0  0  0  0  0  0  0  0  2097659  0  0  0  0  0  0  0  0  0  21  0  0  0  0  0  46  0  2097659  0  0  0  0  
1438893562  0  0  0  0  0  0  0  0  0  2102433  0  0  0  0  0  0  0  0  0  21  0  0  0  0  0  46  0  4774  0  0  0  0  0 
1438893572  0  0  0  0  0  0  0  0  0  21690925  0  0  0  0  0  0  0  0  0  21  0  0  0  0  0  46  0  19588492  0  0  0  0  0 
1438893582  0  7008  0  0  0  0  299  7152  0  134423027  299  0  7152  7152  0  0  7152  272  0  57  272  7152  0  7152  0  46  0  112732102  0  7008  7152  7152  0.0  
1438893592  0  46560  0  0  0  0  618  34615  0  526548276  871  0  46467  46467  0  0  40534  272  0  57  2  40534  0  34615  0  46  0  392125249  0  39552  39315  39315  0.0  
1438893602  0  90560  0  0  0  0  804  42869  0  983576787  871  0  90700  90700  0  0  44233  272  0  57  2  44233  0  42869  0  46  0  457028511  0  44000  44233  44233  0.0  
1438893613  0  142835  4809  0  0  0  911  42064  0  1537195433  983  0  141740  141740  0  0  46374  272  0  57  3  46374  0  42064  4809  46  0  553618646  4809  52275  51040  51040  3.36682185739  
1438893623  0  175609  11496  0  0  0  687  30672  0  1894283128  983  0  173688  173688  0  0  46374  272  0  57  2  46374  0  30672  11496  46  0  357087695  6687  32774  31948  31948  6.54636151906  
1438893633  0  218739  23414  0  0  0  927  36190  0  2412489351  983  0  216826  216826  0  0  46374  272  0  57  4  46374  0  36190  23414  46  0  518206223  11918  43130  43138  43138  10.7040811195  
1438893643  0  279138  39843  0  0  0  1308  50150  0  3124636368  1312  0  276897  276897  0  0  50374  272  0  57  3  50374  0  50150  39843  46  0  712147017  16429  60399  60071  60071  14.2735851084  
1438893653  0  317360  52587  0  0  0  1072  35741  0  3592257169  1320  0  315099  315099  0  0  50519  272  0  66  179  50519  0  35741  52587  46  0  467620801  12744  38222  38202  38202  16.5701411646  
1438893663  0  360698  65643  0  0  0  1088  37569  0  4122133825  1320  0  358310  358310  0  0  50519  272  0  66  90  50519  0  37569  65643  46  0  529876656  13056  43338  43211  43211  18.1988810584  
1438893673  0  401010  77375  0  0  0  1039  36909  0  4620670726  1320  0  398743  398743  0  0  50519  272  0  66  2  50519  0  36909  77375  46  0  498536901  11732  40312  40433  40433  19.2950300491  
1438893683  0  435550  88743  0  0  0  1008  34367  0  5051836868  1320  0  433346  433346  0  0  50519  272  0  66  3  50519  0  34367  88743  46  0  431166142  11368  34540  34603  34603  20.3749282516  
1438893693  0  476229  99281  0  0  0  1064  35074  0  5542335015  1320  0  473855  473855  0  0  50519  272  0  66  3  50519  0  35074  99281  46  0  490498147  10538  40679  40509  40509  20.8473234515  
1438893703  0  513573  110300  0  0  0  1028  33614  0  6010385848  1320  0  511302  511302  0  0  50519  272  0  66  41  50519  0  33614  110300  46  0  468050833  11019  37344  37447  37447  21.476985745  
1438893713  0  548213  118553  0  0  0  963  31568  0  6430597701  1320  0  545770  545770  0  0  50519  272  0  66  2  50519  0  31568  118553  46  0  420211853  8253  34640  34468  34468  21.625353649  
1438893723  0  580822  126977  0  0  0  948  32266  0  6816542035  1320  0  578520  578520  0  0  50519  272  0  66  2  50519  0  32266  126977  46  0  385944334  8424  32609  32750  32750  21.8616030385  
1438893733  0  622601  136549  0  0  0  1035  35485  0  7325847875  1320  0  620184  620184  0  0  50519  272  0  66  2  50519  0  35485  136549  46  0  509305840  9572  41779  41664  41664  21.9320238805  
1438893743  0  667197  146700  0  0  0  1115  39105  0  7864747897  1320  0  664666  664666  0  0  50519  272  0  66  3  50519  0  39105  146700  46  0  538900022  10151  44596  44482  44482  21.9875089366  
1438893753  0  709325  158823  0  0  0  1143  39429  0  8391011059  1320  0  706930  706930  0  0  50519  272  0  66  3  50519  0  39429  158823  46  0  526263162  12123  42128  42264  42264  22.3907235752  
1438893763  0  745083  166356  0  0  0  1061  36514  0  8814859429  1320  0  742903  742903  0  0  50519  272  0  66  2  50519  0  36514  166356  46  0  423848370  7533  35758  35973  35973  22.3271769722  
1438893773  0  779394  175124  0  0  0  1004  34662  0  9240773470  1320  0  777138  777138  0  0  50519  272  0  66  2  50519  0  34662  175124  46  0  425914041  8768  34311  34235  34235  22.469251752  
1438893783  0  822294  187042  0  0  0  1150  38917  0  9757465523  1320  0  819804  819804  0  0  50519  272  0  66  2  50519  0  38917  187042  46  0  516692053  11918  42900  42666  42666  22.7463656551  
1438893793  0  861534  199527  0  0  0  1045  36185  0  10247288716  1320  0  859290  859290  0  0  50519  272  0  66  2  50519  0  36185  199527  46  0  489823193  12485  39240  39486  39486  23.1595038617  
1438893803  0  895710  208400  0  0  0  956  32123  0  10657866060  1320  0  893243  893243  0  0  50519  272  0  66  3  50519  0  32123  208400  46  0  410577344  8873  34176  33953  33953  23.2664590102  
1438893813  0  935212  218442  0  0  0  1023  34815  0  11119307769  1320  0  932707  932707  0  0  50519  272  0  66  3  50519  0  34815  218442  46  0  461441709  10042  39502  39464  39464  23.35748472  
1438893823  0  966996  226425  0  0  0  939  31335  0  11506338736  1320  0  964702  964702  0  0  50519  272  0  66  2  50519  0  31335  226425  46  0  387030967  7983  31784  31995  31995  23.4152985121  
1438893833  0  1005633  236669  0  0  0  1049  34716  0  11983536061  1320  0  1003378  1003378  0  0  50519  272  0  66  2  50519  0  34716  236669  46  0  477197325  10244  38637  38676  38676  23.5343311128  
1438893843  0  1035474  244542  0  0  0  872  27896  0  12356649816  1320  0  1033190  1033190  0  0  50519  272  0  66  2  50519  0  27896  244542  46  0  373113755  7873  29841  29812  29812  23.6164307361  
1438893853  0  1067978  251417  0  0  0  891  28864  0  12746030705  1320  0  1065436  1065436  0  0  50519  272  0  66  2  50519  0  28864  251417  46  0  389380889  6875  32504  32246  32246  23.5414025383  
1438893863  0  1101302  258809  0  0  0  1031  33894  0  13138434205  1320  0  1098987  1098987  0  0  50519  272  0  66  3  50519  0  33894  258809  46  0  392403500  7392  33324  33551  33551  23.5002751289  
1438893873  0  1139725  267235  0  0  0  993  33083  0  13581650969  1320  0  1137388  1137388  0  0  50519  272  0  66  3  50519  0  33083  267235  46  0  443216764  8426  38423  38401  38401  23.4473228191  
1438893883  0  1171082  273782  0  0  0  896  29009  0  13964354609  1320  0  1168840  1168840  0  0  50519  272  0  66  2  50519  0  29009  273782  46  0  382703640  6547  31357  31452  31452  23.3785507761  
1438893893  0  1202827  280779  0  0  0  942  31387  0  14353789941  1320  0  1200497  1200497  0  0  50519  272  0  66  2  50519  0  31387  280779  46  0  389435332  6997  31745  31657  31657  23.3432571766  
1438893903  0  1240744  289629  0  0  0  1071  37528  0  14803392741  1320  0  1238523  1238523  0  0  50519  272  0  66  2  50519  0  37528  289629  46  0  449602800  8850  37917  38026  38026  23.3431715164  
1438893913  0  1271802  296809  0  0  0  842  27104  0  15185498993  1320  0  1269308  1269308  0  0  50519  272  0  66  2  50519  0  27104  296809  46  0  382106252  7180  31058  30785  30785  23.3376736316  
1438893923  0  1306429  305125  0  0  0  974  32488  0  15624178575  1320  0  1304178  1304178  0  0  50519  272  0  66  3  50519  0  32488  305125  46  0  438679582  8316  34627  34870  34870  23.3556511682  
1438893933  0  1344629  315991  0  0  0  1054  35811  0  16097414943  1320  0  1342436  1342436  0  0  50519  272  0  66  3  50519  0  35811  315991  46  0  473236368  10866  38200  38258  38258  23.5002368683  
1438893943  0  1392522  331761  0  0  0  1139  40895  0  16703721516  1320  0  1390281  1390281  0  0  50519  272  0  66  2  50519  0  40895  331761  46  0  606306573  15770  47893  47845  47845  23.8244709958  
1438893953  0  1429492  342000  0  0  0  1020  33863  0  17170454976  1320  0  1427256  1427256  0  0  50519  272  0  66  2  50519  0  33863  342000  46  0  466733460  10239  36970  36975  36975  23.9245829987  
1438893963  0  1472630  353855  0  0  0  1176  41055  0  17709208095  1320  0  1470252  1470252  0  0  50519  272  0  66  4  50519  0  41055  353855  46  0  538753119  11855  43138  42996  42996  24.028778444  
1438893973  0  1523344  371102  0  0  0  1191  42968  0  18357217846  1320  0  1521047  1521047  0  0  50519  272  0  66  4  50519  0  42968  371102  46  0  648009751  17247  50714  50795  50795  24.3610110389  
1438893983  0  1572941  386928  0  0  0  1196  42926  0  18996282997  1320  0  1570661  1570661  0  0  50519  272  0  66  4  50519  0  42926  386928  46  0  639065151  15826  49597  49614  49614  24.5990154748  
1438893993  0  1621497  403495  0  0  0  1175  43055  0  19628352071  1320  0  1619039  1619039  0  0  50519  272  0  66  2  50519  0  43055  403495  46  0  632069074  16567  48556  48378  48378  24.8841040101  
1438894003  0  1656341  413345  0  0  0  1059  36978  0  20060404905  1320  0  1653835  1653835  0  0  50519  272  0  66  2  50519  0  36978  413345  46  0  432052834  9850  34844  34796  34796  24.9553081159  
1438894013  0  1706971  427818  0  0  0  1260  44658  0  20696226665  1320  0  1704442  1704442  0  0  50519  272  0  66  2  50519  0  44658  427818  46  0  635821760  14473  50630  50607  50607  25.062991697  
1438894023  0  1756190  444708  0  0  0  1188  41175  0  21328941229  1376  0  1753651  1753651  0  0  50947  272  0  66  2  50947  0  41175  444708  46  0  632714564  16890  49219  49209  49209  25.3223170614  
1438894033  0  1798380  456762  0  0  0  1099  39294  0  21843729835  1376  0  1796300  1796300  0  0  50947  272  0  66  4  50947  0  39294  456762  46  0  514788606  12054  42190  42649  42649  25.3985253395  
1438894043  0  1831857  464862  0  0  0  1134  39898  0  22262797775  1376  0  1829481  1829481  0  0  50947  272  0  66  17  50947  0  39898  464862  47  0  419067940  8100  33477  33181  33181  25.3765441298  
1438894053  0  1861783  472418  0  0  0  1061  37115  0  22636175936  1376  0  1859580  1859580  0  0  50947  272  0  66  31  50947  0  37115  472418  47  0  373378161  7556  29926  30099  30099  25.3744931606  
1438894063  0  1904710  483781  0  0  0  1116  41316  0  23151015931  1376  0  1902127  1902127  0  0  50947  272  0  66  5  50947  0  41316  483781  47  0  514839995  11363  42927  42547  42547  25.3991946281  
1438894073  0  1940857  493390  0  0  0  1017  35386  0  23598278359  1376  0  1938553  1938553  0  0  50947  272  0  66  2  50947  0  35386  493390  47  0  447262428  9609  36147  36426  36426  25.4212443266  
1438894083  0  1976922  505079  0  0  0  976  34330  0  24052371751  1376  0  1974481  1974481  0  0  50947  272  0  67  2  50947  0  34330  505079  47  0  454093392  11689  36065  35928  35928  25.5487571083  
1438894093  0  2023529  517067  0  0  0  1141  42035  0  24610537008  1376  0  2021106  2021106  0  0  50947  272  0  67  7  50947  0  42035  517067  47  0  558165257  11988  46607  46625  46625  25.5527348508  
1438894103  0  2060319  529604  0  0  0  1078  38792  0  25073082661  1376  0  2058119  2058119  0  0  50947  272  0  68  23  50947  0  38792  529604  47  0  462545653  12537  36790  37013  37013  25.7049515148  
1438894113  0  2094453  539224  0  0  0  948  32823  0  25486649030  1376  0  2092065  2092065  0  0  50947  272  0  68  4  50947  0  32823  539224  47  0  413566369  9620  34134  33946  33946  25.7453378042  
1438894123  0  2130438  550280  0  0  0  940  32535  0  25931614755  1376  0  2128042  2128042  0  0  50947  272  0  68  2  50947  0  32535  550280  47  0  444965725  11056  35985  35977  35977  25.82943038  
1438894133  0  2171804  561952  0  0  0  990  35324  0  26444388418  1376  0  2169320  2169320  0  0  50947  272  0  68  2  50947  0  35324  561952  47  0  512773663  11672  41366  41278  41278  25.8748947879  
1438894143  0  2207973  572971  0  0  0  976  34692  0  26893452457  1376  0  2205469  2205469  0  0  50947  272  0  68  3  50947  0  34692  572971  47  0  449064039  11019  36169  36149  36149  25.9500908752  
1438894153  0  2245091  582741  0  0  0  990  34786  0  27349649598  1376  0  2242888  2242888  0  0  50947  272  0  68  7  50947  0  34786  582741  47  0  456197141  9770  37118  37419  37419  25.9562307274  
1438894163  0  2280093  591532  0  0  0  957  32521  0  27776076555  1376  0  2277675  2277675  0  0  50947  272  0  68  4  50947  0  32521  591532  47  0  426426957  8791  35002  34787  34787  25.9433277502  
1438894173  0  2319693  601250  0  0  0  1019  36294  0  28255434673  1376  0  2317135  2317135  0  0  50947  272  0  68  3  50947  0  36294  601250  47  0  479358118  9718  39600  39460  39460  25.9193781246  
1438894183  0  2356322  610321  0  0  0  1098  38118  0  28697389805  1376  0  2353953  2353953  0  0  50947  272  0  68  2  50947  0  38118  610321  47  0  441955132  9071  36629  36818  36818  25.901426036  
1438894193  0  2402495  621706  0  0  0  1187  43194  0  29255478372  1376  0  2400178  2400178  0  0  50947  272  0  68  2  50947  0  43194  621706  47  0  558088567  11385  46173  46225  46225  25.8775148335  
1438894203  0  2484537  655571  0  0  0  1746  71140  0  30320402353  1746  0  2482296  2482296  0  0  71140  272  0  68  3  71140  0  71140  655571  47  0  1064923981  33865  82042  82118  82118  26.3860429529  
1438894213  0  2584382  716831  0  0  0  2043  87982  0  31695201538  2051  0  2581739  2581739  0  0  88022  272  0  68  16  88022  0  87982  716831  47  0  1374799185  61260  99845  99443  99443  27.7370373265  
